-1.423409999999999953e-01 4.314430000000000175e-03 -1.388179999999999970e-01 -1.776999999999999968e-01 -1.728949999999999931e-01 -9.113140000000000129e-02 1.233550000000000063e-01 -9.455710000000000504e-02 -4.343469999999999970e-02 -3.482810000000000072e-02
2.120479999999999934e-02 4.286449999999999982e-02 5.009260000000000101e-02 5.507630000000000338e-03 3.159719999999999890e-02 3.404419999999999669e-02 2.282350000000000004e-02 6.878199999999999592e-02 1.527200000000000085e-02 2.945369999999999933e-02
3.650950000000000029e-01 1.046559999999999990e-01 4.697319999999999829e-01 8.285889999999999922e-02 2.939200000000000146e-01 2.036429999999999907e-01 5.782479999999999842e-01 1.434829999999999994e-01 3.211990000000000123e-01 4.410410000000000164e-01
-3.127699999999999925e-02 6.186879999999999637e-03 -2.173210000000000072e-02 -1.851449999999999971e-02 -7.343449999999999631e-03 -4.494080000000000297e-02 -3.576489999999999878e-03 -3.065270000000000147e-02 -4.029869999999999980e-02 1.264480000000000048e-01
-2.451559999999999850e-02 -1.630709999999999937e-01 7.755489999999999606e-02 6.458999999999999464e-02 1.273620000000000030e-01 -1.149860000000000049e-01 2.555339999999999834e-01 1.479129999999999889e-01 3.239999999999999825e-02 1.817969999999999864e-01
1.442680000000000004e-02 3.366580000000000128e-01 1.370840000000000079e-02 -5.403480000000000089e-02 1.835350000000000037e-01 2.374630000000000074e-01 2.059479999999999922e-01 3.386569999999999858e-01 8.691749999999999476e-02 3.725700000000000123e-01
2.112349999999999992e-02 1.233249999999999971e-02 -1.744050000000000114e-02 1.466349999999999945e-02 5.937289999999999929e-02 1.870259999999999978e-02 1.939420000000000033e-02 5.737719999999999973e-03 8.803409999999999361e-03 4.400010000000000032e-02
1.532620000000000109e-04 1.669829999999999969e-04 1.511799999999999993e-04 1.597520000000000114e-04 1.578849999999999969e-04 1.642389999999999974e-04 1.646779999999999978e-04 1.513119999999999906e-04 1.586220000000000002e-04 1.551190000000000034e-04
-8.081289999999999307e-02 1.873769999999999880e-01 2.704349999999999810e-01 4.726509999999999739e-02 2.402739999999999876e-01 3.964849999999999763e-01 -1.623450000000000023e-03 1.741779999999999995e-01 3.928519999999999790e-01 4.260610000000000230e-01
-1.391180000000000021e-02 4.260069999999999829e-02 2.555720000000000214e-01 -9.956329999999999347e-02 3.391500000000000070e-01 -2.831530000000000158e-02 5.942050000000000110e-02 -2.446430000000000132e-02 -1.098599999999999924e-02 -2.868849999999999872e-02
-3.037070000000000047e-01 2.143019999999999925e-01 -8.808190000000000464e-02 -1.023740000000000067e-02 9.793970000000000453e-02 1.757670000000000066e-01 5.893020000000000203e-02 3.088449999999999807e-01 -1.120319999999999996e-02 3.829620000000000246e-02
-1.135279999999999970e-02 2.320639999999999925e-01 -2.385069999999999898e-02 1.367859999999999909e-01 5.822569999999999829e-02 1.855009999999999992e-01 3.349060000000000231e-02 1.295229999999999992e-01 6.865519999999999956e-02 -1.401219999999999966e-01
-7.930909999999999349e-02 6.739040000000000308e-02 1.701259999999999994e-01 1.483019999999999894e-01 1.441890000000000116e-01 2.231380000000000030e-01 -1.229850000000000040e-02 1.128429999999999989e-01 9.180729999999999447e-02 1.842840000000000103e-02
2.657999999999999807e-01 8.410860000000000558e-02 -4.856899999999999933e-03 1.930969999999999909e-01 7.115929999999999478e-02 -7.066799999999999471e-02 1.554349999999999898e-01 1.008089999999999958e-01 2.039680000000000104e-01 -3.101769999999999874e-02
3.917489999999999861e-02 3.339299999999999907e-02 4.999699999999999978e-02 -2.899169999999999803e-01 -4.405259999999999732e-01 -1.649349999999999983e-01 -1.550779999999999936e-01 4.654889999999999722e-02 1.489540000000000031e-01 -1.738320000000000143e-02
