1.191230000000000067e-01 2.471949999999999981e-01 -1.668199999999999961e-01 4.470500000000000168e-02 4.714279999999999859e-02 2.569060000000000232e-01 2.378190000000000165e-02 3.592290000000000205e-01 3.673710000000000031e-01 -1.717690000000000050e-01
2.838370000000000129e-02 1.677849999999999828e-02 6.367440000000000599e-02 5.295690000000000119e-02 2.127549999999999927e-02 5.286069999999999658e-02 1.451039999999999969e-02 3.541470000000000035e-02 5.773160000000000097e-02 3.178120000000000250e-02
8.379520000000000302e-01 -4.896740000000000120e-02 1.542119999999999880e-01 1.173989999999999929e-02 -9.888950000000000518e-02 2.898189999999999933e-01 2.946070000000000078e-01 -2.361590000000000078e-01 2.219359999999999944e-01 1.589299999999999879e-01
3.603730000000000128e-02 -2.845539999999999875e-02 6.648690000000000155e-02 2.386230000000000018e-01 -3.882630000000000196e-03 -3.239700000000000218e-02 -5.408249999999999863e-02 1.837260000000000004e-01 2.572369999999999934e-01 -4.796729999999999744e-02
7.738889999999999658e-02 1.248169999999999974e-01 1.085490000000000066e-01 -3.010449999999999932e-02 1.137699999999999961e-01 -1.803669999999999995e-01 5.124019999999999964e-02 -1.810909999999999950e-02 1.621180000000000121e-01 -5.611229999999999690e-02
-1.161900000000000016e-01 5.445449999999999458e-01 1.385540000000000105e-01 2.231619999999999993e-01 3.256749999999999923e-02 5.863429999999999476e-01 1.246189999999999937e-01 2.551049999999999846e-02 2.528509999999999924e-01 -9.505020000000000135e-02
4.883560000000000331e-03 5.246520000000000176e-03 4.936539999999999678e-03 5.026499999999999718e-03 5.516720000000000131e-03 5.509939999999999630e-03 5.106000000000000295e-03 5.363459999999999582e-03 5.366430000000000158e-03 4.978650000000000263e-03
1.522659999999999953e-04 1.482769999999999900e-04 1.586649999999999996e-04 1.683130000000000129e-04 1.602110000000000014e-04 1.740459999999999935e-04 1.648549999999999929e-04 1.639739999999999991e-04 1.482149999999999896e-04 1.546669999999999881e-04
3.027929999999999788e-01 -3.374079999999999788e-03 3.591430000000000317e-02 -6.263860000000000261e-02 2.466839999999999866e-01 -1.984450000000000103e-02 -5.418290000000000085e-03 7.393760000000000610e-02 2.207620000000000138e-01 -1.741679999999999895e-01
1.172229999999999939e-01 5.601530000000000120e-01 -3.088899999999999979e-02 2.395150000000000057e-02 2.488599999999999979e-01 -1.367230000000000112e-01 1.373880000000000101e-01 1.888400000000000079e-01 3.537449999999999761e-01 4.564150000000000151e-01
1.267300000000000093e-01 -1.598019999999999996e-01 1.614259999999999862e-01 -3.399449999999999972e-01 -2.348089999999999899e-01 -4.302720000000000329e-03 -4.333110000000000017e-01 5.708720000000000461e-01 -1.873179999999999984e-02 -1.335929999999999895e-01
7.679560000000000206e-03 -6.565830000000000277e-02 1.238520000000000038e-01 2.442080000000000084e-01 5.657429999999999959e-01 2.799710000000000254e-01 1.609269999999999867e-01 3.274889999999999746e-02 -3.068900000000000100e-02 -1.444320000000000022e-03
-1.563789999999999902e-01 -5.899900000000000283e-02 1.480769999999999864e-01 1.773809999999999970e-02 -6.265650000000000386e-02 -6.838320000000000162e-03 9.186809999999999421e-02 -9.412320000000000408e-02 4.542589999999999822e-02 1.263279999999999959e-01
-5.601280000000000148e-02 5.330099999999999942e-03 9.950929999999999498e-02 7.851949999999999902e-03 2.411369999999999902e-01 -4.510440000000000282e-02 -2.268600000000000061e-01 -1.272270000000000068e-01 6.680400000000000227e-02 -5.884000000000000341e-02
-3.710039999999999866e-02 4.435689999999999945e-03 4.391830000000000039e-02 2.135410000000000086e-01 3.282539999999999902e-01 5.037610000000000005e-02 4.362719999999999931e-01 -2.818369999999999903e-02 -4.160459999999999853e-02 -5.144050000000000011e-02
