9.549739999999999895e-01 9.547900000000000276e-01 9.490669999999999940e-01 9.529910000000000325e-01 9.497529999999999584e-01 9.512300000000000200e-01 9.493139999999999912e-01 9.505980000000000540e-01
9.522709999999999786e-01 9.500210000000000043e-01 9.498389999999999889e-01 9.494259999999999922e-01 9.496090000000000364e-01 9.527250000000000441e-01 9.492450000000000054e-01 9.543099999999999916e-01
9.498419999999999641e-01 9.540579999999999616e-01 9.542300000000000226e-01 9.495149999999999979e-01 9.510589999999999877e-01 9.551709999999999923e-01 9.507929999999999993e-01 9.494209999999999594e-01
9.546900000000000386e-01 9.491789999999999949e-01 9.508069999999999578e-01 9.509609999999999452e-01 9.504059999999999730e-01 9.554920000000000080e-01 9.515909999999999647e-01 9.499030000000000529e-01
9.490459999999999452e-01 9.540020000000000167e-01 9.551760000000000250e-01 9.492399999999999727e-01 9.491110000000000380e-01 9.539079999999999782e-01 9.536219999999999697e-01 9.492680000000000007e-01
9.503960000000000186e-01 9.496179999999999621e-01 9.535770000000000080e-01 9.497139999999999471e-01 9.492270000000000429e-01 9.517870000000000497e-01 9.499349999999999739e-01 9.555860000000000465e-01
9.492030000000000189e-01 9.551690000000000458e-01 9.534770000000000190e-01 9.491140000000000132e-01 9.491249999999999964e-01 9.491910000000000069e-01 9.496179999999999621e-01 9.506000000000000005e-01
9.541840000000000321e-01 9.530079999999999663e-01 9.498280000000000056e-01 9.494540000000000202e-01 9.531950000000000145e-01 9.543760000000000021e-01 9.529250000000000220e-01 9.491420000000000412e-01
9.494259999999999922e-01 9.493019999999999792e-01 9.497539999999999871e-01 9.507120000000000015e-01 9.491640000000000077e-01 9.535379999999999967e-01 9.498269999999999769e-01 9.514059999999999739e-01
9.503610000000000113e-01 9.494070000000000009e-01 9.551349999999999563e-01 9.499480000000000146e-01 9.495569999999999844e-01 9.544909999999999783e-01 9.493660000000000432e-01 9.507299999999999640e-01
9.500680000000000236e-01 9.502500000000000391e-01 9.501199999999999646e-01 9.516489999999999672e-01 9.517600000000000504e-01 9.522350000000000536e-01 9.492810000000000414e-01 9.533120000000000482e-01
9.511100000000000110e-01 9.498490000000000544e-01 9.522110000000000296e-01 9.519579999999999709e-01 9.495299999999999851e-01 9.498640000000000416e-01 9.492650000000000254e-01 9.505109999999999948e-01
9.491859999999999742e-01 9.492749999999999799e-01 9.491270000000000540e-01 9.505820000000000380e-01 9.543869999999999854e-01 9.510769999999999502e-01 9.538200000000000012e-01 9.495050000000000434e-01
9.507480000000000375e-01 9.537780000000000147e-01 9.496769999999999934e-01 9.546339999999999826e-01 9.505449999999999733e-01 9.505959999999999965e-01 9.491150000000000420e-01 9.497069999999999679e-01
9.513150000000000217e-01 9.495540000000000092e-01 9.495449999999999724e-01 9.495019999999999571e-01 9.509159999999999835e-01 9.494749999999999579e-01 9.496400000000000396e-01 9.546729999999999938e-01
9.494000000000000217e-01 9.550910000000000233e-01 9.556149999999999922e-01 9.496609999999999774e-01 9.527170000000000361e-01 9.490769999999999484e-01 9.525540000000000118e-01 9.551659999999999595e-01
9.494989999999999819e-01 9.500469999999999748e-01 9.502420000000000311e-01 9.494979999999999531e-01 9.556609999999999827e-01 9.543840000000000101e-01 9.541920000000000401e-01 9.522000000000000464e-01
9.497839999999999616e-01 9.491619999999999502e-01 9.545759999999999801e-01 9.548520000000000341e-01 9.502460000000000351e-01 9.492720000000000047e-01 9.505240000000000355e-01 9.562709999999999821e-01
9.554000000000000270e-01 9.542629999999999724e-01 9.495130000000000514e-01 9.500389999999999668e-01 9.507970000000000033e-01 9.548149999999999693e-01 9.550950000000000273e-01 9.543300000000000116e-01
9.545949999999999713e-01 9.552249999999999908e-01 9.496839999999999726e-01 9.518389999999999906e-01 9.548999999999999710e-01 9.491380000000000372e-01 9.549999999999999600e-01 9.515670000000000517e-01
9.534770000000000190e-01 9.513829999999999787e-01 9.490450000000000275e-01 9.547980000000000356e-01 9.514650000000000052e-01 9.499229999999999619e-01 9.494639999999999747e-01 9.490870000000000140e-01
9.362150000000000194e-01 9.367090000000000138e-01 9.397879999999999567e-01 9.374590000000000423e-01 9.372310000000000363e-01 9.379899999999999904e-01 9.372059999999999835e-01 9.363160000000000371e-01
9.361549999999999594e-01 9.385809999999999986e-01 9.371049999999999658e-01 9.381859999999999644e-01 9.381690000000000307e-01 9.388300000000000534e-01 9.401239999999999597e-01 9.367910000000000403e-01
9.403880000000000017e-01 9.401209999999999845e-01 9.418490000000000473e-01 9.374440000000000550e-01 9.373340000000000005e-01 9.363240000000000451e-01 9.374559999999999560e-01 9.361469999999999514e-01
9.362289999999999779e-01 9.415639999999999565e-01 9.375890000000000057e-01 9.410840000000000316e-01 9.379499999999999504e-01 9.368710000000000093e-01 9.426579999999999959e-01 9.411000000000000476e-01
9.423470000000000457e-01 9.366929999999999978e-01 9.393399999999999528e-01 9.408840000000000536e-01 9.369920000000000471e-01 9.388539999999999663e-01 9.364280000000000381e-01 9.394299999999999873e-01
9.372279999999999500e-01 9.385839999999999739e-01 9.384209999999999496e-01 9.381220000000000114e-01 9.375210000000000488e-01 9.377950000000000452e-01 9.410020000000000051e-01 9.382509999999999462e-01
9.414439999999999475e-01 9.373099999999999765e-01 9.366090000000000249e-01 9.367529999999999468e-01 9.413559999999999706e-01 9.410709999999999908e-01 9.392859999999999543e-01 9.363190000000000124e-01
9.372099999999999875e-01 9.430060000000000109e-01 9.412190000000000278e-01 9.365900000000000336e-01 9.363320000000000531e-01 9.379049999999999887e-01 9.382049999999999557e-01 9.376430000000000042e-01
9.370119999999999560e-01 9.370249999999999968e-01 9.385339999999999794e-01 9.384780000000000344e-01 9.365959999999999841e-01 9.376290000000000457e-01 9.413219999999999921e-01 9.383139999999999814e-01
9.364460000000000006e-01 9.365149999999999864e-01 9.370880000000000321e-01 9.362970000000000459e-01 9.375639999999999530e-01 9.420469999999999677e-01 9.413089999999999513e-01 9.373510000000000453e-01
9.396959999999999757e-01 9.416489999999999583e-01 9.370260000000000256e-01 9.363000000000000211e-01 9.374759999999999760e-01 9.388119999999999798e-01 9.382120000000000459e-01 9.363510000000000444e-01
9.414369999999999683e-01 9.392200000000000548e-01 9.407299999999999551e-01 9.369729999999999448e-01 9.408689999999999554e-01 9.411140000000000061e-01 9.368090000000000028e-01 9.373569999999999958e-01
9.408429999999999849e-01 9.368830000000000213e-01 9.383449999999999847e-01 9.364390000000000214e-01 9.382080000000000419e-01 9.413470000000000448e-01 9.369809999999999528e-01 9.400969999999999605e-01
9.406339999999999701e-01 9.414000000000000146e-01 9.361840000000000162e-01 9.369589999999999863e-01 9.369739999999999736e-01 9.372580000000000355e-01 9.363040000000000251e-01 9.374879999999999880e-01
9.372949999999999893e-01 9.373559999999999670e-01 9.361369999999999969e-01 9.364109999999999934e-01 9.394289999999999585e-01 9.393810000000000215e-01 9.380819999999999714e-01 9.371019999999999905e-01
9.368959999999999511e-01 9.386660000000000004e-01 9.374109999999999943e-01 9.409159999999999746e-01 9.369150000000000533e-01 9.393449999999999855e-01 9.403160000000000407e-01 9.365710000000000424e-01
9.367440000000000211e-01 9.406609999999999694e-01 9.374829999999999552e-01 9.376010000000000177e-01 9.373569999999999958e-01 9.393439999999999568e-01 9.383939999999999504e-01 9.410699999999999621e-01
9.395459999999999923e-01 9.409600000000000186e-01 9.377360000000000140e-01 9.409079999999999666e-01 9.368140000000000356e-01 9.372089999999999588e-01 9.368990000000000373e-01 9.413939999999999531e-01
9.392439999999999678e-01 9.363259999999999916e-01 9.369389999999999663e-01 9.419579999999999620e-01 9.389119999999999688e-01 9.367039999999999811e-01 9.370060000000000056e-01 9.415109999999999868e-01
9.364040000000000141e-01 9.371650000000000258e-01 9.394010000000000415e-01 9.362540000000000306e-01 9.366330000000000489e-01 9.366759999999999531e-01 9.372759999999999980e-01 9.370899999999999785e-01
9.420960000000000445e-01 9.375799999999999690e-01 9.362169999999999659e-01 9.365090000000000359e-01 9.405850000000000044e-01 9.373219999999999885e-01 9.374540000000000095e-01 9.369060000000000166e-01
9.250469999999999526e-01 9.268750000000000044e-01 9.252029999999999976e-01 9.233989999999999698e-01 9.251829999999999776e-01 9.250450000000000061e-01 9.226060000000000372e-01 9.252930000000000321e-01
9.232629999999999448e-01 9.242430000000000367e-01 9.257319999999999993e-01 9.265259999999999607e-01 9.254989999999999606e-01 9.238229999999999498e-01 9.231420000000000181e-01 9.233080000000000176e-01
9.233270000000000088e-01 9.235029999999999628e-01 9.239239999999999675e-01 9.262880000000000003e-01 9.266760000000000552e-01 9.251110000000000166e-01 9.230779999999999541e-01 9.230230000000000379e-01
9.264869999999999495e-01 9.248739999999999739e-01 9.251460000000000239e-01 9.242320000000000535e-01 9.240810000000000413e-01 9.233970000000000233e-01 9.230110000000000259e-01 9.251580000000000359e-01
9.227579999999999671e-01 9.253259999999999819e-01 9.267889999999999739e-01 9.231249999999999734e-01 9.233879999999999866e-01 9.262679999999999803e-01 9.234609999999999763e-01 9.238330000000000153e-01
9.253419999999999979e-01 9.226739999999999942e-01 9.247030000000000527e-01 9.263890000000000180e-01 9.226170000000000204e-01 9.234930000000000083e-01 9.232299999999999951e-01 9.234219999999999651e-01
9.225250000000000394e-01 9.268619999999999637e-01 9.250249999999999861e-01 9.233879999999999866e-01 9.230699999999999461e-01 9.239100000000000090e-01 9.245020000000000460e-01 9.265889999999999960e-01
9.259690000000000420e-01 9.267469999999999875e-01 9.238809999999999523e-01 9.265820000000000167e-01 9.232350000000000279e-01 9.253679999999999684e-01 9.235160000000000036e-01 9.225659999999999972e-01
9.226119999999999877e-01 9.250599999999999934e-01 9.238830000000000098e-01 9.242860000000000520e-01 9.242949999999999777e-01 9.255320000000000213e-01 9.256320000000000103e-01 9.230829999999999869e-01
9.230909999999999949e-01 9.229469999999999619e-01 9.266090000000000160e-01 9.260610000000000230e-01 9.243999999999999995e-01 9.234719999999999596e-01 9.240140000000000020e-01 9.254850000000000021e-01
9.228969999999999674e-01 9.228730000000000544e-01 9.263339999999999907e-01 9.255889999999999951e-01 9.230469999999999509e-01 9.253369999999999651e-01 9.230939999999999701e-01 9.230829999999999869e-01
9.229779999999999651e-01 9.258100000000000218e-01 9.257490000000000441e-01 9.231080000000000396e-01 9.240390000000000548e-01 9.228720000000000256e-01 9.262770000000000170e-01 9.232690000000000063e-01
9.233430000000000248e-01 9.236339999999999550e-01 9.257779999999999898e-01 9.252399999999999514e-01 9.238870000000000138e-01 9.263339999999999907e-01 9.231930000000000414e-01 9.243869999999999587e-01
9.242110000000000047e-01 9.257079999999999753e-01 9.235370000000000523e-01 9.243580000000000130e-01 9.235229999999999828e-01 9.259530000000000260e-01 9.231599999999999806e-01 9.248210000000000042e-01
9.257229999999999626e-01 9.263660000000000228e-01 9.259060000000000068e-01 9.239270000000000538e-01 9.230739999999999501e-01 9.248079999999999634e-01 9.241789999999999727e-01 9.244799999999999685e-01
9.234809999999999963e-01 9.239699999999999580e-01 9.254350000000000076e-01 9.234440000000000426e-01 9.262780000000000458e-01 9.233059999999999601e-01 9.239730000000000443e-01 9.246799999999999464e-01
9.234329999999999483e-01 9.232500000000000151e-01 9.260249999999999870e-01 9.242939999999999490e-01 9.239509999999999668e-01 9.268530000000000380e-01 9.243850000000000122e-01 9.262040000000000273e-01
9.261070000000000135e-01 9.254520000000000524e-01 9.254339999999999788e-01 9.233839999999999826e-01 9.261890000000000400e-01 9.255900000000000238e-01 9.272359999999999491e-01 9.229600000000000026e-01
9.245039999999999925e-01 9.237699999999999800e-01 9.238960000000000505e-01 9.237220000000000431e-01 9.239680000000000115e-01 9.233799999999999786e-01 9.257910000000000306e-01 9.253980000000000539e-01
9.231949999999999878e-01 9.239290000000000003e-01 9.246569999999999512e-01 9.236029999999999518e-01 9.237999999999999545e-01 9.278100000000000236e-01 9.230960000000000276e-01 9.274639999999999551e-01
9.227419999999999511e-01 9.233500000000000041e-01 9.246510000000000007e-01 9.228889999999999594e-01 9.269690000000000429e-01 9.240350000000000508e-01 9.230570000000000164e-01 9.240089999999999693e-01
9.078140000000000098e-01 9.080599999999999783e-01 9.101479999999999571e-01 9.083590000000000275e-01 9.108190000000000452e-01 9.095280000000000031e-01 9.100470000000000503e-01 9.093769999999999909e-01
9.080350000000000366e-01 9.107330000000000148e-01 9.104539999999999855e-01 9.106469999999999843e-01 9.105370000000000408e-01 9.079439999999999733e-01 9.089540000000000397e-01 9.107129999999999947e-01
9.079089999999999661e-01 9.080859999999999488e-01 9.104619999999999935e-01 9.096090000000000009e-01 9.091960000000000042e-01 9.104339999999999655e-01 9.079479999999999773e-01 9.094670000000000254e-01
9.106830000000000203e-01 9.083700000000000108e-01 9.108429999999999582e-01 9.088829999999999965e-01 9.100540000000000296e-01 9.090660000000000407e-01 9.087830000000000075e-01 9.096170000000000089e-01
9.104330000000000478e-01 9.090510000000000534e-01 9.109030000000000182e-01 9.078770000000000451e-01 9.084619999999999918e-01 9.079709999999999726e-01 9.095220000000000526e-01 9.104689999999999728e-01
9.105999999999999650e-01 9.107830000000000092e-01 9.079770000000000341e-01 9.097349999999999604e-01 9.100319999999999521e-01 9.087049999999999850e-01 9.095499999999999696e-01 9.085699999999999887e-01
9.095870000000000344e-01 9.082050000000000400e-01 9.100380000000000136e-01 9.102329999999999588e-01 9.081970000000000320e-01 9.100639999999999841e-01 9.081759999999999833e-01 9.090319999999999512e-01
9.076849999999999641e-01 9.103499999999999925e-01 9.103909999999999503e-01 9.103599999999999470e-01 9.089749999999999774e-01 9.088640000000000052e-01 9.095050000000000079e-01 9.104830000000000423e-01
9.079509999999999525e-01 9.087790000000000035e-01 9.078789999999999916e-01 9.083579999999999988e-01 9.101299999999999946e-01 9.101460000000000106e-01 9.086140000000000327e-01 9.090740000000000487e-01
9.107840000000000380e-01 9.092630000000000434e-01 9.083989999999999565e-01 9.080350000000000366e-01 9.107370000000000188e-01 9.079110000000000236e-01 9.095699999999999896e-01 9.103539999999999965e-01
9.091920000000000002e-01 9.104480000000000350e-01 9.121059999999999723e-01 9.093750000000000444e-01 9.102869999999999573e-01 9.101449999999999818e-01 9.084400000000000253e-01 9.085480000000000222e-01
9.104309999999999903e-01 9.087020000000000097e-01 9.094240000000000101e-01 9.104980000000000295e-01 9.095950000000000424e-01 9.089199999999999502e-01 9.088370000000000060e-01 9.103419999999999845e-01
9.106670000000000043e-01 9.123649999999999816e-01 9.090409999999999879e-01 9.083999999999999853e-01 9.088030000000000275e-01 9.103999999999999870e-01 9.102109999999999923e-01 9.105379999999999585e-01
9.101230000000000153e-01 9.108709999999999862e-01 9.093660000000000077e-01 9.097579999999999556e-01 9.101359999999999451e-01 9.095029999999999504e-01 9.084959999999999702e-01 9.081390000000000295e-01
9.091479999999999562e-01 9.114430000000000032e-01 9.104529999999999568e-01 9.084470000000000045e-01 9.105919999999999570e-01 9.077490000000000281e-01 9.109209999999999807e-01 9.105779999999999985e-01
9.100559999999999761e-01 9.097480000000000011e-01 9.102050000000000418e-01 9.108389999999999542e-01 9.107939999999999925e-01 9.092419999999999947e-01 9.097760000000000291e-01 9.107439999999999980e-01
9.085149999999999615e-01 9.080200000000000493e-01 9.095010000000000039e-01 9.078230000000000466e-01 9.108880000000000310e-01 9.082480000000000553e-01 9.093210000000000459e-01 9.094969999999999999e-01
9.102670000000000483e-01 9.084980000000000278e-01 9.109249999999999847e-01 9.084649999999999670e-01 9.084309999999999885e-01 9.079650000000000221e-01 9.104560000000000430e-01 9.100589999999999513e-01
9.120080000000000409e-01 9.091029999999999944e-01 9.105259999999999465e-01 9.108629999999999782e-01 9.090639999999999832e-01 9.083940000000000348e-01 9.105839999999999490e-01 9.087779999999999747e-01
9.080329999999999790e-01 9.084320000000000173e-01 9.095480000000000231e-01 9.103689999999999838e-01 9.087340000000000417e-01 9.084470000000000045e-01 9.107380000000000475e-01 9.104989999999999473e-01
9.088169999999999860e-01 9.080519999999999703e-01 9.082970000000000210e-01 9.095180000000000486e-01 9.087579999999999547e-01 9.101860000000000506e-01 9.110570000000000057e-01 9.087629999999999875e-01
8.937730000000000397e-01 8.936830000000000052e-01 8.936819999999999764e-01 8.942569999999999686e-01 8.932499999999999885e-01 8.927030000000000243e-01 8.940949999999999731e-01 8.933250000000000357e-01
8.938629999999999631e-01 8.922459999999999836e-01 8.932400000000000340e-01 8.939749999999999641e-01 8.937610000000000277e-01 8.939329999999999776e-01 8.931829999999999492e-01 8.921639999999999571e-01
8.923710000000000253e-01 8.933499999999999774e-01 8.929939999999999545e-01 8.932409999999999517e-01 8.942849999999999966e-01 8.938220000000000054e-01 8.935889999999999667e-01 8.928810000000000358e-01
8.955370000000000275e-01 8.936720000000000219e-01 8.929749999999999632e-01 8.934220000000000494e-01 8.929000000000000270e-01 8.926929999999999588e-01 8.939510000000000511e-01 8.929730000000000167e-01
8.939660000000000384e-01 8.941170000000000506e-01 8.924269999999999703e-01 8.926739999999999675e-01 8.937260000000000204e-01 8.924419999999999575e-01 8.935290000000000177e-01 8.939420000000000144e-01
8.935250000000000137e-01 8.932290000000000507e-01 8.935939999999999994e-01 8.922179999999999556e-01 8.929949999999999832e-01 8.926150000000000473e-01 8.924980000000000135e-01 8.939570000000000016e-01
8.940360000000000529e-01 8.923860000000000126e-01 8.938340000000000174e-01 8.931390000000000162e-01 8.934769999999999657e-01 8.937810000000000477e-01 8.945729999999999515e-01 8.936840000000000339e-01
8.941230000000000011e-01 8.927990000000000093e-01 8.932729999999999837e-01 8.938909999999999911e-01 8.939030000000000031e-01 8.942980000000000373e-01 8.929479999999999640e-01 8.933689999999999687e-01
8.920150000000000023e-01 8.922849999999999948e-01 8.926929999999999588e-01 8.920379999999999976e-01 8.936009999999999787e-01 8.941310000000000091e-01 8.941559999999999508e-01 8.932069999999999732e-01
8.940580000000000194e-01 8.933109999999999662e-01 8.936260000000000314e-01 8.936150000000000482e-01 8.923999999999999710e-01 8.921179999999999666e-01 8.943640000000000478e-01 8.933470000000000022e-01
8.936020000000000074e-01 8.933929999999999927e-01 8.932170000000000387e-01 8.943489999999999496e-01 8.929080000000000350e-01 8.921540000000000026e-01 8.940839999999999899e-01 8.921120000000000161e-01
8.945670000000000011e-01 8.937650000000000317e-01 8.933020000000000405e-01 8.941980000000000484e-01 8.935300000000000464e-01 8.929040000000000310e-01 8.930900000000000505e-01 8.939970000000000416e-01
8.933699999999999974e-01 8.920090000000000519e-01 8.919209999999999638e-01 8.943579999999999863e-01 8.924699999999999855e-01 8.929369999999999807e-01 8.932280000000000220e-01 8.939139999999999864e-01
8.922459999999999836e-01 8.943440000000000278e-01 8.942529999999999646e-01 8.937869999999999981e-01 8.928859999999999575e-01 8.920960000000000001e-01 8.936830000000000052e-01 8.931259999999999755e-01
8.941299999999999804e-01 8.940299999999999914e-01 8.940379999999999994e-01 8.930869999999999642e-01 8.938730000000000286e-01 8.947800000000000198e-01 8.936979999999999924e-01 8.940770000000000106e-01
8.933240000000000069e-01 8.944459999999999633e-01 8.940700000000000314e-01 8.928479999999999750e-01 8.939070000000000071e-01 8.932400000000000340e-01 8.926509999999999723e-01 8.924389999999999823e-01
8.929890000000000327e-01 8.932459999999999845e-01 8.937429999999999541e-01 8.942149999999999821e-01 8.940270000000000161e-01 8.939359999999999529e-01 8.926760000000000250e-01 8.924140000000000406e-01
8.936060000000000114e-01 8.946929999999999605e-01 8.932909999999999462e-01 8.928930000000000478e-01 8.936619999999999564e-01 8.936070000000000402e-01 8.925929999999999698e-01 8.939129999999999576e-01
8.939080000000000359e-01 8.920599999999999641e-01 8.941839999999999788e-01 8.931360000000000410e-01 8.923729999999999718e-01 8.942109999999999781e-01 8.940860000000000474e-01 8.930120000000000280e-01
8.945629999999999971e-01 8.928660000000000485e-01 8.927559999999999940e-01 8.930839999999999890e-01 8.930069999999999952e-01 8.937960000000000349e-01 8.927610000000000268e-01 8.948399999999999688e-01
8.929540000000000255e-01 8.927230000000000443e-01 8.940669999999999451e-01 8.938629999999999631e-01 8.940379999999999994e-01 8.938310000000000421e-01 8.931599999999999540e-01 8.942550000000000221e-01
8.764389999999999681e-01 8.764889999999999626e-01 8.758209999999999607e-01 8.765030000000000321e-01 8.767270000000000341e-01 8.765439999999999898e-01 8.762929999999999886e-01 8.764499999999999513e-01
8.763250000000000206e-01 8.757150000000000212e-01 8.762590000000000101e-01 8.763469999999999871e-01 8.760750000000000481e-01 8.764269999999999561e-01 8.757939999999999614e-01 8.763290000000000246e-01
8.764060000000000183e-01 8.763229999999999631e-01 8.763849999999999696e-01 8.768399999999999528e-01 8.758150000000000102e-01 8.762100000000000444e-01 8.762699999999999934e-01 8.758789999999999631e-01
8.770809999999999995e-01 8.759989999999999721e-01 8.762389999999999901e-01 8.766249999999999876e-01 8.768709999999999560e-01 8.759670000000000512e-01 8.754859999999999864e-01 8.758179999999999854e-01
8.769540000000000113e-01 8.764530000000000376e-01 8.764129999999999976e-01 8.761560000000000459e-01 8.761560000000000459e-01 8.761590000000000211e-01 8.762990000000000501e-01 8.762100000000000444e-01
8.764060000000000183e-01 8.762689999999999646e-01 8.761219999999999564e-01 8.758150000000000102e-01 8.764969999999999706e-01 8.762170000000000236e-01 8.762980000000000214e-01 8.766329999999999956e-01
8.766829999999999901e-01 8.762259999999999494e-01 8.758240000000000469e-01 8.763790000000000191e-01 8.756059999999999954e-01 8.773539999999999672e-01 8.761759999999999549e-01 8.766129999999999756e-01
8.761689999999999756e-01 8.763670000000000071e-01 8.771369999999999445e-01 8.763720000000000399e-01 8.762459999999999694e-01 8.755150000000000432e-01 8.762640000000000429e-01 8.759770000000000056e-01
8.755290000000000017e-01 8.763220000000000454e-01 8.762870000000000381e-01 8.769109999999999960e-01 8.758029999999999982e-01 8.767150000000000221e-01 8.764429999999999721e-01 8.761759999999999549e-01
8.765079999999999538e-01 8.763149999999999551e-01 8.765129999999999866e-01 8.763889999999999736e-01 8.765439999999999898e-01 8.763130000000000086e-01 8.765770000000000506e-01 8.759259999999999824e-01
8.758540000000000214e-01 8.768359999999999488e-01 8.763009999999999966e-01 8.763360000000000039e-01 8.764220000000000343e-01 8.762929999999999886e-01 8.765209999999999946e-01 8.765469999999999651e-01
8.767589999999999550e-01 8.759120000000000239e-01 8.767890000000000406e-01 8.757819999999999494e-01 8.767110000000000181e-01 8.765220000000000233e-01 8.763579999999999703e-01 8.764999999999999458e-01
8.765129999999999866e-01 8.764849999999999586e-01 8.763649999999999496e-01 8.761160000000000059e-01 8.763370000000000326e-01 8.761269999999999891e-01 8.767160000000000508e-01 8.763220000000000454e-01
8.764870000000000161e-01 8.757850000000000357e-01 8.764020000000000143e-01 8.763020000000000254e-01 8.767399999999999638e-01 8.764600000000000168e-01 8.765610000000000346e-01 8.762429999999999941e-01
8.753130000000000077e-01 8.764030000000000431e-01 8.760139999999999594e-01 8.765479999999999938e-01 8.763699999999999823e-01 8.754720000000000280e-01 8.762240000000000029e-01 8.762159999999999949e-01
8.758259999999999934e-01 8.763999999999999568e-01 8.766479999999999828e-01 8.763069999999999471e-01 8.762309999999999821e-01 8.762969999999999926e-01 8.765070000000000361e-01 8.764779999999999793e-01
8.765180000000000193e-01 8.762109999999999621e-01 8.756639999999999979e-01 8.767460000000000253e-01 8.762210000000000276e-01 8.763900000000000023e-01 8.769379999999999953e-01 8.767000000000000348e-01
8.767340000000000133e-01 8.763509999999999911e-01 8.762389999999999901e-01 8.764399999999999968e-01 8.766220000000000123e-01 8.758169999999999566e-01 8.764999999999999458e-01 8.756159999999999499e-01
8.767059999999999853e-01 8.768920000000000048e-01 8.758519999999999639e-01 8.764170000000000016e-01 8.771259999999999613e-01 8.759649999999999936e-01 8.763520000000000199e-01 8.766289999999999916e-01
8.758449999999999847e-01 8.761290000000000466e-01 8.753729999999999567e-01 8.761020000000000474e-01 8.763069999999999471e-01 8.764659999999999673e-01 8.763600000000000279e-01 8.763649999999999496e-01
8.768599999999999728e-01 8.758439999999999559e-01 8.764840000000000408e-01 8.763630000000000031e-01 8.769489999999999785e-01 8.758610000000000007e-01 8.761480000000000379e-01 8.762670000000000181e-01
8.588930000000000176e-01 8.575920000000000210e-01 8.584979999999999833e-01 8.583450000000000246e-01 8.586479999999999668e-01 8.583110000000000461e-01 8.578970000000000207e-01 8.582910000000000261e-01
8.587029999999999941e-01 8.584509999999999641e-01 8.581530000000000546e-01 8.590360000000000218e-01 8.581060000000000354e-01 8.584000000000000519e-01 8.581870000000000331e-01 8.583929999999999616e-01
8.582739999999999814e-01 8.579339999999999744e-01 8.582560000000000189e-01 8.590689999999999715e-01 8.585960000000000258e-01 8.586420000000000163e-01 8.580149999999999721e-01 8.578219999999999734e-01
8.587139999999999773e-01 8.583960000000000479e-01 8.584910000000000041e-01 8.583659999999999624e-01 8.583060000000000134e-01 8.586200000000000498e-01 8.580759999999999499e-01 8.581539999999999724e-01
8.582889999999999686e-01 8.579299999999999704e-01 8.585840000000000138e-01 8.583319999999999839e-01 8.581459999999999644e-01 8.586300000000000043e-01 8.579179999999999584e-01 8.581790000000000251e-01
8.586059999999999803e-01 8.585099999999999953e-01 8.583340000000000414e-01 8.581980000000000164e-01 8.585639999999999938e-01 8.586510000000000531e-01 8.585530000000000106e-01 8.583119999999999639e-01
8.585909999999999931e-01 8.579970000000000097e-01 8.582959999999999479e-01 8.583530000000000326e-01 8.582830000000000181e-01 8.584939999999999793e-01 8.589820000000000233e-01 8.586030000000000051e-01
8.585610000000000186e-01 8.583619999999999584e-01 8.581640000000000379e-01 8.585310000000000441e-01 8.582870000000000221e-01 8.583840000000000359e-01 8.577409999999999757e-01 8.587420000000000053e-01
8.585650000000000226e-01 8.580740000000000034e-01 8.585439999999999738e-01 8.585420000000000273e-01 8.580449999999999466e-01 8.578829999999999512e-01 8.582600000000000229e-01 8.584220000000000184e-01
8.584239999999999648e-01 8.583570000000000366e-01 8.586380000000000123e-01 8.580449999999999466e-01 8.577850000000000197e-01 8.582899999999999974e-01 8.582379999999999454e-01 8.581189999999999651e-01
8.578989999999999672e-01 8.582100000000000284e-01 8.581910000000000371e-01 8.577900000000000524e-01 8.578999999999999959e-01 8.582319999999999949e-01 8.583159999999999679e-01 8.581239999999999979e-01
8.585350000000000481e-01 8.586709999999999621e-01 8.581720000000000459e-01 8.580969999999999986e-01 8.579280000000000239e-01 8.583619999999999584e-01 8.581229999999999691e-01 8.586570000000000036e-01
8.587839999999999918e-01 8.585340000000000193e-01 8.583739999999999704e-01 8.584159999999999568e-01 8.581469999999999931e-01 8.583370000000000166e-01 8.585220000000000073e-01 8.583739999999999704e-01
8.584359999999999769e-01 8.582499999999999574e-01 8.581889999999999796e-01 8.580130000000000257e-01 8.581130000000000146e-01 8.580989999999999451e-01 8.580640000000000489e-01 8.585490000000000066e-01
8.582159999999999789e-01 8.583269999999999511e-01 8.586989999999999901e-01 8.580740000000000034e-01 8.581750000000000211e-01 8.586970000000000436e-01 8.583009999999999806e-01 8.580780000000000074e-01
8.579639999999999489e-01 8.584920000000000329e-01 8.584100000000000064e-01 8.582229999999999581e-01 8.579299999999999704e-01 8.584330000000000016e-01 8.580609999999999626e-01 8.583530000000000326e-01
8.582570000000000476e-01 8.580590000000000162e-01 8.585070000000000201e-01 8.577919999999999989e-01 8.584800000000000209e-01 8.584119999999999528e-01 8.581509999999999971e-01 8.581450000000000466e-01
8.581959999999999589e-01 8.585129999999999706e-01 8.581980000000000164e-01 8.580860000000000154e-01 8.585089999999999666e-01 8.579839999999999689e-01 8.581490000000000506e-01 8.582859999999999934e-01
8.583030000000000381e-01 8.582570000000000476e-01 8.582309999999999661e-01 8.580499999999999794e-01 8.583800000000000319e-01 8.582830000000000181e-01 8.580619999999999914e-01 8.578949999999999632e-01
8.580330000000000457e-01 8.581630000000000091e-01 8.583009999999999806e-01 8.582999999999999519e-01 8.587970000000000326e-01 8.585390000000000521e-01 8.580759999999999499e-01 8.584180000000000144e-01
8.581419999999999604e-01 8.581950000000000411e-01 8.581469999999999931e-01 8.582959999999999479e-01 8.582819999999999894e-01 8.580849999999999866e-01 8.578980000000000494e-01 8.584850000000000536e-01
8.411929999999999685e-01 8.412020000000000053e-01 8.406169999999999476e-01 8.391349999999999643e-01 8.395850000000000257e-01 8.396649999999999947e-01 8.395759999999999890e-01 8.394399999999999640e-01
8.392659999999999565e-01 8.394979999999999665e-01 8.402519999999999989e-01 8.411920000000000508e-01 8.400670000000000082e-01 8.402420000000000444e-01 8.395409999999999817e-01 8.393469999999999542e-01
8.403049999999999686e-01 8.394500000000000295e-01 8.402840000000000309e-01 8.408670000000000311e-01 8.408430000000000071e-01 8.393119999999999470e-01 8.402859999999999774e-01 8.392140000000000155e-01
8.395259999999999945e-01 8.390140000000000375e-01 8.390109999999999513e-01 8.392739999999999645e-01 8.397860000000000325e-01 8.392800000000000260e-01 8.390859999999999985e-01 8.391699999999999715e-01
8.402150000000000452e-01 8.394500000000000295e-01 8.389609999999999568e-01 8.387590000000000323e-01 8.398870000000000502e-01 8.389940000000000175e-01 8.394949999999999912e-01 8.402600000000000069e-01
8.398449999999999527e-01 8.394989999999999952e-01 8.401159999999999739e-01 8.391859999999999875e-01 8.392709999999999892e-01 8.389079999999999870e-01 8.403159999999999519e-01 8.411779999999999813e-01
8.395259999999999945e-01 8.402730000000000476e-01 8.410330000000000306e-01 8.400050000000000017e-01 8.393410000000000037e-01 8.406169999999999476e-01 8.400649999999999507e-01 8.402819999999999734e-01
8.391859999999999875e-01 8.394110000000000182e-01 8.400649999999999507e-01 8.410220000000000473e-01 8.403169999999999806e-01 8.412450000000000205e-01 8.392749999999999932e-01 8.409720000000000528e-01
8.403909999999999991e-01 8.403300000000000214e-01 8.399069999999999592e-01 8.396479999999999499e-01 8.408910000000000551e-01 8.390990000000000393e-01 8.395599999999999730e-01 8.394730000000000247e-01
8.396749999999999492e-01 8.402509999999999701e-01 8.406010000000000426e-01 8.399429999999999952e-01 8.395759999999999890e-01 8.391039999999999610e-01 8.387809999999999988e-01 8.388700000000000045e-01
8.402519999999999989e-01 8.393439999999999790e-01 8.391579999999999595e-01 8.401250000000000107e-01 8.393000000000000460e-01 8.389860000000000095e-01 8.399879999999999569e-01 8.389879999999999560e-01
8.388200000000000101e-01 8.387919999999999821e-01 8.396550000000000402e-01 8.404660000000000464e-01 8.411579999999999613e-01 8.399980000000000224e-01 8.413129999999999775e-01 8.398020000000000485e-01
8.397109999999999852e-01 8.403460000000000374e-01 8.389579999999999815e-01 8.391429999999999723e-01 8.401250000000000107e-01 8.396280000000000410e-01 8.391790000000000083e-01 8.395770000000000177e-01
8.403580000000000494e-01 8.400410000000000377e-01 8.394200000000000550e-01 8.392180000000000195e-01 8.402469999999999661e-01 8.403350000000000541e-01 8.401359999999999939e-01 8.391159999999999730e-01
8.389459999999999695e-01 8.397339999999999804e-01 8.399370000000000447e-01 8.399250000000000327e-01 8.397900000000000365e-01 8.408459999999999823e-01 8.390689999999999538e-01 8.406689999999999996e-01
8.391650000000000498e-01 8.392119999999999580e-01 8.396069999999999922e-01 8.390739999999999865e-01 8.394610000000000127e-01 8.402969999999999606e-01 8.408280000000000198e-01 8.406360000000000499e-01
8.391769999999999508e-01 8.397250000000000547e-01 8.399729999999999697e-01 8.392760000000000220e-01 8.400349999999999762e-01 8.399410000000000487e-01 8.393629999999999702e-01 8.390090000000000048e-01
8.410490000000000466e-01 8.395070000000000032e-01 8.390459999999999585e-01 8.396010000000000417e-01 8.392039999999999500e-01 8.393000000000000460e-01 8.389510000000000023e-01 8.410809999999999675e-01
8.393950000000000022e-01 8.397999999999999909e-01 8.402159999999999629e-01 8.391440000000000010e-01 8.389290000000000358e-01 8.388409999999999478e-01 8.401899999999999924e-01 8.391250000000000098e-01
8.396770000000000067e-01 8.390940000000000065e-01 8.389510000000000023e-01 8.398609999999999687e-01 8.398759999999999559e-01 8.389330000000000398e-01 8.393639999999999990e-01 8.409010000000000096e-01
8.390020000000000255e-01 8.393610000000000237e-01 8.399299999999999544e-01 8.403890000000000526e-01 8.394139999999999935e-01 8.391790000000000083e-01 8.395930000000000337e-01 8.390410000000000368e-01
8.201829999999999954e-01 8.206769999999999898e-01 8.201319999999999721e-01 8.229790000000000161e-01 8.198699999999999877e-01 8.208659999999999846e-01 8.198389999999999844e-01 8.212089999999999668e-01
8.198090000000000099e-01 8.200610000000000399e-01 8.209629999999999983e-01 8.203019999999999756e-01 8.207410000000000538e-01 8.206130000000000368e-01 8.223549999999999471e-01 8.210690000000000488e-01
8.213120000000000420e-01 8.230800000000000338e-01 8.211720000000000130e-01 8.208330000000000348e-01 8.210359999999999880e-01 8.206179999999999586e-01 8.197900000000000187e-01 8.197389999999999954e-01
8.213110000000000133e-01 8.208550000000000013e-01 8.198029999999999484e-01 8.195050000000000390e-01 8.200800000000000312e-01 8.212340000000000195e-01 8.204690000000000039e-01 8.230560000000000098e-01
8.228609999999999536e-01 8.209539999999999615e-01 8.198330000000000339e-01 8.212469999999999493e-01 8.204770000000000119e-01 8.211699999999999555e-01 8.210399999999999920e-01 8.211479999999999890e-01
8.210199999999999720e-01 8.199180000000000357e-01 8.199509999999999854e-01 8.202359999999999651e-01 8.224860000000000504e-01 8.222460000000000324e-01 8.211490000000000178e-01 8.206240000000000201e-01
8.198400000000000132e-01 8.201669999999999794e-01 8.198250000000000259e-01 8.200169999999999959e-01 8.207179999999999476e-01 8.197889999999999899e-01 8.199079999999999702e-01 8.207240000000000091e-01
8.199400000000000022e-01 8.211129999999999818e-01 8.199359999999999982e-01 8.204230000000000134e-01 8.210210000000000008e-01 8.211429999999999563e-01 8.194510000000000405e-01 8.211370000000000058e-01
8.209250000000000158e-01 8.196360000000000312e-01 8.207590000000000163e-01 8.196790000000000465e-01 8.211889999999999468e-01 8.199990000000000334e-01 8.211610000000000298e-01 8.199089999999999989e-01
8.199239999999999862e-01 8.219870000000000232e-01 8.226949999999999541e-01 8.230250000000000066e-01 8.203019999999999756e-01 8.199400000000000022e-01 8.211399999999999810e-01 8.223019999999999774e-01
8.211429999999999563e-01 8.209779999999999855e-01 8.219790000000000152e-01 8.203859999999999486e-01 8.196879999999999722e-01 8.199309999999999654e-01 8.206170000000000408e-01 8.228699999999999903e-01
8.198999999999999622e-01 8.210629999999999873e-01 8.212469999999999493e-01 8.207710000000000283e-01 8.209560000000000191e-01 8.198229999999999684e-01 8.209469999999999823e-01 8.230859999999999843e-01
8.211230000000000473e-01 8.226139999999999564e-01 8.198119999999999852e-01 8.211530000000000218e-01 8.212479999999999780e-01 8.206329999999999458e-01 8.228180000000000494e-01 8.226200000000000179e-01
8.231509999999999661e-01 8.223970000000000447e-01 8.207719999999999461e-01 8.203949999999999854e-01 8.202979999999999716e-01 8.211680000000000090e-01 8.199539999999999607e-01 8.211519999999999930e-01
8.196890000000000009e-01 8.197910000000000474e-01 8.210920000000000440e-01 8.198600000000000332e-01 8.215519999999999490e-01 8.199049999999999949e-01 8.195550000000000335e-01 8.195839999999999792e-01
8.212589999999999613e-01 8.221319999999999739e-01 8.200899999999999856e-01 8.225449999999999706e-01 8.208809999999999718e-01 8.196860000000000257e-01 8.210910000000000153e-01 8.197729999999999739e-01
8.203719999999999901e-01 8.201190000000000424e-01 8.198450000000000459e-01 8.196820000000000217e-01 8.198020000000000307e-01 8.221650000000000347e-01 8.227250000000000396e-01 8.222040000000000459e-01
8.222810000000000397e-01 8.202880000000000171e-01 8.199840000000000462e-01 8.223939999999999584e-01 8.199159999999999782e-01 8.197560000000000402e-01 8.206849999999999978e-01 8.220840000000000369e-01
8.203089999999999549e-01 8.203390000000000404e-01 8.229800000000000448e-01 8.198689999999999589e-01 8.204799999999999871e-01 8.210979999999999945e-01 8.208509999999999973e-01 8.211420000000000385e-01
8.199710000000000054e-01 8.217130000000000267e-01 8.202040000000000441e-01 8.208849999999999758e-01 8.205050000000000399e-01 8.224660000000000304e-01 8.206649999999999778e-01 8.211070000000000313e-01
8.207410000000000538e-01 8.215500000000000025e-01 8.203129999999999589e-01 8.198140000000000427e-01 8.200380000000000447e-01 8.210910000000000153e-01 8.197600000000000442e-01 8.225599999999999579e-01
8.011049999999999560e-01 8.009089999999999820e-01 8.005929999999999991e-01 8.021110000000000184e-01 8.006170000000000231e-01 8.005219999999999558e-01 7.996480000000000254e-01 8.006090000000000151e-01
8.009830000000000005e-01 8.032329999999999748e-01 8.036969999999999947e-01 8.034639999999999560e-01 8.018950000000000244e-01 8.006259999999999488e-01 8.009370000000000100e-01 8.011390000000000455e-01
8.005309999999999926e-01 8.008880000000000443e-01 8.012770000000000170e-01 8.011310000000000375e-01 8.007830000000000226e-01 8.039079999999999560e-01 8.029460000000000486e-01 8.010429999999999495e-01
8.001740000000000519e-01 8.010990000000000055e-01 8.000639999999999974e-01 8.009540000000000548e-01 8.002629999999999466e-01 8.009969999999999590e-01 8.012280000000000513e-01 8.011960000000000193e-01
8.007459999999999578e-01 8.010549999999999615e-01 8.039950000000000152e-01 8.010540000000000438e-01 8.012650000000000050e-01 8.007389999999999786e-01 8.007589999999999986e-01 8.031209999999999738e-01
8.036229999999999762e-01 8.010439999999999783e-01 8.012909999999999755e-01 8.011819999999999498e-01 8.011200000000000543e-01 8.012139999999999818e-01 8.004280000000000284e-01 8.038070000000000492e-01
8.004809999999999981e-01 8.014740000000000197e-01 8.006820000000000048e-01 7.995609999999999662e-01 8.003820000000000379e-01 8.012120000000000353e-01 8.037750000000000172e-01 8.037539999999999685e-01
8.012169999999999570e-01 8.036569999999999547e-01 8.005860000000000198e-01 8.006940000000000168e-01 8.012989999999999835e-01 8.011690000000000200e-01 8.006529999999999481e-01 8.001209999999999711e-01
8.004790000000000516e-01 8.006879999999999553e-01 8.012700000000000378e-01 8.012280000000000513e-01 8.007469999999999866e-01 7.990690000000000293e-01 8.009110000000000396e-01 8.012569999999999970e-01
8.005370000000000541e-01 8.011409999999999920e-01 8.009209999999999940e-01 8.009030000000000316e-01 8.003909999999999636e-01 8.011470000000000535e-01 8.012709999999999555e-01 8.003930000000000211e-01
8.003200000000000314e-01 8.010669999999999735e-01 8.005820000000000158e-01 8.006159999999999943e-01 8.010150000000000325e-01 8.004059999999999508e-01 7.980580000000000451e-01 8.010760000000000103e-01
8.037410000000000387e-01 8.012839999999999963e-01 8.007809999999999651e-01 8.004379999999999828e-01 8.006950000000000456e-01 8.010099999999999998e-01 8.011899999999999578e-01 8.037360000000000060e-01
8.005020000000000469e-01 8.010880000000000223e-01 8.011350000000000415e-01 8.011350000000000415e-01 8.011089999999999600e-01 8.006750000000000256e-01 8.014769999999999950e-01 8.036560000000000370e-01
8.004090000000000371e-01 8.011500000000000288e-01 7.996419999999999639e-01 8.010770000000000390e-01 8.011279999999999513e-01 8.011949999999999905e-01 8.011920000000000153e-01 8.004609999999999781e-01
8.000650000000000261e-01 8.005320000000000213e-01 8.018659999999999677e-01 8.011289999999999800e-01 8.034259999999999735e-01 8.037379999999999525e-01 7.996180000000000510e-01 8.010310000000000485e-01
8.012190000000000145e-01 8.011629999999999585e-01 8.034179999999999655e-01 8.013810000000000100e-01 8.007429999999999826e-01 8.012329999999999730e-01 8.023599999999999621e-01 8.011989999999999945e-01
8.009159999999999613e-01 8.008399999999999963e-01 8.015219999999999567e-01 8.029009999999999758e-01 8.020530000000000159e-01 8.024520000000000541e-01 8.011709999999999665e-01 8.010469999999999535e-01
8.012850000000000250e-01 8.012669999999999515e-01 8.010580000000000478e-01 7.999929999999999541e-01 8.010779999999999568e-01 8.007729999999999571e-01 8.004799999999999693e-01 8.009739999999999638e-01
8.006379999999999608e-01 8.011369999999999880e-01 8.037790000000000212e-01 8.004059999999999508e-01 8.011770000000000280e-01 8.010389999999999455e-01 8.012430000000000385e-01 8.011770000000000280e-01
8.004999999999999893e-01 8.004219999999999668e-01 8.018030000000000435e-01 8.005719999999999503e-01 8.010019999999999918e-01 8.038840000000000430e-01 8.005370000000000541e-01 8.005579999999999918e-01
8.011770000000000280e-01 8.012219999999999898e-01 8.010979999999999768e-01 8.012599999999999723e-01 8.020939999999999737e-01 8.007990000000000386e-01 8.028990000000000293e-01 8.038939999999999975e-01
7.814550000000000107e-01 7.840080000000000382e-01 7.807640000000000136e-01 7.813729999999999842e-01 7.811660000000000270e-01 7.808119999999999505e-01 7.812310000000000088e-01 7.803989999999999538e-01
7.813620000000000010e-01 7.793989999999999529e-01 7.812710000000000488e-01 7.807220000000000271e-01 7.801289999999999614e-01 7.806889999999999663e-01 7.813059999999999450e-01 7.842719999999999692e-01
7.807910000000000128e-01 7.840340000000000087e-01 7.813299999999999690e-01 7.805509999999999948e-01 7.839589999999999614e-01 7.807009999999999783e-01 7.826260000000000439e-01 7.807290000000000063e-01
7.804849999999999843e-01 7.805609999999999493e-01 7.808479999999999865e-01 7.827680000000000193e-01 7.807150000000000478e-01 7.817920000000000424e-01 7.812230000000000008e-01 7.814630000000000187e-01
7.807479999999999976e-01 7.850350000000000383e-01 7.805419999999999581e-01 7.830780000000000518e-01 7.810989999999999878e-01 7.831519999999999593e-01 7.809949999999999948e-01 7.806290000000000173e-01
7.805609999999999493e-01 7.812550000000000328e-01 7.810960000000000125e-01 7.807269999999999488e-01 7.814550000000000107e-01 7.795969999999999844e-01 7.839930000000000510e-01 7.806769999999999543e-01
7.808340000000000281e-01 7.814410000000000522e-01 7.814290000000000402e-01 7.809490000000000043e-01 7.849040000000000461e-01 7.805849999999999733e-01 7.809620000000000450e-01 7.850070000000000103e-01
7.805830000000000268e-01 7.808030000000000248e-01 7.809359999999999635e-01 7.845050000000000079e-01 7.813419999999999810e-01 7.813219999999999610e-01 7.807600000000000096e-01 7.805689999999999573e-01
7.807330000000000103e-01 7.830749999999999655e-01 7.850479999999999681e-01 7.844900000000000206e-01 7.810669999999999558e-01 7.810880000000000045e-01 7.810639999999999805e-01 7.812799999999999745e-01
7.814449999999999452e-01 7.784109999999999641e-01 7.827690000000000481e-01 7.812160000000000215e-01 7.829040000000000443e-01 7.827220000000000288e-01 7.809399999999999675e-01 7.811810000000000143e-01
7.805729999999999613e-01 7.823459999999999859e-01 7.810460000000000180e-01 7.850639999999999841e-01 7.807349999999999568e-01 7.808800000000000185e-01 7.814429999999999987e-01 7.822069999999999856e-01
7.809690000000000243e-01 7.813609999999999722e-01 7.810989999999999878e-01 7.807119999999999616e-01 7.806110000000000548e-01 7.848220000000000196e-01 7.794759999999999467e-01 7.806499999999999551e-01
7.815239999999999965e-01 7.849350000000000493e-01 7.806579999999999631e-01 7.813630000000000297e-01 7.807119999999999616e-01 7.810019999999999740e-01 7.810559999999999725e-01 7.807229999999999448e-01
7.840209999999999679e-01 7.813510000000000177e-01 7.807960000000000456e-01 7.808420000000000361e-01 7.811869999999999647e-01 7.838549999999999685e-01 7.805579999999999741e-01 7.807500000000000551e-01
7.805560000000000276e-01 7.805689999999999573e-01 7.839690000000000270e-01 7.809249999999999803e-01 7.814959999999999685e-01 7.807380000000000431e-01 7.814320000000000155e-01 7.811949999999999728e-01
7.813360000000000305e-01 7.810550000000000548e-01 7.813510000000000177e-01 7.846999999999999531e-01 7.819289999999999852e-01 7.801219999999999821e-01 7.808319999999999705e-01 7.814010000000000122e-01
7.806070000000000508e-01 7.810129999999999573e-01 7.832670000000000465e-01 7.810270000000000268e-01 7.822259999999999769e-01 7.805940000000000101e-01 7.805790000000000228e-01 7.816309999999999647e-01
7.814100000000000490e-01 7.807770000000000543e-01 7.807220000000000271e-01 7.807849999999999513e-01 7.809300000000000130e-01 7.807509999999999728e-01 7.809690000000000243e-01 7.808629999999999738e-01
7.814250000000000362e-01 7.805180000000000451e-01 7.848669999999999813e-01 7.812000000000000055e-01 7.840390000000000414e-01 7.813449999999999562e-01 7.821700000000000319e-01 7.833010000000000250e-01
7.840080000000000382e-01 7.804100000000000481e-01 7.802639999999999576e-01 7.808690000000000353e-01 7.813780000000000170e-01 7.817889999999999562e-01 7.814729999999999732e-01 7.807349999999999568e-01
7.809169999999999723e-01 7.800930000000000364e-01 7.806840000000000446e-01 7.823010000000000241e-01 7.807699999999999640e-01 7.823700000000000099e-01 7.809420000000000250e-01 7.815959999999999575e-01
7.645020000000000149e-01 7.609390000000000320e-01 7.651360000000000383e-01 7.609240000000000448e-01 7.637420000000000320e-01 7.628620000000000401e-01 7.584659999999999735e-01 7.610069999999999890e-01
7.598510000000000542e-01 7.610390000000000210e-01 7.610970000000000235e-01 7.622379999999999711e-01 7.639880000000000004e-01 7.610419999999999963e-01 7.614180000000000392e-01 7.608749999999999680e-01
7.637439999999999785e-01 7.627930000000000543e-01 7.607819999999999583e-01 7.611959999999999837e-01 7.614210000000000145e-01 7.609390000000000320e-01 7.636709999999999887e-01 7.601160000000000139e-01
7.617490000000000094e-01 7.607690000000000285e-01 7.626690000000000413e-01 7.639029999999999987e-01 7.610839999999999828e-01 7.610909999999999620e-01 7.634649999999999492e-01 7.612759999999999527e-01
7.636950000000000127e-01 7.648840000000000083e-01 7.639939999999999509e-01 7.604349999999999721e-01 7.607340000000000213e-01 7.635199999999999765e-01 7.609679999999999778e-01 7.608770000000000255e-01
7.607410000000000005e-01 7.614450000000000385e-01 7.610449999999999715e-01 7.607129999999999725e-01 7.628139999999999921e-01 7.618169999999999664e-01 7.648660000000000458e-01 7.606000000000000538e-01
7.609820000000000473e-01 7.609439999999999538e-01 7.626840000000000286e-01 7.632520000000000415e-01 7.637460000000000360e-01 7.603720000000000478e-01 7.612849999999999895e-01 7.610559999999999548e-01
7.627990000000000048e-01 7.609850000000000225e-01 7.614940000000000042e-01 7.620419999999999972e-01 7.606880000000000308e-01 7.619010000000000504e-01 7.611860000000000293e-01 7.636159999999999615e-01
7.622039999999999926e-01 7.638169999999999682e-01 7.612679999999999447e-01 7.603969999999999896e-01 7.612360000000000237e-01 7.612079999999999957e-01 7.638150000000000217e-01 7.604070000000000551e-01
7.638040000000000385e-01 7.616749999999999909e-01 7.614640000000000297e-01 7.606870000000000021e-01 7.622480000000000366e-01 7.657030000000000225e-01 7.606129999999999836e-01 7.609409999999999785e-01
7.612820000000000142e-01 7.607679999999999998e-01 7.611189999999999900e-01 7.644530000000000491e-01 7.623320000000000096e-01 7.608519999999999728e-01 7.607239999999999558e-01 7.610850000000000115e-01
7.638390000000000457e-01 7.625530000000000364e-01 7.610810000000000075e-01 7.632970000000000033e-01 7.596699999999999564e-01 7.634370000000000323e-01 7.612020000000000453e-01 7.658369999999999900e-01
7.614260000000000472e-01 7.620670000000000499e-01 7.606410000000000116e-01 7.619449999999999834e-01 7.605060000000000153e-01 7.638850000000000362e-01 7.637150000000000327e-01 7.629529999999999923e-01
7.612430000000000030e-01 7.619350000000000289e-01 7.620959999999999956e-01 7.656960000000000433e-01 7.607500000000000373e-01 7.637680000000000025e-01 7.653649999999999620e-01 7.609550000000000480e-01
7.611740000000000173e-01 7.607329999999999925e-01 7.634969999999999812e-01 7.618420000000000192e-01 7.620240000000000347e-01 7.637819999999999609e-01 7.636600000000000055e-01 7.612630000000000230e-01
7.633259999999999490e-01 7.612210000000000365e-01 7.608789999999999720e-01 7.607899999999999663e-01 7.638209999999999722e-01 7.604490000000000416e-01 7.613229999999999720e-01 7.636039999999999495e-01
7.611440000000000428e-01 7.641639999999999544e-01 7.602740000000000054e-01 7.607140000000000013e-01 7.608129999999999615e-01 7.634389999999999787e-01 7.603119999999999878e-01 7.612959999999999727e-01
7.637880000000000225e-01 7.637490000000000112e-01 7.612259999999999582e-01 7.611040000000000028e-01 7.637359999999999705e-01 7.618470000000000519e-01 7.650649999999999951e-01 7.607009999999999605e-01
7.632459999999999800e-01 7.609329999999999705e-01 7.634199999999999875e-01 7.612440000000000317e-01 7.620660000000000212e-01 7.630940000000000500e-01 7.636579999999999480e-01 7.610599999999999588e-01
7.608350000000000390e-01 7.612320000000000197e-01 7.631419999999999870e-01 7.602170000000000316e-01 7.607110000000000261e-01 7.592119999999999980e-01 7.607120000000000548e-01 7.611189999999999900e-01
7.606800000000000228e-01 7.609629999999999450e-01 7.609120000000000328e-01 7.616020000000000012e-01 7.612719999999999487e-01 7.609000000000000208e-01 7.608789999999999720e-01 7.609930000000000305e-01
7.416530000000000067e-01 7.435650000000000315e-01 7.417179999999999884e-01 7.431349999999999900e-01 7.417289999999999717e-01 7.415850000000000497e-01 7.431560000000000388e-01 7.425840000000000218e-01
7.435979999999999812e-01 7.423659999999999703e-01 7.423920000000000519e-01 7.433750000000000080e-01 7.436540000000000372e-01 7.434290000000000065e-01 7.432549999999999990e-01 7.414800000000000280e-01
7.421180000000000554e-01 7.428010000000000446e-01 7.432250000000000245e-01 7.410619999999999985e-01 7.433499999999999552e-01 7.448110000000000008e-01 7.396439999999999682e-01 7.431950000000000500e-01
7.401499999999999746e-01 7.450149999999999828e-01 7.432990000000000430e-01 7.435730000000000395e-01 7.443499999999999561e-01 7.427810000000000246e-01 7.402320000000000011e-01 7.434760000000000257e-01
7.430790000000000450e-01 7.429639999999999578e-01 7.428040000000000198e-01 7.420290000000000497e-01 7.430330000000000545e-01 7.433779999999999832e-01 7.432210000000000205e-01 7.408850000000000158e-01
7.409529999999999728e-01 7.409019999999999495e-01 7.422180000000000444e-01 7.415100000000000025e-01 7.402440000000000131e-01 7.409350000000000103e-01 7.427329999999999766e-01 7.451240000000000085e-01
7.434110000000000440e-01 7.429379999999999873e-01 7.437730000000000175e-01 7.443440000000000056e-01 7.433260000000000423e-01 7.433710000000000040e-01 7.435239999999999627e-01 7.435730000000000395e-01
7.421579999999999844e-01 7.433710000000000040e-01 7.416859999999999564e-01 7.410039999999999960e-01 7.418179999999999774e-01 7.452429999999999888e-01 7.419179999999999664e-01 7.435239999999999627e-01
7.450689999999999813e-01 7.445190000000000419e-01 7.433279999999999887e-01 7.394889999999999519e-01 7.421710000000000251e-01 7.428709999999999480e-01 7.399649999999999839e-01 7.404840000000000311e-01
7.439249999999999474e-01 7.398190000000000044e-01 7.393459999999999477e-01 7.431240000000000068e-01 7.413170000000000037e-01 7.392530000000000490e-01 7.429829999999999490e-01 7.446629999999999638e-01
7.437390000000000390e-01 7.405220000000000136e-01 7.422729999999999606e-01 7.426139999999999963e-01 7.434399999999999897e-01 7.412450000000000427e-01 7.403720000000000301e-01 7.453570000000000473e-01
7.423089999999999966e-01 7.392879999999999452e-01 7.444840000000000346e-01 7.410449999999999537e-01 7.429900000000000393e-01 7.429829999999999490e-01 7.415990000000000082e-01 7.437719999999999887e-01
7.434509999999999730e-01 7.407369999999999788e-01 7.434659999999999602e-01 7.394950000000000134e-01 7.437329999999999774e-01 7.427880000000000038e-01 7.447000000000000286e-01 7.427359999999999518e-01
7.427380000000000093e-01 7.425659999999999483e-01 7.432630000000000070e-01 7.433480000000000087e-01 7.434690000000000465e-01 7.420700000000000074e-01 7.409719999999999640e-01 7.406810000000000338e-01
7.449339999999999851e-01 7.428099999999999703e-01 7.430170000000000385e-01 7.428919999999999968e-01 7.401140000000000496e-01 7.404009999999999758e-01 7.406009999999999538e-01 7.404749999999999943e-01
7.433349999999999680e-01 7.425030000000000241e-01 7.435779999999999612e-01 7.407489999999999908e-01 7.454300000000000370e-01 7.432860000000000023e-01 7.452309999999999768e-01 7.432039999999999758e-01
7.405180000000000096e-01 7.453269999999999618e-01 7.444209999999999994e-01 7.412220000000000475e-01 7.408029999999999893e-01 7.429750000000000520e-01 7.443239999999999856e-01 7.399689999999999879e-01
7.413269999999999582e-01 7.432549999999999990e-01 7.431870000000000420e-01 7.436559999999999837e-01 7.429069999999999840e-01 7.395080000000000542e-01 7.428200000000000358e-01 7.444950000000000179e-01
7.409229999999999983e-01 7.433459999999999512e-01 7.423389999999999711e-01 7.407780000000000475e-01 7.424859999999999793e-01 7.409149999999999903e-01 7.410609999999999697e-01 7.432760000000000478e-01
7.429160000000000208e-01 7.447589999999999488e-01 7.420790000000000441e-01 7.433859999999999912e-01 7.421689999999999676e-01 7.407010000000000538e-01 7.416239999999999499e-01 7.441210000000000324e-01
7.447409999999999863e-01 7.403619999999999646e-01 7.411410000000000498e-01 7.431640000000000468e-01 7.432990000000000430e-01 7.409280000000000310e-01 7.421529999999999516e-01 7.419419999999999904e-01
7.226449999999999818e-01 7.239430000000000032e-01 7.188320000000000265e-01 7.222870000000000124e-01 7.228940000000000365e-01 7.204549999999999566e-01 7.231220000000000425e-01 7.225289999999999768e-01
7.226609999999999978e-01 7.236690000000000067e-01 7.245810000000000306e-01 7.225019999999999776e-01 7.245509999999999451e-01 7.223060000000000036e-01 7.242370000000000196e-01 7.246329999999999716e-01
7.223720000000000141e-01 7.245160000000000489e-01 7.227339999999999876e-01 7.233359999999999790e-01 7.220280000000000031e-01 7.205880000000000063e-01 7.222760000000000291e-01 7.229980000000000295e-01
7.237749999999999462e-01 7.243439999999999879e-01 7.235930000000000417e-01 7.245530000000000026e-01 7.237649999999999917e-01 7.226010000000000488e-01 7.236470000000000402e-01 7.240050000000000097e-01
7.220699999999999896e-01 7.231419999999999515e-01 7.229149999999999743e-01 7.236399999999999499e-01 7.246029999999999971e-01 7.245800000000000018e-01 7.238989999999999592e-01 7.245810000000000306e-01
7.223650000000000349e-01 7.244289999999999896e-01 7.237529999999999797e-01 7.208750000000000435e-01 7.240220000000000544e-01 7.238550000000000262e-01 7.225629999999999553e-01 7.223610000000000309e-01
7.244329999999999936e-01 7.246000000000000218e-01 7.223349999999999493e-01 7.241750000000000131e-01 7.223619999999999486e-01 7.223800000000000221e-01 7.231220000000000425e-01 7.246120000000000339e-01
7.202239999999999753e-01 7.208099999999999508e-01 7.200830000000000286e-01 7.220900000000000096e-01 7.231910000000000283e-01 7.223709999999999853e-01 7.245279999999999498e-01 7.245859999999999523e-01
7.233340000000000325e-01 7.237019999999999564e-01 7.245700000000000474e-01 7.198320000000000274e-01 7.223500000000000476e-01 7.236550000000000482e-01 7.245350000000000401e-01 7.244950000000000001e-01
7.232049999999999867e-01 7.245810000000000306e-01 7.243929999999999536e-01 7.225439999999999641e-01 7.228529999999999678e-01 7.221670000000000034e-01 7.232180000000000275e-01 7.222180000000000266e-01
7.228569999999999718e-01 7.226810000000000178e-01 7.232950000000000212e-01 7.191499999999999559e-01 7.246110000000000051e-01 7.206829999999999625e-01 7.198569999999999691e-01 7.223939999999999806e-01
7.198909999999999476e-01 7.240809999999999746e-01 7.241309999999999691e-01 7.231340000000000545e-01 7.244329999999999936e-01 7.243840000000000279e-01 7.246320000000000539e-01 7.245730000000000226e-01
7.237869999999999582e-01 7.236679999999999779e-01 7.246219999999999883e-01 7.241699999999999804e-01 7.222610000000000419e-01 7.222509999999999764e-01 7.245209999999999706e-01 7.239670000000000272e-01
7.226960000000000051e-01 7.229980000000000295e-01 7.245249999999999746e-01 7.227980000000000516e-01 7.244720000000000049e-01 7.235789999999999722e-01 7.246329999999999716e-01 7.242530000000000356e-01
7.226460000000000106e-01 7.231649999999999467e-01 7.237059999999999604e-01 7.238080000000000069e-01 7.219560000000000421e-01 7.233669999999999822e-01 7.233270000000000532e-01 7.246479999999999588e-01
7.220060000000000366e-01 7.245850000000000346e-01 7.225930000000000408e-01 7.237689999999999957e-01 7.222490000000000299e-01 7.245690000000000186e-01 7.238090000000000357e-01 7.234340000000000215e-01
7.226240000000000441e-01 7.245690000000000186e-01 7.246289999999999676e-01 7.224679999999999991e-01 7.231269999999999643e-01 7.245319999999999538e-01 7.221940000000000026e-01 7.223509999999999653e-01
7.222840000000000371e-01 7.245570000000000066e-01 7.246529999999999916e-01 7.225369999999999848e-01 7.229499999999999815e-01 7.243370000000000086e-01 7.198949999999999516e-01 7.215650000000000119e-01
7.222720000000000251e-01 7.221649999999999459e-01 7.228679999999999550e-01 7.223100000000000076e-01 7.222290000000000099e-01 7.206150000000000055e-01 7.246470000000000411e-01 7.245580000000000354e-01
7.225089999999999568e-01 7.227599999999999580e-01 7.212950000000000195e-01 7.239139999999999464e-01 7.210490000000000510e-01 7.226069999999999993e-01 7.224829999999999863e-01 7.246449999999999836e-01
7.223199999999999621e-01 7.245719999999999938e-01 7.241020000000000234e-01 7.231149999999999523e-01 7.245589999999999531e-01 7.222849999999999548e-01 7.244899999999999674e-01 7.245850000000000346e-01
7.005130000000000523e-01 7.000349999999999628e-01 7.035829999999999584e-01 7.036499999999999977e-01 7.032000000000000473e-01 7.032300000000000217e-01 7.023700000000000498e-01 6.996710000000000429e-01
7.033230000000000315e-01 7.035460000000000047e-01 6.988419999999999632e-01 7.033819999999999517e-01 7.035310000000000175e-01 7.034219999999999917e-01 7.033679999999999932e-01 7.038799999999999502e-01
7.018170000000000242e-01 7.032699999999999507e-01 7.032279999999999642e-01 7.038510000000000044e-01 7.001779999999999671e-01 7.035219999999999807e-01 7.020889999999999631e-01 7.034329999999999750e-01
7.037210000000000409e-01 7.039279999999999982e-01 7.030330000000000190e-01 7.030290000000000150e-01 7.029549999999999965e-01 7.039220000000000477e-01 7.031359999999999832e-01 7.037539999999999907e-01
6.997480000000000366e-01 7.024960000000000093e-01 7.019300000000000539e-01 7.038309999999999844e-01 7.032709999999999795e-01 7.006409999999999583e-01 7.018879999999999564e-01 7.035090000000000510e-01
7.034160000000000412e-01 7.029100000000000348e-01 7.003369999999999873e-01 7.032270000000000465e-01 7.037120000000000042e-01 7.030669999999999975e-01 7.030729999999999480e-01 7.006740000000000190e-01
7.036689999999999889e-01 7.027930000000000010e-01 7.038339999999999597e-01 7.031739999999999657e-01 7.028729999999999700e-01 7.031169999999999920e-01 7.032420000000000337e-01 7.033439999999999692e-01
7.033409999999999940e-01 7.033930000000000460e-01 7.039119999999999822e-01 7.039800000000000502e-01 7.031469999999999665e-01 7.036350000000000104e-01 6.986940000000000373e-01 7.034139999999999837e-01
7.032410000000000050e-01 7.038720000000000532e-01 7.029050000000000020e-01 7.027970000000000050e-01 7.029480000000000173e-01 7.037149999999999794e-01 7.031800000000000272e-01 7.038759999999999462e-01
7.023920000000000163e-01 7.030840000000000423e-01 7.014000000000000234e-01 7.028630000000000155e-01 7.019410000000000371e-01 7.027679999999999483e-01 7.025770000000000071e-01 7.029180000000000428e-01
7.033559999999999812e-01 7.025449999999999751e-01 7.029309999999999725e-01 7.031500000000000528e-01 7.029950000000000365e-01 7.031730000000000480e-01 7.031789999999999985e-01 7.031830000000000025e-01
7.032599999999999962e-01 7.018999999999999684e-01 7.001049999999999773e-01 7.030859999999999888e-01 7.034059999999999757e-01 7.036499999999999977e-01 7.035449999999999759e-01 7.034550000000000525e-01
7.033589999999999565e-01 7.039659999999999807e-01 7.037839999999999652e-01 7.039309999999999734e-01 6.988710000000000200e-01 7.023359999999999603e-01 7.022540000000000449e-01 7.039649999999999519e-01
7.033430000000000515e-01 7.031119999999999592e-01 7.031370000000000120e-01 7.037409999999999499e-01 7.035489999999999799e-01 7.038419999999999677e-01 7.030079999999999663e-01 7.005679999999999685e-01
7.033580000000000387e-01 6.986130000000000395e-01 7.028609999999999580e-01 7.037759999999999572e-01 7.038849999999999829e-01 7.028919999999999613e-01 7.032429999999999515e-01 7.033549999999999525e-01
7.031899999999999817e-01 7.032800000000000162e-01 7.020260000000000389e-01 7.037179999999999547e-01 7.032659999999999467e-01 7.038790000000000324e-01 7.039320000000000022e-01 7.035029999999999895e-01
7.022300000000000209e-01 6.985029999999999850e-01 7.035879999999999912e-01 7.038140000000000507e-01 7.024230000000000196e-01 7.021140000000000159e-01 7.039659999999999807e-01 7.039849999999999719e-01
7.036130000000000440e-01 7.038309999999999844e-01 7.035550000000000415e-01 7.025050000000000461e-01 7.031910000000000105e-01 7.038940000000000197e-01 7.036310000000000064e-01 7.030889999999999640e-01
7.030480000000000063e-01 7.029020000000000268e-01 7.038630000000000164e-01 7.031969999999999610e-01 6.999419999999999531e-01 7.029889999999999750e-01 6.990370000000000195e-01 7.028839999999999533e-01
7.034540000000000237e-01 7.039410000000000389e-01 7.019900000000000029e-01 7.036989999999999634e-01 7.033890000000000420e-01 7.032819999999999627e-01 7.037569999999999659e-01 7.037149999999999794e-01
7.019050000000000011e-01 7.023920000000000163e-01 7.001619999999999511e-01 7.030899999999999928e-01 7.030399999999999983e-01 7.006320000000000325e-01 7.003669999999999618e-01 7.029980000000000118e-01
6.816619999999999902e-01 6.818990000000000329e-01 6.788720000000000310e-01 6.798100000000000254e-01 6.808659999999999712e-01 6.824660000000000171e-01 6.825160000000000116e-01 6.824050000000000393e-01
6.823080000000000256e-01 6.831230000000000357e-01 6.819020000000000081e-01 6.825510000000000188e-01 6.825480000000000436e-01 6.816759999999999486e-01 6.821540000000000381e-01 6.825510000000000188e-01
6.819910000000000139e-01 6.819560000000000066e-01 6.798210000000000086e-01 6.826379999999999670e-01 6.824580000000000091e-01 6.825480000000000436e-01 6.830519999999999925e-01 6.830739999999999590e-01
6.829499999999999460e-01 6.797130000000000116e-01 6.815870000000000539e-01 6.820230000000000459e-01 6.823029999999999928e-01 6.830220000000000180e-01 6.820530000000000204e-01 6.824999999999999956e-01
6.798170000000000046e-01 6.799560000000000048e-01 6.824590000000000378e-01 6.798119999999999719e-01 6.817450000000000454e-01 6.823240000000000416e-01 6.827560000000000295e-01 6.824750000000000538e-01
6.829009999999999803e-01 6.821289999999999853e-01 6.817990000000000439e-01 6.818109999999999449e-01 6.825879999999999725e-01 6.827530000000000543e-01 6.819009999999999794e-01 6.824379999999999891e-01
6.818849999999999634e-01 6.823399999999999466e-01 6.822920000000000096e-01 6.815769999999999884e-01 6.826119999999999965e-01 6.820950000000000069e-01 6.819429999999999659e-01 6.816290000000000404e-01
6.825790000000000468e-01 6.826649999999999663e-01 6.820850000000000524e-01 6.832110000000000127e-01 6.823120000000000296e-01 6.825130000000000363e-01 6.825440000000000396e-01 6.822890000000000343e-01
6.828070000000000528e-01 6.818889999999999674e-01 6.826750000000000318e-01 6.797640000000000349e-01 6.821589999999999598e-01 6.822380000000000111e-01 6.778469999999999773e-01 6.817180000000000462e-01
6.818800000000000416e-01 6.818549999999999889e-01 6.829610000000000403e-01 6.799979999999999913e-01 6.819370000000000154e-01 6.822209999999999663e-01 6.790150000000000352e-01 6.798290000000000166e-01
6.789159999999999640e-01 6.817750000000000199e-01 6.815470000000000139e-01 6.825259999999999661e-01 6.818220000000000391e-01 6.824339999999999851e-01 6.826499999999999790e-01 6.824670000000000458e-01
6.815360000000000307e-01 6.825299999999999701e-01 6.810619999999999452e-01 6.818359999999999976e-01 6.832230000000000247e-01 6.822099999999999831e-01 6.820019999999999971e-01 6.822730000000000183e-01
6.818910000000000249e-01 6.783850000000000158e-01 6.825290000000000523e-01 6.825229999999999908e-01 6.798499999999999543e-01 6.821800000000000086e-01 6.825050000000000283e-01 6.819030000000000369e-01
6.800340000000000273e-01 6.818619999999999681e-01 6.832230000000000247e-01 6.820119999999999516e-01 6.831519999999999815e-01 6.824620000000000131e-01 6.819359999999999866e-01 6.825400000000000356e-01
6.830380000000000340e-01 6.815360000000000307e-01 6.825849999999999973e-01 6.822139999999999871e-01 6.813050000000000495e-01 6.816750000000000309e-01 6.822880000000000056e-01 6.816189999999999749e-01
6.797180000000000444e-01 6.820669999999999789e-01 6.816370000000000484e-01 6.822829999999999728e-01 6.808939999999999992e-01 6.825510000000000188e-01 6.823580000000000201e-01 6.816910000000000469e-01
6.797009999999999996e-01 6.829349999999999588e-01 6.821739999999999471e-01 6.798899999999999944e-01 6.798619999999999663e-01 6.822129999999999583e-01 6.820349999999999469e-01 6.821150000000000269e-01
6.820140000000000091e-01 6.817440000000000166e-01 6.821930000000000494e-01 6.821869999999999878e-01 6.832470000000000487e-01 6.817729999999999624e-01 6.819539999999999491e-01 6.820869999999999989e-01
6.820439999999999836e-01 6.825250000000000483e-01 6.814569999999999794e-01 6.823420000000000041e-01 6.816900000000000182e-01 6.823559999999999626e-01 6.827109999999999568e-01 6.799239999999999728e-01
6.806140000000000523e-01 6.825639999999999485e-01 6.820049999999999724e-01 6.824639999999999596e-01 6.796429999999999971e-01 6.822289999999999743e-01 6.825919999999999765e-01 6.816370000000000484e-01
6.825029999999999708e-01 6.822620000000000351e-01 6.825269999999999948e-01 6.823040000000000216e-01 6.818999999999999506e-01 6.833150000000000057e-01 6.832610000000000072e-01 6.818539999999999601e-01
6.619429999999999481e-01 6.610219999999999985e-01 6.612810000000000077e-01 6.624189999999999801e-01 6.612280000000000380e-01 6.625910000000000410e-01 6.612139999999999684e-01 6.611380000000000035e-01
6.615919999999999579e-01 6.612649999999999917e-01 6.621510000000000451e-01 6.612179999999999724e-01 6.610840000000000050e-01 6.577460000000000528e-01 6.613090000000000357e-01 6.622869999999999591e-01
6.602240000000000331e-01 6.616360000000000019e-01 6.611310000000000242e-01 6.619319999999999649e-01 6.622919999999999918e-01 6.627530000000000365e-01 6.620049999999999546e-01 6.624470000000000081e-01
6.611559999999999659e-01 6.612339999999999884e-01 6.594179999999999486e-01 6.610829999999999762e-01 6.619239999999999569e-01 6.627070000000000460e-01 6.623019999999999463e-01 6.618020000000000014e-01
6.608669999999999822e-01 6.610690000000000177e-01 6.624949999999999450e-01 6.610239999999999450e-01 6.621489999999999876e-01 6.598549999999999693e-01 6.619899999999999674e-01 6.620939999999999603e-01
6.626370000000000315e-01 6.612360000000000460e-01 6.613839999999999719e-01 6.609930000000000527e-01 6.626269999999999660e-01 6.616900000000000004e-01 6.611479999999999579e-01 6.569850000000000412e-01
6.627239999999999798e-01 6.621749999999999581e-01 6.622580000000000133e-01 6.598300000000000276e-01 6.595959999999999601e-01 6.625539999999999763e-01 6.610300000000000065e-01 6.611799999999999899e-01
6.614799999999999569e-01 6.624090000000000256e-01 6.626589999999999980e-01 6.622329999999999606e-01 6.613339999999999774e-01 6.592919999999999892e-01 6.626889999999999725e-01 6.624740000000000073e-01
6.617110000000000491e-01 6.625799999999999468e-01 6.625320000000000098e-01 6.626199999999999868e-01 6.625539999999999763e-01 6.593120000000000092e-01 6.613999999999999879e-01 6.610810000000000297e-01
6.627319999999999878e-01 6.610489999999999977e-01 6.595579999999999776e-01 6.626790000000000180e-01 6.621719999999999828e-01 6.612749999999999462e-01 6.597669999999999924e-01 6.620800000000000018e-01
6.609979999999999745e-01 6.623660000000000103e-01 6.609009999999999607e-01 6.620810000000000306e-01 6.611749999999999572e-01 6.610840000000000050e-01 6.615889999999999826e-01 6.611979999999999524e-01
6.616560000000000219e-01 6.619030000000000191e-01 6.625159999999999938e-01 6.614799999999999569e-01 6.580819999999999448e-01 6.611380000000000035e-01 6.625349999999999850e-01 6.626030000000000530e-01
6.609099999999999975e-01 6.612489999999999757e-01 6.626410000000000355e-01 6.619810000000000416e-01 6.619810000000000416e-01 6.624849999999999905e-01 6.625050000000000106e-01 6.610319999999999530e-01
6.621839999999999948e-01 6.614160000000000039e-01 6.626969999999999805e-01 6.616640000000000299e-01 6.625830000000000330e-01 6.615779999999999994e-01 6.620430000000000481e-01 6.611850000000000227e-01
6.611010000000000497e-01 6.623139999999999583e-01 6.622010000000000396e-01 6.607520000000000060e-01 6.619270000000000431e-01 6.624510000000000121e-01 6.609890000000000487e-01 6.595259999999999456e-01
6.625820000000000043e-01 6.618270000000000541e-01 6.597429999999999684e-01 6.625320000000000098e-01 6.609589999999999632e-01 6.622500000000000053e-01 6.624740000000000073e-01 6.626450000000000395e-01
6.572109999999999896e-01 6.621510000000000451e-01 6.623769999999999936e-01 6.626619999999999733e-01 6.606600000000000250e-01 6.624179999999999513e-01 6.627490000000000325e-01 6.608899999999999775e-01
6.616480000000000139e-01 6.609509999999999552e-01 6.618770000000000486e-01 6.613390000000000102e-01 6.612400000000000500e-01 6.611150000000000082e-01 6.611489999999999867e-01 6.568129999999999802e-01
6.620249999999999746e-01 6.601479999999999571e-01 6.612299999999999844e-01 6.616630000000000011e-01 6.607539999999999525e-01 6.611909999999999732e-01 6.625259999999999483e-01 6.611639999999999739e-01
6.618370000000000086e-01 6.610139999999999905e-01 6.613210000000000477e-01 6.597690000000000499e-01 6.608530000000000237e-01 6.604389999999999983e-01 6.620300000000000074e-01 6.613069999999999782e-01
6.618479999999999919e-01 6.625870000000000370e-01 6.605649999999999578e-01 6.625649999999999595e-01 6.612860000000000404e-01 6.624109999999999721e-01 6.625980000000000203e-01 6.596560000000000201e-01
6.413809999999999789e-01 6.394220000000000459e-01 6.406389999999999585e-01 6.409850000000000270e-01 6.421160000000000201e-01 6.423170000000000268e-01 6.413170000000000259e-01 6.421229999999999993e-01
6.392020000000000479e-01 6.408629999999999605e-01 6.421010000000000328e-01 6.417399999999999771e-01 6.417810000000000459e-01 6.407439999999999802e-01 6.416659999999999586e-01 6.411609999999999809e-01
6.406859999999999777e-01 6.393900000000000139e-01 6.419770000000000199e-01 6.423999999999999710e-01 6.405950000000000255e-01 6.406849999999999490e-01 6.420439999999999481e-01 6.416530000000000289e-01
6.421679999999999611e-01 6.413079999999999892e-01 6.419190000000000174e-01 6.411879999999999802e-01 6.421529999999999738e-01 6.421750000000000513e-01 6.419899999999999496e-01 6.407220000000000137e-01
6.417760000000000131e-01 6.419089999999999518e-01 6.405729999999999480e-01 6.395979999999999999e-01 6.419700000000000406e-01 6.412409999999999499e-01 6.413670000000000204e-01 6.396140000000000159e-01
6.405880000000000463e-01 6.403140000000000498e-01 6.406429999999999625e-01 6.403450000000000530e-01 6.416230000000000544e-01 6.405459999999999487e-01 6.391059999999999519e-01 6.420439999999999481e-01
6.406910000000000105e-01 6.411430000000000184e-01 6.403079999999999883e-01 6.392309999999999937e-01 6.388519999999999754e-01 6.420430000000000303e-01 6.406629999999999825e-01 6.387129999999999752e-01
6.417429999999999524e-01 6.421810000000000018e-01 6.404670000000000085e-01 6.413200000000000012e-01 6.380660000000000220e-01 6.407969999999999500e-01 6.420470000000000343e-01 6.380010000000000403e-01
6.418439999999999701e-01 6.419550000000000534e-01 6.415370000000000239e-01 6.408509999999999485e-01 6.417990000000000084e-01 6.406549999999999745e-01 6.407319999999999682e-01 6.380040000000000155e-01
6.378840000000000066e-01 6.412419999999999787e-01 6.421790000000000553e-01 6.413450000000000539e-01 6.416880000000000361e-01 6.421540000000000026e-01 6.419449999999999878e-01 6.407920000000000282e-01
6.407540000000000457e-01 6.410780000000000367e-01 6.404640000000000333e-01 6.398439999999999683e-01 6.423820000000000086e-01 6.416469999999999674e-01 6.419869999999999743e-01 6.403189999999999715e-01
6.407359999999999722e-01 6.383520000000000305e-01 6.406370000000000120e-01 6.424109999999999543e-01 6.412259999999999627e-01 6.420789999999999553e-01 6.419970000000000399e-01 6.393750000000000266e-01
6.406230000000000535e-01 6.421299999999999786e-01 6.384619999999999740e-01 6.408479999999999732e-01 6.422050000000000258e-01 6.421559999999999491e-01 6.408719999999999972e-01 6.422989999999999533e-01
6.402299999999999658e-01 6.415710000000000024e-01 6.423400000000000221e-01 6.397690000000000321e-01 6.417040000000000521e-01 6.415809999999999569e-01 6.423950000000000493e-01 6.400430000000000286e-01
6.418380000000000196e-01 6.415319999999999911e-01 6.411609999999999809e-01 6.405659999999999688e-01 6.418369999999999909e-01 6.410620000000000207e-01 6.407420000000000337e-01 6.420820000000000416e-01
6.422539999999999916e-01 6.377350000000000518e-01 6.420150000000000023e-01 6.381590000000000318e-01 6.413809999999999789e-01 6.408460000000000267e-01 6.418589999999999574e-01 6.417049999999999699e-01
6.416429999999999634e-01 6.409369999999999790e-01 6.408700000000000507e-01 6.423990000000000533e-01 6.412769999999999859e-01 6.406479999999999952e-01 6.410700000000000287e-01 6.422250000000000458e-01
6.413750000000000284e-01 6.415929999999999689e-01 6.420270000000000143e-01 6.401109999999999856e-01 6.421289999999999498e-01 6.404809999999999670e-01 6.403569999999999540e-01 6.423699999999999966e-01
6.399280000000000523e-01 6.410160000000000302e-01 6.421010000000000328e-01 6.414189999999999614e-01 6.406309999999999505e-01 6.422689999999999788e-01 6.384790000000000187e-01 6.406450000000000200e-01
6.413569999999999549e-01 6.411780000000000257e-01 6.409589999999999455e-01 6.399780000000000468e-01 6.404429999999999845e-01 6.392679999999999474e-01 6.408169999999999700e-01 6.423109999999999653e-01
6.420069999999999943e-01 6.403229999999999755e-01 6.405159999999999743e-01 6.415419999999999456e-01 6.414670000000000094e-01 6.400709999999999456e-01 6.416150000000000464e-01 6.393250000000000322e-01
6.203130000000000033e-01 6.184140000000000192e-01 6.191370000000000484e-01 6.176310000000000411e-01 6.189019999999999522e-01 6.181929999999999925e-01 6.198219999999999841e-01 6.221299999999999608e-01
6.210959999999999814e-01 6.203769999999999563e-01 6.198559999999999626e-01 6.193140000000000311e-01 6.210719999999999574e-01 6.216810000000000391e-01 6.223100000000000298e-01 6.202370000000000383e-01
6.200210000000000443e-01 6.210480000000000445e-01 6.173969999999999736e-01 6.202429999999999888e-01 6.183579999999999632e-01 6.219440000000000524e-01 6.204359999999999875e-01 6.198360000000000536e-01
6.176129999999999676e-01 6.221980000000000288e-01 6.217160000000000464e-01 6.175180000000000113e-01 6.225220000000000198e-01 6.176559999999999828e-01 6.222839999999999483e-01 6.208230000000000137e-01
6.190799999999999637e-01 6.221590000000000176e-01 6.199029999999999818e-01 6.216049999999999631e-01 6.203870000000000218e-01 6.219120000000000203e-01 6.216819999999999569e-01 6.190029999999999699e-01
6.194589999999999819e-01 6.176169999999999716e-01 6.182950000000000390e-01 6.227099999999999858e-01 6.198059999999999681e-01 6.180219999999999603e-01 6.190299999999999692e-01 6.181189999999999740e-01
6.208120000000000305e-01 6.175709999999999811e-01 6.187040000000000317e-01 6.197850000000000303e-01 6.196469999999999478e-01 6.223809999999999620e-01 6.214739999999999709e-01 6.196289999999999853e-01
6.225129999999999830e-01 6.187869999999999759e-01 6.219059999999999588e-01 6.210700000000000109e-01 6.202739999999999920e-01 6.224929999999999630e-01 6.209949999999999637e-01 6.179700000000000193e-01
6.179810000000000025e-01 6.216970000000000551e-01 6.212919999999999554e-01 6.222130000000000161e-01 6.226319999999999633e-01 6.189919999999999867e-01 6.189919999999999867e-01 6.208620000000000250e-01
6.176909999999999901e-01 6.207899999999999530e-01 6.221219999999999528e-01 6.182579999999999742e-01 6.225199999999999623e-01 6.188449999999999784e-01 6.183349999999999680e-01 6.177660000000000373e-01
6.215929999999999511e-01 6.198310000000000208e-01 6.192549999999999999e-01 6.202419999999999600e-01 6.193290000000000184e-01 6.206690000000000262e-01 6.189630000000000409e-01 6.220719999999999583e-01
6.204819999999999780e-01 6.185169999999999835e-01 6.190039999999999987e-01 6.221499999999999808e-01 6.222090000000000121e-01 6.174960000000000448e-01 6.199329999999999563e-01 6.193480000000000096e-01
6.173220000000000374e-01 6.222060000000000368e-01 6.176390000000000491e-01 6.218470000000000386e-01 6.215589999999999726e-01 6.207070000000000087e-01 6.190949999999999509e-01 6.223260000000000458e-01
6.181240000000000068e-01 6.191210000000000324e-01 6.201149999999999718e-01 6.223250000000000171e-01 6.203290000000000193e-01 6.204279999999999795e-01 6.181619999999999893e-01 6.215479999999999894e-01
6.201130000000000253e-01 6.225300000000000278e-01 6.213929999999999731e-01 6.204990000000000228e-01 6.203239999999999865e-01 6.205089999999999772e-01 6.191149999999999709e-01 6.210949999999999527e-01
6.182680000000000398e-01 6.215669999999999806e-01 6.183480000000000087e-01 6.187479999999999647e-01 6.208789999999999587e-01 6.181600000000000428e-01 6.204030000000000378e-01 6.223699999999999788e-01
6.205119999999999525e-01 6.225570000000000270e-01 6.188500000000000112e-01 6.188289999999999624e-01 6.207120000000000415e-01 6.218709999999999516e-01 6.190590000000000259e-01 6.183790000000000120e-01
6.197989999999999888e-01 6.221250000000000391e-01 6.197460000000000191e-01 6.211959999999999704e-01 6.214199999999999724e-01 6.178080000000000238e-01 6.220780000000000198e-01 6.224119999999999653e-01
6.185490000000000155e-01 6.221820000000000128e-01 6.187789999999999679e-01 6.205000000000000515e-01 6.195310000000000539e-01 6.203340000000000520e-01 6.199310000000000098e-01 6.220299999999999718e-01
6.204549999999999788e-01 6.218510000000000426e-01 6.203889999999999683e-01 6.175549999999999651e-01 6.178649999999999975e-01 6.193189999999999529e-01 6.181179999999999453e-01 6.206009999999999582e-01
6.215840000000000254e-01 6.176749999999999741e-01 6.174650000000000416e-01 6.221640000000000503e-01 6.194490000000000274e-01 6.184830000000000050e-01 6.203340000000000520e-01 6.200480000000000436e-01
5.982309999999999572e-01 5.981140000000000345e-01 6.000469999999999970e-01 6.003840000000000288e-01 5.992669999999999941e-01 5.979010000000000158e-01 5.998250000000000526e-01 6.016270000000000229e-01
5.989179999999999504e-01 6.018149999999999888e-01 6.000119999999999898e-01 6.009759999999999547e-01 6.016029999999999989e-01 5.980379999999999585e-01 6.000159999999999938e-01 5.990060000000000384e-01
5.997999999999999998e-01 5.993840000000000279e-01 5.981130000000000058e-01 5.996249999999999636e-01 5.992870000000000141e-01 6.001239999999999908e-01 5.980739999999999945e-01 6.002389999999999670e-01
5.983500000000000485e-01 5.983020000000000005e-01 5.999430000000000041e-01 6.018580000000000041e-01 6.013549999999999729e-01 6.007209999999999495e-01 5.985239999999999450e-01 5.978639999999999510e-01
5.999459999999999793e-01 5.978849999999999998e-01 6.005770000000000275e-01 6.007470000000000310e-01 5.979309999999999903e-01 6.007219999999999782e-01 6.008369999999999544e-01 5.979539999999999855e-01
6.005059999999999842e-01 6.004249999999999865e-01 5.994930000000000536e-01 6.017919999999999936e-01 6.016190000000000149e-01 6.003270000000000550e-01 6.008559999999999457e-01 6.012699999999999712e-01
6.005479999999999707e-01 6.008989999999999609e-01 5.979579999999999895e-01 5.983389999999999542e-01 6.005439999999999667e-01 6.007339999999999902e-01 5.993579999999999464e-01 5.989090000000000247e-01
5.987679999999999669e-01 6.006139999999999812e-01 5.979430000000000023e-01 6.002910000000000190e-01 6.006850000000000245e-01 6.006590000000000540e-01 5.995620000000000394e-01 5.997839999999999838e-01
6.007109999999999950e-01 5.994730000000000336e-01 5.979499999999999815e-01 5.990619999999999834e-01 5.993749999999999911e-01 6.001760000000000428e-01 5.980609999999999538e-01 5.989079999999999959e-01
5.991490000000000427e-01 6.000969999999999915e-01 5.997360000000000468e-01 5.979989999999999473e-01 5.980320000000000080e-01 5.992300000000000404e-01 6.007540000000000102e-01 5.999179999999999513e-01
6.001429999999999820e-01 6.014450000000000074e-01 6.010299999999999532e-01 5.990130000000000177e-01 5.996460000000000123e-01 6.004669999999999730e-01 5.998280000000000278e-01 5.984549999999999592e-01
5.989259999999999584e-01 5.980079999999999840e-01 5.988470000000000182e-01 6.001049999999999995e-01 5.992539999999999534e-01 5.989330000000000487e-01 5.995209999999999706e-01 6.006489999999999885e-01
6.001349999999999740e-01 5.978189999999999893e-01 5.988470000000000182e-01 6.002309999999999590e-01 6.015470000000000539e-01 5.978599999999999470e-01 6.000419999999999643e-01 6.008379999999999832e-01
6.012429999999999719e-01 5.998139999999999583e-01 5.990109999999999602e-01 6.006679999999999797e-01 5.998120000000000118e-01 6.016160000000000396e-01 6.004969999999999475e-01 6.007449999999999735e-01
5.991330000000000267e-01 6.011840000000000517e-01 5.990689999999999626e-01 6.005409999999999915e-01 5.983030000000000292e-01 5.994690000000000296e-01 5.985049999999999537e-01 5.990400000000000169e-01
6.004699999999999482e-01 6.013749999999999929e-01 6.000189999999999690e-01 6.001469999999999860e-01 5.980980000000000185e-01 5.994899999999999674e-01 6.002279999999999838e-01 5.979229999999999823e-01
6.001339999999999453e-01 6.005230000000000290e-01 5.996559999999999668e-01 6.014859999999999651e-01 6.007740000000000302e-01 6.005070000000000130e-01 6.014080000000000537e-01 5.984350000000000502e-01
5.994390000000000551e-01 6.002699999999999703e-01 5.983870000000000022e-01 5.991079999999999739e-01 6.011739999999999862e-01 6.009229999999999849e-01 5.995479999999999698e-01 5.982750000000000012e-01
6.005470000000000530e-01 5.980039999999999800e-01 6.006190000000000140e-01 5.985040000000000360e-01 5.980079999999999840e-01 6.008419999999999872e-01 5.997460000000000013e-01 6.015840000000000076e-01
5.990999999999999659e-01 5.993880000000000319e-01 5.992739999999999734e-01 5.980609999999999538e-01 6.011999999999999567e-01 6.005399999999999627e-01 5.981969999999999787e-01 6.020699999999999941e-01
5.981870000000000243e-01 5.998440000000000438e-01 5.999200000000000088e-01 5.997289999999999566e-01 6.007439999999999447e-01 5.990750000000000242e-01 5.996399999999999508e-01 5.981009999999999938e-01
5.788999999999999702e-01 5.793850000000000389e-01 5.793129999999999669e-01 5.792070000000000274e-01 5.789870000000000294e-01 5.791020000000000056e-01 5.794869999999999743e-01 5.793270000000000364e-01
5.793989999999999974e-01 5.792559999999999931e-01 5.792859999999999676e-01 5.793209999999999749e-01 5.793859999999999566e-01 5.794610000000000039e-01 5.793030000000000124e-01 5.791720000000000201e-01
5.794460000000000166e-01 5.793620000000000436e-01 5.793639999999999901e-01 5.789549999999999974e-01 5.793369999999999909e-01 5.792549999999999644e-01 5.789339999999999486e-01 5.793890000000000429e-01
5.791610000000000369e-01 5.793679999999999941e-01 5.795230000000000103e-01 5.793819999999999526e-01 5.791960000000000441e-01 5.793709999999999694e-01 5.793960000000000221e-01 5.794430000000000414e-01
5.793460000000000276e-01 5.790600000000000191e-01 5.794660000000000366e-01 5.791450000000000209e-01 5.792000000000000481e-01 5.794019999999999726e-01 5.793190000000000284e-01 5.791589999999999794e-01
5.793009999999999549e-01 5.793810000000000349e-01 5.792659999999999476e-01 5.794070000000000054e-01 5.792199999999999571e-01 5.791880000000000361e-01 5.794099999999999806e-01 5.793030000000000124e-01
5.791389999999999594e-01 5.793040000000000411e-01 5.792960000000000331e-01 5.792690000000000339e-01 5.785289999999999599e-01 5.793730000000000269e-01 5.791969999999999619e-01 5.793310000000000404e-01
5.794409999999999838e-01 5.794460000000000166e-01 5.791490000000000249e-01 5.794219999999999926e-01 5.793519999999999781e-01 5.793380000000000196e-01 5.791699999999999626e-01 5.793540000000000356e-01
5.792960000000000331e-01 5.793469999999999454e-01 5.793190000000000284e-01 5.793920000000000181e-01 5.791760000000000241e-01 5.793960000000000221e-01 5.791929999999999579e-01 5.791969999999999619e-01
5.794179999999999886e-01 5.794160000000000421e-01 5.792460000000000386e-01 5.791659999999999586e-01 5.792730000000000379e-01 5.792300000000000226e-01 5.791960000000000441e-01 5.790589999999999904e-01
5.792929999999999469e-01 5.793230000000000324e-01 5.794719999999999871e-01 5.791979999999999906e-01 5.794259999999999966e-01 5.792969999999999509e-01 5.793359999999999621e-01 5.789739999999999887e-01
5.791939999999999866e-01 5.794740000000000446e-01 5.791950000000000154e-01 5.793289999999999829e-01 5.793700000000000516e-01 5.792640000000000011e-01 5.792199999999999571e-01 5.793300000000000116e-01
5.793139999999999956e-01 5.791979999999999906e-01 5.794519999999999671e-01 5.789790000000000214e-01 5.793059999999999876e-01 5.789910000000000334e-01 5.792070000000000274e-01 5.792899999999999716e-01
5.792150000000000354e-01 5.794350000000000334e-01 5.794249999999999678e-01 5.793220000000000036e-01 5.792180000000000106e-01 5.793390000000000484e-01 5.793719999999999981e-01 5.792030000000000234e-01
5.792370000000000019e-01 5.794030000000000014e-01 5.792659999999999476e-01 5.792599999999999971e-01 5.792199999999999571e-01 5.793329999999999869e-01 5.793390000000000484e-01 5.792880000000000251e-01
5.793399999999999661e-01 5.792350000000000554e-01 5.794839999999999991e-01 5.793110000000000204e-01 5.794040000000000301e-01 5.794420000000000126e-01 5.792239999999999611e-01 5.792310000000000514e-01
5.793549999999999534e-01 5.792910000000000004e-01 5.791509999999999714e-01 5.792469999999999564e-01 5.792329999999999979e-01 5.792990000000000084e-01 5.792950000000000044e-01 5.793070000000000164e-01
5.792869999999999964e-01 5.792599999999999971e-01 5.791399999999999881e-01 5.790760000000000352e-01 5.792939999999999756e-01 5.792979999999999796e-01 5.792460000000000386e-01 5.791960000000000441e-01
5.792690000000000339e-01 5.793589999999999574e-01 5.792410000000000059e-01 5.793070000000000164e-01 5.792770000000000419e-01 5.795050000000000479e-01 5.791520000000000001e-01 5.792079999999999451e-01
5.791840000000000321e-01 5.793610000000000149e-01 5.791619999999999546e-01 5.794259999999999966e-01 5.792680000000000051e-01 5.792110000000000314e-01 5.792920000000000291e-01 5.794479999999999631e-01
5.794190000000000174e-01 5.790840000000000432e-01 5.792779999999999596e-01 5.793089999999999629e-01 5.792939999999999756e-01 5.790459999999999496e-01 5.795339999999999936e-01 5.795150000000000023e-01
