0 6.603531616e-09 6.603531616e-11 4.36066298e-19
1 6.603531616e-09 6.603531616e-11 4.36066298e-19
2 6.603531616e-09 6.603531616e-11 4.36066298e-19
3 6.603531616e-09 6.603531616e-11 4.36066298e-19
4 0.0005264933978 5.265759539e-06 2.771944256e-09
5 0.0005264933978 5.266896719e-06 2.771932258e-09
6 0.0005753017996 1.10200101e-05 6.020438506e-09
7 0.0005753017996 1.2255468e-05 6.144340645e-09
8 0.0007820232835 2.537225577e-05 1.464140677e-08
9 0.0007820232835 2.858483203e-05 1.631654699e-08
10 0.0007820232835 3.912143341e-05 2.326099171e-08
11 0.000903362461 5.181081506e-05 3.26413079e-08
12 0.0009690391688 4.973749774e-05 3.386844881e-08
13 0.001658337268 7.897776463e-05 6.733739144e-08
14 0.001658337268 9.066101571e-05 9.430745736e-08
15 0.002378189341 7.463743542e-05 1.185233049e-07
16 0.002378189341 9.469363269e-05 1.358817168e-07
17 0.002425887343 0.0001332170486 2.277386823e-07
18 0.00376775249 0.0002287278388 5.135666475e-07
19 0.00376775249 0.0001908674511 4.541885185e-07
20 0.00376775249 0.0001794458497 4.708585488e-07
21 0.003877652356 0.0002329081197 6.423104469e-07
22 0.003877652356 0.0002161624417 6.03974585e-07
23 0.0124309166 0.0004472207931 2.456776117e-06
24 0.0124309166 0.0005661437122 3.423612809e-06
25 0.03074492892 0.00109035821 1.375497302e-05
26 0.03074492892 0.001328126377 1.747159413e-05
27 0.03074492892 0.001517071873 2.030094773e-05
28 0.03074492892 0.001870250108 2.763042472e-05
29 0.04304614705 0.002601250961 5.109662496e-05
30 0.04304614705 0.002833242785 6.978558656e-05
31 0.1543279423 0.0047470743 0.0003212898515
32 0.1543279423 0.006667437908 0.0004893959345
33 0.1543279423 0.007925800515 0.0006279929064
34 0.1776047518 0.009564082215 0.0009483675012
35 0.220133982 0.01439480796 0.001722640476
36 0.2762053236 0.0188288541 0.003138631726
37 0.3194776177 0.02147563406 0.003712415965
38 0.3194776177 0.01599553304 0.003307632757
39 0.3229049528 0.01945915977 0.004326956857
40 0.3240170982 0.02484438684 0.00553845754
41 0.3240170982 0.034480792 0.007235855038
42 0.3240170982 0.02643518977 0.004716758128
43 0.3240170982 0.03256995307 0.006278429434
44 0.3293275503 0.03168970864 0.007062898163
45 0.3395169971 0.03546850533 0.008496039308
46 0.3395169971 0.034310205 0.007354833066
47 0.3395169971 0.04127782801 0.008623936648
48 0.3846366523 0.05079595243 0.01066732316
49 0.3976859247 0.06024917082 0.0130686822
50 0.3976859247 0.06750652552 0.01447141079
51 0.4378598867 0.0640471194 0.01424654519
52 0.6125279591 0.06430854594 0.01499530315
53 0.6125279591 0.07811109206 0.01902634701
54 0.7073212636 0.07461714657 0.02245239349
55 0.7073212636 0.08194234001 0.02568581112
56 0.7073212636 0.08917256295 0.03041151543
57 0.7073212636 0.0808129861 0.02865393172
58 0.7073212636 0.07901180876 0.02827421482
59 0.7805668637 0.0786713692 0.0284763605
60 0.7805668637 0.1062569088 0.03485111465
61 0.9972065677 0.1267009636 0.04188728264
61 0.3035118279 0.01099105228 0.002109772542
62 0.3035118279 0.01340328809 0.002206943203
63 0.3179895119 0.01894680074 0.003442434252
64 0.3322958878 0.02627504667 0.005005331
65 0.3322958878 0.02424641117 0.00569982877
66 0.3765539059 0.03066038802 0.007314729324
67 0.3765539059 0.02049790526 0.005215732938
68 0.3765539059 0.02662329885 0.006067876479
69 0.3765539059 0.02268204666 0.004938650501
70 0.3765539059 0.03008209995 0.006372075569
71 0.3765539059 0.04018519978 0.008173302
72 0.3765539059 0.04062556465 0.008284218175
73 0.4391159597 0.04119007428 0.00929635556
74 0.4391159597 0.03749435175 0.00907695103
75 0.4391159597 0.03601249388 0.009002372413
76 0.4391159597 0.02997801947 0.007892644396
77 0.4391159597 0.03572620672 0.0088248614
78 0.4391159597 0.04076052233 0.01038253558
79 0.4391159597 0.03629628333 0.008074854849
80 0.4391159597 0.03973140987 0.009447720554
81 0.4897609377 0.04790426211 0.01379408234
82 0.4897609377 0.05182572409 0.01336511243
83 0.4897609377 0.05849082931 0.01398751148
84 0.5119886726 0.04872859478 0.01301412022
85 0.5912610345 0.05610974726 0.01751417304
86 0.5912610345 0.05878811001 0.01681794543
87 0.6085565083 0.07266363661 0.02069367218
88 0.6085565083 0.06192332038 0.01694640073
89 0.6085565083 0.07133833032 0.01894156567
90 0.6085565083 0.06801877508 0.01879435927
91 0.6085565083 0.07614352064 0.02114036764
92 0.6085565083 0.0977959684 0.02586332198
93 0.6085565083 0.08536609996 0.02377794766
94 0.6085565083 0.0827117768 0.02459511349
95 0.6085565083 0.0826451858 0.02268728309
96 0.6085565083 0.08631433836 0.02405682929
97 0.6085565083 0.09771075938 0.02865326913
98 0.6085565083 0.09552538927 0.02558069405
99 0.6493973259 0.09470754358 0.02775415039
100 0.6493973259 0.1113971504 0.03300757806
101 0.6854582792 0.1076833376 0.02854152274
102 0.6854582792 0.1002687309 0.026618066
103 0.6854582792 0.1049030191 0.02837882398
104 0.6854582792 0.1041366119 0.0286221099
105 0.6854582792 0.1091642006 0.03325029229
106 0.7324891245 0.1178064473 0.0384227024
107 0.7324891245 0.1327374395 0.03720361921
108 0.7324891245 0.1254089575 0.03277930033
109 0.7324891245 0.1028608759 0.02580420612
110 0.7324891245 0.130623458 0.03393739956
111 0.7468638556 0.1152268344 0.03238020794
112 0.7468638556 0.1119328033 0.03130736974
113 0.7468638556 0.1085688294 0.03516222551
114 0.7468638556 0.1152989032 0.03700555606
115 0.7468638556 0.1193149921 0.03763696847
116 0.7468638556 0.1479655658 0.04753790663
117 0.7468638556 0.1342847712 0.038610205
118 0.7468638556 0.1339342188 0.03709107983
119 0.7468638556 0.1383106388 0.03820639739
120 0.7468638556 0.1510659223 0.04134093542
121 0.7468638556 0.1512505992 0.04023266087
122 0.7468638556 0.151478491 0.04118533972
123 0.7468638556 0.13936629 0.04212918482
124 0.7468638556 0.1433088547 0.04120009833
125 0.7468638556 0.1333334797 0.03562269597
126 0.7468638556 0.1606940552 0.0515862076
127 0.7468638556 0.1362989875 0.04196135367
128 0.7468638556 0.1291584601 0.03940507884
129 0.7468638556 0.1461979694 0.04917846029
130 0.7468638556 0.1186932506 0.0350571069
131 0.7468638556 0.1140822354 0.03699663253
132 0.7468638556 0.1212378814 0.03762485084
133 0.7468638556 0.1211692875 0.03545882507
134 0.7468638556 0.126875003 0.03523778979
135 0.7468638556 0.135848223 0.03736754289
136 0.7468638556 0.1502077357 0.0412570598
137 0.7468638556 0.1641418588 0.04647453837
138 0.7468638556 0.1432960638 0.0420173615
139 0.7468638556 0.1634317723 0.04390626573
140 0.7468638556 0.1576660407 0.03861382837
141 0.7585636675 0.1574899611 0.04048474303
142 0.7585636675 0.1685226487 0.04571042325
143 0.7585636675 0.1514361525 0.04156154107
144 0.7585636675 0.1496264613 0.04474598517
145 0.7585636675 0.1295213358 0.0335009626
146 0.7592087575 0.1194645324 0.03771410583
147 0.7634827655 0.1358038433 0.04141972751
148 0.7634827655 0.1393177518 0.03492650464
149 0.7634827655 0.1411328911 0.03963695443
150 0.7634827655 0.1370772366 0.03930793504
151 0.7634827655 0.1421881506 0.04023786686
152 0.7634827655 0.1319871595 0.0417460296
153 0.7634827655 0.1514452401 0.04756379099
154 0.7634827655 0.1430023931 0.04000281877
155 0.7783028091 0.147818482 0.04613231387
156 0.7783028091 0.128705169 0.03931713848
157 0.7783028091 0.1417915662 0.04245619717
158 0.7783028091 0.1444694076 0.04449414462
159 0.7783028091 0.1408116874 0.04215041851
160 0.791976853 0.1444645031 0.04231264941
161 0.791976853 0.1305798571 0.03784836625
162 0.791976853 0.1517810933 0.04350345905
163 0.791976853 0.1515819764 0.05077276577
164 0.791976853 0.1591910221 0.05266636402
165 0.791976853 0.1646245785 0.05436031212
166 0.791976853 0.1605549427 0.05063763026
167 0.791976853 0.1665664716 0.04591786446
168 0.791976853 0.159368969 0.04254227735
169 0.791976853 0.1720564938 0.04048152692
170 0.791976853 0.1784146701 0.04444928079
171 0.791976853 0.1625136163 0.04819267818
172 0.791976853 0.1572724742 0.04677170723
173 0.791976853 0.1663742019 0.04728174743
174 0.8151342975 0.1681004781 0.04844250803
175 0.8151342975 0.1743292493 0.04920398645
176 0.8151342975 0.1546111548 0.04899807641
177 0.8151342975 0.172264987 0.04705182147
178 0.8151342975 0.1672569806 0.04542526767
179 0.8151342975 0.1595066208 0.05163505749
180 0.8151342975 0.1519776462 0.04963066441
181 0.8151342975 0.1463700812 0.04242216343
182 0.8151342975 0.1593471606 0.04634913245
183 0.8151342975 0.1524927356 0.0493707704
184 0.8243467347 0.1472799315 0.05071817176
185 0.8243467347 0.1261928606 0.04007577118
186 0.8408573011 0.1473621134 0.0457181274
187 0.8532901992 0.1325480125 0.0409471731
188 0.8532901992 0.1552860028 0.05044158185
189 0.8747712318 0.1692747957 0.05643942027
190 0.8747712318 0.1621716533 0.05711908591
191 0.8747712318 0.1673874386 0.05607911062
192 0.8747712318 0.1443134984 0.04643132924
193 0.8747712318 0.1496411877 0.04940719156
194 0.8747712318 0.157477384 0.05188929682
195 0.8747712318 0.1567607718 0.0547708917
196 0.8747712318 0.1464254964 0.05096809452
197 0.8747712318 0.1540268779 0.05417383686
198 0.8747712318 0.1606456388 0.05184857139
199 0.8747712318 0.1438534857 0.05141070225
200 0.8747712318 0.1609319253 0.05434088939
201 0.8747712318 0.1522779627 0.05529246953
202 0.8747712318 0.1577755858 0.05047660289
203 0.8747712318 0.1496186043 0.05529600194
204 0.8747712318 0.1414143252 0.05170421671
205 0.8747712318 0.1369968049 0.04750987473
206 0.8747712318 0.1415790508 0.04839098515
207 0.8747712318 0.1337587741 0.0496261005
208 0.8747712318 0.1242944445 0.04747218891
209 0.8747712318 0.1504428844 0.04886620125
210 0.8747712318 0.130687685 0.04475164971
211 0.8761192577 0.159343702 0.05731870186
212 0.8761192577 0.1670009975 0.05804880339
213 0.8761192577 0.1440575711 0.04675183312
214 0.8761192577 0.1531338515 0.05351073639
215 0.8761192577 0.1259849726 0.04811398579
216 0.8761192577 0.1604508945 0.05349318422
217 0.877701476 0.1820954606 0.06698923342
218 0.877701476 0.163254339 0.05380066459
219 0.877701476 0.1657308243 0.05454896057
220 0.877701476 0.1806768912 0.0589844258
221 0.877701476 0.1801631077 0.05962936607
222 0.9109348479 0.1891976509 0.06458742762
223 0.9109348479 0.1794629252 0.06293711358
224 0.9109348479 0.1860999731 0.06476887042
225 0.9109348479 0.1851962457 0.06611076183
226 0.9109348479 0.1565024135 0.05573863343
227 0.9109348479 0.1614093424 0.06112126972
228 0.9109348479 0.1677606868 0.06152301928
229 0.9109348479 0.161878472 0.05373970469
230 0.9109348479 0.1837307974 0.06579113314
231 0.9109348479 0.2027680607 0.06636654351
232 0.9109348479 0.2140322148 0.06467206115
233 0.9109348479 0.1744074863 0.0523739949
234 0.9109348479 0.1636691935 0.05741033686
235 0.9109348479 0.1943906601 0.06447180152
236 0.936236443 0.1999492317 0.06515708843
237 0.936236443 0.1879831434 0.04994422485
238 0.936236443 0.2106587826 0.06047956356
239 0.936236443 0.2146924273 0.06258633111
240 0.936236443 0.2276644995 0.06742160774
241 0.936236443 0.2438544339 0.07597746027
242 0.936236443 0.2536805449 0.0709897515
243 0.9497286764 0.2228708734 0.06279305279
244 0.9497286764 0.2275700101 0.05849928978
245 0.9497286764 0.206252543 0.05883607355
246 0.9497286764 0.2111541307 0.06114552841
247 0.9497286764 0.2298802205 0.06909908591
248 0.9497286764 0.2252305167 0.06141903763
249 0.9497286764 0.1943560111 0.05215711001
250 0.9603851857 0.1915108596 0.05620766306
251 0.9603851857 0.176455897 0.06037663875
252 0.9603851857 0.1891681931 0.06587460605
253 0.9603851857 0.183184761 0.0682843803
254 0.9603851857 0.2086534579 0.07656068683
255 0.9603851857 0.2277595529 0.07954514345
256 0.9603851857 0.2019059747 0.06844630698
257 0.9603851857 0.1888275008 0.06097981449
258 0.9603851857 0.1801192164 0.05544520683
259 0.9603851857 0.2068694611 0.06278322095
260 0.9603851857 0.2272337482 0.07221013593
261 0.9603851857 0.2296445128 0.08115032871
262 0.9603851857 0.2244253807 0.08601496737
263 0.9603851857 0.2610383887 0.09538539804
264 0.9603851857 0.2173996434 0.06922451865
265 0.9603851857 0.2460699077 0.07536180864
266 0.9603851857 0.2472481856 0.07644673892
267 0.9603851857 0.2478366959 0.07786213518
268 0.9603851857 0.2482799292 0.07228842464
269 0.9603851857 0.2441734561 0.08129396206
270 0.9603851857 0.2287428923 0.0709040376
271 0.9611212348 0.2111812913 0.07391064924
272 0.9611212348 0.2129242256 0.06948815596
273 0.9611212348 0.1897954604 0.06732436899
274 0.9611212348 0.176654237 0.06052177119
275 0.9611212348 0.1986235936 0.07196655681
276 0.9611212348 0.1919860788 0.0798518654
277 0.9611212348 0.1872064139 0.0684665575
278 0.9611212348 0.1709798126 0.0710134737
279 0.9611212348 0.2097057097 0.07732827463
280 0.9623822515 0.2088313727 0.07423282788
281 0.9623822515 0.234165134 0.07700762703
282 0.9623822515 0.1806955475 0.05474981793
283 0.96263327 0.1493201057 0.05896690037
284 0.96263327 0.1832352499 0.06595341368
285 0.96263327 0.1780127796 0.05971608797
286 0.96263327 0.1874878019 0.06140862144
287 0.96263327 0.2083828035 0.06879130059
288 0.96263327 0.1872743822 0.05762721133
289 0.96263327 0.1874309811 0.06165081373
290 0.96263327 0.1736716973 0.06619171711
291 0.96263327 0.1734589721 0.05804321408
292 0.96263327 0.1700475212 0.06564046027
293 0.96263327 0.1816266927 0.06360388918
294 0.96263327 0.156613541 0.06278471075
295 0.96263327 0.1600467472 0.06181140257
296 0.96263327 0.1452855708 0.05929696744
297 0.96263327 0.1719050916 0.06807814585
298 0.96263327 0.1490538102 0.05667222386
299 0.96263327 0.1533363034 0.06200732451
300 0.96263327 0.1792456363 0.06755078881
301 0.96263327 0.1789148262 0.06783407396
302 0.96263327 0.1484558594 0.06024243457
303 0.96263327 0.1433492895 0.05148295009
304 0.96263327 0.1630998509 0.06627374086
305 0.96263327 0.1843102933 0.07330921516
306 0.96263327 0.210148601 0.07831658546
307 0.96263327 0.2051513255 0.08778718888
308 0.96263327 0.1996693092 0.07999541187
309 0.96263327 0.2169003126 0.08730844553
310 0.96263327 0.1772427908 0.06575851868
311 0.96263327 0.1677766703 0.06839823498
312 0.96263327 0.1670633787 0.06847205291
313 0.963801587 0.1736532485 0.07492747801
314 0.963801587 0.1457422872 0.06462664498
315 0.963801587 0.144178709 0.0579927939
316 0.963801587 0.1716151618 0.07174090657
317 0.963801587 0.1519995547 0.06632953551
318 0.963801587 0.1399150149 0.06343330272
319 0.963801587 0.1446937411 0.06438724614
320 0.963801587 0.1466389261 0.06913133949
321 0.963801587 0.1460515158 0.06384289334
322 0.963801587 0.134201107 0.05739683461
323 0.963801587 0.1513794083 0.06761667256
324 0.963801587 0.1542827768 0.06733245705
325 0.963801587 0.1621625398 0.07276170193
326 0.963801587 0.158587638 0.07107523039
327 0.963801587 0.1525588971 0.0761064418
328 0.963801587 0.1808224653 0.07531880045
329 0.963801587 0.1732066415 0.07394170732
330 0.963801587 0.1873851424 0.08666755297
331 0.963801587 0.1685129455 0.07194101934
332 0.963801587 0.1841980316 0.07497634388
333 0.963801587 0.1894360349 0.07978156046
334 0.963801587 0.1811308019 0.07501449911
335 0.963801587 0.1689577868 0.06605936044
336 0.963801587 0.1691229495 0.06131975198
337 0.963801587 0.182380498 0.0740305499
338 0.963801587 0.1620866809 0.05901706607
339 0.963801587 0.2057748324 0.08011649859
340 0.963801587 0.1899270228 0.07341003126
341 0.963801587 0.1745270578 0.07391057659
342 0.963801587 0.2156111914 0.08419490182
343 0.963801587 0.2123868452 0.07705775547
344 0.963801587 0.2551115026 0.08164576314
345 0.963801587 0.2441801533 0.08917612176
346 0.963801587 0.2430469778 0.09502697937
347 0.963801587 0.2235400183 0.06844787639
348 0.963801587 0.2270235332 0.07759435927
349 0.963801587 0.2155316221 0.08052406548
350 0.963801587 0.2494421741 0.09081347417
351 0.963801587 0.2068984407 0.06281334463
352 0.963801587 0.2321654824 0.07446497139
353 0.963801587 0.2102501753 0.07205153409
354 0.963801587 0.1810161119 0.06482715234
355 0.963801587 0.1969827298 0.06927746671
356 0.963801587 0.2037368637 0.06767539592
357 0.963801587 0.1944515671 0.06317364153
358 0.963801587 0.1955958722 0.06691428399
359 0.963801587 0.1704212783 0.0639475421
360 0.963801587 0.1864575258 0.06228054069
361 0.963801587 0.1881610738 0.06404273257
362 0.963801587 0.1913900111 0.06347164709
363 0.963801587 0.181888735 0.07241251202
364 0.963801587 0.1890801221 0.0668081871
365 0.963801587 0.188749984 0.07147277056
366 0.963801587 0.1931709546 0.07472933182
367 0.963801587 0.2011494595 0.07345733342
368 0.963801587 0.2043235798 0.07107866616
369 0.963801587 0.1863493058 0.06432669544
370 0.963801587 0.1928425353 0.06596111005
371 0.963801587 0.1745107444 0.05620369596
372 0.963801587 0.1890221043 0.06653466313
373 0.963801587 0.1951862341 0.06513404033
374 0.963801587 0.2067191507 0.06505809333
375 0.963801587 0.2213683351 0.075101659
376 0.963801587 0.2376713657 0.07695639944
377 0.963801587 0.2296940968 0.07589527822
378 0.963801587 0.2281879354 0.06928786031
379 0.964106537 0.2145635331 0.0659955895
380 0.964106537 0.2175711071 0.06347778594
381 0.964106537 0.2245655356 0.07006322552
382 0.964106537 0.1942219 0.05961128102
383 0.964106537 0.1794207739 0.05783624834
384 0.964106537 0.201114112 0.06766870282
385 0.964106537 0.1925368355 0.06694072946
386 0.964106537 0.1932947879 0.06220183595
387 0.964106537 0.2036404474 0.06075641297
388 0.964106537 0.194773032 0.06990448424
389 0.964106537 0.2126287755 0.08058771725
390 0.964106537 0.2133170897 0.07184073559
391 0.964106537 0.1999005047 0.06555654603
392 0.964106537 0.204756111 0.0684819719
393 0.964106537 0.1946090793 0.06617595529
394 0.964106537 0.2318858122 0.0724121562
395 0.964106537 0.2285268837 0.06630291984
396 0.9700061089 0.2103934824 0.07446283996
397 0.9700061089 0.1914351601 0.06909068935
398 0.9700061089 0.2081887127 0.06731477408
399 0.9700061089 0.2095646434 0.06869497549
400 0.9700061089 0.1972281379 0.07211685456
401 0.9700061089 0.1952439575 0.06626083198
402 0.9700061089 0.1891439628 0.06806916137
403 0.9700061089 0.1868316818 0.06400080951
404 0.9700061089 0.1932905945 0.06767736507
405 0.9700061089 0.2134545726 0.06967175357
406 0.9700061089 0.1562550024 0.05133767157
407 0.9700061089 0.1791089712 0.06095333442
408 0.9700061089 0.1873244939 0.06811914566
409 0.9700061089 0.188818612 0.07436731504
410 0.9700061089 0.1975060961 0.07684575787
411 0.9700061089 0.1976712968 0.07309153041
412 0.9921164125 0.1801919774 0.07477451886
413 0.9921164125 0.1710479045 0.06585769254
414 0.9921164125 0.15228835 0.05808783649
415 0.9921164125 0.1455615721 0.05724626209
416 0.9921164125 0.1743208901 0.07006622891
417 0.9921164125 0.1780101797 0.07418219055
418 0.9921164125 0.1722717322 0.06778730064
419 0.9921164125 0.1714076708 0.07318422478
420 0.9921164125 0.1655465277 0.06262136619
421 0.9921164125 0.1941920916 0.07742669381
422 0.9921164125 0.1631268749 0.07621908216
423 0.9921164125 0.165970417 0.06868229122
424 0.9921164125 0.1674136385 0.0669495782
425 0.9921164125 0.2046248506 0.08483919055
426 0.9921164125 0.2025265852 0.08551636881
427 0.9921164125 0.1914775373 0.07053612458
428 0.9921164125 0.1978586796 0.07155193389
429 0.9921164125 0.1927034686 0.06744272527
430 0.9921164125 0.2148531646 0.07721168571
431 0.9921164125 0.1863811351 0.07308861236
432 0.9921164125 0.1837080752 0.07082685579
433 0.9921164125 0.190944924 0.08510092504
434 0.9921164125 0.1872947819 0.0808336139
435 0.9921164125 0.180336943 0.069542326
436 0.9921164125 0.1905673279 0.07707347245
437 0.9921164125 0.1817174209 0.07075244913
438 0.9921164125 0.1785304631 0.07097157597
439 0.9921164125 0.1887204116 0.08021746412
440 0.9921164125 0.1778858677 0.07543473977
441 0.9921164125 0.1560846876 0.07548536894
442 0.9921164125 0.170521872 0.07763062698
443 0.9921164125 0.158619209 0.06837027099
444 0.9921164125 0.1859551122 0.08454548546
445 0.9921164125 0.1734532014 0.06942231498
446 0.9921164125 0.1702910195 0.06825032119
447 0.9921164125 0.1608306765 0.063419174
448 0.9921164125 0.1620083166 0.07265050564
449 0.9921164125 0.1711914637 0.06419268976
450 0.9921164125 0.1597258476 0.06274344045
451 0.9921164125 0.1588562333 0.06759883888
452 0.9921164125 0.144511519 0.06388011464
453 0.9921164125 0.1239416015 0.05897289336
454 0.9921164125 0.1462669529 0.06987733644
455 0.9921164125 0.1393080705 0.06632697865
456 0.9921164125 0.139278828 0.06181236033
457 0.9921164125 0.1438790346 0.06276668645
458 0.9921164125 0.1522516349 0.05875527458
459 0.9921164125 0.1458278253 0.0571674702
460 0.9921164125 0.1427826492 0.05493279708
461 0.9921164125 0.1430888868 0.05554620667
462 0.9921164125 0.1565069074 0.06017716367
463 0.9921164125 0.1651705506 0.06493443495
464 0.9921164125 0.1917956542 0.07416884089
465 0.9921164125 0.2040692817 0.07528880657
466 0.9921164125 0.1959408194 0.06781977742
467 0.9921164125 0.171058477 0.06615693906
468 0.9921164125 0.1667419843 0.05895968619
469 0.9921164125 0.159750686 0.06116718808
470 0.9921164125 0.1785254253 0.06930684105
471 0.9921164125 0.2044719124 0.07436806725
472 0.9921164125 0.1949379755 0.07859582342
473 0.9921164125 0.1976230856 0.08073148522
474 0.9921164125 0.2060320756 0.07416885568
475 0.9921164125 0.1891866593 0.06263261626
476 0.9921164125 0.1859892208 0.059963587
477 0.9921164125 0.2086348482 0.06459469597
478 0.9921164125 0.2096518973 0.06905296453
479 0.9921164125 0.2122520278 0.0705863437
480 0.9921164125 0.2007343596 0.06473007386
481 0.9921164125 0.2168658726 0.07747728339
482 0.9921164125 0.2363757585 0.08603757443
483 0.9921164125 0.2357166128 0.07411123307
484 0.9921164125 0.2367161282 0.07846147217
485 0.9921164125 0.2572095543 0.07379857581
486 0.9921164125 0.2517127311 0.06644569736
487 0.9921164125 0.2205933128 0.06641669967
488 0.9921164125 0.200188842 0.06532794084
489 0.9921164125 0.2394299862 0.08168834541
490 0.9921164125 0.2416336175 0.07747865634
491 0.9921164125 0.2573641953 0.08436058715
492 0.9921164125 0.2466808535 0.08107307783
493 0.9921164125 0.2645437332 0.08342327687
494 0.9921164125 0.278159912 0.08420307609
495 0.9921164125 0.2411334182 0.07724667223
496 0.9921164125 0.2163695479 0.06549905473
497 0.9921164125 0.2261189415 0.07523549712
498 0.9921164125 0.2299704278 0.0708984581
499 0.9921164125 0.2283107572 0.06157460456
500 0.9921164125 0.2372705168 0.06526419177
501 0.9921164125 0.2501388272 0.07540720445
502 0.9921164125 0.2445986615 0.07458631273
503 0.9921164125 0.2290956222 0.07079949583
504 0.9921164125 0.2398555343 0.07585082619
505 0.9921164125 0.2337090338 0.08020125736
506 0.9921164125 0.23208355 0.07865765123
507 0.9921164125 0.2288703718 0.0795324041
508 0.9921164125 0.2060418493 0.07588453991
509 0.9921164125 0.2043010456 0.07718326447
510 0.9921164125 0.1948959872 0.06765156457
511 0.9921164125 0.2000169966 0.07745995975
512 0.9921164125 0.2207250904 0.07640215481
513 0.9921164125 0.2049649938 0.07319903458
514 0.9921164125 0.2043468018 0.07165393176
515 0.9921164125 0.210459801 0.07467220323
516 0.9921164125 0.2098622411 0.07802870866
517 0.9921164125 0.2281972577 0.07289782423
518 0.9921164125 0.2492773158 0.08106193525
519 0.9921164125 0.2391295755 0.07282835348
520 0.9921164125 0.2163634159 0.06283539364
521 0.9921164125 0.2070454982 0.07421107231
522 0.9921164125 0.2051536283 0.07315047714
523 0.9921164125 0.2205092482 0.0719482625
524 0.9921164125 0.2081962578 0.07919515686
525 0.9921164125 0.2220639495 0.07846268132
526 0.9921164125 0.2243209488 0.08298385719
527 0.9921164125 0.208071569 0.07439788628
528 0.9921164125 0.2030157145 0.07707684016
529 0.9921164125 0.2046540881 0.07066291906
530 0.9921164125 0.2255727997 0.08374233508
531 0.9921164125 0.2119275394 0.07764467293
532 0.9921164125 0.20491129 0.0713504768
533 0.9921164125 0.2028566596 0.08212011614
534 0.9921164125 0.2030285152 0.07826331338
535 0.9936407156 0.1912640616 0.07149773725
536 0.9936407156 0.2124712524 0.08007019335
537 0.9936407156 0.1840685308 0.06530163509
538 0.9936407156 0.2027997217 0.07865030404
539 0.9936407156 0.1919178505 0.07618944508
540 0.9936407156 0.1866573964 0.07962929347
541 0.9936407156 0.162348828 0.06126241998
542 0.9936407156 0.1781495545 0.0635880703
543 0.9936407156 0.1659715381 0.06567494516
544 0.9936407156 0.1879998641 0.06584468998
545 0.9936407156 0.176546409 0.06711102233
546 0.9936407156 0.1808423652 0.06317216898
547 0.9936407156 0.193077784 0.07588450716
548 0.9936407156 0.1889285375 0.06281460644
549 0.9936407156 0.1959183684 0.07311261859
550 0.9936407156 0.2181493563 0.07337954028
551 0.9936407156 0.2079266617 0.07328934679
552 0.9936407156 0.2259048332 0.0807175513
553 0.9936407156 0.214722394 0.0877654457
554 0.9936407156 0.2283449878 0.08458240713
555 0.9936407156 0.2065383442 0.07457095478
556 0.9936407156 0.2186276615 0.08053055439
557 0.9936407156 0.2274769575 0.07274856622
558 0.9936407156 0.2633390793 0.08420099609
559 0.9936407156 0.2504621272 0.07713452564
560 0.9936407156 0.2401123951 0.06997156737
561 0.9936407156 0.2351318724 0.07916490457
562 0.9936407156 0.2346041223 0.08164298266
563 0.9936407156 0.2286563044 0.07818775333
564 0.9936407156 0.2489556901 0.07443072363
565 0.9936407156 0.2210994528 0.07722707646
566 0.9936407156 0.201314211 0.06978316013
567 0.9936407156 0.1767582653 0.06157232436
568 0.9936407156 0.2029000836 0.07002266366
569 0.9936407156 0.1933332842 0.06087242287
570 0.9936407156 0.1858774221 0.06055058115
571 0.9936407156 0.1912802455 0.07330149301
572 0.9936407156 0.1921363949 0.07290616274
573 0.9936407156 0.1928074776 0.06828839291
574 0.9936407156 0.218586744 0.07445614431
575 0.9936407156 0.2068302241 0.07368353775
576 0.9936407156 0.1941783971 0.06947508749
577 0.9936407156 0.2128394003 0.06276027392
578 0.9936407156 0.2299740129 0.07410161781
579 0.9936407156 0.223559051 0.07444570519
580 0.9936407156 0.2107971525 0.07360932206
581 0.9936407156 0.2094573762 0.07949914889
582 0.9936407156 0.2004376364 0.07445309691
583 0.9936407156 0.200132667 0.07582386114
584 0.9936407156 0.193428422 0.0836528776
585 0.9936407156 0.2065082634 0.08433047748
586 0.9936407156 0.2226430415 0.07870979576
587 0.9936407156 0.2275234154 0.09167581023
588 0.9936407156 0.227694314 0.09075281073
589 0.9936407156 0.1989967355 0.07291338285
590 0.9936407156 0.210370159 0.07963007137
591 0.9936407156 0.1836325917 0.0651304614
592 0.9936407156 0.1950053962 0.07494677315
593 0.9936407156 0.1905961897 0.0719901769
594 0.9936407156 0.2333649981 0.08377643133
595 0.9936407156 0.2456610664 0.07276069142
596 0.9936407156 0.2626246059 0.07992547027
597 0.9936407156 0.2574218275 0.07966557641
598 0.9936407156 0.2383122441 0.07770629231
599 0.9936407156 0.2326996705 0.07707408887
600 0.9936407156 0.2162164773 0.06937144289
601 0.9936407156 0.1876896709 0.06479654866
602 0.9936407156 0.2056275052 0.07762077692
603 0.9936407156 0.2188191468 0.08391548404
604 0.9936407156 0.2141233016 0.07998026464
605 0.9936407156 0.2148062517 0.07772929745
606 0.9936407156 0.224618278 0.08296133636
607 0.9936407156 0.2035219877 0.07842969849
608 0.9936407156 0.1890900558 0.07764607949
609 0.9936407156 0.1824589734 0.06627634777
610 0.9936407156 0.1838340182 0.06818697164
611 0.9936407156 0.1938263914 0.06314497351
612 0.9936407156 0.2126631317 0.07068695752
613 0.9936407156 0.2365979054 0.07487813006
614 0.9936407156 0.2405621652 0.07812736972
615 0.9936407156 0.2321848518 0.08286782559
616 0.9936407156 0.2361859535 0.07633681838
617 0.9936407156 0.2455478713 0.08082521436
618 0.9936407156 0.2501928914 0.08178063377
619 0.9936407156 0.2438751333 0.06956029936
620 0.9936407156 0.2196757662 0.0729588867
621 0.9936407156 0.2276435876 0.08044471618
622 0.9936407156 0.2382492998 0.08279757711
623 0.9936407156 0.2140110223 0.06753820923
624 0.9936407156 0.2131608355 0.07098822641
625 0.9936407156 0.1976517146 0.06695428814
626 0.9936407156 0.1724029796 0.06838037529
627 0.9936407156 0.1940435429 0.0731772451
628 0.9936407156 0.1835561866 0.06495496413
629 0.9936407156 0.1888884529 0.06710332888
630 0.9936407156 0.1975397128 0.07901329644
631 0.9936407156 0.2170122339 0.08433774767
632 0.9936407156 0.2368147721 0.07429312766
633 0.9936407156 0.2233536319 0.07942229799
634 0.9936407156 0.2283438808 0.07677952278
635 0.9936407156 0.2243480345 0.08214863185
636 0.9936407156 0.2375025143 0.09148342227
637 0.9936407156 0.215980207 0.07750306588
638 0.9936407156 0.2328700844 0.08508810477
639 0.9936407156 0.2356276416 0.07378151757
640 0.9936407156 0.2201892545 0.07660350449
641 0.9936407156 0.2301275003 0.08240295879
642 0.9936407156 0.2083090922 0.07351821346
643 0.9936407156 0.2158772433 0.07273676986
644 0.9936407156 0.2168943012 0.07475185093
645 0.9936407156 0.2217756855 0.08210093741
646 0.9936407156 0.2129630849 0.07994497521
647 0.9936407156 0.2018082549 0.07443944946
648 0.9936407156 0.1929918791 0.07245466372
649 0.9936407156 0.1965116488 0.06586628168
650 0.9936407156 0.192749038 0.0720069063
651 0.9936407156 0.1905787917 0.06818134202
652 0.9936407156 0.1848795208 0.06275665002
653 0.9936407156 0.196709866 0.07005432049
654 0.9936407156 0.1917949846 0.06874576088
655 0.9936407156 0.1684046707 0.06260386234
656 0.9936407156 0.2006212448 0.07315119639
657 0.9936407156 0.2228529526 0.07311262884
658 0.9939712186 0.1933802427 0.07076125312
659 0.9939712186 0.1941164984 0.06774867513
660 0.9939712186 0.1829732602 0.07701108101
661 0.9939712186 0.1504544596 0.06499719785
662 0.9939712186 0.1444104135 0.05168141186
663 0.9939712186 0.1658308846 0.05903231843
664 0.9939712186 0.1787676695 0.06684648013
665 0.9939712186 0.1831025179 0.06627396471
666 0.9939712186 0.1830298402 0.06771032468
667 0.9939712186 0.1940430674 0.07202682655
668 0.9939712186 0.1958695311 0.07537096304
669 0.9939712186 0.2081002042 0.07659526745
670 0.9939712186 0.2077288803 0.07485892149
671 0.9939712186 0.207441617 0.06320444537
672 0.9939712186 0.2090226236 0.07261089322
673 0.9939712186 0.2079430486 0.08199704772
674 0.9939712186 0.1998804403 0.07206436708
675 0.9939712186 0.2180507431 0.0835631183
676 0.9939712186 0.2317523035 0.08085497691
677 0.9939712186 0.2042636043 0.07647015703
678 0.9939712186 0.1862757906 0.07542615168
679 0.9939712186 0.2181471153 0.07919815182
680 0.9939712186 0.2066741233 0.07307374886
681 0.9939712186 0.215451441 0.07834236343
682 0.9939712186 0.1946998081 0.0738621071
683 0.9939712186 0.2124553597 0.08412664565
684 0.9939712186 0.1993996075 0.07990703325
685 0.9939712186 0.2126913523 0.07922312654
686 0.9939712186 0.1996783929 0.07046105405
687 0.9939712186 0.2011132189 0.07866700583
688 0.9939712186 0.202010834 0.07207066738
689 0.9939712186 0.1942762975 0.07601964906
690 0.9939712186 0.1792323614 0.07186333367
691 0.9939712186 0.2015235294 0.08427268947
692 0.9939712186 0.2210173223 0.07664414026
693 0.9939712186 0.2042172805 0.07510505661
694 0.9939712186 0.1895276378 0.06735080137
695 0.9939712186 0.1899209206 0.07272133524
696 0.9939712186 0.1799817736 0.06398797079
697 0.9939712186 0.1814074812 0.07793037581
698 0.9939712186 0.1895965637 0.07044697147
699 0.9939712186 0.2033472763 0.07141503558
700 0.9939712186 0.2092429156 0.07617590438
701 0.9939712186 0.2323433512 0.08424362075
702 0.9939712186 0.2359140531 0.08213038886
703 0.9939712186 0.2281553044 0.07887449773
704 0.9939712186 0.2275391064 0.07347937671
705 0.9939712186 0.237685749 0.0809597999
706 0.9939712186 0.2286351176 0.0721602576
707 0.9939712186 0.2408423961 0.08459555155
708 0.9939712186 0.2302241666 0.06373404236
709 0.9939712186 0.2328878572 0.06905329353
710 0.9939712186 0.1967203771 0.06712841746
711 0.9939712186 0.1980432255 0.06745864537
712 0.9939712186 0.2111879259 0.078578881
713 0.9939712186 0.2200651065 0.07978395179
714 0.9939712186 0.2311683283 0.08892947855
715 0.9939712186 0.2142244001 0.081012312
716 0.9939712186 0.2181674557 0.06315774722
717 0.9939712186 0.1997308608 0.06154737183
718 0.9939712186 0.2095874264 0.06593385835
719 0.9939712186 0.1979313576 0.06580074213
720 0.9939712186 0.2010497081 0.06750249221
721 0.9939712186 0.2138927025 0.07716487075
722 0.9939712186 0.1920953152 0.0646520951
723 0.9939712186 0.194528125 0.06521567378
724 0.9939712186 0.2152684912 0.07017419047
725 0.9939712186 0.2007929334 0.06690194874
726 0.9939712186 0.2106496437 0.07415334952
727 0.9939712186 0.1899672994 0.0667764707
728 0.9939712186 0.1951702167 0.06697789813
729 0.9939712186 0.2221919053 0.06955412312
730 0.9939712186 0.2320579288 0.08244150612
731 0.9939712186 0.2089886054 0.07671279002
732 0.9939712186 0.204711967 0.07557284194
733 0.9939712186 0.2253991797 0.09129708345
734 0.9939712186 0.2176677557 0.0884491606
735 0.9939712186 0.2184690679 0.08720538185
736 0.9939712186 0.229703223 0.08383289708
737 0.9939712186 0.202203994 0.08014176124
738 0.9939712186 0.2151336526 0.07799150957
739 0.9939712186 0.2065966518 0.07170122633
740 0.9939712186 0.2053775993 0.07908259778
741 0.9939712186 0.2162895445 0.0808736066
742 0.9939712186 0.2019316826 0.07450840383
743 0.9939712186 0.1966661789 0.07168188933
744 0.9939712186 0.2022121849 0.07049193364
745 0.9939712186 0.236555105 0.08495274359
746 0.9939712186 0.1943781963 0.07113178482
747 0.9939712186 0.2157681617 0.07851468412
748 0.9939712186 0.251602973 0.08520344128
749 0.9939712186 0.2235829444 0.07676989117
750 0.9949191725 0.2449712524 0.08347331345
751 0.9949191725 0.2285416982 0.08040586704
752 0.9949191725 0.1831227448 0.0637074494
753 0.9949191725 0.1970853778 0.07364457787
754 0.9949191725 0.2210977005 0.07431874957
755 0.9949191725 0.2142147557 0.07841731091
756 0.9949191725 0.2254939743 0.08335182796
757 0.9949191725 0.1948052866 0.07084969394
758 0.9949191725 0.2098286696 0.07787546217
759 0.9949191725 0.2009973063 0.06947860606
760 0.9949191725 0.167776123 0.06222831012
761 0.9949191725 0.1755669826 0.06556603155
762 0.9949191725 0.2089376615 0.07423353137
763 0.9949191725 0.2308445985 0.07775392489
764 0.9949191725 0.1929656165 0.06618446417
765 0.9949191725 0.1948121126 0.07075066702
766 0.9949191725 0.1947577066 0.07273478838
767 0.9949191725 0.2065571128 0.0776826881
768 0.9949191725 0.2210794448 0.07828042713
769 0.9949191725 0.201064933 0.07428581132
770 0.9949191725 0.2022477831 0.08065801847
771 0.9949191725 0.2141686438 0.08527272107
772 0.9949191725 0.2013343052 0.08052419596
773 0.9949191725 0.2231820426 0.087277706
774 0.9949191725 0.2222320758 0.06965836769
775 0.9949191725 0.2469451868 0.07473929208
776 0.9949191725 0.2940755027 0.08946460148
777 0.9949191725 0.2742560188 0.08784686794
778 0.9949191725 0.2408425423 0.08861454311
779 0.9949191725 0.2147487447 0.07861360034
780 0.9949191725 0.2064670691 0.0749808022
781 0.9949191725 0.2265743006 0.07795793272
782 0.9949191725 0.2093780484 0.07572531335
783 0.9949191725 0.2242538526 0.07358756473
784 0.9949191725 0.2049387185 0.07229408301
785 0.9949191725 0.2041233969 0.07835669267
786 0.9949191725 0.2150657561 0.07743885556
787 0.9949191725 0.1819021337 0.06925807584
788 0.9949191725 0.1986499718 0.07642878553
789 0.9949191725 0.2086592634 0.07166771488
790 0.9949191725 0.2122644613 0.07757546142
791 0.9949191725 0.2420209471 0.08117906279
792 0.9949191725 0.2122738648 0.0781297805
793 0.9949191725 0.1930027463 0.05999353109
794 0.9949191725 0.2097262078 0.0745145928
795 0.9949191725 0.2298232194 0.08002659081
796 0.9949191725 0.2342113048 0.08083653621
797 0.9949191725 0.1981715748 0.06513742774
798 0.9949191725 0.2110752804 0.0716639558
799 0.9949191725 0.2144803835 0.0812410204
800 0.9949191725 0.1816647971 0.07301023873
801 0.9949191725 0.1897837062 0.07541787266
802 0.9949191725 0.16877457 0.06451256595
803 0.9949191725 0.1887905719 0.06549197998
804 0.9949191725 0.2028535109 0.07369452145
805 0.9949191725 0.2216731454 0.07985658338
806 0.9949191725 0.1981652743 0.06731041767
807 0.9949191725 0.2149066358 0.08922600368
808 0.9949191725 0.1959708585 0.08079841376
809 0.9949191725 0.1863988183 0.07217162675
810 0.9949191725 0.2159228669 0.07683182801
811 0.9949191725 0.2111322369 0.06822842189
812 0.9949191725 0.1833081477 0.06574484828
813 0.9949191725 0.2100300207 0.08182296396
814 0.9949191725 0.2202553775 0.08422433638
815 0.9949191725 0.2156738336 0.07935563648
816 0.9949191725 0.21046169 0.07471078599
817 0.9949191725 0.2340277669 0.07236365685
818 0.9949191725 0.2240952614 0.06845716551
819 0.9949191725 0.1930659011 0.05886296354
820 0.9949191725 0.2004836262 0.06603317038
821 0.9949191725 0.1972898194 0.06503349618
822 0.9954736586 0.1978822608 0.06727716797
823 0.9954736586 0.1977497859 0.07544489208
824 0.9954736586 0.1994092886 0.07422807588
825 0.9954736586 0.1999786835 0.0685296757
826 0.9954736586 0.215739003 0.07471639543
827 0.9954736586 0.2090731631 0.07459143048
828 0.9954736586 0.2119225338 0.07852542796
829 0.9954736586 0.2207718849 0.07763500026
830 0.9954736586 0.2331257354 0.07101558283
831 0.9954736586 0.2228343555 0.07193714677
832 0.9954736586 0.2077526302 0.08086046337
833 0.9954736586 0.2238686641 0.08066554779
834 0.9954736586 0.1998039864 0.07658791587
835 0.9954736586 0.2086673707 0.07713361986
836 0.9954736586 0.2169067266 0.07596942685
837 0.9954736586 0.234490689 0.08734789049
838 0.9954736586 0.2310138416 0.08855279383
839 0.9954736586 0.2344274695 0.08523987761
840 0.9954736586 0.2361460957 0.08363995229
841 0.9954736586 0.2434500815 0.07934653611
842 0.9954736586 0.212547008 0.07650091523
843 0.9954736586 0.2280689731 0.08030348671
844 0.9954736586 0.2449226986 0.08101858307
845 0.9954736586 0.2498572767 0.08860955654
846 0.9954736586 0.227563473 0.08169492436
847 0.9954736586 0.2398910464 0.08545919428
848 0.9954736586 0.2214902409 0.08218631087
849 0.9954736586 0.2336646916 0.08348278593
850 0.9954736586 0.2415964543 0.08716094474
851 0.9954736586 0.2326325086 0.07160805056
852 0.9954736586 0.2422093933 0.08035854784
853 0.9954736586 0.2367391877 0.07412218119
854 0.9954736586 0.2173651495 0.0748734621
855 0.9954736586 0.2395305274 0.09167965918
856 0.9954736586 0.2217033014 0.07710677094
857 0.9954736586 0.2259063575 0.08273596532
858 0.9954736586 0.2307243608 0.08204935637
859 0.9954736586 0.2667894012 0.09465507212
860 0.9954736586 0.257387777 0.0947445833
861 0.9954736586 0.2224758893 0.08061377604
862 0.9954736586 0.1980846414 0.06663639185
863 0.9954736586 0.2008306947 0.0620818302
864 0.9954736586 0.2269802902 0.07618266611
865 0.9954736586 0.2288503205 0.08053559731
866 0.9954736586 0.2097837431 0.07251229527
867 0.9954736586 0.2504230124 0.08060164781
868 0.9954736586 0.2466861665 0.07489369367
869 0.9954736586 0.2545261773 0.07286631954
870 0.9954736586 0.2059751719 0.05650954883
871 0.9954736586 0.2145792962 0.07191196286
872 0.9954736586 0.1919686564 0.06873536531
873 0.9954736586 0.1984702996 0.07403962817
874 0.9954736586 0.1851362127 0.06416349951
875 0.9954736586 0.1988026439 0.07162981091
876 0.9954736586 0.225614474 0.08205804874
877 0.9954736586 0.2323960219 0.09251411238
878 0.9954736586 0.2274636674 0.09133301688
879 0.9954736586 0.2309579428 0.08727515723
880 0.9954736586 0.2180608563 0.07439529252
881 0.9954736586 0.2317362155 0.07422267082
882 0.9954736586 0.2028726191 0.0680802232
883 0.9954736586 0.2034405459 0.074124011
884 0.9954736586 0.2170937196 0.0872719774
885 0.9954736586 0.2232248839 0.0894295583
886 0.9954736586 0.202245365 0.07906381575
887 0.9954736586 0.1611989217 0.05892164722
888 0.9954736586 0.1479969578 0.06123905894
889 0.9954736586 0.1336586673 0.05749799195
890 0.9954736586 0.1271448326 0.05148772217
891 0.9954736586 0.1428877291 0.0570248888
892 0.9954736586 0.1766795574 0.06960063373
893 0.9954736586 0.1632534658 0.06390221309
894 0.9954736586 0.1930863783 0.07286952912
895 0.9954736586 0.2075899295 0.07640453018
896 0.9954736586 0.2121909173 0.07973299127
897 0.9954736586 0.2035812829 0.07930601983
898 0.9954736586 0.2037017951 0.07682815196
899 0.9954736586 0.2051931486 0.07188272693
900 0.9954736586 0.2009986093 0.07646372765
901 0.9954736586 0.1988066603 0.06955777402
902 0.9954736586 0.213563791 0.07374200034
903 0.9954736586 0.1945022864 0.07173620097
904 0.9954736586 0.1943173094 0.07096172675
905 0.9954736586 0.1957165432 0.06514687111
906 0.9954736586 0.2065382825 0.07179860418
907 0.9954736586 0.1835393063 0.06437026567
908 0.9954736586 0.1686929528 0.06948601005
909 0.9954736586 0.1829140416 0.06371491445
910 0.9954736586 0.1842300527 0.06823133406
911 0.9954736586 0.1761109394 0.06560493233
912 0.9954736586 0.1963060819 0.0721703342
913 0.9954736586 0.2107974794 0.07268652505
914 0.9954736586 0.2230696027 0.07967202512
915 0.9954736586 0.2241461178 0.07839276776
916 0.9954736586 0.2159291437 0.07780614321
917 0.9954736586 0.2115383788 0.07233441536
918 0.9954736586 0.1777402928 0.05895708201
919 0.9954736586 0.1573665915 0.059612112
920 0.9954736586 0.1888433574 0.07939903934
921 0.9954736586 0.2104542538 0.07969662579
922 0.9954736586 0.199040669 0.08228030284
923 0.9954736586 0.1970702539 0.0703641728
924 0.9954736586 0.2470093662 0.08940369918
925 0.9954736586 0.237485497 0.08580614713
926 0.9954736586 0.2429880853 0.08525214994
927 0.9954736586 0.2483097407 0.08413417073
928 0.9954736586 0.233578728 0.07468737154
929 0.9954736586 0.2447666303 0.07807051952
930 0.9954736586 0.2304289448 0.07159093052
931 0.9954736586 0.2204553636 0.06355834646
932 0.9954736586 0.2165621418 0.07458982856
933 0.9954736586 0.1953178024 0.06679199031
934 0.9954736586 0.2003203413 0.08207111088
935 0.9954736586 0.1942919913 0.07008492646
936 0.9954736586 0.2211321018 0.07398728015
937 0.9954736586 0.2035995133 0.07555192291
938 0.9954736586 0.1958856682 0.07165806387
939 0.9954736586 0.1710882653 0.06499723989
940 0.9954736586 0.1792522814 0.06909389198
941 0.9954736586 0.1706008572 0.06887686597
942 0.9954736586 0.1918369356 0.08325138981
943 0.9954736586 0.1887259111 0.07316789841
944 0.9954736586 0.1636985152 0.06679843234
945 0.9954736586 0.1625866355 0.06297982081
946 0.9954736586 0.1682454875 0.06726793628
947 0.9954736586 0.1598243269 0.07207497925
948 0.9954736586 0.1548102558 0.06526390782
949 0.9954736586 0.164606417 0.06701643667
950 0.9954736586 0.1828460267 0.0671567914
951 0.9954736586 0.184313395 0.0761210153
952 0.9954736586 0.1938790231 0.08250950801
953 0.9954736586 0.2062364386 0.09454180714
954 0.9954736586 0.2144885633 0.09302699786
955 0.9954736586 0.1982267909 0.08171687829
956 0.9954736586 0.219995527 0.09139827548
957 0.9954736586 0.1899772553 0.07562083425
958 0.9954736586 0.1902847385 0.07174485747
959 0.9954736586 0.196116917 0.07342632137
960 0.9954736586 0.1783281262 0.06719626948
961 0.9954736586 0.194404157 0.08393432694
962 0.9954736586 0.1884677775 0.08174641022
963 0.9954736586 0.1687713612 0.07638949181
964 0.9954736586 0.1657787696 0.07184104539
965 0.9954736586 0.1960421767 0.07587895456
966 0.9954736586 0.1616198776 0.06603721089
967 0.9954736586 0.1440119334 0.05851837072
968 0.9954736586 0.1847516392 0.08040793147
969 0.9954736586 0.1673178067 0.06588522177
970 0.9954736586 0.189072626 0.0747947203
971 0.9954736586 0.155278236 0.06160767361
972 0.9954736586 0.1527885541 0.0648732477
973 0.9954736586 0.1645957372 0.06990780996
974 0.9954736586 0.1642558399 0.06235760488
975 0.9954736586 0.167244365 0.06953591242
976 0.9954736586 0.1712503617 0.08241690998
977 0.9954736586 0.1862807192 0.08429889154
978 0.9954736586 0.2005347041 0.09123111864
979 0.9954736586 0.195885447 0.08547022989
980 0.9954736586 0.1639074478 0.0750213316
981 0.995732079 0.1529751069 0.071923995
982 0.995732079 0.1589807865 0.07991106398
983 0.995732079 0.1828451231 0.0816716348
984 0.995732079 0.1528146087 0.06230999387
985 0.995732079 0.1514665822 0.06033856855
986 0.995732079 0.1785140693 0.07597759011
987 0.995732079 0.1455447131 0.05983315609
988 0.995732079 0.1386659137 0.05927501341
989 0.995732079 0.1660287047 0.07094584581
990 0.995732079 0.1680841475 0.07220143108
991 0.995732079 0.1655547296 0.06991581417
992 0.995732079 0.1460700321 0.06579350072
993 0.995732079 0.1623179208 0.08182682736
994 0.995732079 0.1871982034 0.08484359836
995 0.995732079 0.1687882025 0.0712443393
996 0.995732079 0.1764748603 0.08109869594
997 0.995732079 0.1950778 0.09092868137
998 0.995732079 0.157462041 0.06977240392
999 0.995732079 0.1617301116 0.06334729736
1000 0.995732079 0.1701458629 0.06922644807
1001 0.995732079 0.1837941338 0.07656569942
1002 0.995732079 0.1875880501 0.07031495561
1003 0.995732079 0.2230182962 0.07085171523
1004 0.995732079 0.2192852596 0.07583905558
1005 0.995732079 0.2105942207 0.06924277371
1006 0.995732079 0.2140385764 0.08279636993
1007 0.995732079 0.222394902 0.07755922327
1008 0.995732079 0.2214120739 0.06784922179
1009 0.995732079 0.1870216276 0.0598736563
1010 0.995732079 0.2021970215 0.07424327141
1011 0.995732079 0.1965724273 0.07836761928
1012 0.995732079 0.1878421216 0.07667358226
1013 0.995732079 0.1780427686 0.06768389791
1014 0.995732079 0.1671940042 0.0643428029
1015 0.995732079 0.1535240634 0.05815648818
1016 0.995732079 0.16588273 0.07202290693
1017 0.995732079 0.1493916781 0.06516736686
1018 0.995732079 0.1492947289 0.06751967586
1019 0.995732079 0.1622477997 0.0750160349
1020 0.995732079 0.1573501827 0.0706549523
1021 0.995732079 0.1597089665 0.06889077773
1022 0.995732079 0.1633964529 0.06545094181
1023 0.995732079 0.1908180345 0.0730569096
1024 0.995732079 0.1971425744 0.0774159978
1025 0.995732079 0.187031403 0.0764608496
1026 0.995732079 0.2017065863 0.07351805224
1027 0.995732079 0.2102579568 0.07096420179
1028 0.995732079 0.2002044033 0.07066195195
1029 0.995732079 0.2067932079 0.06953854668
1030 0.995732079 0.2214274434 0.08051107658
1031 0.995732079 0.2658291106 0.08374877839
1032 0.995732079 0.259324262 0.0792820612
1033 0.995732079 0.2483189244 0.07604990737
1034 0.995732079 0.2504569386 0.08467758866
1035 0.995732079 0.2573378157 0.08266705699
1036 0.995732079 0.2411966322 0.08904596045
1037 0.995732079 0.2060023462 0.07593330529
1038 0.995732079 0.1848274973 0.07265259992
1039 0.995732079 0.1933156587 0.07687100827
1040 0.995732079 0.1900321325 0.0736670343
1041 0.995732079 0.1729627768 0.06737233275
1042 0.995732079 0.1715534695 0.0656949982
1043 0.995732079 0.2027181052 0.08230120676
1044 0.995732079 0.1915358935 0.0758393878
1045 0.995732079 0.1660095787 0.06583884784
1046 0.995732079 0.1342096748 0.04890947547
1047 0.995732079 0.1611305776 0.06239698658
1048 0.995732079 0.1758669427 0.07086627373
1049 0.995732079 0.1800507329 0.07956674207
1050 0.995732079 0.2063603567 0.08574835525
1051 0.995732079 0.1992986924 0.07868789569
1052 0.995732079 0.2051530164 0.06845651545
1053 0.995732079 0.2105251302 0.0774373824
1054 0.995732079 0.2240335105 0.07530067999
1055 0.995732079 0.241360979 0.0780507584
1056 0.995732079 0.2027563571 0.06495606493
1057 0.995732079 0.2000442822 0.06466234812
1058 0.995732079 0.2243698648 0.08185499391
1059 0.995732079 0.1988926619 0.06568908236
1060 0.995732079 0.2077574452 0.0682290438
1061 0.995732079 0.2128056467 0.07312494346
1062 0.995732079 0.1988488576 0.07107824236
1063 0.995732079 0.2228410448 0.08063263755
1064 0.995732079 0.2003906022 0.06536207569
1065 0.995732079 0.2156366023 0.06706117385
1066 0.995732079 0.2288836766 0.07117839924
1067 0.995732079 0.2364242539 0.085777609
1068 0.995732079 0.2141860996 0.07360086854
1069 0.995732079 0.2076519835 0.08214360343
1070 0.995732079 0.1823198427 0.06524069322
1071 0.995732079 0.1799276974 0.06074005847
1072 0.995732079 0.2034208983 0.0764413201
1073 0.995732079 0.1809318487 0.06634716765
1074 0.995732079 0.1636411857 0.06493257635
1075 0.995732079 0.1812561043 0.07225211099
1076 0.995732079 0.166122269 0.06993752028
1077 0.995732079 0.197349419 0.08216553551
1078 0.995732079 0.1848102062 0.07221312864
1079 0.995732079 0.1608853667 0.06570719349
1080 0.995732079 0.1652977564 0.07122597624
1081 0.995732079 0.1486009838 0.07134704067
1082 0.995732079 0.1675631527 0.07794620485
1083 0.995732079 0.1647803685 0.07637614698
1084 0.995732079 0.1813193557 0.07917133528
1085 0.995732079 0.1889990666 0.08161275148
1086 0.995732079 0.2008373646 0.07942474603
1087 0.995732079 0.1881667857 0.0725379329
1088 0.995732079 0.1964717482 0.07310541673
1089 0.995732079 0.1780865803 0.07369156552
1090 0.995732079 0.1607448812 0.06570048908
1091 0.995732079 0.1667042916 0.06558824582
1092 0.995732079 0.1644135629 0.06419915686
1093 0.995732079 0.1557024641 0.06762623166
1094 0.995732079 0.1737698644 0.06875593957
1095 0.995732079 0.1754859183 0.07035291079
1096 0.995732079 0.1704505926 0.07429781147
1097 0.995732079 0.1878521429 0.08528162256
1098 0.995732079 0.1821644948 0.07903218963
1099 0.995732079 0.1774236847 0.07459825555
1100 0.995732079 0.1754921155 0.06413244948
1101 0.995732079 0.2246706508 0.08100767107
1102 0.995732079 0.2347314329 0.08450061712
1103 0.995732079 0.2363296541 0.08249463257
1104 0.995732079 0.2329774295 0.08794360998
1105 0.995732079 0.1804308517 0.06978062943
1106 0.995732079 0.2145355257 0.07518508395
1107 0.995732079 0.2128034477 0.08496857466
1108 0.995732079 0.2084574676 0.08001309151
1109 0.995732079 0.2008505138 0.07749420598
1110 0.995732079 0.1872284533 0.07339550614
1111 0.995732079 0.1655666082 0.06773329382
1112 0.995732079 0.1785558441 0.07680860413
1113 0.995732079 0.1964662566 0.08097977852
1114 0.995732079 0.224289297 0.1021889654
1115 0.995732079 0.1453061125 0.06061763135
1116 0.995732079 0.1628895591 0.06502359203
1117 0.995732079 0.1723593751 0.06212949522
1118 0.995732079 0.1838388039 0.07107300858
1119 0.995732079 0.1539508433 0.06023134174
1120 0.995732079 0.1566667339 0.05751166508
1121 0.995732079 0.176413957 0.06678110013
1122 0.995732079 0.1695313253 0.06247781691
1123 0.995732079 0.1959594766 0.07692512832
1124 0.995732079 0.2031818166 0.07808456137
1125 0.995732079 0.1621372833 0.0753272179
1126 0.995732079 0.1737283417 0.07082306954
1127 0.995732079 0.1636094123 0.07333447135
1128 0.995732079 0.1528134075 0.06077648536
1129 0.995732079 0.1829206408 0.07983808273
1130 0.995732079 0.1936788355 0.08013586797
1131 0.995732079 0.1890125805 0.07069117159
1132 0.995732079 0.1621877293 0.06430076618
1133 0.995732079 0.1695388503 0.06316384211
1134 0.995732079 0.1994603795 0.07515754712
1135 0.995732079 0.2303227451 0.08334206361
1136 0.995732079 0.2426311977 0.07685623498
1137 0.995732079 0.2146855785 0.07556946082
1138 0.995732079 0.2397892045 0.08772021955
1139 0.995732079 0.2267311832 0.08356365884
1140 0.995732079 0.2492638837 0.08534725342
1141 0.995732079 0.2445410075 0.08699366556
1142 0.995732079 0.2455247571 0.09344044777
1143 0.995732079 0.2661199323 0.07863654323
1144 0.995732079 0.2575387272 0.07735799922
1145 0.995732079 0.2376110869 0.0814161059
1146 0.995732079 0.2418045574 0.08204039132
1147 0.995732079 0.2431760425 0.08156009306
1148 0.995732079 0.2377620286 0.07756013616
1149 0.995732079 0.219955813 0.07531953286
1150 0.995732079 0.2280956309 0.07930566202
1151 0.995732079 0.2287200071 0.07385147344
1152 0.995732079 0.2436555892 0.079030491
1153 0.995732079 0.2597957094 0.07771968903
1154 0.995732079 0.2041010267 0.06606505646
1155 0.995732079 0.2041498529 0.06905992898
1156 0.995732079 0.2080387193 0.07487757609
1157 0.995732079 0.209731002 0.07396233163
1158 0.995732079 0.1700614663 0.06371659398
1159 0.995732079 0.1760548167 0.06718081305
1160 0.995732079 0.1687184582 0.06791931738
1161 0.995732079 0.20077011 0.07252327563
1162 0.995732079 0.225607561 0.06924126987
1163 0.995732079 0.2042284989 0.07836883134
1164 0.995732079 0.1931909594 0.07424499017
1165 0.995732079 0.1945854542 0.07013462721
1166 0.995732079 0.1940405758 0.06880078971
1167 0.995732079 0.1922085914 0.06553429535
1168 0.995732079 0.203431647 0.07195464818
1169 0.995732079 0.1795782557 0.0687826071
1170 0.995732079 0.2231541656 0.07479439416
1171 0.995732079 0.2095672124 0.07343496461
1172 0.995732079 0.1866789661 0.06808174286
1173 0.995732079 0.2497299554 0.07855084768
1174 0.995732079 0.2606894607 0.08755439502
1175 0.995743988 0.2570822662 0.08789046201
1176 0.995743988 0.2510815008 0.09645155307
1177 0.995743988 0.2463725346 0.07659453007
1178 0.995743988 0.2275004029 0.06940312035
1179 0.995743988 0.2531050785 0.08038476856
1180 0.995743988 0.2343767746 0.0819408255
1181 0.995743988 0.209189606 0.06899556433
1182 0.995743988 0.2243395867 0.0849911916
1183 0.995743988 0.2220312477 0.07601439714
1184 0.995743988 0.231253265 0.09114326574
1185 0.995743988 0.214238387 0.08025921429
1186 0.995743988 0.1968706529 0.07116576345
1187 0.995743988 0.2280145681 0.07557172237
1188 0.995743988 0.2294082467 0.08592904491
1189 0.995743988 0.2153637145 0.07279580619
1190 0.995743988 0.1996320964 0.06449558915
1191 0.995743988 0.221096454 0.07134045081
1192 0.995743988 0.2091899757 0.07251214301
1193 0.995743988 0.2304661773 0.08538856478
1194 0.995743988 0.2095712642 0.06775462337
1195 0.995743988 0.1941225177 0.0709563009
1196 0.995743988 0.2170054615 0.08445774586
1197 0.995743988 0.2089218841 0.07828236925
1198 0.995743988 0.235454622 0.08821199423
1199 0.995743988 0.1895620478 0.07584458729
1200 0.995743988 0.2122355281 0.07702286179
1201 0.995743988 0.1845844905 0.06923924543
1202 0.995743988 0.2028889718 0.07927437521
1203 0.995743988 0.1661340196 0.05774066089
1204 0.995743988 0.1850403106 0.05859537979
1205 0.995743988 0.180534089 0.06682708758
1206 0.995743988 0.1786900897 0.0652588281
1207 0.995743988 0.2230706643 0.08836285491
1208 0.995743988 0.2020627813 0.08147224541
1209 0.995743988 0.1947685218 0.06804313654
1210 0.995743988 0.214299458 0.07882642019
1211 0.995743988 0.2119807667 0.07054690436
1212 0.995743988 0.2002307707 0.07163615907
1213 0.995743988 0.1814130261 0.06813636644
1214 0.995743988 0.2115754385 0.08526276987
1215 0.995743988 0.2054806225 0.07096792906
1216 0.995743988 0.1903247977 0.07443748406
1217 0.995743988 0.2104881152 0.08818017254
1218 0.995743988 0.2015472693 0.08663927889
1219 0.995743988 0.2124559646 0.08380454284
1220 0.995743988 0.2205410058 0.07984880475
1221 0.995743988 0.2109803044 0.08425578156
1222 0.995743988 0.2253025061 0.09043885602
1223 0.995743988 0.2466716234 0.09134576738
1224 0.995743988 0.2405837509 0.09921849703
1225 0.995743988 0.2410434492 0.08858754616
1226 0.995743988 0.2342229303 0.08585020999
1227 0.995743988 0.2182102471 0.08105523764
1228 0.995743988 0.2146254657 0.0790401938
1229 0.995743988 0.2052073645 0.0808204721
1230 0.995743988 0.2271383387 0.08244136165
1231 0.995743988 0.2313175984 0.07599751889
1232 0.995743988 0.2270533755 0.08247085486
1233 0.995743988 0.2038061896 0.08020712666
1234 0.995743988 0.1729258793 0.06395588747
1235 0.995743988 0.1763513268 0.06414381111
1236 0.995743988 0.1752120889 0.06814819549
1237 0.995743988 0.1666591678 0.07061167361
1238 0.995743988 0.1926994862 0.0664619787
1239 0.995743988 0.1568662417 0.05756008231
1240 0.995743988 0.18879241 0.07110239427
1241 0.995743988 0.2217803796 0.08549980603
1242 0.995743988 0.1963558509 0.08221602727
1243 0.995743988 0.2278154156 0.08574134833
1244 0.995743988 0.2312938078 0.08387370718
1245 0.995743988 0.2130904329 0.07763264307
1246 0.995743988 0.2067983197 0.06356393322
1247 0.995743988 0.2184119071 0.07518361329
1248 0.995743988 0.2288833368 0.08305536447
1249 0.995743988 0.2065738122 0.08398361446
1250 0.995743988 0.2025621496 0.07165500675
1251 0.995743988 0.2258264801 0.07585075401
1252 0.995743988 0.227951526 0.07820190899
1253 0.995743988 0.2196179875 0.07770692768
1254 0.995743988 0.2197421235 0.07346213785
1255 0.995743988 0.213579617 0.06980243381
1256 0.995743988 0.2185980689 0.07147273831
1257 0.995743988 0.2074162356 0.08257531151
1258 0.995743988 0.2172026783 0.07288816029
1259 0.995743988 0.2298206762 0.07573166735
1260 0.9960290048 0.2173706333 0.07179360828
1261 0.9960290048 0.2213870822 0.06818201436
1262 0.9960290048 0.2230313147 0.07590259144
1263 0.9960290048 0.2393812949 0.06880773066
1264 0.9960290048 0.2272844271 0.06738607588
1265 0.9960290048 0.2340404084 0.07360821469
1266 0.9960290048 0.2369892682 0.07828577984
1267 0.9960290048 0.2489315664 0.08445577366
1268 0.9960290048 0.2045312854 0.07000366556
1269 0.9960290048 0.2257543504 0.08582562135
1270 0.9960290048 0.2005780241 0.07717400489
1271 0.9960290048 0.1927283873 0.07571103436
1272 0.9960290048 0.2093850834 0.08818092499
1273 0.9960290048 0.2018607301 0.07798650545
1274 0.9960290048 0.2300020199 0.0718811767
1275 0.9960290048 0.2542099738 0.08131140813
1276 0.9960290048 0.2477239436 0.0783476762
1277 0.9960290048 0.2504714333 0.07701848315
1278 0.9960290048 0.2647403529 0.07642380243
1279 0.9960290048 0.2211197359 0.06633088404
1280 0.9960290048 0.2234641199 0.07863344426
1281 0.9960290048 0.2399510592 0.09141248577
1282 0.9960290048 0.2144598016 0.07616235906
1283 0.9960290048 0.2311481849 0.07850495038
1284 0.9960290048 0.2093206713 0.07619442243
1285 0.9960290048 0.1854857955 0.07163625824
1286 0.9960290048 0.1764573384 0.07072446977
1287 0.9960290048 0.2172180648 0.08877692652
1288 0.9960290048 0.23708931 0.09017757138
1289 0.9960290048 0.2164993532 0.07638627006
1290 0.9960290048 0.2157984117 0.07906032787
1291 0.9960290048 0.2240538926 0.08640019615
1292 0.9960290048 0.225066911 0.08172077833
1293 0.9960290048 0.2395103177 0.08920662077
1294 0.9960290048 0.2860678936 0.08829022048
1295 0.9960290048 0.2703381803 0.07969396354
1296 0.9960290048 0.2770091448 0.08847100345
1297 0.9960290048 0.2637756856 0.07654485781
1298 0.9960290048 0.3015950861 0.08430694814
1299 0.9960290048 0.2685922703 0.07571014462
1300 0.9960290048 0.2876716747 0.08220761668
1301 0.9960290048 0.2626105339 0.07956635213
1302 0.9960290048 0.2774813393 0.08508708546
1303 0.9960290048 0.2679040055 0.08863557001
1304 0.9960290048 0.2841128296 0.08171929706
1305 0.9960290048 0.2758524141 0.07545861375
1306 0.9960290048 0.2761289377 0.08848426609
1307 0.9960290048 0.2651399944 0.08539330524
1308 0.9960290048 0.2548738948 0.08437383815
1309 0.9962528349 0.2116853765 0.07226265276
1310 0.9962528349 0.2035489006 0.06970876117
1311 0.9962528349 0.22391283 0.07664177583
1312 0.9962528349 0.2119286814 0.06627516543
1313 0.9962528349 0.2236271919 0.07902387172
1314 0.9962528349 0.2514510412 0.08012473026
1315 0.9962528349 0.2169947836 0.07449284852
1316 0.9962528349 0.1874902618 0.05978533657
1317 0.9962528349 0.2130660071 0.06433739277
1318 0.9962528349 0.2061393142 0.06763347556
1319 0.9962528349 0.2245607691 0.06928134803
1320 0.9962528349 0.2252549553 0.0783892573
1321 0.9962528349 0.2405464655 0.09728403271
1322 0.9962528349 0.2158138667 0.07614382186
1323 0.9962528349 0.2281549051 0.07370062307
1324 0.9962528349 0.2394524282 0.07512656298
1325 0.9962528349 0.2355924926 0.07899665944
1326 0.9962528349 0.2573079858 0.08227489642
1327 0.9962528349 0.2373930585 0.07627040118
1328 0.9962528349 0.2493505376 0.07137429829
1329 0.9962528349 0.2335126759 0.07164065302
1330 0.9962528349 0.2356039906 0.07529527735
1331 0.9962528349 0.2712473911 0.09103136293
1332 0.9962528349 0.2996893935 0.08848039682
1333 0.9962528349 0.3003355446 0.09594655519
1334 0.9962528349 0.3072244331 0.09369240216
1335 0.9962528349 0.3018395397 0.08664897382
1336 0.9962528349 0.2569691654 0.07712457016
1337 0.9962528349 0.2360269096 0.08490952178
1338 0.9962528349 0.2678407984 0.09359614855
1339 0.9962528349 0.2247867513 0.0844764203
1340 0.9962528349 0.1993665769 0.07385418671
1341 0.9962528349 0.1895567072 0.07815939836
1342 0.9962528349 0.2018077572 0.08451546849
1343 0.9962528349 0.203296026 0.07934064061
1344 0.9962528349 0.175833877 0.06564810886
1345 0.9962528349 0.1865578692 0.06656230243
1346 0.9962528349 0.2146129604 0.08846643576
1347 0.9962528349 0.2042809266 0.08324481343
1348 0.9962528349 0.1984531287 0.07928004408
1349 0.9962528349 0.2042013602 0.06997313071
1350 0.9962528349 0.2255171893 0.08382561643
1351 0.9962528349 0.2185232035 0.07642218835
1352 0.9962528349 0.2208390581 0.08398934309
1353 0.9962528349 0.1939238232 0.07562722638
1354 0.9962528349 0.1886795454 0.07822133299
1355 0.9962528349 0.2081278298 0.08209107508
1356 0.9962528349 0.1944441708 0.07287573712
1357 0.9962528349 0.1829512925 0.07600459203
1358 0.9962528349 0.1816115062 0.07440355778
1359 0.9962528349 0.1850973189 0.07014570854
1360 0.9962528349 0.1648648884 0.05898093986
1361 0.9962528349 0.1723138226 0.06127511094
1362 0.9962528349 0.1539963506 0.06308674748
1363 0.9962528349 0.1755246902 0.06662094692
1364 0.9962528349 0.1627991233 0.06901806235
1365 0.9962528349 0.1682872827 0.0690200589
1366 0.9962528349 0.1865271377 0.07305908207
1367 0.9962528349 0.1772695619 0.06622931819
1368 0.9962528349 0.1884295496 0.07901051066
1369 0.9962528349 0.1882687645 0.06907180908
1370 0.9962528349 0.1938871811 0.07411702752
1371 0.9962528349 0.1996295759 0.06835623047
1372 0.9962528349 0.2059020619 0.06306046564
1373 0.9962528349 0.2497856249 0.08425290604
1374 0.9962528349 0.2382987347 0.08354138868
1375 0.9962528349 0.2703524115 0.08606951687
1376 0.9962528349 0.2548384007 0.08722111706
1377 0.9962528349 0.2566068925 0.0917283726
1378 0.9962528349 0.2426093728 0.08555864886
1379 0.9962528349 0.2418181613 0.08422265325
1380 0.9962528349 0.2307931097 0.08874234392
1381 0.9962528349 0.1911456746 0.08166325681
1382 0.9962528349 0.1787505427 0.06994412527
1383 0.9962528349 0.1810129904 0.07282497114
1384 0.9962528349 0.1948052091 0.08259238295
1385 0.9962528349 0.2018983457 0.08290274667
1386 0.9962528349 0.1856669955 0.0633092786
1387 0.9962528349 0.1922711535 0.06396614451
1388 0.9962528349 0.2098492615 0.07758131743
1389 0.9962528349 0.1997677975 0.06800290906
1390 0.9962528349 0.1768545119 0.07121395247
1391 0.9962528349 0.1603078479 0.06226211213
1392 0.9962528349 0.1624012802 0.06689275004
1393 0.9962528349 0.1812807039 0.08084245078
1394 0.9962528349 0.1811682285 0.06885789947
1395 0.9962528349 0.1693335734 0.06061240666
1396 0.9962528349 0.1737991917 0.06559302625
1397 0.9962528349 0.1995883263 0.08100294313
1398 0.9962528349 0.1904513547 0.07951651081
1399 0.9962528349 0.1887727472 0.07547051241
1400 0.9962528349 0.1769266752 0.07314933726
1401 0.9962528349 0.1834515759 0.07105037032
1402 0.9962528349 0.2031235337 0.07580959241
1403 0.9962528349 0.1983744212 0.07602699845
1404 0.9962528349 0.164889251 0.06296669518
1405 0.9962528349 0.180212605 0.06669449147
1406 0.9962528349 0.1840132065 0.06944696908
1407 0.9962528349 0.1882358562 0.06743093563
1408 0.9962528349 0.1797042477 0.06524797488
1409 0.9962528349 0.1390809727 0.05976135507
1410 0.9962528349 0.1515368893 0.06422609595
1411 0.9962528349 0.1576161726 0.06523777143
1412 0.9962528349 0.1866475539 0.07212325593
1413 0.9962528349 0.1773033948 0.06952645002
1414 0.9962528349 0.1730485363 0.07083686486
1415 0.9962528349 0.2033883766 0.0871501743
1416 0.9962528349 0.1994998708 0.07784461499
1417 0.9962528349 0.2105344356 0.07592073058
1418 0.9962528349 0.2209421992 0.07485341167
1419 0.9962528349 0.2469799807 0.08296786988
1420 0.9962528349 0.2321010731 0.07844373664
1421 0.9962528349 0.2339084283 0.08291216142
1422 0.9962528349 0.2243374459 0.07551274164
1423 0.9962528349 0.1991523336 0.06673457983
1424 0.9965095681 0.2025545773 0.0726019057
1425 0.9965095681 0.2135277379 0.07805260411
1426 0.9965095681 0.2086087474 0.07563981064
1427 0.9965095681 0.214127912 0.0822484934
1428 0.9965095681 0.2035038819 0.07050324294
1429 0.9965095681 0.1938767548 0.07673918197
1430 0.9965095681 0.2237228271 0.07852023042
1431 0.9965095681 0.2584181465 0.09138108137
1432 0.9965095681 0.2611180555 0.08604547737
1433 0.9965095681 0.2300151221 0.07909291632
1434 0.9965095681 0.2295196542 0.08193551846
1435 0.9965095681 0.24690026 0.07939686585
1436 0.9965095681 0.2387511964 0.07644711178
1437 0.9974152489 0.253607431 0.08769241992
1438 0.9974152489 0.2299625107 0.07824126794
1439 0.9974152489 0.2394963599 0.08558386217
1440 0.9974152489 0.2051567215 0.07522322568
1441 0.9974152489 0.2058829416 0.07544491708
1442 0.9974152489 0.2082151786 0.06422512295
1443 0.9974152489 0.2079026851 0.07411357483
1444 0.9974152489 0.2377435763 0.09204248699
1445 0.9974152489 0.2477090783 0.08899971113
1446 0.9974152489 0.2563380846 0.08206154799
1447 0.9974152489 0.2465708955 0.07701704614
1448 0.9974152489 0.2276163263 0.08403083976
1449 0.9974152489 0.2239354406 0.08006071164
1450 0.9974152489 0.1953229304 0.07306948078
1451 0.9974152489 0.1878501367 0.06412194543
1452 0.9974152489 0.211024629 0.08103269062
1453 0.9974152489 0.2126009585 0.07853916809
1454 0.9974152489 0.2232069497 0.07618464037
1455 0.9974152489 0.2299479681 0.09006583543
1456 0.9974152489 0.2420687776 0.08293964476
1457 0.9974152489 0.2459505851 0.08185167096
1458 0.9974152489 0.2436056445 0.08356041551
1459 0.9974152489 0.2562708151 0.08904553284
1460 0.9974152489 0.2609811054 0.08449779179
1461 0.9974152489 0.2385439618 0.08311391541
1462 0.9974152489 0.2389105306 0.08339095325
1463 0.9974152489 0.2193435557 0.06843031171
1464 0.9974152489 0.223062642 0.06747987475
1465 0.9974152489 0.2115494607 0.06079114138
1466 0.9974152489 0.2070197838 0.07154179272
1467 0.9974152489 0.1835263047 0.05821531985
1468 0.9974152489 0.1933452351 0.06856771805
1469 0.9974152489 0.1753808112 0.07062444441
1470 0.9974152489 0.1730644681 0.07251789079
1471 0.9974152489 0.1823333653 0.07415396362
1472 0.9974152489 0.2075303235 0.07938195971
1473 0.9974152489 0.2197714405 0.07190744669
1474 0.9974152489 0.2159142872 0.06778913393
1475 0.9974152489 0.2311768375 0.08522963661
1476 0.9974152489 0.2451394744 0.09091332136
1477 0.9974152489 0.2303245187 0.08256340503
1478 0.9974152489 0.2444312795 0.09539775345
1479 0.9974152489 0.2491600263 0.09453316912
1480 0.9974152489 0.2402048564 0.0840046304
1481 0.9974152489 0.2106933165 0.07528136645
1482 0.9974152489 0.2072339272 0.07677874844
1483 0.9980721569 0.2223359244 0.09386344416
1484 0.9980721569 0.1942361267 0.0710327999
1485 0.9980721569 0.1874052691 0.05988206636
1486 0.9980721569 0.1887523789 0.07703888337
1487 0.9980721569 0.1859249159 0.07312188773
1488 0.9980721569 0.1881100243 0.07829463713
1489 0.9980721569 0.1997296395 0.0802198331
1490 0.9980721569 0.2157881895 0.08149390123
1491 0.9980721569 0.1965874428 0.07398438118
1492 0.9980721569 0.1718269502 0.0718409169
1493 0.9980721569 0.1860001787 0.07333541217
1494 0.9980721569 0.1889526719 0.07497729728
1495 0.9980721569 0.1760312071 0.07076798065
1496 0.9980721569 0.1925716385 0.08162290084
1497 0.9980721569 0.1695397035 0.06220887653
1498 0.9980721569 0.1781777112 0.08043723338
1499 0.9980721569 0.1893040141 0.08742270244
1500 0.9980721569 0.1803928458 0.07886087371
1501 0.9980721569 0.171076778 0.07515234365
1502 0.9980721569 0.1947678846 0.07844483652
1503 0.9980721569 0.1506209619 0.06340100215
1504 0.9980721569 0.164222928 0.06612164619
1505 0.9980721569 0.1770045725 0.0696259436
1506 0.9980721569 0.1899217865 0.06875528533
1507 0.9980721569 0.208805123 0.07356538323
1508 0.9980721569 0.1935147916 0.08116048988
1509 0.9980721569 0.2002970817 0.08555911582
1510 0.9980721569 0.195913156 0.08036321155
1511 0.9980721569 0.1722320704 0.06833614081
1512 0.9980721569 0.1954039289 0.07629818302
1513 0.9980721569 0.1926522075 0.07508364273
1514 0.9980721569 0.1658818815 0.0700585357
1515 0.9980721569 0.1578982399 0.07449021414
1516 0.9980721569 0.1696439796 0.0825106815
1517 0.9980721569 0.1912114077 0.08458226753
1518 0.9980721569 0.1611425448 0.07595821489
1519 0.9980721569 0.1765393125 0.07594806577
1520 0.9980721569 0.1571408016 0.06563592378
1521 0.9980721569 0.1242584684 0.05331978533
1522 0.9980721569 0.1326709081 0.05422869195
1523 0.9980721569 0.1606186486 0.06986009458
1524 0.9980721569 0.1599674384 0.06813498941
1525 0.9980721569 0.1560429396 0.06238040931
1526 0.9980721569 0.1650263387 0.07492699755
1527 0.9980721569 0.1530586997 0.0680094545
1528 0.9980721569 0.1505106483 0.06495297361
1529 0.9980721569 0.1706024005 0.07812021824
1530 0.9980721569 0.1627188533 0.06934766376
1531 0.9980721569 0.1666214947 0.06595275906
1532 0.9980721569 0.1975681131 0.07398674241
1533 0.9980721569 0.1650756583 0.06320823441
1534 0.9980721569 0.182420997 0.07373390533
1535 0.9980721569 0.224072152 0.08747750321
1536 0.9980721569 0.203701713 0.07602831914
1537 0.9980721569 0.2092244611 0.07322015595
1538 0.9980721569 0.1791716786 0.07054290883
1539 0.9980721569 0.1623422372 0.0637268251
1540 0.9980721569 0.1785243665 0.06626398417
1541 0.9980721569 0.1807829134 0.07759810392
1542 0.9980721569 0.1809800117 0.07345089152
1543 0.9980721569 0.1793733483 0.08117176411
1544 0.9980721569 0.192982249 0.08421443956
1545 0.9980721569 0.2010705671 0.08341526235
1546 0.9980721569 0.1775345114 0.0692939774
1547 0.9980721569 0.1817703488 0.07978064142
1548 0.9980721569 0.1674774047 0.06522670082
1549 0.9980721569 0.1646518761 0.06171557461
1550 0.9980721569 0.1743560192 0.06356163818
1551 0.9980721569 0.1730711063 0.07129489326
1552 0.9980721569 0.1715062526 0.07240179651
1553 0.9980721569 0.1915838462 0.07981305405
1554 0.9980721569 0.2041453082 0.08205920813
1555 0.9980721569 0.1902790942 0.06962598212
1556 0.9980721569 0.2064491624 0.08023015831
1557 0.9980721569 0.1966309734 0.07392253704
1558 0.9980721569 0.1968967263 0.07064588422
1559 0.9980721569 0.2219622765 0.08002383755
1560 0.9980721569 0.2526639366 0.0864592507
1561 0.9980721569 0.2722106531 0.08015437845
1562 0.9980721569 0.2233778421 0.0762230237
1563 0.9980721569 0.2144398162 0.07117983771
1564 0.9980721569 0.1914929013 0.06624940061
1565 0.9980721569 0.1795730554 0.0730700876
1566 0.9980721569 0.1822823728 0.07917279925
1567 0.9980721569 0.1908979564 0.06891142963
1568 0.9980721569 0.1989620037 0.075267063
1569 0.9980721569 0.2044851108 0.07943308363
1570 0.9980721569 0.1973927067 0.06925736129
1571 0.9980721569 0.1963784296 0.06734416956
1572 0.9980721569 0.1938085672 0.06816077005
1573 0.9980721569 0.2033149954 0.07823534558
1574 0.9980721569 0.18626567 0.08065919601
1575 0.9980721569 0.1764947597 0.08100340364
1576 0.9980721569 0.1447845561 0.06385276665
1577 0.9980721569 0.1660707347 0.077800879
1578 0.9980721569 0.1733624627 0.07128347
1579 0.9980721569 0.1966238023 0.07958611928
1580 0.998246662 0.2210875592 0.08895342255
1581 0.998246662 0.1870033493 0.08198569199
1582 0.998246662 0.169162241 0.07055591108
1583 0.998246662 0.2269390923 0.09184706659
1584 0.998246662 0.2100540643 0.08653433864
1585 0.998246662 0.1744724951 0.06586919714
1586 0.998246662 0.1802637514 0.06932602191
1587 0.998246662 0.1813780061 0.07469085896
1588 0.998246662 0.1920005476 0.08217052886
1589 0.998246662 0.187687599 0.07979815542
1590 0.998246662 0.1894145303 0.0775671205
1591 0.998246662 0.2168270974 0.08095183907
1592 0.998246662 0.201754834 0.06772031216
1593 0.998246662 0.1955560849 0.06162608809
1594 0.998246662 0.2160790403 0.06709811073
1595 0.998246662 0.1787462916 0.06324601894
1596 0.998246662 0.171160412 0.06805154206
1597 0.998246662 0.1680066856 0.07530280749
1598 0.998246662 0.2005554007 0.08532216894
1599 0.998246662 0.2021355893 0.08270845382
1600 0.998246662 0.1986759736 0.07955608658
1601 0.998246662 0.1796984873 0.07327275937
1602 0.998246662 0.2079223361 0.09514332781
1603 0.998246662 0.2166592076 0.09526292526
1604 0.998246662 0.208764831 0.07006802651
1605 0.998246662 0.2204431709 0.08136290392
1606 0.998246662 0.2410426426 0.08039055622
1607 0.998246662 0.1972305702 0.0733196851
1608 0.998246662 0.1928871052 0.07048411203
1609 0.998246662 0.2118921163 0.06960591426
1610 0.998246662 0.1961892285 0.06830312146
1611 0.998246662 0.1940423142 0.07780948215
1612 0.998246662 0.1569566062 0.06020553564
1613 0.998246662 0.166214418 0.07008416068
1614 0.998246662 0.1674030598 0.05955681527
1615 0.998246662 0.1882764659 0.07092101326
1616 0.998246662 0.2025145484 0.07043292679
1617 0.998246662 0.2248972332 0.08054397614
1618 0.998246662 0.2095820023 0.08453475325
1619 0.998246662 0.1964084941 0.07415015177
1620 0.998246662 0.196477229 0.08071421646
1621 0.998246662 0.1995882631 0.0724520448
1622 0.998246662 0.2036536208 0.08111758891
1623 0.998246662 0.2100441308 0.08031727919
1624 0.998246662 0.2116898883 0.0789719853
1625 0.998246662 0.2168572957 0.07190637074
1626 0.998246662 0.1934179726 0.05717830641
1627 0.998246662 0.1725123219 0.05733421725
1628 0.998246662 0.1611687151 0.06305289565
1629 0.998246662 0.1463406876 0.05555805401
1630 0.998246662 0.1643922204 0.0546124489
1631 0.998246662 0.1941302831 0.06007312838
1632 0.998246662 0.1877124297 0.06372696413
1633 0.998246662 0.1927389136 0.07521894898
1634 0.998246662 0.1620047209 0.06791852559
1635 0.998246662 0.1805316016 0.0739426538
1636 0.998246662 0.193472214 0.08042085346
1637 0.998246662 0.1626328116 0.06562085064
1638 0.998246662 0.1782028064 0.07368835915
1639 0.998246662 0.1580256049 0.07042069614
1640 0.998246662 0.1617698798 0.06667021587
1641 0.998246662 0.1638025087 0.07317997378
1642 0.998246662 0.18372563 0.08007867551
1643 0.998246662 0.1823126388 0.07108306737
1644 0.998246662 0.1585603695 0.0591740975
1645 0.998246662 0.1620297694 0.05952218982
1646 0.998246662 0.1596274094 0.06472299017
1647 0.998246662 0.1701540802 0.06935801555
1648 0.998246662 0.1713081141 0.07468642924
1649 0.998246662 0.2049843461 0.08673267156
1650 0.998246662 0.2108157475 0.08466160705
1651 0.998246662 0.185260215 0.07024212878
1652 0.998246662 0.2134368917 0.07128629534
1653 0.998246662 0.1750925581 0.06373834351
1654 0.998246662 0.1621943076 0.05305521138
1655 0.998246662 0.1906028581 0.07116146006
1656 0.998246662 0.2134803017 0.07427639727
1657 0.998246662 0.2335889952 0.08393536046
1658 0.998246662 0.2181106752 0.0850329152
1659 0.998246662 0.2052799016 0.07285424503
1660 0.998246662 0.2124425452 0.08124357135
1661 0.998246662 0.2153222331 0.07863727864
1662 0.998246662 0.2301885088 0.08364135626
1663 0.998246662 0.215671939 0.07958551492
1664 0.998246662 0.184722829 0.06546359112
1665 0.998246662 0.1680580217 0.06183234941
1666 0.998246662 0.2033892199 0.08182064176
1667 0.998246662 0.2028380886 0.07362956196
1668 0.998246662 0.2063442308 0.07337553722
1669 0.998246662 0.2382789409 0.08534958987
1670 0.998246662 0.2345009314 0.08020219016
1671 0.998246662 0.2011385361 0.07228233043
1672 0.998246662 0.1993082661 0.06657427478
1673 0.998246662 0.2103635854 0.07034319799
1674 0.998246662 0.2161965556 0.07602795786
1675 0.998246662 0.2336311637 0.07808504433
1676 0.998246662 0.2337153221 0.08269247138
1677 0.998246662 0.2185082419 0.07740420855
1678 0.998246662 0.1939831232 0.06760381144
1679 0.998246662 0.2216690636 0.08125948122
1680 0.998246662 0.2113603831 0.07095377311
1681 0.998246662 0.222163434 0.07924612389
1682 0.998246662 0.211416162 0.07145888326
1683 0.998246662 0.2053262344 0.06442932488
1684 0.998246662 0.2194979146 0.08153907601
1685 0.998246662 0.2401212416 0.08675649611
1686 0.998246662 0.2357025582 0.085228654
1687 0.998246662 0.233709371 0.08375152573
1688 0.998246662 0.2323751112 0.08265424701
1689 0.998246662 0.2089092144 0.06344485134
1690 0.998246662 0.2061256616 0.06677861782
1691 0.998246662 0.2134037559 0.07483796063
1692 0.998246662 0.2207938124 0.07571055537
1693 0.998246662 0.1782123714 0.0646084451
1694 0.998246662 0.177202952 0.06901382068
1695 0.998246662 0.1741749136 0.06618857129
1696 0.998246662 0.175040877 0.06931555257
1697 0.998246662 0.1802127719 0.077958039
1698 0.998246662 0.164418554 0.06213064833
1699 0.998246662 0.175692418 0.06785387813
1700 0.998246662 0.1897277697 0.07182985342
1701 0.998246662 0.1567083602 0.0622265076
1702 0.998246662 0.1760694678 0.0694766171
1703 0.998246662 0.2297709052 0.09063726431
1704 0.998246662 0.2096648501 0.08550463287
1705 0.998246662 0.1981445073 0.08613691869
1706 0.998246662 0.1984475467 0.08225764261
1707 0.998246662 0.2223179076 0.09702421357
1708 0.998246662 0.1813711361 0.0755866534
1709 0.998246662 0.2262241432 0.07947728498
1710 0.998246662 0.1736927128 0.06092536683
1711 0.998246662 0.1747704439 0.06239464938
1712 0.998246662 0.1851703703 0.07184638532
1713 0.998246662 0.1770528794 0.06361145449
1714 0.998246662 0.2116475827 0.0792486667
1715 0.998246662 0.2185970016 0.07959662793
1716 0.998246662 0.2142110571 0.06844144963
1717 0.998246662 0.213693795 0.06572517662
1718 0.998246662 0.2362363682 0.07746310726
1719 0.998246662 0.2140500411 0.07849923224
1720 0.998246662 0.2157822461 0.07635320554
1721 0.998246662 0.2063573427 0.07313949362
1722 0.998246662 0.2160938093 0.07745324678
1723 0.998246662 0.2085023822 0.07912466368
1724 0.998246662 0.2212710776 0.07878371027
1725 0.998246662 0.1964939328 0.0741800766
1726 0.998246662 0.1973531683 0.07792350531
1727 0.998246662 0.2129556554 0.08265227412
1728 0.998246662 0.1981327061 0.07784918006
1729 0.998246662 0.193331675 0.07154777637
1730 0.998246662 0.2077371475 0.07378543446
1731 0.998246662 0.2034925913 0.0724990532
1732 0.998246662 0.2268968925 0.08451101295
1733 0.998246662 0.2273273272 0.08176549518
1734 0.998246662 0.2357936375 0.09765854719
1735 0.998246662 0.207923619 0.08535012161
1736 0.998246662 0.2180509307 0.08604343053
1737 0.998246662 0.1997052358 0.07673683923
1738 0.998246662 0.1874789351 0.07229081472
1739 0.998246662 0.1920008835 0.07399574069
1740 0.998246662 0.1895247319 0.06733962836
1741 0.998246662 0.1896803161 0.06732784701
1742 0.998246662 0.208837165 0.08155936709
1743 0.998246662 0.2304378478 0.09477930177
1744 0.998246662 0.219677635 0.08593692058
1745 0.998246662 0.2087333039 0.07099772281
1746 0.998246662 0.1865334074 0.07135949308
1747 0.998246662 0.2030977374 0.07262733563
1748 0.998327912 0.2130626967 0.07556684485
1749 0.998327912 0.2116540929 0.06157120961
1750 0.998327912 0.2174420006 0.08381561144
1751 0.998327912 0.2040174269 0.08126535963
1752 0.998327912 0.2229437479 0.0816787925
1753 0.998327912 0.2280020096 0.07573523967
1754 0.998327912 0.215201753 0.07282484352
1755 0.998327912 0.2328008549 0.080186951
1756 0.998327912 0.224404212 0.07230799306
1757 0.998327912 0.2336692144 0.08215675347
1758 0.998327912 0.2064965861 0.07233183679
1759 0.998327912 0.2132149074 0.07336462501
1760 0.998327912 0.2305908411 0.07685154684
1761 0.998327912 0.2481765978 0.08460736863
1762 0.998327912 0.223008406 0.08331534904
1763 0.998327912 0.1750838794 0.07504984799
1764 0.998327912 0.1808511055 0.07264995301
1765 0.998327912 0.1967476199 0.076303233
1766 0.998327912 0.2099235527 0.07146611834
1767 0.998327912 0.2091026139 0.07904261355
1768 0.998327912 0.2160997862 0.07714942587
1769 0.998327912 0.1913374765 0.07021934461
1770 0.998327912 0.1898558297 0.07091904614
1771 0.998327912 0.2006403727 0.07624059096
1772 0.998327912 0.2022635029 0.08715371072
1773 0.998327912 0.2071392092 0.08694752101
1774 0.998327912 0.1916285317 0.08404418763
1775 0.998327912 0.1958459018 0.08299841782
1776 0.998327912 0.2230962016 0.07243925435
1777 0.998327912 0.2039837597 0.07736279611
1778 0.998327912 0.2104755371 0.08419274022
1779 0.998327912 0.231599123 0.08847719158
1780 0.998327912 0.2093260226 0.0832076324
1781 0.998327912 0.2072750262 0.07701590368
1782 0.998327912 0.1994466123 0.08149578991
1783 0.9983346898 0.1906945982 0.0833252241
1784 0.9983346898 0.186840876 0.07002289341
1785 0.9983346898 0.2074576803 0.07936311893
1786 0.9983346898 0.1993331355 0.07025607231
1787 0.9983346898 0.1905006489 0.07303575123
1788 0.9983346898 0.1799073055 0.07257453494
1789 0.9983346898 0.1759456145 0.07332140309
1790 0.9983346898 0.1608394485 0.07360883741
1791 0.9983346898 0.1672492843 0.0842328497
1792 0.9983346898 0.1668576279 0.0866066244
1793 0.9983346898 0.1841724278 0.07901535781
1794 0.9983346898 0.2090499629 0.0905282838
1795 0.9983346898 0.2010547433 0.08542319357
1796 0.9983346898 0.19780294 0.08600259302
1797 0.9983346898 0.2010556543 0.07453450066
1798 0.9983346898 0.1813737696 0.06289583311
1799 0.9983346898 0.1921451591 0.06277908015
1800 0.9983346898 0.193701223 0.06411517421
1801 0.9983346898 0.2131090721 0.06881861276
1802 0.9983346898 0.2092498958 0.0785522032
1803 0.9983346898 0.1933463389 0.08001240516
1804 0.9983346898 0.1757925865 0.07151458198
1805 0.9983346898 0.1969011595 0.07568248007
1806 0.9983346898 0.1991895248 0.07558442745
1807 0.9983346898 0.2184987848 0.08585841404
1808 0.9983346898 0.2624607479 0.1045120518
1809 0.9983346898 0.2119391469 0.08045105413
1810 0.9983346898 0.2180910301 0.07650129105
1811 0.9983346898 0.236345942 0.07860685296
1812 0.9983346898 0.2176671337 0.08103298305
1813 0.9983346898 0.2093829138 0.07270302486
1814 0.9983346898 0.2016222233 0.07150234715
1815 0.9983346898 0.1910778637 0.06870082309
1816 0.9983346898 0.2196168113 0.07785960443
1817 0.9983346898 0.197270752 0.06555111254
1818 0.9983346898 0.2155631511 0.06795444742
1819 0.9983346898 0.1961397568 0.06726881973
1820 0.9983346898 0.2133544835 0.08150962023
1821 0.9983346898 0.2178149446 0.08167627956
1822 0.9983346898 0.2162825969 0.07965253483
1823 0.9983346898 0.2227689382 0.08295981201
1824 0.9983346898 0.2333658906 0.07861339391
1825 0.9983346898 0.2357099797 0.0765844287
1826 0.9983346898 0.2235336368 0.07234086389
1827 0.9983346898 0.2515553016 0.07811933825
1828 0.9983346898 0.2324235251 0.0814670664
1829 0.9983346898 0.2176399977 0.07690544125
1830 0.9983346898 0.235944 0.07976482492
1831 0.9983346898 0.2234626097 0.07520829479
1832 0.9983346898 0.2185448368 0.06769523602
1833 0.9983346898 0.2211121197 0.0811507252
1834 0.9983346898 0.2105132211 0.06693100715
1835 0.9983346898 0.2034435908 0.07451802586
1836 0.9983346898 0.1969254817 0.0731281417
1837 0.9983346898 0.2044331315 0.07389661634
1838 0.9983346898 0.2360558119 0.09102629215
1839 0.9983346898 0.2261867756 0.07540092102
1840 0.9983346898 0.2149752072 0.06870807963
1841 0.9983346898 0.2112767527 0.06465040683
1842 0.9983346898 0.1969607019 0.0714601199
1843 0.9983346898 0.1868810221 0.06585464889
1844 0.9983346898 0.1892134374 0.05706814462
1845 0.9983346898 0.1758658027 0.06077177974
1846 0.9983346898 0.1702246857 0.06322075825
1847 0.9983346898 0.1695225755 0.0616709586
1848 0.9983346898 0.1634120677 0.06712948499
1849 0.9983346898 0.1770238659 0.06490107702
1850 0.9983346898 0.1791376633 0.06407148237
1851 0.9983346898 0.2005878944 0.07629008992
1852 0.9983346898 0.2216818251 0.0757454246
1853 0.9983346898 0.2224708054 0.07839694492
1854 0.9983346898 0.2116100778 0.07213823058
1855 0.9983346898 0.1855894833 0.06386550621
1856 0.9983346898 0.2060929275 0.0708613471
1857 0.9983346898 0.1998088143 0.0630808509
1858 0.9983346898 0.2242693858 0.0725398908
1859 0.9983346898 0.2187373841 0.07053992105
1860 0.9983346898 0.1915268164 0.06964902325
1861 0.9983346898 0.1813025669 0.06468913609
1862 0.9983346898 0.1951915063 0.07219688768
1863 0.9983346898 0.2113339351 0.07976197926
1864 0.9983346898 0.1974712489 0.07958560245
1865 0.9983346898 0.2030888913 0.07234865035
1866 0.9983346898 0.246178763 0.09042454494
1867 0.9983346898 0.1934726234 0.07289024141
1868 0.9983346898 0.1982808821 0.08192750337
1869 0.9983346898 0.1995258861 0.08773407293
1870 0.9983346898 0.1915730129 0.07789115909
1871 0.9983346898 0.2180540807 0.07996804184
1872 0.9983346898 0.2097984119 0.08049362424
1873 0.9983346898 0.1971791998 0.08190268584
1874 0.9983346898 0.1958508565 0.0789139104
1875 0.9983346898 0.2153863999 0.08960501954
1876 0.9983346898 0.2042098616 0.08023590672
1877 0.9983346898 0.1783706443 0.0826328181
1878 0.9983346898 0.1514090381 0.07193335772
1879 0.9983346898 0.142171688 0.05951819036
1880 0.9983346898 0.1544650344 0.06810866118
1881 0.9983346898 0.1284656003 0.05549307268
1882 0.9983346898 0.1427683901 0.06955318839
1883 0.9983346898 0.1684230059 0.07255280252
1884 0.9983346898 0.1625198264 0.07787693174
1885 0.9983346898 0.1631433034 0.06630008346
1886 0.9983346898 0.1390762291 0.0609913924
1887 0.9983346898 0.1239786495 0.06435302028
1888 0.9983346898 0.166551695 0.07103183925
1889 0.9983346898 0.1708804247 0.07663513017
1890 0.9983346898 0.1781140944 0.06535939499
1891 0.9983346898 0.1680037893 0.05898972001
1892 0.9983346898 0.1712090687 0.06561451962
1893 0.9983346898 0.1880276355 0.0739959791
1894 0.9983346898 0.2035520083 0.08564928773
1895 0.9983346898 0.2101638075 0.08951535088
1896 0.9983346898 0.1817540306 0.0775249928
1897 0.9983346898 0.1784508457 0.07857585233
1898 0.9983346898 0.163601787 0.07672765823
1899 0.9983346898 0.1580805078 0.06607276004
1900 0.9983346898 0.1530531984 0.06198073996
1901 0.9983346898 0.16651353 0.06656722262
1902 0.9983346898 0.1912394881 0.07118268523
1903 0.9983346898 0.1639135159 0.07287203637
1904 0.9983346898 0.187715779 0.08102470349
1905 0.9983346898 0.1722219052 0.07182537064
1906 0.9983346898 0.1796180169 0.06887406762
1907 0.9983346898 0.1776865161 0.07512991252
1908 0.9983346898 0.1713614135 0.06907860059
1909 0.9983346898 0.1941118834 0.07923387993
1910 0.9983346898 0.1944816829 0.07502058868
1911 0.9983346898 0.1800516902 0.06563408051
1912 0.9983346898 0.1882877904 0.07838710096
1913 0.9983346898 0.2091535736 0.07988621565
1914 0.9983346898 0.2095314997 0.07293915391
1915 0.9983346898 0.2210811076 0.07332419973
1916 0.9983346898 0.2091719493 0.07756092629
1917 0.9983346898 0.1814769831 0.06461429106
1918 0.9983346898 0.2032765566 0.07232529367
1919 0.9983346898 0.1971180436 0.07896634173
1920 0.9983346898 0.1964082065 0.07447629048
1921 0.9983346898 0.2074627483 0.08465811396
1922 0.9983346898 0.1968118648 0.08379207443
1923 0.9983346898 0.1907335836 0.07641600717
1924 0.9983346898 0.1681773137 0.06653940951
1925 0.9983346898 0.1688880315 0.06336425986
1926 0.9983346898 0.1675750367 0.06525122703
1927 0.9983346898 0.2000591413 0.08255734491
1928 0.9983346898 0.1850181753 0.07500251393
1929 0.9983346898 0.1682924426 0.06880683305
1930 0.9983346898 0.162744662 0.06671694979
1931 0.9983346898 0.1865385359 0.07561427657
1932 0.9983346898 0.1723796969 0.06668325751
1933 0.9983346898 0.1855921847 0.07543299927
1934 0.9983346898 0.214751 0.08718968815
1935 0.9983346898 0.20041266 0.07691633807
1936 0.9983346898 0.1779784005 0.07797875127
1937 0.9983346898 0.1708652307 0.08379922318
1938 0.9983346898 0.1741347694 0.07349250116
1939 0.9983346898 0.1701378135 0.05489346326
1940 0.9983346898 0.1600983347 0.05990426548
1941 0.9983346898 0.1637994375 0.06611348049
1942 0.9983346898 0.1730661163 0.06932133322
1943 0.9983346898 0.1527092418 0.05714312473
1944 0.9983346898 0.1433487791 0.06105056186
1945 0.9983346898 0.1416797735 0.05579584361
1946 0.9983346898 0.1668558089 0.06931104705
1947 0.9983346898 0.1754158692 0.07600403986
1948 0.9983346898 0.164115678 0.07156460962
1949 0.9983346898 0.1819248859 0.07020339813
1950 0.9983346898 0.1918140847 0.07442847127
1951 0.9983346898 0.1827046215 0.06986656488
1952 0.9983346898 0.2084376663 0.06919517681
1953 0.9983346898 0.1875239441 0.07385532812
1954 0.9983346898 0.1896378312 0.07587310484
1955 0.9983346898 0.1925745106 0.06739766303
1956 0.9983346898 0.1963651692 0.07810319349
1957 0.9983346898 0.2106910751 0.07866111972
1958 0.9983346898 0.2201755331 0.0743156719
1959 0.9983346898 0.2230722836 0.07310178955
1960 0.9983346898 0.1871862454 0.05886495718
1961 0.9983346898 0.1950158466 0.06760137133
1962 0.9983346898 0.1767109829 0.07018311632
1963 0.9983346898 0.1845804815 0.07236204317
1964 0.9983346898 0.16255576 0.05976620054
1965 0.9983346898 0.1550687395 0.06539289025
1966 0.9983346898 0.1520765909 0.06193012526
1967 0.9983346898 0.1654346734 0.06514389658
1968 0.9983346898 0.1724910798 0.06153571974
1969 0.9983346898 0.1754736231 0.0679332928
1970 0.9983346898 0.1934117344 0.06766662406
1971 0.9983346898 0.1811549673 0.06693328013
1972 0.9983346898 0.1758722533 0.06595781462
1973 0.9983346898 0.1788523501 0.07144425514
1974 0.9983346898 0.1912616326 0.07629027026
1975 0.9983346898 0.1925427276 0.06515302812
1976 0.9983346898 0.1966140773 0.07324238552
1977 0.9983346898 0.1792084645 0.07004288363
1978 0.9983346898 0.1721777737 0.06275299379
1979 0.9983346898 0.1647421714 0.06615169395
1980 0.9983346898 0.1986147766 0.07199627214
1981 0.9983346898 0.2409619497 0.07994240396
1982 0.9983346898 0.2542747531 0.09063613396
1983 0.9983346898 0.2216003571 0.08231826488
1984 0.9983346898 0.2111491699 0.06951880603
1985 0.9983346898 0.2195890168 0.0831405595
1986 0.9983346898 0.2055642035 0.07365051959
1987 0.9983346898 0.2080412242 0.09144393504
1988 0.9983346898 0.1995915361 0.07860598674
1989 0.9983346898 0.1971310165 0.08609926219
1990 0.9983346898 0.1995859898 0.08286820087
1991 0.9983346898 0.1910751176 0.07431956766
1992 0.9983346898 0.1676697737 0.07088487212
1993 0.9983346898 0.1876683817 0.08413487991
1994 0.9983346898 0.2077404392 0.07849770008
1995 0.9983346898 0.2133310912 0.0737804524
1996 0.9983346898 0.2237344377 0.08142653588
1997 0.9983346898 0.2119198889 0.08454613889
1998 0.9983346898 0.2222044837 0.0875252157
1999 0.9983346898 0.2228478485 0.08393909627
2000 0.9983346898 0.252495237 0.09557347277
