9.972130000000000161e-01 9.946270000000000389e-01 9.800459999999999727e-01 9.999139999999999695e-01 9.749630000000000241e-01 9.944169999999999954e-01 9.984079999999999622e-01 9.986650000000000249e-01
9.990390000000000104e-01 9.980740000000000167e-01 9.985549999999999704e-01 9.897340000000000027e-01 9.993630000000000013e-01 9.785350000000000437e-01 9.982670000000000154e-01 9.873020000000000129e-01
9.794180000000000108e-01 9.942900000000000071e-01 9.907280000000000530e-01 9.984060000000000157e-01 9.976129999999999720e-01 9.857150000000000079e-01 9.908500000000000085e-01 9.994159999999999711e-01
9.921039999999999859e-01 9.865800000000000125e-01 9.964939999999999909e-01 9.998409999999999798e-01 9.997139999999999915e-01 9.799630000000000285e-01 9.991290000000000449e-01 9.949590000000000378e-01
9.988569999999999949e-01 9.940860000000000252e-01 9.962140000000000439e-01 9.917639999999999789e-01 9.985880000000000312e-01 9.744680000000000009e-01 9.976230000000000375e-01 9.970970000000000111e-01
9.950350000000000028e-01 9.998409999999999798e-01 9.938299999999999912e-01 9.988110000000000044e-01 9.803960000000000452e-01 9.991480000000000361e-01 9.872260000000000479e-01 9.998730000000000118e-01
9.852840000000000487e-01 9.946970000000000534e-01 9.977179999999999938e-01 9.994399999999999951e-01 9.977150000000000185e-01 9.986460000000000337e-01 9.925869999999999971e-01 9.958700000000000330e-01
9.990010000000000279e-01 9.817869999999999653e-01 9.987160000000000482e-01 9.950269999999999948e-01 9.808599999999999541e-01 9.894429999999999614e-01 9.977240000000000553e-01 9.931689999999999685e-01
9.992109999999999603e-01 9.925559999999999938e-01 9.804300000000000237e-01 9.595240000000000435e-01 9.716479999999999562e-01 9.821410000000000418e-01 9.903100000000000236e-01 9.984589999999999854e-01
9.866470000000000518e-01 9.790689999999999671e-01 9.930029999999999690e-01 9.962860000000000049e-01 9.987390000000000434e-01 9.961729999999999752e-01 9.881609999999999561e-01 9.982619999999999827e-01
9.975270000000000525e-01 9.983809999999999629e-01 9.965990000000000126e-01 9.784190000000000387e-01 9.889520000000000532e-01 9.962940000000000129e-01 9.830149999999999721e-01 9.902199999999999891e-01
9.981219999999999537e-01 9.441180000000000128e-01 9.993579999999999686e-01 9.783749999999999947e-01 9.896200000000000552e-01 9.933499999999999552e-01 9.984880000000000422e-01 9.986990000000000034e-01
9.820330000000000448e-01 9.997470000000000523e-01 9.967859999999999498e-01 9.982450000000000490e-01 9.963149999999999507e-01 9.985589999999999744e-01 9.758210000000000495e-01 9.987169999999999659e-01
9.836549999999999461e-01 9.939139999999999642e-01 9.738019999999999454e-01 9.960059999999999469e-01 9.954790000000000028e-01 9.813889999999999558e-01 9.904180000000000206e-01 9.935659999999999492e-01
9.969360000000000444e-01 9.917359999999999509e-01 9.984899999999999887e-01 9.964429999999999676e-01 9.998350000000000293e-01 9.967970000000000441e-01 9.985070000000000334e-01 9.965929999999999511e-01
9.983340000000000547e-01 9.949649999999999883e-01 9.886979999999999658e-01 9.988129999999999509e-01 9.881170000000000231e-01 9.985730000000000439e-01 9.931210000000000315e-01 9.701440000000000063e-01
9.952929999999999833e-01 9.998609999999999998e-01 9.996760000000000090e-01 9.834979999999999833e-01 9.997960000000000180e-01 9.911689999999999667e-01 9.999630000000000463e-01 9.784850000000000492e-01
9.975180000000000158e-01 9.972320000000000073e-01 9.971680000000000543e-01 9.806049999999999489e-01 9.996230000000000393e-01 9.985920000000000352e-01 9.998540000000000205e-01 9.943950000000000289e-01
9.961229999999999807e-01 9.967829999999999746e-01 9.899050000000000349e-01 9.921769999999999756e-01 9.961529999999999552e-01 9.977200000000000513e-01 9.933189999999999520e-01 9.991210000000000369e-01
9.973769999999999580e-01 9.954880000000000395e-01 9.925620000000000553e-01 9.985110000000000374e-01 9.820299999999999585e-01 9.989919999999999911e-01 9.849210000000000464e-01 9.979799999999999782e-01
9.987949999999999884e-01 9.982680000000000442e-01 9.915620000000000545e-01 9.976960000000000273e-01 9.992860000000000076e-01 9.904979999999999896e-01 9.971590000000000176e-01 9.821809999999999707e-01
9.993239999999999901e-01 9.971870000000000456e-01 9.949799999999999756e-01 9.950599999999999445e-01 9.688609999999999722e-01 9.987840000000000051e-01 9.985779999999999657e-01 9.992560000000000331e-01
9.991360000000000241e-01 9.980120000000000102e-01 9.936700000000000532e-01 9.935089999999999755e-01 9.977920000000000122e-01 9.998719999999999830e-01 9.964260000000000339e-01 9.975969999999999560e-01
9.985020000000000007e-01 9.975049999999999750e-01 9.981870000000000465e-01 9.985950000000000104e-01 9.978320000000000523e-01 9.943950000000000289e-01 9.993889999999999718e-01 9.995359999999999800e-01
9.283709999999999463e-01 9.993440000000000101e-01 9.978810000000000180e-01 9.971039999999999903e-01 9.976519999999999833e-01 9.976169999999999760e-01 9.982480000000000242e-01 9.884389999999999565e-01
9.972839999999999483e-01 9.883539999999999548e-01 9.967559999999999754e-01 9.981330000000000480e-01 9.985920000000000352e-01 9.941569999999999574e-01 9.987869999999999804e-01 9.975239999999999663e-01
9.970620000000000038e-01 9.997939999999999605e-01 9.962509999999999977e-01 9.920780000000000154e-01 9.945549999999999669e-01 9.863530000000000353e-01 9.966169999999999751e-01 9.820699999999999985e-01
9.982710000000000194e-01 9.996779999999999555e-01 9.993750000000000133e-01 9.991740000000000066e-01 9.966930000000000511e-01 9.964420000000000499e-01 9.980520000000000502e-01 9.683300000000000241e-01
9.925559999999999938e-01 9.973239999999999883e-01 9.965840000000000254e-01 9.839360000000000328e-01 9.846009999999999485e-01 9.954769999999999452e-01 9.988479999999999581e-01 9.847550000000000470e-01
9.975829999999999975e-01 9.961689999999999712e-01 9.967899999999999539e-01 9.774570000000000203e-01 9.991729999999999778e-01 9.811729999999999619e-01 9.903929999999999678e-01 9.902600000000000291e-01
9.682819999999999760e-01 9.992259999999999476e-01 9.814169999999999838e-01 9.987420000000000186e-01 9.993450000000000388e-01 9.957840000000000025e-01 9.906470000000000553e-01 9.944570000000000354e-01
9.985389999999999544e-01 9.869909999999999517e-01 9.974520000000000053e-01 9.852959999999999496e-01 9.910719999999999530e-01 9.965650000000000341e-01 9.792729999999999491e-01 9.996030000000000193e-01
9.978310000000000235e-01 9.982630000000000114e-01 9.972459999999999658e-01 9.826359999999999539e-01 9.980700000000000127e-01 9.862300000000000511e-01 9.964859999999999829e-01 9.994680000000000231e-01
9.919449999999999656e-01 9.966150000000000286e-01 9.942980000000000151e-01 9.966559999999999864e-01 9.852560000000000207e-01 9.949789999999999468e-01 9.978989999999999805e-01 9.924119999999999608e-01
9.966960000000000264e-01 9.978799999999999892e-01 9.939810000000000034e-01 9.988409999999999789e-01 9.986639999999999961e-01 9.964910000000000156e-01 9.986289999999999889e-01 9.978430000000000355e-01
9.991820000000000146e-01 9.977040000000000353e-01 9.706320000000000503e-01 9.989160000000000261e-01 9.688980000000000370e-01 9.984490000000000309e-01 9.989649999999999919e-01 9.970879999999999743e-01
9.952330000000000343e-01 9.976000000000000423e-01 9.964119999999999644e-01 9.977209999999999690e-01 9.909109999999999863e-01 9.998879999999999990e-01 9.998820000000000485e-01 9.980999999999999872e-01
9.945140000000000091e-01 9.998939999999999495e-01 9.981480000000000352e-01 9.990130000000000399e-01 9.984239999999999782e-01 9.938320000000000487e-01 9.980729999999999880e-01 9.984790000000000054e-01
9.972250000000000281e-01 9.949130000000000473e-01 9.890280000000000182e-01 9.721649999999999459e-01 9.998590000000000533e-01 9.962090000000000112e-01 9.917470000000000452e-01 9.993910000000000293e-01
9.828550000000000342e-01 9.987129999999999619e-01 9.981799999999999562e-01 9.979740000000000277e-01 9.863969999999999683e-01 9.974129999999999940e-01 9.954650000000000443e-01 9.974420000000000508e-01
9.929519999999999458e-01 9.990139999999999576e-01 9.979149999999999965e-01 9.974129999999999940e-01 9.810820000000000096e-01 9.997439999999999660e-01 9.905169999999999808e-01 9.999460000000000015e-01
9.997789999999999733e-01 9.977150000000000185e-01 9.972450000000000481e-01 9.964619999999999589e-01 9.995140000000000136e-01 9.984140000000000237e-01 9.974250000000000060e-01 9.979710000000000525e-01
9.861980000000000190e-01 9.973269999999999635e-01 9.986140000000000017e-01 9.693389999999999507e-01 9.957759999999999945e-01 9.997589999999999533e-01 9.969820000000000348e-01 9.872440000000000104e-01
9.967319999999999514e-01 9.963659999999999739e-01 9.915059999999999985e-01 9.962370000000000392e-01 9.943659999999999721e-01 9.749999999999999778e-01 9.928129999999999455e-01 9.899580000000000046e-01
9.957439999999999625e-01 9.826200000000000490e-01 9.819870000000000543e-01 9.999869999999999592e-01 9.917719999999999869e-01 9.960360000000000325e-01 9.905709999999999793e-01 9.970440000000000413e-01
9.934490000000000265e-01 9.797879999999999923e-01 9.934870000000000090e-01 9.811739999999999906e-01 9.843399999999999928e-01 9.984690000000000509e-01 9.983360000000000012e-01 9.776359999999999495e-01
9.928979999999999473e-01 9.921170000000000266e-01 9.993020000000000236e-01 9.973720000000000363e-01 9.980290000000000550e-01 9.971710000000000296e-01 9.966810000000000391e-01 9.971419999999999728e-01
9.909160000000000190e-01 9.957930000000000392e-01 9.983889999999999709e-01 9.978289999999999660e-01 9.982060000000000377e-01 9.986420000000000297e-01 9.921940000000000204e-01 9.854880000000000306e-01
9.962140000000000439e-01 9.982290000000000330e-01 9.936059999999999892e-01 9.818320000000000380e-01 9.996169999999999778e-01 9.980329999999999480e-01 9.961160000000000014e-01 9.991640000000000521e-01
9.985610000000000319e-01 9.993729999999999558e-01 9.784669999999999757e-01 9.950830000000000508e-01 9.842959999999999487e-01 9.933100000000000263e-01 9.983499999999999597e-01 9.770590000000000108e-01
9.884840000000000293e-01 9.766979999999999551e-01 9.996559999999999890e-01 9.969900000000000428e-01 9.948439999999999506e-01 9.994499999999999496e-01 9.573990000000000000e-01 9.995629999999999793e-01
9.749729999999999785e-01 9.997300000000000075e-01 9.901290000000000369e-01 9.995469999999999633e-01 9.965530000000000221e-01 9.983919999999999462e-01 9.796550000000000535e-01 9.973429999999999795e-01
9.865110000000000268e-01 9.951959999999999695e-01 9.927319999999999478e-01 9.650879999999999459e-01 9.974380000000000468e-01 9.960790000000000477e-01 9.962480000000000224e-01 9.977129999999999610e-01
9.973499999999999588e-01 9.819830000000000503e-01 9.985199999999999632e-01 9.902100000000000346e-01 9.982320000000000082e-01 9.971349999999999936e-01 9.995560000000000000e-01 9.997620000000000395e-01
9.984570000000000389e-01 9.939660000000000162e-01 9.990909999999999513e-01 9.958620000000000250e-01 9.981179999999999497e-01 9.986420000000000297e-01 9.995399999999999840e-01 9.944229999999999459e-01
9.991959999999999731e-01 9.993509999999999893e-01 9.986850000000000449e-01 9.906549999999999523e-01 9.980930000000000080e-01 9.929980000000000473e-01 9.986789999999999834e-01 9.970499999999999918e-01
9.820119999999999960e-01 9.976519999999999833e-01 9.839590000000000281e-01 9.992309999999999803e-01 9.941499999999999782e-01 9.988160000000000371e-01 9.991719999999999491e-01 9.960040000000000004e-01
9.949019999999999531e-01 9.675380000000000091e-01 9.984880000000000422e-01 9.950369999999999493e-01 9.968000000000000194e-01 9.912109999999999532e-01 9.992830000000000323e-01 9.978320000000000523e-01
9.836519999999999708e-01 9.992769999999999708e-01 9.992480000000000251e-01 9.901290000000000369e-01 9.835319999999999618e-01 9.985579999999999457e-01 9.975770000000000470e-01 9.899599999999999511e-01
9.927979999999999583e-01 9.910250000000000448e-01 9.974009999999999820e-01 9.985180000000000167e-01 9.889580000000000037e-01 9.764469999999999539e-01 9.996589999999999643e-01 9.987270000000000314e-01
9.944009999999999794e-01 9.995349999999999513e-01 9.966350000000000486e-01 9.984279999999999822e-01 9.999080000000000190e-01 9.957730000000000192e-01 9.986420000000000297e-01 9.933189999999999520e-01
9.996559999999999890e-01 9.996829999999999883e-01 9.903899999999999926e-01 9.942170000000000174e-01 9.915779999999999594e-01 9.977610000000000090e-01 9.877340000000000009e-01 9.978200000000000403e-01
9.928879999999999928e-01 9.986559999999999881e-01 9.905310000000000503e-01 9.979470000000000285e-01 9.786479999999999624e-01 9.744720000000000049e-01 9.991980000000000306e-01 9.866009999999999502e-01
9.793690000000000451e-01 9.959550000000000347e-01 9.761750000000000149e-01 9.924140000000000184e-01 9.966690000000000271e-01 9.871950000000000447e-01 9.967909999999999826e-01 9.996760000000000090e-01
9.988620000000000276e-01 9.969630000000000436e-01 9.770969999999999933e-01 9.987679999999999891e-01 9.961710000000000287e-01 9.973859999999999948e-01 9.774110000000000298e-01 9.895310000000000494e-01
9.971269999999999856e-01 9.928639999999999688e-01 9.994189999999999463e-01 9.893330000000000179e-01 9.992220000000000546e-01 9.985699999999999577e-01 9.980350000000000055e-01 9.989500000000000046e-01
9.976209999999999800e-01 9.939240000000000297e-01 9.948489999999999833e-01 9.964250000000000052e-01 9.961910000000000487e-01 9.945540000000000491e-01 9.931680000000000508e-01 9.996270000000000433e-01
9.991130000000000289e-01 9.912969999999999837e-01 9.979559999999999542e-01 9.985000000000000542e-01 9.937599999999999767e-01 9.950609999999999733e-01 9.913129999999999997e-01 9.985910000000000064e-01
9.982550000000000034e-01 9.993940000000000046e-01 9.931560000000000388e-01 9.977580000000000338e-01 9.890649999999999720e-01 9.972309999999999786e-01 9.932100000000000373e-01 9.986789999999999834e-01
9.972400000000000153e-01 9.914629999999999832e-01 9.976340000000000208e-01 9.980400000000000382e-01 9.968139999999999779e-01 9.817249999999999588e-01 9.954359999999999875e-01 9.886690000000000200e-01
9.805829999999999824e-01 9.976279999999999593e-01 9.850579999999999892e-01 9.978139999999999787e-01 9.975559999999999983e-01 9.806949999999999834e-01 9.958099999999999730e-01 9.911109999999999642e-01
9.360000000000000542e-01 9.951179999999999470e-01 9.968129999999999491e-01 9.832410000000000316e-01 9.909649999999999848e-01 9.835249999999999826e-01 9.954030000000000378e-01 9.967909999999999826e-01
9.998399999999999510e-01 9.992020000000000346e-01 9.935589999999999700e-01 9.983440000000000092e-01 9.779590000000000227e-01 9.973769999999999580e-01 9.996829999999999883e-01 9.907219999999999915e-01
9.943450000000000344e-01 9.998230000000000173e-01 9.813180000000000236e-01 9.952870000000000328e-01 9.965939999999999799e-01 9.982870000000000354e-01 9.983279999999999932e-01 9.999620000000000175e-01
9.892670000000000075e-01 9.975169999999999870e-01 9.998019999999999685e-01 9.809609999999999719e-01 9.909440000000000470e-01 9.975309999999999455e-01 9.983819999999999917e-01 9.903469999999999773e-01
9.972619999999999818e-01 9.952140000000000430e-01 9.908179999999999765e-01 9.987530000000000019e-01 9.995560000000000000e-01 9.605749999999999567e-01 9.983349999999999724e-01 9.904009999999999758e-01
9.965819999999999679e-01 9.999080000000000190e-01 9.939270000000000049e-01 9.953629999999999978e-01 9.901849999999999818e-01 9.975270000000000525e-01 9.733169999999999877e-01 9.968019999999999659e-01
9.988150000000000084e-01 9.975169999999999870e-01 9.982600000000000362e-01 9.976709999999999745e-01 9.959959999999999924e-01 9.774009999999999643e-01 9.812549999999999883e-01 9.836650000000000116e-01
9.985969999999999569e-01 9.989059999999999606e-01 9.988510000000000444e-01 9.964769999999999461e-01 9.996899999999999675e-01 9.962539999999999729e-01 9.979200000000000292e-01 9.962189999999999657e-01
9.991950000000000554e-01 9.936089999999999645e-01 9.744279999999999609e-01 9.978080000000000283e-01 9.925559999999999938e-01 9.939189999999999969e-01 9.822769999999999557e-01 9.959639999999999604e-01
9.977380000000000138e-01 9.945490000000000164e-01 9.984870000000000134e-01 9.780910000000000437e-01 9.970639999999999503e-01 9.959900000000000420e-01 9.894739999999999647e-01 9.979310000000000125e-01
9.722809999999999508e-01 9.999689999999999968e-01 9.990210000000000479e-01 9.918820000000000414e-01 9.982379999999999587e-01 9.995929999999999538e-01 9.845089999999999675e-01 9.995560000000000000e-01
9.925119999999999498e-01 9.971189999999999776e-01 9.992370000000000418e-01 9.983800000000000452e-01 9.991980000000000306e-01 9.989400000000000501e-01 9.991269999999999873e-01 9.998799999999999910e-01
9.840529999999999555e-01 9.992199999999999971e-01 9.961160000000000014e-01 9.900050000000000239e-01 9.992539999999999756e-01 9.998029999999999973e-01 9.785979999999999679e-01 9.907329999999999748e-01
9.842849999999999655e-01 9.928019999999999623e-01 9.971309999999999896e-01 9.970010000000000261e-01 9.982509999999999994e-01 9.961200000000000054e-01 9.877519999999999634e-01 9.906439999999999690e-01
9.894429999999999614e-01 9.970020000000000548e-01 9.991989999999999483e-01 9.744220000000000104e-01 9.713070000000000315e-01 9.888280000000000403e-01 9.868230000000000057e-01 9.947749999999999648e-01
9.960940000000000349e-01 9.678930000000000033e-01 9.889679999999999582e-01 9.977049999999999530e-01 9.732189999999999452e-01 9.988409999999999789e-01 9.952990000000000448e-01 9.974049999999999860e-01
9.917580000000000284e-01 9.987709999999999644e-01 9.968879999999999963e-01 9.976040000000000463e-01 9.975450000000000150e-01 9.981900000000000217e-01 9.979109999999999925e-01 9.986939999999999706e-01
9.974469999999999725e-01 9.943849999999999634e-01 9.985389999999999544e-01 9.998960000000000070e-01 9.951200000000000045e-01 9.925519999999999898e-01 9.869189999999999907e-01 9.905650000000000288e-01
9.945659999999999501e-01 9.990430000000000144e-01 9.973520000000000163e-01 9.995730000000000448e-01 9.865990000000000038e-01 9.915450000000000097e-01 9.981480000000000352e-01 9.874009999999999732e-01
9.908519999999999550e-01 9.980419999999999847e-01 9.682060000000000111e-01 9.988270000000000204e-01 9.995410000000000128e-01 9.980130000000000390e-01 9.975319999999999743e-01 9.969740000000000268e-01
9.692570000000000352e-01 9.948320000000000496e-01 9.997709999999999653e-01 9.987089999999999579e-01 9.981360000000000232e-01 9.875080000000000524e-01 9.638670000000000293e-01 9.919519999999999449e-01
9.973309999999999675e-01 9.932429999999999870e-01 9.994049999999999878e-01 9.986019999999999897e-01 9.967599999999999794e-01 9.971179999999999488e-01 9.971400000000000263e-01 9.997169999999999668e-01
9.990780000000000216e-01 9.693180000000000129e-01 9.753389999999999560e-01 9.984239999999999782e-01 9.751210000000000155e-01 9.733239999999999670e-01 9.857550000000000479e-01 9.477529999999999566e-01
9.919519999999999449e-01 9.980029999999999735e-01 9.993999999999999551e-01 9.795049999999999590e-01 9.700309999999999766e-01 9.958609999999999962e-01 9.973840000000000483e-01 9.757010000000000405e-01
9.981950000000000545e-01 9.926080000000000458e-01 9.928700000000000303e-01 9.825070000000000192e-01 9.984079999999999622e-01 9.951889999999999903e-01 9.971769999999999801e-01 9.966690000000000271e-01
9.889799999999999702e-01 9.781520000000000215e-01 9.918810000000000127e-01 9.929989999999999650e-01 9.996450000000000058e-01 9.973680000000000323e-01 9.998169999999999558e-01 9.925289999999999946e-01
9.991250000000000409e-01 9.983670000000000044e-01 9.899459999999999926e-01 9.989029999999999854e-01 9.840700000000000003e-01 9.913840000000000430e-01 9.964870000000000116e-01 9.963619999999999699e-01
9.868460000000000010e-01 9.876190000000000246e-01 9.983429999999999804e-01 9.919200000000000239e-01 9.960210000000000452e-01 9.933859999999999912e-01 9.989590000000000414e-01 9.971670000000000256e-01
9.964530000000000332e-01 9.972379999999999578e-01 9.948519999999999586e-01 9.996140000000000025e-01 9.968200000000000394e-01 9.980890000000000040e-01 9.980809999999999960e-01 9.835800000000000098e-01
9.995760000000000201e-01 9.957489999999999952e-01 9.851469999999999949e-01 9.871870000000000367e-01 9.973610000000000531e-01 9.598219999999999530e-01 9.935009999999999675e-01 9.979519999999999502e-01
9.906859999999999555e-01 9.787460000000000049e-01 9.984849999999999559e-01 9.990759999999999641e-01 9.964060000000000139e-01 9.865519999999999845e-01 9.805509999999999504e-01 9.976699999999999458e-01
9.996249999999999858e-01 9.995009999999999728e-01 9.964720000000000244e-01 9.967549999999999466e-01 9.986500000000000377e-01 9.986570000000000169e-01 9.829940000000000344e-01 9.977200000000000513e-01
9.999360000000000470e-01 9.790849999999999831e-01 9.963779999999999859e-01 9.909099999999999575e-01 9.847970000000000335e-01 9.794389999999999485e-01 9.981229999999999825e-01 9.872729999999999562e-01
9.992220000000000546e-01 9.991809999999999858e-01 9.899510000000000254e-01 9.915549999999999642e-01 9.970240000000000213e-01 9.990649999999999809e-01 9.831750000000000211e-01 9.868630000000000457e-01
9.993140000000000356e-01 9.975749999999999895e-01 9.983140000000000347e-01 9.924809999999999466e-01 9.966190000000000326e-01 9.903279999999999861e-01 9.684749999999999748e-01 9.794920000000000293e-01
9.996279999999999610e-01 9.956930000000000502e-01 9.972119999999999873e-01 9.893380000000000507e-01 9.968609999999999971e-01 9.974619999999999598e-01 9.947049999999999503e-01 9.919639999999999569e-01
9.930320000000000258e-01 9.972450000000000481e-01 9.989940000000000486e-01 9.969320000000000404e-01 9.950069999999999748e-01 9.988599999999999701e-01 9.704739999999999478e-01 9.995279999999999720e-01
9.978500000000000147e-01 9.987329999999999819e-01 9.969989999999999686e-01 9.988139999999999796e-01 9.847080000000000277e-01 9.984750000000000014e-01 9.988810000000000189e-01 9.996140000000000025e-01
9.955310000000000548e-01 9.683580000000000521e-01 9.968970000000000331e-01 9.998160000000000380e-01 9.906390000000000473e-01 9.963680000000000314e-01 9.976859999999999618e-01 9.967789999999999706e-01
9.915089999999999737e-01 9.990139999999999576e-01 9.972659999999999858e-01 9.952480000000000215e-01 9.962379999999999569e-01 9.933459999999999512e-01 9.937909999999999799e-01 9.946450000000000014e-01
9.988179999999999836e-01 9.915030000000000232e-01 9.752309999999999590e-01 9.974760000000000293e-01 9.996599999999999930e-01 9.976939999999999698e-01 9.987580000000000346e-01 9.980940000000000367e-01
9.950240000000000196e-01 9.933859999999999912e-01 9.891720000000000512e-01 9.861469999999999958e-01 9.900839999999999641e-01 9.955129999999999812e-01 9.983769999999999589e-01 9.905659999999999465e-01
9.979249999999999510e-01 9.968040000000000234e-01 9.985730000000000439e-01 9.973919999999999453e-01 9.983610000000000539e-01 9.977859999999999507e-01 9.983630000000000004e-01 9.865770000000000373e-01
9.988299999999999956e-01 9.915920000000000289e-01 9.985969999999999569e-01 9.956819999999999560e-01 9.814850000000000518e-01 9.940400000000000347e-01 9.849860000000000282e-01 9.929510000000000280e-01
9.975619999999999488e-01 9.999479999999999480e-01 9.908310000000000173e-01 9.980510000000000215e-01 9.943159999999999776e-01 9.955690000000000373e-01 9.858200000000000296e-01 9.979050000000000420e-01
9.932600000000000318e-01 9.981330000000000480e-01 9.990470000000000184e-01 9.979040000000000132e-01 9.869299999999999740e-01 9.981980000000000297e-01 9.948270000000000168e-01 9.978820000000000467e-01
9.994150000000000533e-01 9.963899999999999979e-01 9.920029999999999681e-01 9.953870000000000218e-01 9.995199999999999640e-01 9.984579999999999567e-01 9.904760000000000231e-01 9.988850000000000229e-01
9.756930000000000325e-01 9.957529999999999992e-01 9.993210000000000148e-01 9.990029999999999744e-01 9.994699999999999696e-01 9.983379999999999477e-01 9.927890000000000326e-01 9.970510000000000206e-01
9.967660000000000409e-01 9.957770000000000232e-01 9.975509999999999655e-01 9.973090000000000011e-01 9.983670000000000044e-01 9.988169999999999549e-01 9.988219999999999876e-01 9.966030000000000166e-01
9.957420000000000160e-01 9.998190000000000133e-01 9.929679999999999618e-01 9.967810000000000281e-01 9.892589999999999995e-01 9.977580000000000338e-01 9.959510000000000307e-01 9.976519999999999833e-01
9.315499999999999892e-01 9.971010000000000151e-01 9.958839999999999915e-01 9.933720000000000327e-01 9.986460000000000337e-01 9.937669999999999559e-01 9.924209999999999976e-01 9.977390000000000425e-01
9.857320000000000526e-01 9.986789999999999834e-01 9.811689999999999579e-01 9.703030000000000266e-01 9.751659999999999773e-01 9.920590000000000241e-01 9.983039999999999692e-01 9.967939999999999579e-01
9.904730000000000478e-01 9.915749999999999842e-01 9.987009999999999499e-01 9.800489999999999480e-01 9.999200000000000310e-01 9.922060000000000324e-01 9.975640000000000063e-01 9.903809999999999558e-01
9.752910000000000190e-01 9.893750000000000044e-01 9.804089999999999749e-01 9.978249999999999620e-01 9.835709999999999731e-01 9.970139999999999558e-01 9.971039999999999903e-01 9.682749999999999968e-01
9.992889999999999828e-01 9.962520000000000264e-01 9.969660000000000188e-01 9.991700000000000026e-01 9.984420000000000517e-01 9.983859999999999957e-01 9.847010000000000485e-01 9.970919999999999783e-01
9.990280000000000271e-01 9.989390000000000214e-01 9.894420000000000437e-01 9.998399999999999510e-01 9.987690000000000179e-01 9.983039999999999692e-01 9.985129999999999839e-01 9.985500000000000487e-01
9.948939999999999451e-01 9.875169999999999781e-01 9.893020000000000147e-01 9.960909999999999487e-01 9.991820000000000146e-01 9.978719999999999812e-01 9.975870000000000015e-01 9.996049999999999658e-01
9.996800000000000130e-01 9.981360000000000232e-01 9.849909999999999499e-01 9.935720000000000107e-01 9.991360000000000241e-01 9.674089999999999634e-01 9.966300000000000159e-01 9.996580000000000465e-01
9.950160000000000116e-01 9.991320000000000201e-01 9.890090000000000270e-01 9.986359999999999681e-01 9.985150000000000414e-01 9.834880000000000289e-01 9.725589999999999513e-01 9.979999999999999982e-01
9.976850000000000440e-01 9.974260000000000348e-01 9.854939999999999811e-01 9.984450000000000269e-01 9.987570000000000059e-01 9.998299999999999965e-01 9.982900000000000107e-01 9.967540000000000289e-01
9.979740000000000277e-01 9.961959999999999704e-01 9.999780000000000335e-01 9.984809999999999519e-01 9.928979999999999473e-01 9.962079999999999824e-01 9.976369999999999960e-01 9.916399999999999659e-01
9.977770000000000250e-01 9.966390000000000526e-01 9.988050000000000539e-01 9.994229999999999503e-01 9.704319999999999613e-01 9.962480000000000224e-01 9.991910000000000514e-01 9.756939999999999502e-01
9.676759999999999806e-01 9.959550000000000347e-01 9.976690000000000280e-01 9.901189999999999714e-01 9.855199999999999516e-01 9.937500000000000222e-01 9.808059999999999556e-01 9.968369999999999731e-01
9.871320000000000094e-01 9.978200000000000403e-01 9.992900000000000116e-01 9.933380000000000543e-01 9.943159999999999776e-01 9.907850000000000268e-01 9.938850000000000184e-01 9.761400000000000077e-01
9.977219999999999978e-01 9.945629999999999749e-01 9.978339999999999987e-01 9.991090000000000249e-01 9.988740000000000396e-01 9.816559999999999730e-01 9.988019999999999676e-01 9.922279999999999989e-01
9.718360000000000332e-01 9.932239999999999958e-01 9.949590000000000378e-01 9.992790000000000283e-01 9.900560000000000471e-01 9.822849999999999637e-01 9.766219999999999901e-01 9.984849999999999559e-01
9.961360000000000214e-01 9.813319999999999821e-01 9.925420000000000353e-01 9.827730000000000077e-01 9.942029999999999479e-01 9.902530000000000499e-01 9.939900000000000402e-01 9.984549999999999814e-01
9.993140000000000356e-01 9.959529999999999772e-01 9.977660000000000418e-01 9.931149999999999700e-01 9.982539999999999747e-01 9.972509999999999986e-01 9.985969999999999569e-01 9.937040000000000317e-01
9.979949999999999655e-01 9.950970000000000093e-01 9.973300000000000498e-01 9.751109999999999500e-01 9.901860000000000106e-01 9.979200000000000292e-01 9.908940000000000525e-01 9.932900000000000063e-01
9.908719999999999750e-01 9.980290000000000550e-01 9.973520000000000163e-01 9.989000000000000101e-01 9.996899999999999675e-01 9.981820000000000137e-01 9.982259999999999467e-01 9.964539999999999509e-01
9.779139999999999500e-01 9.984290000000000109e-01 9.981139999999999457e-01 9.920379999999999754e-01 9.966709999999999736e-01 9.996760000000000090e-01 9.931029999999999580e-01 9.829290000000000527e-01
9.882330000000000281e-01 9.890250000000000430e-01 9.976869999999999905e-01 9.988320000000000531e-01 9.988270000000000204e-01 9.980259999999999687e-01 9.977859999999999507e-01 9.929069999999999840e-01
9.905800000000000161e-01 9.987890000000000379e-01 9.991280000000000161e-01 9.965079999999999494e-01 9.990949999999999553e-01 9.994260000000000366e-01 9.971440000000000303e-01 9.987890000000000379e-01
9.885620000000000518e-01 9.978759999999999852e-01 9.861940000000000150e-01 9.998820000000000485e-01 9.991160000000000041e-01 9.940999999999999837e-01 9.976390000000000535e-01 9.765829999999999789e-01
9.894429999999999614e-01 9.901339999999999586e-01 9.987369999999999859e-01 9.999630000000000463e-01 9.993300000000000516e-01 9.765239999999999476e-01 9.786369999999999791e-01 9.982060000000000377e-01
9.838609999999999856e-01 9.976909999999999945e-01 9.959710000000000507e-01 9.965110000000000356e-01 9.969980000000000508e-01 9.859440000000000426e-01 9.982339999999999547e-01 9.941590000000000149e-01
9.968590000000000506e-01 9.990240000000000231e-01 9.986359999999999681e-01 9.902490000000000459e-01 9.996129999999999738e-01 9.915610000000000257e-01 9.995880000000000321e-01 9.975570000000000270e-01
9.996329999999999938e-01 9.971320000000000183e-01 9.974899999999999878e-01 9.819679999999999520e-01 9.809679999999999511e-01 9.953830000000000178e-01 9.988460000000000116e-01 9.996220000000000105e-01
9.961090000000000222e-01 9.792769999999999531e-01 9.981020000000000447e-01 9.781849999999999712e-01 9.987810000000000299e-01 9.942699999999999871e-01 9.762640000000000207e-01 9.993109999999999493e-01
9.994300000000000406e-01 9.963670000000000027e-01 9.980529999999999680e-01 9.979770000000000030e-01 9.791539999999999688e-01 9.997589999999999533e-01 9.821060000000000345e-01 9.999540000000000095e-01
9.976329999999999920e-01 9.981630000000000225e-01 9.933349999999999680e-01 9.965950000000000086e-01 9.885380000000000278e-01 9.972900000000000098e-01 9.974589999999999845e-01 9.979299999999999837e-01
9.975100000000000078e-01 9.992950000000000443e-01 9.747540000000000093e-01 9.923809999999999576e-01 9.982729999999999659e-01 9.962140000000000439e-01 9.997610000000000108e-01 9.679780000000000051e-01
9.990520000000000511e-01 9.978839999999999932e-01 9.958129999999999482e-01 9.986890000000000489e-01 9.983410000000000339e-01 9.946159999999999446e-01 9.885920000000000263e-01 9.772530000000000383e-01
9.811879999999999491e-01 9.991379999999999706e-01 9.940970000000000084e-01 9.771349999999999758e-01 9.915800000000000169e-01 9.956009999999999582e-01 9.639119999999999910e-01 9.958430000000000337e-01
9.979400000000000492e-01 9.974579999999999558e-01 9.960409999999999542e-01 9.809660000000000046e-01 9.973199999999999843e-01 9.956089999999999662e-01 9.970029999999999726e-01 9.966500000000000359e-01
9.917380000000000084e-01 9.973239999999999883e-01 9.990139999999999576e-01 9.900369999999999449e-01 9.960290000000000532e-01 9.973539999999999628e-01 9.899489999999999679e-01 9.968169999999999531e-01
9.917869999999999742e-01 9.973009999999999931e-01 9.998740000000000405e-01 9.949850000000000083e-01 9.984939999999999927e-01 9.895789999999999864e-01 9.977260000000000018e-01 9.952550000000000008e-01
9.956939999999999680e-01 9.976300000000000168e-01 9.947080000000000366e-01 9.718909999999999494e-01 9.994049999999999878e-01 9.996199999999999530e-01 9.966059999999999919e-01 9.993670000000000053e-01
9.993760000000000421e-01 9.940839999999999677e-01 9.976549999999999585e-01 9.960139999999999549e-01 9.987970000000000459e-01 9.924699999999999633e-01 9.797259999999999858e-01 9.981400000000000272e-01
9.986899999999999666e-01 9.971900000000000208e-01 9.819329999999999448e-01 9.905450000000000088e-01 9.944049999999999834e-01 9.710429999999999895e-01 9.582030000000000269e-01 9.888259999999999827e-01
9.999050000000000438e-01 9.987009999999999499e-01 9.767390000000000239e-01 9.941119999999999957e-01 9.983079999999999732e-01 9.973659999999999748e-01 9.938540000000000152e-01 9.910039999999999960e-01
9.879679999999999573e-01 9.977850000000000330e-01 9.998289999999999678e-01 9.977319999999999522e-01 9.967190000000000216e-01 9.977859999999999507e-01 9.998540000000000205e-01 9.785059999999999869e-01
9.957249999999999712e-01 9.962980000000000169e-01 9.812520000000000131e-01 9.939700000000000202e-01 9.719790000000000374e-01 9.979770000000000030e-01 9.992229999999999723e-01 9.938040000000000207e-01
9.789830000000000476e-01 9.947610000000000063e-01 9.969369999999999621e-01 9.941320000000000157e-01 9.989540000000000086e-01 9.976209999999999800e-01 9.979249999999999510e-01 9.977939999999999587e-01
9.968169999999999531e-01 9.948420000000000041e-01 9.926230000000000331e-01 9.974520000000000053e-01 9.988380000000000036e-01 9.763830000000000009e-01 9.979209999999999470e-01 9.957399999999999585e-01
9.871849999999999792e-01 9.982159999999999922e-01 9.965260000000000229e-01 9.954370000000000163e-01 9.954309999999999548e-01 9.968219999999999859e-01 9.998169999999999558e-01 9.975800000000000223e-01
9.987150000000000194e-01 9.953819999999999890e-01 9.988089999999999469e-01 9.988169999999999549e-01 9.991630000000000233e-01 9.977930000000000410e-01 9.966490000000000071e-01 9.950050000000000283e-01
9.949299999999999811e-01 9.973999999999999533e-01 9.907099999999999795e-01 9.815949999999999953e-01 9.938099999999999712e-01 9.924979999999999913e-01 9.999409999999999688e-01 9.959099999999999620e-01
9.910200000000000120e-01 9.951339999999999630e-01 9.973170000000000091e-01 9.917059999999999764e-01 9.990529999999999688e-01 9.842870000000000230e-01 9.964690000000000492e-01 9.843830000000000080e-01
9.815139999999999976e-01 9.967329999999999801e-01 9.913340000000000485e-01 9.971299999999999608e-01 9.997779999999999445e-01 9.988439999999999541e-01 9.837430000000000341e-01 9.991499999999999826e-01
9.938409999999999744e-01 9.923300000000000454e-01 9.974499999999999478e-01 9.980879999999999752e-01 9.938930000000000264e-01 9.997949999999999893e-01 9.998789999999999623e-01 9.960599999999999454e-01
9.991510000000000113e-01 9.800619999999999887e-01 9.815469999999999473e-01 9.896399999999999642e-01 9.986070000000000224e-01 9.973919999999999453e-01 9.995720000000000161e-01 9.915950000000000042e-01
9.979270000000000085e-01 9.609339999999999549e-01 9.972039999999999793e-01 9.939970000000000194e-01 9.915169999999999817e-01 9.982109999999999594e-01 9.975789999999999935e-01 9.931630000000000180e-01
9.965129999999999821e-01 9.950980000000000381e-01 9.985399999999999832e-01 9.964840000000000364e-01 9.966289999999999871e-01 9.998829999999999663e-01 9.734230000000000382e-01 9.766029999999999989e-01
9.933929999999999705e-01 9.842919999999999447e-01 9.950970000000000093e-01 9.998460000000000125e-01 9.971970000000000001e-01 9.976920000000000233e-01 9.858350000000000168e-01 9.997009999999999508e-01
9.703239999999999643e-01 9.950290000000000523e-01 9.999519999999999520e-01 9.975249999999999950e-01 9.976819999999999578e-01 9.968179999999999819e-01 9.997759999999999980e-01 9.842990000000000350e-01
9.943629999999999969e-01 9.814140000000000086e-01 9.792739999999999778e-01 9.956420000000000270e-01 9.973600000000000243e-01 9.852090000000000014e-01 9.973790000000000155e-01 9.957770000000000232e-01
9.858000000000000096e-01 9.981020000000000447e-01 9.976599999999999913e-01 9.899289999999999479e-01 9.952800000000000535e-01 9.957150000000000167e-01 9.984929999999999639e-01 9.811079999999999801e-01
9.943539999999999601e-01 9.976129999999999720e-01 9.992990000000000483e-01 9.909170000000000478e-01 9.977639999999999842e-01 9.948919999999999986e-01 9.954629999999999868e-01 9.850980000000000292e-01
9.966829999999999856e-01 9.964790000000000036e-01 9.947059999999999791e-01 9.979850000000000110e-01 9.940689999999999804e-01 9.944530000000000314e-01 9.919050000000000367e-01 9.993469999999999853e-01
9.859909999999999508e-01 9.987390000000000434e-01 9.851820000000000022e-01 9.975570000000000270e-01 9.991529999999999578e-01 9.996239999999999570e-01 9.886099999999999888e-01 9.908700000000000285e-01
9.989050000000000429e-01 9.984880000000000422e-01 9.947620000000000351e-01 9.828850000000000087e-01 9.906070000000000153e-01 9.787369999999999681e-01 9.685439999999999605e-01 9.965060000000000029e-01
9.959630000000000427e-01 9.980250000000000510e-01 9.963589999999999947e-01 9.909559999999999480e-01 9.806780000000000497e-01 9.947479999999999656e-01 9.879999999999999893e-01 9.747460000000000013e-01
9.974119999999999653e-01 9.985960000000000392e-01 9.987890000000000379e-01 9.990630000000000344e-01 9.964899999999999869e-01 9.961879999999999624e-01 9.983649999999999469e-01 9.951320000000000165e-01
9.941349999999999909e-01 9.892619999999999747e-01 9.992429999999999923e-01 9.980219999999999647e-01 9.949609999999999843e-01 9.968350000000000266e-01 9.968310000000000226e-01 9.948719999999999786e-01
9.940900000000000292e-01 9.892739999999999867e-01 9.997049999999999548e-01 9.969059999999999588e-01 9.980369999999999520e-01 9.843640000000000168e-01 9.949449999999999683e-01 9.907770000000000188e-01
9.950849999999999973e-01 9.972389999999999866e-01 9.969459999999999988e-01 9.907059999999999755e-01 9.965990000000000126e-01 9.964380000000000459e-01 9.892980000000000107e-01 9.978630000000000555e-01
9.984779999999999767e-01 9.977570000000000050e-01 9.923520000000000119e-01 9.976019999999999888e-01 9.967139999999999889e-01 9.997449999999999948e-01 9.995460000000000456e-01 9.961699999999999999e-01
9.796390000000000375e-01 9.761959999999999527e-01 9.970940000000000358e-01 9.996439999999999770e-01 9.992259999999999476e-01 9.941879999999999606e-01 9.906650000000000178e-01 9.972490000000000521e-01
9.962520000000000264e-01 9.972109999999999586e-01 9.914720000000000200e-01 9.948630000000000528e-01 9.963940000000000019e-01 9.963629999999999987e-01 9.995669999999999833e-01 9.852790000000000159e-01
9.855000000000000426e-01 9.985629999999999784e-01 9.977559999999999762e-01 9.915030000000000232e-01 9.983689999999999509e-01 9.989860000000000406e-01 9.724789999999999823e-01 9.825930000000000497e-01
9.992990000000000483e-01 9.939310000000000089e-01 9.993300000000000516e-01 9.825019999999999865e-01 9.975500000000000478e-01 9.781830000000000247e-01 9.929369999999999585e-01 9.974549999999999805e-01
9.983370000000000299e-01 9.789870000000000516e-01 9.962239999999999984e-01 9.984119999999999662e-01 9.675310000000000299e-01 9.920309999999999961e-01 9.978200000000000403e-01 9.978409999999999780e-01
9.846580000000000332e-01 9.987000000000000322e-01 9.960630000000000317e-01 9.960529999999999662e-01 9.966399999999999704e-01 9.988590000000000524e-01 9.974340000000000428e-01 9.816390000000000393e-01
9.989529999999999799e-01 9.992419999999999636e-01 9.902750000000000163e-01 9.812640000000000251e-01 9.989419999999999966e-01 9.893880000000000452e-01 9.991989999999999483e-01 9.911010000000000097e-01
9.980539999999999967e-01 9.985429999999999584e-01 9.945249999999999924e-01 9.973049999999999971e-01 9.995760000000000201e-01 9.979120000000000212e-01 9.947249999999999703e-01 9.997770000000000268e-01
9.984150000000000524e-01 9.845180000000000042e-01 9.983689999999999509e-01 9.888289999999999580e-01 9.987279999999999491e-01 9.990210000000000479e-01 9.786679999999999824e-01 9.987660000000000426e-01
9.853570000000000384e-01 9.947829999999999728e-01 9.891379999999999617e-01 9.971440000000000303e-01 9.926850000000000396e-01 9.698839999999999684e-01 9.783739999999999659e-01 9.735909999999999842e-01
9.993049999999999988e-01 9.933319999999999927e-01 9.882549999999999946e-01 9.894669999999999854e-01 9.907259999999999955e-01 9.845220000000000082e-01 9.976930000000000520e-01 9.985559999999999992e-01
9.968299999999999939e-01 9.949069999999999858e-01 9.985030000000000294e-01 9.961649999999999672e-01 9.971029999999999616e-01 9.997340000000000115e-01 9.949829999999999508e-01 9.977709999999999635e-01
9.973720000000000363e-01 9.993269999999999653e-01 9.928810000000000136e-01 9.988700000000000356e-01 9.995829999999999993e-01 9.993739999999999846e-01 9.996410000000000018e-01 9.919750000000000512e-01
9.990569999999999729e-01 9.749849999999999905e-01 9.942919999999999536e-01 9.744089999999999696e-01 9.957639999999999825e-01 9.978110000000000035e-01 9.964159999999999684e-01 9.929200000000000248e-01
9.978529999999999900e-01 9.992579999999999796e-01 9.960489999999999622e-01 9.994389999999999663e-01 9.939400000000000457e-01 9.990160000000000151e-01 9.890139999999999487e-01 9.957620000000000360e-01
9.980250000000000510e-01 9.988890000000000269e-01 9.928730000000000055e-01 9.938059999999999672e-01 9.972269999999999746e-01 9.959510000000000307e-01 9.921529999999999516e-01 9.992140000000000466e-01
9.958460000000000090e-01 9.845540000000000402e-01 9.998019999999999685e-01 9.964610000000000412e-01 9.984070000000000444e-01 9.966720000000000024e-01 9.962400000000000144e-01 9.944309999999999539e-01
9.966610000000000191e-01 9.982159999999999922e-01 9.937820000000000542e-01 9.994659999999999656e-01 9.953779999999999850e-01 9.965899999999999759e-01 9.997420000000000195e-01 9.976969999999999450e-01
9.986819999999999586e-01 9.942710000000000159e-01 9.970250000000000501e-01 9.937880000000000047e-01 9.963680000000000314e-01 9.788660000000000139e-01 9.822870000000000212e-01 9.989360000000000461e-01
9.936479999999999757e-01 9.992250000000000298e-01 9.966840000000000144e-01 9.917209999999999637e-01 9.975800000000000223e-01 9.814009999999999678e-01 9.824920000000000320e-01 9.997430000000000483e-01
9.995810000000000528e-01 9.990400000000000391e-01 9.965840000000000254e-01 9.876019999999999799e-01 9.977770000000000250e-01 9.431890000000000551e-01 9.989339999999999886e-01 9.837430000000000341e-01
9.966260000000000119e-01 9.935140000000000082e-01 9.844549999999999690e-01 9.981999999999999762e-01 9.965460000000000429e-01 9.912790000000000212e-01 9.995260000000000256e-01 9.976410000000000000e-01
9.783870000000000067e-01 9.772089999999999943e-01 9.994049999999999878e-01 9.967829999999999746e-01 9.970299999999999718e-01 9.994239999999999791e-01 9.829630000000000312e-01 9.916840000000000099e-01
9.983300000000000507e-01 9.766810000000000214e-01 9.993950000000000333e-01 9.940930000000000044e-01 9.792290000000000161e-01 9.894810000000000549e-01 9.836070000000000091e-01 9.963490000000000402e-01
9.975370000000000070e-01 9.886230000000000295e-01 9.960820000000000229e-01 9.963509999999999867e-01 9.995929999999999538e-01 9.931740000000000013e-01 9.856759999999999966e-01 9.909700000000000175e-01
9.998089999999999478e-01 9.999660000000000215e-01 9.370929999999999538e-01 9.875669999999999726e-01 9.843809999999999505e-01 9.993400000000000061e-01 9.929719999999999658e-01 9.794329999999999981e-01
9.977139999999999898e-01 9.928169999999999495e-01 9.984539999999999527e-01 9.992760000000000531e-01 9.966749999999999776e-01 9.955199999999999605e-01 9.940569999999999684e-01 9.975070000000000325e-01
9.864600000000000035e-01 9.795719999999999983e-01 9.974730000000000540e-01 9.945119999999999516e-01 9.597059999999999480e-01 9.956089999999999662e-01 9.974450000000000260e-01 9.857369999999999743e-01
9.930660000000000043e-01 9.980419999999999847e-01 9.863880000000000425e-01 9.846120000000000427e-01 9.887989999999999835e-01 9.982269999999999754e-01 9.956139999999999990e-01 9.684749999999999748e-01
9.902840000000000531e-01 9.939540000000000042e-01 9.929280000000000328e-01 9.983020000000000227e-01 9.993699999999999806e-01 9.962389999999999857e-01 9.973140000000000338e-01 9.974239999999999773e-01
9.996439999999999770e-01 9.972010000000000041e-01 9.990019999999999456e-01 9.881149999999999656e-01 9.985180000000000167e-01 9.963729999999999531e-01 9.955220000000000180e-01 9.844870000000000010e-01
9.972339999999999538e-01 9.953729999999999523e-01 9.914720000000000200e-01 9.945159999999999556e-01 9.915969999999999507e-01 9.989379999999999926e-01 9.984589999999999854e-01 9.983760000000000412e-01
9.828689999999999927e-01 9.985549999999999704e-01 9.970499999999999918e-01 9.971320000000000183e-01 9.740760000000000529e-01 9.980379999999999807e-01 9.967810000000000281e-01 9.871339999999999559e-01
9.951459999999999750e-01 9.622699999999999587e-01 9.922959999999999559e-01 9.990329999999999488e-01 9.977960000000000163e-01 9.952870000000000328e-01 9.984389999999999654e-01 9.970639999999999503e-01
9.929449999999999665e-01 9.926669999999999661e-01 9.835519999999999818e-01 9.988690000000000069e-01 9.957749999999999657e-01 9.984960000000000502e-01 9.925709999999999811e-01 9.985129999999999839e-01
9.983680000000000332e-01 9.954460000000000530e-01 9.999259999999999815e-01 9.992999999999999661e-01 9.982999999999999652e-01 9.942560000000000286e-01 9.987759999999999971e-01 9.733910000000000062e-01
9.995039999999999480e-01 9.910459999999999825e-01 9.890550000000000175e-01 9.997810000000000308e-01 9.979649999999999910e-01 9.906549999999999523e-01 9.926819999999999533e-01 9.971959999999999713e-01
9.974239999999999773e-01 9.895709999999999784e-01 9.983980000000000077e-01 9.787209999999999521e-01 9.977709999999999635e-01 9.903729999999999478e-01 9.908259999999999845e-01 9.754869999999999930e-01
9.988609999999999989e-01 9.989160000000000261e-01 9.990029999999999744e-01 9.990010000000000279e-01 9.979710000000000525e-01 9.786650000000000071e-01 9.923920000000000519e-01 9.982710000000000194e-01
9.980229999999999935e-01 9.846939999999999582e-01 9.980609999999999760e-01 9.699119999999999964e-01 9.953039999999999665e-01 9.985230000000000494e-01 9.963459999999999539e-01 9.998219999999999885e-01
9.971970000000000001e-01 9.933710000000000040e-01 9.994129999999999958e-01 9.976519999999999833e-01 9.860309999999999908e-01 9.980710000000000415e-01 9.872069999999999457e-01 9.406499999999999861e-01
9.919999999999999929e-01 9.975490000000000190e-01 9.738289999999999447e-01 9.851860000000000062e-01 9.859390000000000098e-01 9.973760000000000403e-01 9.997890000000000388e-01 9.887259999999999938e-01
9.973689999999999500e-01 9.751429999999999820e-01 9.969200000000000284e-01 9.973400000000000043e-01 9.777000000000000135e-01 9.969160000000000244e-01 9.942689999999999584e-01 9.975680000000000103e-01
9.990630000000000344e-01 9.937510000000000510e-01 9.977209999999999690e-01 9.994910000000000183e-01 9.971200000000000063e-01 9.796230000000000215e-01 9.999440000000000550e-01 9.982539999999999747e-01
9.967869999999999786e-01 9.980350000000000055e-01 9.852410000000000334e-01 9.980449999999999600e-01 9.984619999999999607e-01 9.875920000000000254e-01 9.783709999999999907e-01 9.997639999999999860e-01
9.783070000000000377e-01 9.910839999999999650e-01 9.946129999999999693e-01 9.970329999999999471e-01 9.926639999999999908e-01 9.936890000000000445e-01 9.874929999999999541e-01 9.995960000000000401e-01
9.974950000000000205e-01 9.985939999999999817e-01 9.920740000000000114e-01 9.709149999999999725e-01 9.965450000000000141e-01 9.979810000000000070e-01 9.817449999999999788e-01 9.977449999999999930e-01
9.988010000000000499e-01 9.990419999999999856e-01 9.988799999999999901e-01 9.915669999999999762e-01 9.966540000000000399e-01 9.989999999999999991e-01 9.979329999999999590e-01 9.942180000000000462e-01
9.949519999999999476e-01 9.968820000000000459e-01 9.975880000000000303e-01 9.971430000000000016e-01 9.736070000000000002e-01 9.884810000000000541e-01 9.997249999999999748e-01 9.981769999999999810e-01
9.960510000000000197e-01 9.969770000000000021e-01 9.937310000000000310e-01 9.984629999999999894e-01 9.844049999999999745e-01 9.976049999999999640e-01 9.934579999999999522e-01 9.970649999999999791e-01
9.755239999999999467e-01 9.757780000000000342e-01 9.937610000000000054e-01 9.939839999999999787e-01 9.976230000000000375e-01 9.952609999999999513e-01 9.986340000000000217e-01 9.904159999999999631e-01
9.921879999999999589e-01 9.962550000000000017e-01 9.971520000000000383e-01 9.978449999999999820e-01 9.972680000000000433e-01 9.905420000000000336e-01 9.445200000000000262e-01 9.974020000000000108e-01
9.770600000000000396e-01 9.802659999999999707e-01 9.978280000000000483e-01 9.730440000000000200e-01 9.890039999999999942e-01 9.942699999999999871e-01 9.951429999999999998e-01 9.897650000000000059e-01
9.757439999999999447e-01 9.972640000000000393e-01 9.902320000000000011e-01 9.999519999999999520e-01 9.923380000000000534e-01 9.989789999999999504e-01 9.926580000000000403e-01 9.881919999999999593e-01
9.983070000000000555e-01 9.970080000000000053e-01 9.942189999999999639e-01 9.987350000000000394e-01 9.845140000000000002e-01 9.777350000000000207e-01 9.950210000000000443e-01 9.983199999999999852e-01
9.950670000000000348e-01 9.992990000000000483e-01 9.963610000000000522e-01 9.964730000000000532e-01 9.948190000000000088e-01 9.794730000000000381e-01 9.997329999999999828e-01 9.990900000000000336e-01
9.990689999999999849e-01 9.985340000000000327e-01 9.985469999999999624e-01 9.756359999999999477e-01 9.978089999999999460e-01 9.993250000000000188e-01 9.992170000000000218e-01 9.898900000000000476e-01
9.992510000000000003e-01 9.910700000000000065e-01 9.903530000000000388e-01 9.983640000000000292e-01 9.955749999999999877e-01 9.876110000000000166e-01 9.820200000000000040e-01 9.983429999999999804e-01
9.990470000000000184e-01 9.983779999999999877e-01 9.942779999999999951e-01 9.981970000000000010e-01 9.893100000000000227e-01 9.982480000000000242e-01 9.999099999999999655e-01 9.969879999999999853e-01
9.912549999999999972e-01 9.986410000000000009e-01 9.920369999999999466e-01 9.931959999999999678e-01 9.793110000000000426e-01 9.788879999999999804e-01 9.999010000000000398e-01 9.920980000000000354e-01
9.841039999999999788e-01 9.966220000000000079e-01 9.970189999999999886e-01 9.983030000000000515e-01 9.802380000000000537e-01 9.597580000000000000e-01 9.975060000000000038e-01 9.714359999999999662e-01
9.783089999999999842e-01 9.979620000000000157e-01 9.879269999999999996e-01 9.837449999999999806e-01 9.971659999999999968e-01 9.941130000000000244e-01 9.941539999999999822e-01 9.998240000000000460e-01
9.998449999999999838e-01 9.942010000000000014e-01 9.978730000000000100e-01 9.988380000000000036e-01 9.939139999999999642e-01 9.963340000000000529e-01 9.892549999999999955e-01 9.931299999999999573e-01
9.970879999999999743e-01 9.968470000000000386e-01 9.991799999999999571e-01 9.951839999999999575e-01 9.982619999999999827e-01 9.993800000000000461e-01 9.915599999999999969e-01 9.998949999999999783e-01
9.968580000000000219e-01 9.975079999999999503e-01 9.981870000000000465e-01 9.845070000000000210e-01 9.563279999999999559e-01 9.979980000000000517e-01 9.951250000000000373e-01 9.966490000000000071e-01
9.904519999999999991e-01 9.977319999999999522e-01 9.972569999999999490e-01 9.989820000000000366e-01 9.976610000000000200e-01 9.751750000000000140e-01 9.796019999999999728e-01 9.778729999999999922e-01
9.955850000000000533e-01 9.925119999999999498e-01 9.822119999999999740e-01 9.941330000000000444e-01 9.966770000000000351e-01 9.984030000000000404e-01 9.877439999999999554e-01 9.985589999999999744e-01
9.949219999999999731e-01 9.994650000000000478e-01 9.808160000000000212e-01 9.986439999999999761e-01 9.973549999999999915e-01 9.728560000000000541e-01 9.889080000000000092e-01 9.923239999999999839e-01
9.976690000000000280e-01 9.997089999999999588e-01 9.954499999999999460e-01 9.881919999999999593e-01 9.985589999999999744e-01 9.990170000000000439e-01 9.811320000000000041e-01 9.983159999999999812e-01
9.634249999999999758e-01 9.951330000000000453e-01 9.796719999999999873e-01 9.946709999999999718e-01 9.953670000000000018e-01 9.997479999999999700e-01 9.961240000000000094e-01 9.985789999999999944e-01
9.867690000000000072e-01 9.883999999999999453e-01 9.985110000000000374e-01 9.737710000000000532e-01 9.965079999999999494e-01 9.832830000000000181e-01 9.989569999999999839e-01 9.920489999999999586e-01
9.990560000000000551e-01 9.757139999999999702e-01 9.977949999999999875e-01 9.749679999999999458e-01 9.944309999999999539e-01 9.781849999999999712e-01 9.999829999999999552e-01 9.826880000000000059e-01
9.959400000000000475e-01 9.982330000000000370e-01 9.829769999999999897e-01 9.958709999999999507e-01 9.969219999999999748e-01 9.909200000000000230e-01 9.968669999999999476e-01 9.944079999999999586e-01
9.796979999999999578e-01 9.946120000000000516e-01 9.978380000000000027e-01 9.998780000000000445e-01 9.808959999999999901e-01 9.932649999999999535e-01 9.963830000000000187e-01 9.984610000000000429e-01
9.935859999999999692e-01 9.995960000000000401e-01 9.807820000000000427e-01 9.992590000000000083e-01 9.738440000000000429e-01 9.992699999999999916e-01 9.776810000000000223e-01 9.977700000000000458e-01
9.993490000000000428e-01 9.991539999999999866e-01 9.998380000000000045e-01 9.946949999999999958e-01 9.997179999999999955e-01 9.802380000000000537e-01 9.858069999999999888e-01 9.991470000000000073e-01
9.976110000000000255e-01 9.804469999999999574e-01 9.969609999999999861e-01 9.993560000000000221e-01 9.811480000000000201e-01 9.955669999999999797e-01 9.789219999999999589e-01 9.933229999999999560e-01
9.974110000000000475e-01 9.988930000000000309e-01 9.982410000000000450e-01 9.626700000000000257e-01 9.937679999999999847e-01 9.974840000000000373e-01 9.990580000000000016e-01 9.950189999999999868e-01
9.975850000000000550e-01 9.814840000000000231e-01 9.972699999999999898e-01 9.997230000000000283e-01 9.985089999999999799e-01 9.962830000000000297e-01 9.657529999999999726e-01 9.969090000000000451e-01
9.975230000000000485e-01 9.858390000000000208e-01 9.996150000000000313e-01 9.916469999999999452e-01 9.816829999999999723e-01 9.904849999999999488e-01 9.994539999999999536e-01 9.996519999999999850e-01
9.976340000000000208e-01 9.978930000000000300e-01 9.620739999999999847e-01 9.986390000000000544e-01 9.983419999999999517e-01 9.976859999999999618e-01 9.984359999999999902e-01 9.915340000000000265e-01
9.736770000000000147e-01 9.958559999999999635e-01 9.937190000000000190e-01 9.973520000000000163e-01 9.972889999999999810e-01 9.994279999999999831e-01 9.977530000000000010e-01 9.978010000000000490e-01
9.984690000000000509e-01 9.861739999999999950e-01 9.952600000000000335e-01 9.996789999999999843e-01 9.985479999999999912e-01 9.997599999999999820e-01 9.978869999999999685e-01 9.970780000000000198e-01
9.929689999999999905e-01 9.980980000000000407e-01 9.971579999999999888e-01 9.998089999999999478e-01 9.656670000000000531e-01 9.939139999999999642e-01 9.962499999999999689e-01 9.755629999999999580e-01
9.960149999999999837e-01 9.816489999999999938e-01 9.989710000000000534e-01 9.963950000000000307e-01 9.761649999999999494e-01 9.960689999999999822e-01 9.972090000000000121e-01 9.941119999999999957e-01
9.954579999999999540e-01 9.914060000000000095e-01 9.972440000000000193e-01 9.921379999999999644e-01 9.968200000000000394e-01 9.977500000000000258e-01 9.978709999999999525e-01 9.941429999999999989e-01
9.994349999999999623e-01 9.897299999999999986e-01 9.810330000000000439e-01 9.955619999999999470e-01 9.995399999999999840e-01 9.997479999999999700e-01 9.990259999999999696e-01 9.995260000000000256e-01
9.967780000000000529e-01 9.985789999999999944e-01 9.967840000000000034e-01 9.970839999999999703e-01 9.990590000000000304e-01 9.906519999999999770e-01 9.992839999999999501e-01 9.994600000000000151e-01
9.969310000000000116e-01 9.700689999999999591e-01 9.971900000000000208e-01 9.986890000000000489e-01 9.978409999999999780e-01 9.741119999999999779e-01 9.974030000000000395e-01 9.989620000000000166e-01
9.992579999999999796e-01 9.979710000000000525e-01 9.970250000000000501e-01 9.970660000000000078e-01 9.981999999999999762e-01 9.887280000000000513e-01 9.752220000000000333e-01 9.957209999999999672e-01
9.939980000000000482e-01 9.957840000000000025e-01 9.844469999999999610e-01 9.947829999999999728e-01 9.991409999999999458e-01 9.985279999999999712e-01 9.985610000000000319e-01 9.962919999999999554e-01
9.903990000000000293e-01 9.957700000000000440e-01 9.967570000000000041e-01 9.981740000000000057e-01 9.896810000000000329e-01 9.999080000000000190e-01 9.791590000000000016e-01 9.986199999999999521e-01
9.968120000000000314e-01 9.922100000000000364e-01 9.950449999999999573e-01 9.937470000000000470e-01 9.958080000000000265e-01 9.845819999999999572e-01 9.974859999999999838e-01 9.977510000000000545e-01
9.981670000000000265e-01 9.986549999999999594e-01 9.970609999999999751e-01 9.962349999999999817e-01 9.995640000000000081e-01 9.971360000000000223e-01 9.886650000000000160e-01 9.882889999999999731e-01
9.707729999999999970e-01 9.922410000000000396e-01 9.953940000000000010e-01 9.650290000000000257e-01 9.932530000000000525e-01 9.985770000000000479e-01 9.994340000000000446e-01 9.949080000000000146e-01
9.984110000000000484e-01 9.931179999999999453e-01 9.988470000000000404e-01 9.977169999999999650e-01 9.987709999999999644e-01 9.936009999999999565e-01 9.891379999999999617e-01 9.987150000000000194e-01
9.960989999999999567e-01 9.922290000000000276e-01 9.984579999999999567e-01 9.962060000000000359e-01 9.797900000000000498e-01 9.975460000000000438e-01 9.973130000000000051e-01 9.981950000000000545e-01
9.984990000000000254e-01 9.963359999999999994e-01 9.980999999999999872e-01 9.975990000000000135e-01 9.974319999999999853e-01 9.991839999999999611e-01 9.993750000000000133e-01 9.987500000000000266e-01
9.995230000000000503e-01 9.851299999999999502e-01 9.865899999999999670e-01 9.933779999999999832e-01 9.955800000000000205e-01 9.995749999999999913e-01 9.790229999999999766e-01 9.991330000000000489e-01
9.981480000000000352e-01 9.935100000000000042e-01 9.789210000000000411e-01 9.644080000000000430e-01 9.967570000000000041e-01 9.975519999999999943e-01 9.986150000000000304e-01 9.973670000000000035e-01
9.950449999999999573e-01 9.979869999999999575e-01 9.974650000000000460e-01 9.580170000000000075e-01 9.978139999999999787e-01 9.975779999999999648e-01 9.978470000000000395e-01 9.991130000000000289e-01
9.888890000000000180e-01 9.962130000000000152e-01 9.731210000000000138e-01 9.801389999999999825e-01 9.967629999999999546e-01 9.983830000000000204e-01 9.738560000000000549e-01 9.964089999999999892e-01
9.970350000000000046e-01 9.991959999999999731e-01 9.792729999999999491e-01 9.948339999999999961e-01 9.955779999999999630e-01 9.980299999999999727e-01 9.974439999999999973e-01 9.691410000000000302e-01
9.816279999999999450e-01 9.943220000000000391e-01 9.885239999999999583e-01 9.966490000000000071e-01 9.985349999999999504e-01 9.964110000000000467e-01 9.990259999999999696e-01 9.894359999999999822e-01
9.995739999999999625e-01 9.921459999999999724e-01 9.989350000000000174e-01 9.978609999999999980e-01 9.997139999999999915e-01 9.955650000000000333e-01 9.931839999999999558e-01 9.921940000000000204e-01
9.928649999999999975e-01 9.813979999999999926e-01 9.959780000000000300e-01 9.912689999999999557e-01 9.978930000000000300e-01 9.890729999999999800e-01 9.999919999999999920e-01 9.958369999999999722e-01
9.837960000000000038e-01 9.966660000000000519e-01 9.946070000000000189e-01 9.949989999999999668e-01 9.973180000000000378e-01 9.970379999999999798e-01 9.846789999999999710e-01 9.983579999999999677e-01
9.983840000000000492e-01 9.978559999999999652e-01 9.748149999999999871e-01 9.978979999999999517e-01 9.942299999999999471e-01 9.859830000000000538e-01 9.967030000000000056e-01 9.994269999999999543e-01
9.913990000000000302e-01 9.907679999999999820e-01 9.980679999999999552e-01 9.982170000000000210e-01 9.876880000000000104e-01 9.784990000000000077e-01 9.962910000000000377e-01 9.977690000000000170e-01
9.879700000000000149e-01 9.985359999999999792e-01 9.963149999999999507e-01 9.988219999999999876e-01 9.991370000000000529e-01 9.942480000000000206e-01 9.999670000000000503e-01 9.961510000000000087e-01
9.651729999999999476e-01 9.989050000000000429e-01 9.891410000000000480e-01 9.986310000000000464e-01 9.976080000000000503e-01 9.909639999999999560e-01 9.991830000000000434e-01 9.958939999999999459e-01
9.946230000000000349e-01 9.993189999999999573e-01 9.924279999999999768e-01 9.985840000000000272e-01 9.990160000000000151e-01 9.977700000000000458e-01 9.977920000000000122e-01 9.982739999999999947e-01
9.989660000000000206e-01 9.972539999999999738e-01 9.714859999999999607e-01 9.874600000000000044e-01 9.785869999999999846e-01 9.979810000000000070e-01 9.975600000000000023e-01 9.933440000000000047e-01
9.971830000000000416e-01 9.454740000000000366e-01 9.922569999999999446e-01 9.999799999999999800e-01 9.980470000000000175e-01 9.980160000000000142e-01 9.928970000000000296e-01 9.990900000000000336e-01
9.949069999999999858e-01 9.989400000000000501e-01 9.962459999999999649e-01 9.998010000000000508e-01 9.988740000000000396e-01 9.978489999999999860e-01 9.815340000000000176e-01 9.997460000000000235e-01
9.905709999999999793e-01 9.966829999999999856e-01 9.981459999999999777e-01 9.743889999999999496e-01 9.957249999999999712e-01 9.980529999999999680e-01 9.926190000000000291e-01 9.996110000000000273e-01
9.919860000000000344e-01 9.919090000000000407e-01 9.977409999999999890e-01 9.958770000000000122e-01 9.972410000000000441e-01 9.943769999999999554e-01 9.740410000000000457e-01 9.788559999999999484e-01
9.981560000000000432e-01 9.967209999999999681e-01 9.951740000000000030e-01 9.998879999999999990e-01 9.984899999999999887e-01 9.915899999999999714e-01 9.857839999999999936e-01 9.991910000000000514e-01
9.962569999999999482e-01 9.478490000000000526e-01 9.995020000000000016e-01 9.893579999999999597e-01 9.984560000000000102e-01 9.968700000000000339e-01 9.995279999999999720e-01 9.914450000000000207e-01
9.976019999999999888e-01 9.974750000000000005e-01 9.969289999999999541e-01 9.981830000000000425e-01 9.986380000000000257e-01 9.999019999999999575e-01 9.964950000000000196e-01 9.986450000000000049e-01
9.973030000000000506e-01 9.961109999999999687e-01 9.344719999999999693e-01 9.885279999999999623e-01 9.954499999999999460e-01 9.990959999999999841e-01 9.935629999999999740e-01 9.957449999999999912e-01
9.998150000000000093e-01 9.990299999999999736e-01 9.919210000000000527e-01 9.992490000000000538e-01 9.934100000000000152e-01 9.915880000000000249e-01 9.954579999999999540e-01 9.909210000000000518e-01
9.973440000000000083e-01 9.998409999999999798e-01 9.986249999999999849e-01 9.962079999999999824e-01 9.962779999999999969e-01 9.994969999999999688e-01 9.987970000000000459e-01 9.910229999999999873e-01
9.933269999999999600e-01 9.994760000000000311e-01 9.972010000000000041e-01 9.971940000000000248e-01 9.921229999999999771e-01 9.989350000000000174e-01 9.796179999999999888e-01 9.999360000000000470e-01
9.910419999999999785e-01 9.917540000000000244e-01 9.946430000000000549e-01 9.964950000000000196e-01 9.968069999999999986e-01 9.976829999999999865e-01 9.974960000000000493e-01 9.966899999999999649e-01
9.951640000000000486e-01 9.952100000000000390e-01 9.987660000000000426e-01 9.990369999999999528e-01 9.975730000000000430e-01 9.827390000000000292e-01 9.873089999999999922e-01 9.946709999999999718e-01
9.942549999999999999e-01 9.995699999999999585e-01 9.997059999999999835e-01 9.979749999999999455e-01 9.984020000000000117e-01 9.920550000000000201e-01 9.976620000000000488e-01 9.985770000000000479e-01
9.769349999999999978e-01 9.953400000000000025e-01 9.965060000000000029e-01 9.984530000000000349e-01 9.752769999999999495e-01 9.978970000000000340e-01 9.956319999999999615e-01 9.909639999999999560e-01
9.926289999999999836e-01 9.904140000000000166e-01 9.987219999999999986e-01 9.994389999999999663e-01 9.971189999999999776e-01 9.985249999999999959e-01 9.965439999999999854e-01 9.980780000000000207e-01
9.945460000000000411e-01 9.992280000000000051e-01 9.687270000000000048e-01 9.995309999999999473e-01 9.993929999999999758e-01 9.902910000000000323e-01 9.992159999999999931e-01 9.852760000000000407e-01
9.980580000000000007e-01 9.883819999999999828e-01 9.984899999999999887e-01 9.977789999999999715e-01 9.878489999999999771e-01 9.887350000000000305e-01 9.999160000000000270e-01 9.976279999999999593e-01
9.981069999999999665e-01 9.925730000000000386e-01 9.914110000000000422e-01 9.927780000000000493e-01 9.959379999999999900e-01 9.852370000000000294e-01 9.968850000000000211e-01 9.810769999999999769e-01
9.978329999999999700e-01 9.979980000000000517e-01 9.961560000000000414e-01 9.819719999999999560e-01 9.999379999999999935e-01 9.967350000000000376e-01 9.673680000000000057e-01 9.988780000000000436e-01
9.930870000000000530e-01 9.904509999999999703e-01 9.924079999999999568e-01 9.998799999999999910e-01 9.970919999999999783e-01 9.967219999999999969e-01 9.965140000000000109e-01 9.906049999999999578e-01
9.954229999999999468e-01 9.793279999999999763e-01 9.891830000000000345e-01 9.995589999999999753e-01 9.983229999999999604e-01 9.967880000000000074e-01 9.508739999999999970e-01 9.997279999999999500e-01
9.915899999999999714e-01 9.994349999999999623e-01 9.749600000000000488e-01 9.964349999999999596e-01 9.742629999999999901e-01 9.980940000000000367e-01 9.995880000000000321e-01 9.993079999999999741e-01
9.976920000000000233e-01 9.993469999999999853e-01 9.873659999999999659e-01 9.991459999999999786e-01 9.944429999999999659e-01 9.960210000000000452e-01 9.923729999999999496e-01 9.844089999999999785e-01
9.988369999999999749e-01 9.933939999999999992e-01 9.963060000000000249e-01 9.838649999999999896e-01 9.981419999999999737e-01 9.997300000000000075e-01 9.945610000000000284e-01 9.977629999999999555e-01
9.965349999999999486e-01 9.956829999999999847e-01 9.970940000000000358e-01 9.760790000000000299e-01 9.958479999999999555e-01 9.974819999999999798e-01 9.963800000000000434e-01 9.911969999999999947e-01
9.922309999999999741e-01 9.906409999999999938e-01 9.997840000000000060e-01 9.975030000000000285e-01 9.986070000000000224e-01 9.990440000000000431e-01 9.980780000000000207e-01 9.995910000000000073e-01
9.948970000000000313e-01 9.922429999999999861e-01 9.968580000000000219e-01 9.937259999999999982e-01 9.976190000000000335e-01 9.960320000000000285e-01 9.846049999999999525e-01 9.992189999999999683e-01
9.982189999999999674e-01 9.974169999999999980e-01 9.989329999999999599e-01 9.885180000000000078e-01 9.975509999999999655e-01 9.958820000000000450e-01 9.967249999999999721e-01 9.983360000000000012e-01
9.938430000000000319e-01 9.983769999999999589e-01 9.981870000000000465e-01 9.965680000000000094e-01 9.789149999999999796e-01 9.981820000000000137e-01 9.816500000000000226e-01 9.953309999999999658e-01
9.983870000000000244e-01 9.993330000000000268e-01 9.882339999999999458e-01 9.950259999999999661e-01 9.958230000000000137e-01 9.971579999999999888e-01 9.952269999999999728e-01 9.868099999999999650e-01
9.960649999999999782e-01 9.989409999999999679e-01 9.941790000000000349e-01 9.974589999999999845e-01 9.914920000000000400e-01 9.974279999999999813e-01 9.988350000000000284e-01 9.965559999999999974e-01
9.941349999999999909e-01 9.990289999999999448e-01 9.988299999999999956e-01 9.901729999999999698e-01 9.994769999999999488e-01 9.948249999999999593e-01 9.978660000000000307e-01 9.953790000000000138e-01
9.973570000000000491e-01 9.987359999999999571e-01 9.978700000000000347e-01 9.702380000000000448e-01 9.882980000000000098e-01 9.852589999999999959e-01 9.981459999999999777e-01 9.962830000000000297e-01
9.993309999999999693e-01 9.970419999999999838e-01 9.975399999999999823e-01 9.989580000000000126e-01 9.746329999999999716e-01 9.971959999999999713e-01 9.978569999999999940e-01 9.975110000000000365e-01
9.954410000000000203e-01 9.931510000000000060e-01 9.851929999999999854e-01 9.988449999999999829e-01 9.896979999999999666e-01 9.763760000000000217e-01 9.908339999999999925e-01 9.964070000000000427e-01
9.981710000000000305e-01 9.910860000000000225e-01 9.977850000000000330e-01 9.980369999999999520e-01 9.910499999999999865e-01 9.966859999999999609e-01 9.988489999999999869e-01 9.987219999999999986e-01
9.932539999999999702e-01 9.915920000000000289e-01 9.975549999999999695e-01 9.989959999999999951e-01 9.848740000000000272e-01 9.961419999999999719e-01 9.899630000000000374e-01 9.935960000000000347e-01
9.938709999999999489e-01 9.996610000000000218e-01 9.979879999999999862e-01 9.983039999999999692e-01 9.971419999999999728e-01 9.974579999999999558e-01 9.836089999999999556e-01 9.823469999999999702e-01
9.857139999999999791e-01 9.987099999999999866e-01 9.973349999999999715e-01 9.997059999999999835e-01 9.977540000000000298e-01 9.837540000000000173e-01 9.940090000000000314e-01 9.884209999999999940e-01
9.984340000000000437e-01 9.848620000000000152e-01 9.981100000000000527e-01 9.957190000000000207e-01 9.983630000000000004e-01 9.989310000000000134e-01 9.977300000000000058e-01 9.988150000000000084e-01
9.978339999999999987e-01 9.989270000000000094e-01 9.933110000000000550e-01 9.933359999999999967e-01 9.982170000000000210e-01 9.942299999999999471e-01 9.927399999999999558e-01 9.962259999999999449e-01
9.976939999999999698e-01 9.935230000000000450e-01 9.988650000000000029e-01 9.753169999999999895e-01 9.977390000000000425e-01 9.985389999999999544e-01 9.824730000000000407e-01 9.773960000000000425e-01
9.906409999999999938e-01 9.999099999999999655e-01 9.955119999999999525e-01 9.962060000000000359e-01 9.927059999999999773e-01 9.963769999999999571e-01 9.791229999999999656e-01 9.937519999999999687e-01
9.992720000000000491e-01 9.979069999999999885e-01 9.935089999999999755e-01 9.961989999999999457e-01 9.991200000000000081e-01 9.978129999999999500e-01 9.865310000000000468e-01 9.947350000000000358e-01
9.984699999999999687e-01 9.782129999999999992e-01 9.976859999999999618e-01 9.997700000000000475e-01 9.944690000000000474e-01 9.958069999999999977e-01 9.856489999999999974e-01 9.965009999999999701e-01
9.988160000000000371e-01 9.968430000000000346e-01 9.986359999999999681e-01 9.916700000000000514e-01 9.973450000000000371e-01 9.942760000000000487e-01 9.884789999999999965e-01 9.960759999999999614e-01
9.940259999999999652e-01 9.905640000000000001e-01 9.957570000000000032e-01 9.993419999999999526e-01 9.999780000000000335e-01 9.806730000000000169e-01 9.984929999999999639e-01 9.956049999999999622e-01
9.962659999999999849e-01 9.997909999999999853e-01 9.898249999999999549e-01 9.985289999999999999e-01 9.951050000000000173e-01 9.953429999999999778e-01 9.968510000000000426e-01 9.908430000000000293e-01
9.992560000000000331e-01 9.995570000000000288e-01 9.976599999999999913e-01 9.984709999999999974e-01 9.854300000000000281e-01 9.865180000000000060e-01 9.999470000000000303e-01 9.852100000000000302e-01
9.948310000000000208e-01 9.924720000000000208e-01 9.980799999999999672e-01 9.927219999999999933e-01 9.909989999999999633e-01 9.886570000000000080e-01 9.867730000000000112e-01 9.799020000000000508e-01
9.985960000000000392e-01 9.868890000000000162e-01 9.977300000000000058e-01 9.918069999999999942e-01 9.930900000000000283e-01 9.756920000000000037e-01 9.935300000000000242e-01 9.785169999999999702e-01
9.950259999999999661e-01 9.988099999999999756e-01 9.832330000000000236e-01 9.988200000000000411e-01 9.958829999999999627e-01 9.909310000000000063e-01 9.943330000000000224e-01 9.996340000000000225e-01
9.821309999999999762e-01 9.990350000000000064e-01 9.962720000000000464e-01 9.981989999999999474e-01 9.986429999999999474e-01 9.993549999999999933e-01 9.885749999999999815e-01 9.993499999999999606e-01
9.993520000000000181e-01 9.968289999999999651e-01 9.974610000000000420e-01 9.948960000000000026e-01 9.999289999999999567e-01 9.985739999999999617e-01 9.946180000000000021e-01 9.897949999999999804e-01
9.986730000000000329e-01 9.944169999999999954e-01 9.995509999999999673e-01 9.994199999999999751e-01 9.993800000000000461e-01 9.809299999999999686e-01 9.829599999999999449e-01 9.894570000000000309e-01
9.999780000000000335e-01 9.748069999999999791e-01 9.921470000000000011e-01 9.913619999999999655e-01 9.968310000000000226e-01 9.989639999999999631e-01 9.966660000000000519e-01 9.987460000000000226e-01
9.963009999999999922e-01 9.993049999999999988e-01 9.945439999999999836e-01 9.991590000000000193e-01 9.978200000000000403e-01 9.860590000000000188e-01 9.711429999999999785e-01 9.886239999999999473e-01
9.826909999999999812e-01 9.962499999999999689e-01 9.754589999999999650e-01 9.950879999999999725e-01 9.880809999999999871e-01 9.742210000000000036e-01 9.995880000000000321e-01 9.997810000000000308e-01
9.966810000000000391e-01 9.921950000000000491e-01 9.943800000000000416e-01 9.952929999999999833e-01 9.983039999999999692e-01 9.940080000000000027e-01 9.997059999999999835e-01 9.970369999999999511e-01
9.968700000000000339e-01 9.970310000000000006e-01 9.978609999999999980e-01 9.992429999999999923e-01 9.778750000000000497e-01 9.907049999999999468e-01 9.982790000000000274e-01 9.798829999999999485e-01
9.998280000000000500e-01 9.904479999999999951e-01 9.999109999999999943e-01 9.919050000000000367e-01 9.956300000000000150e-01 9.979259999999999797e-01 9.968669999999999476e-01 9.980320000000000302e-01
9.997340000000000115e-01 9.971179999999999488e-01 9.981029999999999625e-01 9.882109999999999506e-01 9.731279999999999930e-01 9.993189999999999573e-01 9.992849999999999788e-01 9.997230000000000283e-01
9.873950000000000227e-01 9.856700000000000461e-01 9.982980000000000187e-01 9.881750000000000256e-01 9.976779999999999538e-01 9.930360000000000298e-01 9.959080000000000155e-01 9.850799999999999557e-01
9.968129999999999491e-01 9.944209999999999994e-01 9.987329999999999819e-01 9.777749999999999497e-01 9.976220000000000088e-01 9.981670000000000265e-01 9.971039999999999903e-01 9.690090000000000092e-01
9.739590000000000192e-01 9.972469999999999946e-01 9.979670000000000485e-01 9.980200000000000182e-01 9.956660000000000510e-01 9.967620000000000369e-01 9.962940000000000129e-01 9.966699999999999449e-01
9.763939999999999841e-01 9.976089999999999680e-01 9.937460000000000182e-01 9.981879999999999642e-01 9.926289999999999836e-01 9.927690000000000126e-01 9.975030000000000285e-01 9.897029999999999994e-01
9.968799999999999883e-01 9.942239999999999966e-01 9.996899999999999675e-01 9.992450000000000498e-01 9.974039999999999573e-01 9.983999999999999542e-01 9.969519999999999493e-01 9.986249999999999849e-01
9.999670000000000503e-01 9.929879999999999818e-01 9.900930000000000009e-01 9.986920000000000242e-01 9.959069999999999867e-01 9.986669999999999714e-01 9.918660000000000254e-01 9.893420000000000547e-01
9.915389999999999482e-01 9.951179999999999470e-01 9.944279999999999786e-01 9.995169999999999888e-01 9.970250000000000501e-01 9.976180000000000048e-01 9.971430000000000016e-01 9.962830000000000297e-01
9.982339999999999547e-01 9.988399999999999501e-01 9.984330000000000149e-01 9.941680000000000517e-01 9.718869999999999454e-01 9.994760000000000311e-01 9.882800000000000473e-01 9.853159999999999696e-01
9.832170000000000076e-01 9.987279999999999491e-01 9.829529999999999657e-01 9.980580000000000007e-01 9.844129999999999825e-01 9.995420000000000416e-01 9.962630000000000097e-01 9.975009999999999710e-01
9.989310000000000134e-01 9.954300000000000370e-01 9.964169999999999972e-01 9.735059999999999825e-01 9.823739999999999695e-01 9.735009999999999497e-01 9.962889999999999802e-01 9.976129999999999720e-01
9.957799999999999985e-01 9.982879999999999532e-01 9.326179999999999470e-01 9.986789999999999834e-01 9.985920000000000352e-01 9.945040000000000546e-01 9.941459999999999742e-01 9.970029999999999726e-01
9.776529999999999943e-01 9.971229999999999816e-01 9.927810000000000246e-01 9.975730000000000430e-01 9.971609999999999641e-01 9.940799999999999637e-01 9.975279999999999703e-01 9.951609999999999623e-01
9.779609999999999692e-01 9.760889999999999844e-01 9.957599999999999785e-01 9.968050000000000521e-01 9.995730000000000448e-01 9.974039999999999573e-01 9.971879999999999633e-01 9.615740000000000398e-01
9.974699999999999678e-01 9.784359999999999724e-01 9.989329999999999599e-01 9.965349999999999486e-01 9.853469999999999729e-01 9.975690000000000390e-01 9.998369999999999758e-01 9.989510000000000334e-01
9.990609999999999769e-01 9.828590000000000382e-01 9.910349999999999993e-01 9.842070000000000540e-01 9.956450000000000022e-01 9.975389999999999535e-01 9.813169999999999948e-01 9.963560000000000194e-01
9.976549999999999585e-01 9.980940000000000367e-01 9.971769999999999801e-01 9.987099999999999866e-01 9.942630000000000079e-01 9.924049999999999816e-01 9.717660000000000187e-01 9.982060000000000377e-01
9.966380000000000239e-01 9.955030000000000268e-01 9.990959999999999841e-01 9.742600000000000149e-01 9.958709999999999507e-01 9.976469999999999505e-01 9.965540000000000509e-01 9.996249999999999858e-01
9.965490000000000181e-01 9.965380000000000349e-01 9.987759999999999971e-01 9.999390000000000223e-01 9.997409999999999908e-01 9.806939999999999547e-01 9.977780000000000538e-01 9.910390000000000033e-01
9.893210000000000059e-01 9.981370000000000520e-01 9.961119999999999974e-01 9.980750000000000455e-01 9.991449999999999498e-01 9.994250000000000078e-01 9.960090000000000332e-01 9.969019999999999548e-01
9.828679999999999639e-01 9.936150000000000260e-01 9.970240000000000213e-01 9.985370000000000079e-01 9.951969999999999983e-01 9.986420000000000297e-01 9.926500000000000323e-01 9.952159999999999895e-01
9.927209999999999646e-01 9.665709999999999580e-01 9.920480000000000409e-01 9.834530000000000216e-01 9.973649999999999460e-01 9.960299999999999709e-01 9.954169999999999963e-01 9.605599999999999694e-01
9.956949999999999967e-01 9.969219999999999748e-01 9.850309999999999899e-01 9.986599999999999921e-01 9.993429999999999813e-01 9.970689999999999831e-01 9.962990000000000457e-01 9.947300000000000031e-01
9.954610000000000403e-01 9.839769999999999905e-01 9.960069999999999757e-01 9.953610000000000513e-01 9.988879999999999981e-01 9.786759999999999904e-01 9.932900000000000063e-01 9.995500000000000496e-01
9.835620000000000474e-01 9.987479999999999691e-01 9.851649999999999574e-01 9.990670000000000384e-01 9.920160000000000089e-01 9.973819999999999908e-01 9.946359999999999646e-01 9.969710000000000516e-01
9.804169999999999829e-01 9.924920000000000408e-01 9.687310000000000088e-01 9.901769999999999738e-01 9.968270000000000186e-01 9.728440000000000420e-01 9.957580000000000320e-01 9.975939999999999808e-01
9.781459999999999599e-01 9.986990000000000034e-01 9.958019999999999650e-01 9.974260000000000348e-01 9.950689999999999813e-01 9.977599999999999802e-01 9.784429999999999517e-01 9.986300000000000177e-01
9.993640000000000301e-01 9.972389999999999866e-01 9.979909999999999615e-01 9.972680000000000433e-01 9.960689999999999822e-01 9.947449999999999903e-01 9.979970000000000230e-01 9.807900000000000507e-01
9.970529999999999671e-01 9.930250000000000465e-01 9.955000000000000515e-01 9.935310000000000530e-01 9.937240000000000517e-01 9.997209999999999708e-01 9.791109999999999536e-01 9.998989999999999823e-01
9.875519999999999854e-01 9.743819999999999704e-01 9.961870000000000447e-01 9.897280000000000522e-01 9.980860000000000287e-01 9.898820000000000396e-01 9.959770000000000012e-01 9.976969999999999450e-01
9.916620000000000434e-01 9.997939999999999605e-01 9.987319999999999531e-01 9.992149999999999643e-01 9.947669999999999568e-01 9.956899999999999640e-01 9.974049999999999860e-01 9.949780000000000291e-01
9.961309999999999887e-01 9.980299999999999727e-01 9.933549999999999880e-01 9.644760000000000000e-01 9.964389999999999636e-01 9.959599999999999564e-01 9.994560000000000111e-01 9.930280000000000218e-01
9.830010000000000137e-01 9.985579999999999457e-01 9.996140000000000025e-01 9.864619999999999500e-01 9.906260000000000066e-01 9.954939999999999900e-01 9.984049999999999869e-01 9.948789999999999578e-01
9.952800000000000535e-01 9.829170000000000407e-01 9.972210000000000241e-01 9.937359999999999527e-01 9.959529999999999772e-01 9.915920000000000289e-01 9.885859999999999648e-01 9.912720000000000420e-01
9.952689999999999593e-01 9.773560000000000025e-01 9.995789999999999953e-01 9.986319999999999641e-01 9.969959999999999933e-01 9.980620000000000047e-01 9.982799999999999452e-01 9.946150000000000269e-01
9.998669999999999503e-01 9.888540000000000108e-01 9.949310000000000098e-01 9.986629999999999674e-01 9.987840000000000051e-01 9.799480000000000413e-01 9.931219999999999493e-01 9.683709999999999818e-01
9.916580000000000394e-01 9.986739999999999506e-01 9.991259999999999586e-01 9.950440000000000396e-01 9.977080000000000393e-01 9.943100000000000271e-01 9.971149999999999736e-01 9.974039999999999573e-01
9.975230000000000485e-01 9.970179999999999598e-01 9.952410000000000423e-01 9.689429999999999987e-01 9.981590000000000185e-01 9.979559999999999542e-01 9.970029999999999726e-01 9.973990000000000355e-01
9.965190000000000436e-01 9.783260000000000289e-01 9.926620000000000443e-01 9.969770000000000021e-01 9.979580000000000117e-01 9.662960000000000438e-01 9.970790000000000486e-01 9.997620000000000395e-01
9.739480000000000359e-01 9.906540000000000346e-01 9.981470000000000065e-01 9.953260000000000440e-01 9.760259999999999492e-01 9.995570000000000288e-01 9.981470000000000065e-01 9.998629999999999463e-01
9.838689999999999936e-01 9.936540000000000372e-01 9.976390000000000535e-01 9.967939999999999579e-01 9.941699999999999982e-01 9.978310000000000235e-01 9.980630000000000335e-01 9.815819999999999546e-01
9.984169999999999989e-01 9.966519999999999824e-01 9.994809999999999528e-01 9.789930000000000021e-01 9.975530000000000230e-01 9.925969999999999516e-01 9.710959999999999592e-01 9.947829999999999728e-01
9.979069999999999885e-01 9.920090000000000297e-01 9.982189999999999674e-01 9.969289999999999541e-01 9.945270000000000499e-01 9.967690000000000161e-01 9.853229999999999489e-01 9.907989999999999853e-01
9.909000000000000030e-01 9.946779999999999511e-01 9.986169999999999769e-01 9.818280000000000340e-01 9.780860000000000110e-01 9.992929999999999868e-01 9.519140000000000379e-01 9.978540000000000187e-01
9.794000000000000483e-01 9.903060000000000196e-01 9.981219999999999537e-01 9.926070000000000171e-01 9.847740000000000382e-01 9.985319999999999752e-01 9.978249999999999620e-01 9.954640000000000155e-01
9.602270000000000527e-01 9.948709999999999498e-01 9.945739999999999581e-01 9.900870000000000504e-01 9.934849999999999515e-01 9.917700000000000404e-01 9.963619999999999699e-01 9.982529999999999459e-01
9.987249999999999739e-01 9.997679999999999900e-01 9.967709999999999626e-01 9.976810000000000400e-01 9.955659999999999510e-01 9.991619999999999946e-01 9.981259999999999577e-01 9.988650000000000029e-01
9.999230000000000063e-01 9.980949999999999545e-01 9.981280000000000152e-01 9.992269999999999763e-01 9.991609999999999658e-01 9.755759999999999987e-01 9.983400000000000052e-01 9.999470000000000303e-01
9.973109999999999475e-01 9.965389999999999526e-01 9.717240000000000322e-01 9.961379999999999679e-01 9.968209999999999571e-01 9.993630000000000013e-01 9.956840000000000135e-01 9.991689999999999738e-01
9.931820000000000093e-01 9.909529999999999728e-01 9.984840000000000382e-01 9.883979999999999988e-01 9.931990000000000540e-01 9.985690000000000399e-01 9.957949999999999857e-01 9.893490000000000339e-01
9.971839999999999593e-01 9.955589999999999717e-01 9.958559999999999635e-01 9.977240000000000553e-01 9.948050000000000503e-01 9.863490000000000313e-01 9.972750000000000226e-01 9.965829999999999966e-01
9.977319999999999522e-01 9.973610000000000531e-01 9.970890000000000031e-01 9.975220000000000198e-01 9.991600000000000481e-01 9.944469999999999699e-01 9.983119999999999772e-01 9.960449999999999582e-01
9.986770000000000369e-01 9.996399999999999730e-01 9.887970000000000370e-01 9.961579999999999879e-01 9.988679999999999781e-01 9.955739999999999590e-01 9.908709999999999463e-01 9.989970000000000239e-01
9.965859999999999719e-01 9.839529999999999665e-01 9.851910000000000389e-01 9.998070000000000013e-01 9.972739999999999938e-01 9.936970000000000525e-01 9.806500000000000217e-01 9.957690000000000152e-01
9.981750000000000345e-01 9.960679999999999534e-01 9.914020000000000055e-01 9.983899999999999997e-01 9.737599999999999589e-01 9.507600000000000495e-01 9.892330000000000290e-01 9.975680000000000103e-01
9.908420000000000005e-01 9.985840000000000272e-01 9.952950000000000408e-01 9.966930000000000511e-01 9.966319999999999624e-01 9.715780000000000527e-01 9.965640000000000054e-01 9.620589999999999975e-01
9.987300000000000066e-01 9.962199999999999944e-01 9.995579999999999465e-01 9.979710000000000525e-01 9.968010000000000481e-01 9.967639999999999834e-01 9.637259999999999716e-01 9.926009999999999556e-01
9.973459999999999548e-01 9.934410000000000185e-01 9.966810000000000391e-01 9.969419999999999948e-01 9.967120000000000424e-01 9.977740000000000498e-01 9.858109999999999928e-01 9.989679999999999671e-01
9.982860000000000067e-01 9.983899999999999997e-01 9.957979999999999610e-01 9.998709999999999543e-01 9.885580000000000478e-01 9.945140000000000091e-01 9.966099999999999959e-01 9.998099999999999765e-01
9.896629999999999594e-01 9.959729999999999972e-01 9.736529999999999907e-01 9.993330000000000268e-01 9.996260000000000145e-01 9.843429999999999680e-01 9.985089999999999799e-01 9.985370000000000079e-01
9.657820000000000293e-01 9.855690000000000284e-01 9.919120000000000159e-01 9.894929999999999559e-01 9.968500000000000139e-01 9.991379999999999706e-01 9.986770000000000369e-01 9.854089999999999794e-01
9.758289999999999464e-01 9.775129999999999653e-01 9.907719999999999860e-01 9.933880000000000488e-01 9.939900000000000402e-01 9.992170000000000218e-01 9.975330000000000030e-01 9.977129999999999610e-01
9.955549999999999677e-01 9.985650000000000359e-01 9.977150000000000185e-01 9.914840000000000320e-01 9.805559999999999832e-01 9.970440000000000413e-01 9.974319999999999853e-01 9.999200000000000310e-01
9.993819999999999926e-01 9.992520000000000291e-01 9.752720000000000278e-01 9.919050000000000367e-01 9.757710000000000550e-01 9.971480000000000343e-01 9.987920000000000131e-01 9.958390000000000297e-01
9.988390000000000324e-01 9.920679999999999499e-01 9.999710000000000543e-01 9.753549999999999720e-01 9.936430000000000540e-01 9.980850000000000000e-01 9.945260000000000211e-01 9.960440000000000405e-01
9.964880000000000404e-01 9.987169999999999659e-01 9.898289999999999589e-01 9.978869999999999685e-01 9.983309999999999684e-01 9.985389999999999544e-01 9.976000000000000423e-01 9.878449999999999731e-01
9.980790000000000495e-01 9.996620000000000505e-01 9.912889999999999757e-01 9.814450000000000118e-01 9.975709999999999855e-01 9.953629999999999978e-01 9.898069999999999924e-01 9.867529999999999912e-01
9.953290000000000193e-01 9.830379999999999674e-01 9.999310000000000143e-01 9.930039999999999978e-01 9.904770000000000518e-01 9.995469999999999633e-01 9.579790000000000250e-01 9.901799999999999491e-01
9.970860000000000278e-01 9.959820000000000340e-01 9.979029999999999845e-01 9.832520000000000149e-01 9.994309999999999583e-01 9.901180000000000536e-01 9.947979999999999601e-01 9.778989999999999627e-01
9.913650000000000517e-01 9.987759999999999971e-01 9.986000000000000432e-01 9.990050000000000319e-01 9.851149999999999629e-01 9.965429999999999566e-01 9.996789999999999843e-01 9.940020000000000522e-01
9.979430000000000245e-01 9.996439999999999770e-01 9.971780000000000088e-01 9.738660000000000094e-01 9.858900000000000441e-01 9.956629999999999647e-01 9.965509999999999646e-01 9.907089999999999508e-01
9.924250000000000016e-01 9.999839999999999840e-01 9.968470000000000386e-01 9.993929999999999758e-01 9.993069999999999453e-01 9.984150000000000524e-01 9.943149999999999489e-01 9.753840000000000288e-01
9.903370000000000228e-01 9.877320000000000544e-01 9.851550000000000029e-01 9.999810000000000088e-01 9.986120000000000552e-01 9.983509999999999884e-01 9.718839999999999701e-01 9.862589999999999968e-01
9.979729999999999990e-01 9.985150000000000414e-01 9.725700000000000456e-01 9.973469999999999835e-01 9.992410000000000458e-01 9.933509999999999840e-01 9.984250000000000069e-01 9.999479999999999480e-01
9.940809999999999924e-01 9.996110000000000273e-01 9.965230000000000476e-01 9.991940000000000266e-01 9.833570000000000366e-01 9.773680000000000145e-01 9.982140000000000457e-01 9.755049999999999555e-01
9.972830000000000306e-01 9.954880000000000395e-01 9.976760000000000073e-01 9.865099999999999980e-01 9.987650000000000139e-01 9.948989999999999778e-01 9.867289999999999672e-01 9.889999999999999902e-01
9.541030000000000344e-01 9.547809999999999908e-01 9.546200000000000241e-01 9.549750000000000183e-01 9.537759999999999572e-01 9.465639999999999610e-01 9.448819999999999997e-01 9.551659999999999595e-01
