2.682410000000000089e-03 2.851789999999999881e-03 2.456939999999999905e-03 2.225599999999999887e-03 2.269919999999999924e-03 1.780789999999999977e-03 2.323609999999999825e-03 1.771500000000000071e-03
2.572759999999999891e-03 2.274990000000000172e-03 1.415599999999999931e-03 2.339719999999999994e-03 2.089170000000000003e-03 2.411550000000000152e-03 2.457229999999999918e-03 2.188670000000000199e-03
1.171039999999999928e-02 1.129699999999999975e-02 1.097030000000000054e-02 1.082179999999999948e-02 1.014439999999999960e-02 1.245109999999999967e-02 1.047589999999999980e-02 1.140850000000000024e-02
5.013979999999999826e-02 4.005330000000000001e-02 3.886549999999999727e-02 4.167030000000000040e-02 5.017839999999999800e-02 3.326160000000000228e-02 3.388879999999999670e-02 2.963119999999999990e-02
2.755619999999999736e-01 1.583720000000000128e-01 1.875789999999999957e-01 1.789969999999999895e-01 2.537980000000000236e-01 9.762300000000000144e-02 1.858829999999999927e-01 2.723450000000000037e-01
2.788769999999999860e-01 2.289869999999999961e-01 2.946779999999999955e-01 2.248570000000000013e-01 3.083099999999999730e-01 2.322200000000000097e-01 2.713690000000000269e-01 3.855939999999999923e-01
4.558030000000000137e-01 2.985829999999999873e-01 5.547999999999999599e-01 4.668900000000000272e-01 5.080729999999999968e-01 5.511009999999999520e-01 5.234680000000000444e-01 4.882830000000000226e-01
5.297490000000000254e-01 5.191660000000000164e-01 5.130149999999999988e-01 3.564990000000000103e-01 6.118040000000000145e-01 4.424520000000000119e-01 6.053709999999999924e-01 6.052610000000000490e-01
5.537830000000000252e-01 7.492849999999999788e-01 7.398219999999999796e-01 5.558800000000000407e-01 6.653520000000000545e-01 7.411130000000000217e-01 7.434749999999999970e-01 4.614610000000000101e-01
8.845039999999999569e-01 8.720080000000000053e-01 5.749950000000000339e-01 4.673249999999999904e-01 8.627070000000000016e-01 6.836529999999999552e-01 5.926700000000000301e-01 8.889899999999999469e-01
9.536299999999999777e-01 9.569250000000000256e-01 9.580739999999999812e-01 9.431570000000000231e-01 9.570790000000000131e-01 9.527729999999999810e-01 9.571809999999999485e-01 9.482869999999999910e-01
9.972779999999999978e-01 9.992619999999999836e-01 9.990459999999999896e-01 9.984429999999999694e-01 9.964079999999999604e-01 9.964760000000000284e-01 9.966669999999999696e-01 9.959890000000000132e-01
9.952729999999999633e-01 9.750410000000000466e-01 9.743870000000000031e-01 9.764059999999999961e-01 9.737409999999999677e-01 9.754760000000000097e-01 9.831990000000000451e-01 9.755169999999999675e-01
9.894779999999999687e-01 9.713239999999999652e-01 9.737130000000000507e-01 9.934800000000000297e-01 9.753880000000000328e-01 9.849400000000000377e-01 9.937099999999999822e-01 9.737200000000000299e-01
9.555019999999999625e-01 9.588520000000000376e-01 9.548750000000000293e-01 9.587120000000000086e-01 9.568370000000000486e-01 9.385109999999999841e-01 9.611169999999999991e-01 9.184419999999999806e-01
7.217879999999999852e-01 7.163089999999999735e-01 7.085620000000000251e-01 7.022000000000000464e-01 7.071150000000000491e-01 7.030570000000000430e-01 7.150419999999999554e-01 6.985890000000000155e-01
4.755739999999999967e-01 4.749570000000000181e-01 4.872059999999999724e-01 4.749490000000000101e-01 4.860050000000000203e-01 4.875659999999999994e-01 4.819129999999999803e-01 4.867469999999999852e-01
3.206629999999999758e-01 3.084629999999999872e-01 3.226990000000000136e-01 3.213139999999999885e-01 3.116160000000000041e-01 3.097340000000000093e-01 3.194379999999999997e-01 3.169890000000000208e-01
1.830050000000000010e-01 1.746550000000000047e-01 1.733079999999999898e-01 1.657639999999999947e-01 1.645919999999999883e-01 1.666130000000000111e-01 1.636450000000000127e-01 1.793770000000000087e-01
7.456350000000000477e-02 6.112820000000000059e-02 7.318779999999999730e-02 6.013770000000000227e-02 6.087650000000000006e-02 6.380969999999999698e-02 6.354909999999999726e-02 5.216939999999999772e-02
3.123789999999999900e-02 2.730669999999999972e-02 3.719560000000000227e-02 2.778879999999999892e-02 2.467319999999999930e-02 2.621920000000000153e-02 2.744080000000000130e-02 3.148190000000000016e-02
2.729360000000000119e-03 1.478689999999999952e-03 1.842600000000000010e-03 1.464969999999999901e-03 2.101490000000000129e-03 3.527520000000000135e-03 2.474940000000000126e-03 2.506889999999999900e-03
2.532369999999999934e-03 2.068910000000000193e-03 1.706360000000000082e-03 1.383600000000000021e-03 1.817819999999999939e-03 2.127350000000000074e-03 1.759909999999999947e-03 2.571040000000000131e-03
1.098930000000000046e-02 1.104149999999999923e-02 1.126319999999999925e-02 1.115700000000000025e-02 1.151340000000000002e-02 1.201170000000000015e-02 1.083029999999999930e-02 1.046139999999999917e-02
3.118370000000000170e-02 5.277629999999999821e-02 3.119310000000000138e-02 3.378880000000000078e-02 5.180189999999999795e-02 4.202129999999999754e-02 6.988850000000000617e-02 4.356680000000000275e-02
2.932629999999999959e-01 2.224129999999999996e-01 1.850060000000000038e-01 2.432100000000000095e-01 1.887979999999999936e-01 1.620719999999999938e-01 1.956179999999999863e-01 1.739980000000000138e-01
4.513699999999999934e-01 4.094690000000000274e-01 3.591909999999999825e-01 2.644679999999999809e-01 3.425250000000000239e-01 3.631619999999999848e-01 3.908829999999999805e-01 2.584589999999999943e-01
4.885959999999999748e-01 3.880970000000000253e-01 5.592669999999999586e-01 4.421820000000000195e-01 4.926730000000000276e-01 2.835509999999999975e-01 5.698809999999999709e-01 4.930860000000000243e-01
5.749210000000000154e-01 5.994450000000000056e-01 6.442369999999999486e-01 4.310950000000000060e-01 5.621610000000000218e-01 5.966339999999999977e-01 3.426460000000000061e-01 3.293159999999999976e-01
7.248940000000000383e-01 7.553539999999999699e-01 4.259350000000000080e-01 7.250699999999999923e-01 5.280799999999999939e-01 5.362989999999999702e-01 7.064930000000000376e-01 7.084310000000000329e-01
8.546479999999999633e-01 8.486099999999999755e-01 8.646129999999999649e-01 8.686629999999999630e-01 8.600090000000000234e-01 4.951539999999999830e-01 8.788430000000000408e-01 5.741979999999999862e-01
9.546630000000000393e-01 9.568759999999999488e-01 9.629240000000000022e-01 9.613350000000000506e-01 8.874339999999999451e-01 9.600130000000000052e-01 9.689839999999999565e-01 9.575120000000000298e-01
9.882760000000000433e-01 9.977369999999999850e-01 9.897230000000000194e-01 9.992820000000000036e-01 9.975270000000000525e-01 9.992060000000000386e-01 9.964330000000000132e-01 9.992940000000000156e-01
9.746939999999999493e-01 9.941330000000000444e-01 9.755890000000000395e-01 9.747299999999999853e-01 9.760680000000000467e-01 9.741659999999999764e-01 9.750689999999999635e-01 9.777019999999999600e-01
9.725979999999999626e-01 9.735249999999999737e-01 9.736650000000000027e-01 9.784500000000000419e-01 9.802680000000000282e-01 9.717230000000000034e-01 9.983870000000000244e-01 9.727719999999999700e-01
9.543089999999999629e-01 9.520030000000000436e-01 9.624570000000000070e-01 9.566270000000000051e-01 9.602100000000000080e-01 9.542720000000000091e-01 9.519830000000000236e-01 8.787800000000000056e-01
7.119569999999999510e-01 7.072239999999999638e-01 7.217879999999999852e-01 7.090079999999999716e-01 7.110680000000000334e-01 7.059170000000000167e-01 7.105010000000000492e-01 7.037860000000000227e-01
4.844979999999999842e-01 4.788270000000000026e-01 4.731119999999999770e-01 4.865349999999999953e-01 4.845670000000000255e-01 4.862060000000000271e-01 4.842009999999999925e-01 4.752819999999999823e-01
3.105089999999999795e-01 3.161900000000000266e-01 3.093580000000000219e-01 3.116059999999999941e-01 3.161880000000000246e-01 3.123639999999999750e-01 3.214620000000000255e-01 3.109549999999999814e-01
1.647000000000000131e-01 1.843819999999999903e-01 1.777650000000000063e-01 1.855819999999999970e-01 1.612119999999999942e-01 1.669170000000000098e-01 1.811300000000000132e-01 1.753850000000000131e-01
6.865949999999999831e-02 6.692570000000000463e-02 6.008589999999999764e-02 5.811750000000000249e-02 6.424810000000000243e-02 5.556080000000000046e-02 7.321840000000000293e-02 6.163500000000000228e-02
3.031319999999999848e-02 2.835999999999999979e-02 3.437260000000000315e-02 3.963440000000000019e-02 2.582649999999999876e-02 3.933430000000000260e-02 4.021519999999999956e-02 3.863719999999999655e-02
2.665530000000000156e-03 2.708209999999999958e-03 1.259450000000000066e-03 1.444570000000000055e-03 1.972479999999999980e-03 1.553059999999999987e-03 2.832289999999999894e-03 1.520260000000000057e-03
1.742580000000000084e-03 2.700940000000000198e-03 1.992729999999999849e-03 2.185359999999999907e-03 1.689460000000000050e-03 3.192200000000000072e-03 1.367469999999999970e-03 2.068889999999999878e-03
1.198139999999999969e-02 1.145449999999999940e-02 1.070149999999999921e-02 1.138549999999999979e-02 1.358030000000000001e-02 1.028710000000000041e-02 1.107200000000000024e-02 1.108729999999999959e-02
5.639829999999999843e-02 3.237740000000000062e-02 5.404119999999999757e-02 6.384539999999999660e-02 3.883770000000000278e-02 3.457890000000000269e-02 3.053590000000000124e-02 7.094680000000000430e-02
1.562759999999999982e-01 2.039090000000000069e-01 2.784869999999999846e-01 8.095729999999999593e-02 1.546780000000000099e-01 1.656690000000000107e-01 1.842509999999999981e-01 3.314549999999999996e-01
2.457469999999999932e-01 3.174190000000000067e-01 4.333500000000000130e-01 2.748889999999999945e-01 3.650939999999999741e-01 3.716760000000000064e-01 3.336089999999999889e-01 2.454449999999999965e-01
3.533959999999999879e-01 4.900860000000000216e-01 3.684930000000000150e-01 4.677939999999999876e-01 2.530149999999999899e-01 4.975310000000000010e-01 5.944120000000000514e-01 5.745799999999999796e-01
3.988949999999999996e-01 6.276899999999999702e-01 6.016430000000000389e-01 6.199599999999999556e-01 5.956810000000000160e-01 6.699709999999999832e-01 5.915160000000000418e-01 4.268049999999999899e-01
5.655900000000000372e-01 7.279349999999999987e-01 7.335570000000000146e-01 5.278209999999999846e-01 7.295559999999999823e-01 7.129229999999999734e-01 7.506129999999999747e-01 7.236850000000000227e-01
8.201629999999999754e-01 7.998549999999999827e-01 8.829059999999999686e-01 8.638770000000000060e-01 8.487559999999999549e-01 8.606789999999999718e-01 8.600959999999999717e-01 8.613589999999999858e-01
9.591110000000000468e-01 9.328199999999999825e-01 9.615749999999999575e-01 9.537600000000000522e-01 9.474219999999999864e-01 9.553700000000000525e-01 9.610469999999999846e-01 9.626740000000000297e-01
9.979139999999999677e-01 9.983130000000000059e-01 9.979569999999999830e-01 9.981999999999999762e-01 5.692819999999999547e-01 9.832239999999999869e-01 9.970179999999999598e-01 9.826810000000000267e-01
9.742739999999999734e-01 9.764580000000000481e-01 9.864389999999999548e-01 9.995859999999999745e-01 9.745970000000000466e-01 9.821490000000000498e-01 9.777689999999999992e-01 9.893349999999999644e-01
9.876420000000000199e-01 9.709539999999999837e-01 9.717590000000000394e-01 9.748949999999999561e-01 9.771710000000000118e-01 9.723479999999999901e-01 9.755479999999999707e-01 9.914819999999999744e-01
9.605259999999999909e-01 9.589069999999999538e-01 9.450309999999999544e-01 9.418320000000000025e-01 9.495620000000000172e-01 9.402740000000000542e-01 9.586660000000000181e-01 9.471730000000000427e-01
7.163899999999999713e-01 7.036510000000000264e-01 7.100629999999999997e-01 7.195209999999999662e-01 7.238459999999999894e-01 7.147149999999999892e-01 7.185150000000000148e-01 7.057480000000000420e-01
4.742219999999999769e-01 4.747379999999999933e-01 4.800679999999999947e-01 4.740579999999999794e-01 4.720909999999999829e-01 4.716870000000000229e-01 4.840490000000000070e-01 4.760710000000000219e-01
3.159420000000000006e-01 3.153400000000000092e-01 3.137710000000000221e-01 3.078919999999999990e-01 3.178869999999999751e-01 3.171900000000000275e-01 3.088369999999999727e-01 3.090459999999999874e-01
1.783059999999999923e-01 1.733989999999999976e-01 1.678659999999999874e-01 1.658860000000000057e-01 1.763780000000000070e-01 1.799080000000000124e-01 1.647359999999999935e-01 1.742009999999999947e-01
6.363950000000000162e-02 6.920600000000000362e-02 5.619880000000000014e-02 6.442440000000000666e-02 6.933690000000000686e-02 6.957330000000000458e-02 4.635210000000000025e-02 7.789429999999999965e-02
2.465490000000000043e-02 3.439720000000000277e-02 3.684550000000000325e-02 3.476119999999999904e-02 2.910799999999999846e-02 4.022350000000000231e-02 3.070459999999999856e-02 3.920769999999999811e-02
2.064059999999999940e-03 2.496400000000000181e-03 1.973550000000000131e-03 1.558259999999999897e-03 1.842160000000000021e-03 2.322690000000000084e-03 2.180039999999999843e-03 2.226210000000000168e-03
2.141010000000000048e-03 1.534130000000000086e-03 2.193810000000000031e-03 2.406290000000000165e-03 2.504029999999999971e-03 1.350049999999999991e-03 1.658399999999999978e-03 1.061740000000000036e-03
1.145370000000000069e-02 1.285500000000000011e-02 1.053360000000000060e-02 1.218220000000000067e-02 1.111469999999999993e-02 1.358439999999999995e-02 1.064419999999999950e-02 1.193360000000000080e-02
7.508289999999999409e-02 4.327480000000000215e-02 8.514080000000000259e-02 5.173830000000000096e-02 4.878470000000000029e-02 8.053929999999999423e-02 4.334190000000000265e-02 4.130299999999999944e-02
1.189090000000000008e-01 1.614279999999999882e-01 1.314079999999999970e-01 2.399830000000000019e-01 2.984100000000000086e-01 1.901770000000000127e-01 1.946960000000000079e-01 1.943169999999999897e-01
3.353260000000000129e-01 4.092009999999999814e-01 1.792849999999999999e-01 3.218509999999999982e-01 3.977700000000000125e-01 3.358510000000000106e-01 3.345049999999999968e-01 4.042810000000000015e-01
2.609969999999999790e-01 4.026950000000000252e-01 3.359730000000000216e-01 4.339589999999999836e-01 5.598060000000000258e-01 4.967940000000000134e-01 2.860570000000000057e-01 5.601000000000000423e-01
6.090470000000000050e-01 3.150279999999999747e-01 5.501470000000000526e-01 6.326260000000000217e-01 5.954209999999999781e-01 6.114140000000000130e-01 6.633189999999999920e-01 4.676919999999999966e-01
4.318670000000000009e-01 7.308369999999999589e-01 7.063700000000000534e-01 5.507640000000000313e-01 7.503250000000000197e-01 7.457610000000000072e-01 4.168769999999999976e-01 7.429249999999999465e-01
8.707420000000000160e-01 8.509609999999999674e-01 6.229160000000000252e-01 8.871520000000000516e-01 8.814959999999999463e-01 7.182290000000000063e-01 6.768170000000000019e-01 6.705440000000000289e-01
9.528130000000000210e-01 9.541009999999999769e-01 9.434019999999999628e-01 9.573009999999999575e-01 6.231139999999999457e-01 9.560769999999999547e-01 9.604669999999999597e-01 9.583420000000000272e-01
9.986599999999999921e-01 9.640809999999999658e-01 9.983779999999999877e-01 9.958270000000000177e-01 9.855850000000000444e-01 9.952539999999999720e-01 9.950909999999999478e-01 9.989799999999999791e-01
9.747379999999999933e-01 9.749330000000000496e-01 9.756010000000000515e-01 9.744880000000000209e-01 9.787599999999999634e-01 9.761900000000000022e-01 9.751880000000000548e-01 9.749889999999999946e-01
9.930219999999999603e-01 9.830499999999999794e-01 9.716749999999999554e-01 9.763500000000000512e-01 9.972229999999999706e-01 9.736749999999999572e-01 9.716700000000000337e-01 9.749339999999999673e-01
9.481849999999999445e-01 9.535339999999999927e-01 9.322519999999999696e-01 9.624869999999999814e-01 9.515350000000000197e-01 9.577510000000000190e-01 9.486520000000000508e-01 9.536850000000000049e-01
7.038959999999999662e-01 7.065179999999999794e-01 7.225599999999999801e-01 7.120900000000000007e-01 7.221710000000000074e-01 7.200959999999999583e-01 7.011990000000000167e-01 7.217789999999999484e-01
4.809840000000000226e-01 4.747339999999999893e-01 4.757440000000000002e-01 4.852480000000000127e-01 4.840149999999999730e-01 4.864919999999999800e-01 4.741139999999999799e-01 4.863330000000000153e-01
3.096559999999999868e-01 3.107429999999999914e-01 3.081670000000000242e-01 3.187409999999999966e-01 3.226069999999999771e-01 3.076579999999999870e-01 3.142039999999999833e-01 3.223869999999999791e-01
1.825160000000000116e-01 1.692190000000000083e-01 1.790329999999999977e-01 1.721340000000000092e-01 1.676219999999999932e-01 1.784910000000000108e-01 1.636209999999999887e-01 1.727950000000000041e-01
6.310640000000000693e-02 6.733480000000000021e-02 5.641829999999999762e-02 5.624370000000000064e-02 6.063380000000000158e-02 5.212619999999999754e-02 6.791079999999999339e-02 5.739509999999999751e-02
2.142259999999999998e-02 3.636570000000000080e-02 2.822140000000000065e-02 3.185020000000000212e-02 2.442510000000000167e-02 3.845790000000000319e-02 3.044749999999999887e-02 3.956880000000000119e-02
2.591560000000000131e-03 1.420519999999999986e-03 1.632589999999999953e-03 1.510370000000000029e-03 1.836659999999999942e-03 1.790450000000000071e-03 2.403639999999999857e-03 2.978070000000000196e-03
2.789269999999999944e-03 2.629480000000000012e-03 1.430789999999999926e-03 2.387339999999999948e-03 1.372219999999999950e-03 2.790330000000000154e-03 2.856480000000000217e-03 2.781249999999999868e-03
1.141029999999999996e-02 1.247709999999999965e-02 1.126429999999999966e-02 1.114549999999999916e-02 1.102249999999999931e-02 1.170069999999999964e-02 1.138119999999999930e-02 1.108959999999999980e-02
4.459149999999999919e-02 3.375090000000000034e-02 3.909250000000000225e-02 6.648370000000000668e-02 5.209069999999999673e-02 3.151849999999999791e-02 4.301730000000000137e-02 4.001939999999999664e-02
1.938640000000000085e-01 2.533320000000000016e-01 1.848059999999999981e-01 1.129010000000000014e-01 2.634119999999999795e-01 1.845710000000000128e-01 1.757009999999999961e-01 1.664150000000000074e-01
1.610129999999999895e-01 3.640990000000000060e-01 2.035939999999999972e-01 4.367340000000000111e-01 3.644229999999999969e-01 3.226760000000000184e-01 1.941209999999999880e-01 3.457299999999999818e-01
4.838410000000000211e-01 4.903839999999999866e-01 4.149720000000000075e-01 2.422819999999999974e-01 4.782120000000000259e-01 3.090629999999999766e-01 3.564519999999999911e-01 3.769770000000000065e-01
5.878079999999999972e-01 6.636579999999999702e-01 4.259419999999999873e-01 4.531830000000000025e-01 3.129770000000000052e-01 6.625199999999999978e-01 5.862699999999999578e-01 5.227960000000000385e-01
7.307740000000000347e-01 4.796170000000000155e-01 6.986649999999999805e-01 7.302089999999999970e-01 6.801139999999999963e-01 6.981899999999999773e-01 7.799920000000000186e-01 7.256629999999999470e-01
8.823539999999999717e-01 8.759749999999999481e-01 8.702050000000000063e-01 8.358050000000000201e-01 6.520219999999999905e-01 7.384159999999999613e-01 8.450790000000000246e-01 8.807749999999999746e-01
8.847420000000000284e-01 9.614709999999999646e-01 9.585919999999999996e-01 9.593019999999999881e-01 9.546569999999999778e-01 9.566869999999999541e-01 9.564409999999999856e-01 9.513589999999999547e-01
9.837059999999999693e-01 9.861419999999999630e-01 9.974049999999999860e-01 9.967470000000000496e-01 9.995119999999999560e-01 9.942910000000000359e-01 9.986519999999999841e-01 9.889569999999999750e-01
9.758729999999999905e-01 9.746679999999999788e-01 9.743650000000000366e-01 9.760299999999999532e-01 9.752690000000000525e-01 9.740339999999999554e-01 9.876620000000000399e-01 9.825920000000000210e-01
9.741870000000000251e-01 9.908580000000000165e-01 9.978310000000000235e-01 9.712589999999999835e-01 9.960660000000000069e-01 9.788630000000000386e-01 9.712260000000000337e-01 9.714159999999999462e-01
9.507259999999999600e-01 9.504850000000000243e-01 9.331110000000000237e-01 9.224240000000000217e-01 8.862630000000000230e-01 9.568179999999999463e-01 9.600849999999999662e-01 9.606299999999999839e-01
7.208419999999999828e-01 7.035690000000000000e-01 7.192349999999999577e-01 7.194789999999999797e-01 7.140710000000000113e-01 7.097470000000000168e-01 7.227770000000000028e-01 7.084730000000000194e-01
4.764160000000000061e-01 4.737600000000000144e-01 4.818470000000000253e-01 4.813720000000000221e-01 4.861679999999999890e-01 4.712310000000000110e-01 4.850499999999999812e-01 4.852659999999999751e-01
3.133210000000000162e-01 3.108259999999999912e-01 3.116689999999999738e-01 3.097050000000000081e-01 3.215669999999999917e-01 3.143029999999999990e-01 3.170970000000000177e-01 3.102860000000000062e-01
1.715270000000000128e-01 1.644869999999999943e-01 1.739140000000000130e-01 1.707210000000000116e-01 1.739610000000000045e-01 1.670800000000000063e-01 1.770839999999999914e-01 1.774820000000000009e-01
6.007830000000000115e-02 5.932289999999999786e-02 6.251619999999999400e-02 5.543159999999999754e-02 5.311509999999999843e-02 6.043339999999999823e-02 5.395110000000000183e-02 5.564129999999999771e-02
1.736400000000000096e-02 3.081930000000000086e-02 2.297309999999999977e-02 3.594019999999999854e-02 3.337240000000000345e-02 3.093320000000000097e-02 3.686380000000000212e-02 4.082630000000000287e-02
1.317019999999999910e-03 1.718539999999999955e-03 1.035249999999999929e-03 2.199710000000000120e-03 2.528439999999999854e-03 1.933140000000000075e-03 1.948620000000000083e-03 2.770330000000000101e-03
1.558710000000000043e-03 2.381949999999999866e-03 2.501559999999999895e-03 2.062930000000000146e-03 2.161210000000000214e-03 1.672099999999999932e-03 1.698719999999999918e-03 1.327379999999999966e-03
1.043329999999999952e-02 9.474559999999999926e-03 9.842850000000000210e-03 1.175939999999999971e-02 1.139629999999999983e-02 1.051880000000000003e-02 1.177169999999999953e-02 1.308480000000000060e-02
5.121599999999999764e-02 2.432049999999999837e-02 4.202820000000000167e-02 4.473939999999999861e-02 5.414030000000000231e-02 5.791450000000000070e-02 3.832109999999999683e-02 5.409520000000000300e-02
1.795200000000000129e-01 2.472119999999999873e-01 1.651050000000000018e-01 1.667690000000000006e-01 1.719990000000000130e-01 1.767150000000000110e-01 2.536280000000000201e-01 1.246769999999999962e-01
4.312190000000000190e-01 3.262129999999999752e-01 2.368840000000000112e-01 3.234299999999999953e-01 2.098569999999999880e-01 2.096339999999999870e-01 2.572380000000000222e-01 3.667279999999999984e-01
3.727770000000000250e-01 5.240339999999999998e-01 4.462880000000000180e-01 4.767170000000000019e-01 4.932469999999999910e-01 5.299660000000000482e-01 5.098840000000000039e-01 5.271409999999999707e-01
3.908670000000000200e-01 6.189130000000000464e-01 6.587370000000000170e-01 4.187210000000000099e-01 5.966460000000000097e-01 4.139570000000000194e-01 5.949299999999999589e-01 4.905990000000000073e-01
7.277379999999999960e-01 5.912359999999999838e-01 7.014209999999999612e-01 7.973449999999999704e-01 7.386840000000000073e-01 7.760810000000000208e-01 7.296300000000000008e-01 7.703010000000000135e-01
8.659050000000000358e-01 8.603880000000000416e-01 8.866819999999999702e-01 8.523730000000000473e-01 8.558909999999999574e-01 8.459969999999999990e-01 8.564100000000000046e-01 8.308090000000000197e-01
9.606810000000000072e-01 9.208319999999999839e-01 9.581030000000000380e-01 5.451829999999999732e-01 9.627120000000000122e-01 9.572399999999999798e-01 9.608280000000000154e-01 6.046669999999999545e-01
9.975749999999999895e-01 9.957799999999999985e-01 9.986810000000000409e-01 9.988519999999999621e-01 9.943969999999999754e-01 9.974150000000000515e-01 9.963340000000000529e-01 9.956420000000000270e-01
9.745650000000000146e-01 9.889719999999999622e-01 9.743460000000000454e-01 9.744559999999999889e-01 9.743009999999999726e-01 9.746620000000000283e-01 9.878299999999999859e-01 9.945500000000000451e-01
9.772650000000000503e-01 9.746810000000000196e-01 9.823070000000000412e-01 9.741589999999999971e-01 9.952860000000000040e-01 9.735019999999999785e-01 9.745709999999999651e-01 9.757989999999999720e-01
9.534190000000000165e-01 9.596639999999999615e-01 9.503129999999999633e-01 9.589400000000000146e-01 9.538240000000000052e-01 9.613469999999999516e-01 9.303820000000000423e-01 9.548529999999999518e-01
7.193589999999999707e-01 6.996059999999999501e-01 7.047710000000000363e-01 7.205740000000000478e-01 7.134279999999999511e-01 7.304119999999999502e-01 7.039389999999999814e-01 7.102129999999999832e-01
4.871389999999999887e-01 4.732279999999999820e-01 4.779249999999999887e-01 4.727830000000000088e-01 4.747250000000000081e-01 4.745210000000000261e-01 4.854049999999999754e-01 4.741440000000000099e-01
3.101389999999999980e-01 3.059870000000000090e-01 3.132980000000000209e-01 3.077400000000000135e-01 3.170069999999999832e-01 3.143449999999999855e-01 3.147969999999999935e-01 3.127670000000000172e-01
1.706870000000000054e-01 1.656519999999999937e-01 1.791240000000000054e-01 1.822739999999999916e-01 1.632460000000000022e-01 1.785839999999999927e-01 1.786830000000000085e-01 1.745480000000000087e-01
6.436709999999999654e-02 5.453840000000000077e-02 6.950149999999999384e-02 6.322560000000000680e-02 7.853200000000000458e-02 5.774680000000000091e-02 5.579139999999999794e-02 6.051490000000000341e-02
3.522739999999999899e-02 3.904730000000000006e-02 3.954509999999999970e-02 3.854210000000000275e-02 2.807070000000000051e-02 3.171299999999999814e-02 3.365819999999999923e-02 3.669109999999999733e-02
2.537890000000000111e-03 1.918159999999999917e-03 2.339560000000000077e-03 2.399000000000000091e-03 1.512160000000000023e-03 2.702539999999999804e-03 1.877380000000000108e-03 1.320339999999999925e-03
1.363679999999999927e-03 2.520940000000000160e-03 1.923409999999999963e-03 2.091509999999999984e-03 2.360880000000000097e-03 1.402110000000000032e-03 2.017210000000000183e-03 2.117560000000000102e-03
1.131330000000000009e-02 1.068030000000000021e-02 1.129870000000000006e-02 1.051430000000000073e-02 1.083699999999999941e-02 1.095989999999999985e-02 1.166219999999999930e-02 1.106649999999999995e-02
7.704779999999999962e-02 4.222209999999999852e-02 5.430279999999999829e-02 3.759610000000000035e-02 7.256289999999999962e-02 3.287810000000000038e-02 2.972889999999999908e-02 3.365200000000000136e-02
1.705379999999999951e-01 1.659869999999999957e-01 2.893800000000000261e-01 1.781220000000000026e-01 2.037380000000000024e-01 3.044999999999999929e-01 2.393780000000000074e-01 1.630139999999999922e-01
4.266659999999999897e-01 4.429199999999999804e-01 3.555960000000000232e-01 3.855160000000000253e-01 2.422340000000000049e-01 4.291780000000000039e-01 2.920019999999999838e-01 2.030270000000000130e-01
5.123199999999999976e-01 4.975470000000000170e-01 4.952469999999999928e-01 4.631109999999999949e-01 5.149169999999999581e-01 4.797719999999999763e-01 3.128839999999999955e-01 3.660680000000000045e-01
6.668100000000000138e-01 5.831490000000000284e-01 5.488429999999999698e-01 6.255140000000000144e-01 6.919999999999999485e-01 6.179040000000000088e-01 6.211400000000000254e-01 6.646779999999999911e-01
6.628169999999999895e-01 7.261009999999999964e-01 7.257000000000000117e-01 7.495589999999999753e-01 7.469000000000000083e-01 5.495609999999999662e-01 5.432580000000000187e-01 7.594619999999999704e-01
8.661990000000000522e-01 8.956309999999999549e-01 8.604169999999999874e-01 8.642309999999999715e-01 8.893290000000000362e-01 5.746959999999999846e-01 8.855560000000000098e-01 8.514869999999999939e-01
9.586980000000000501e-01 9.565519999999999579e-01 9.543890000000000429e-01 9.573580000000000423e-01 9.442629999999999635e-01 9.610720000000000374e-01 9.564150000000000151e-01 9.060179999999999900e-01
9.986239999999999561e-01 9.995290000000000008e-01 9.972520000000000273e-01 9.981560000000000432e-01 9.999299999999999855e-01 9.967789999999999706e-01 9.974659999999999638e-01 9.999329999999999607e-01
9.740240000000000009e-01 9.747390000000000221e-01 9.743349999999999511e-01 9.876409999999999911e-01 9.809970000000000079e-01 9.919959999999999889e-01 9.792450000000000321e-01 9.785719999999999974e-01
9.986289999999999889e-01 9.734760000000000080e-01 9.744899999999999674e-01 9.729210000000000358e-01 9.742589999999999861e-01 9.760579999999999812e-01 9.749409999999999465e-01 9.794070000000000276e-01
9.587499999999999911e-01 9.418180000000000440e-01 9.597909999999999497e-01 9.596820000000000350e-01 9.536310000000000064e-01 9.330180000000000140e-01 9.334209999999999452e-01 9.558290000000000397e-01
7.265700000000000491e-01 7.119550000000000045e-01 6.990210000000000035e-01 6.976069999999999771e-01 7.039119999999999822e-01 7.199699999999999989e-01 7.203629999999999756e-01 7.213859999999999717e-01
4.851590000000000069e-01 4.819599999999999995e-01 4.859979999999999856e-01 4.851179999999999937e-01 4.773740000000000205e-01 4.733979999999999855e-01 4.751159999999999828e-01 4.797600000000000198e-01
3.151720000000000077e-01 3.237160000000000037e-01 3.127300000000000080e-01 3.045459999999999834e-01 2.984950000000000103e-01 3.155640000000000112e-01 3.131070000000000242e-01 3.091200000000000059e-01
1.788490000000000080e-01 1.801020000000000121e-01 1.683479999999999976e-01 1.774439999999999906e-01 1.826429999999999998e-01 1.843430000000000069e-01 1.679769999999999874e-01 1.810420000000000085e-01
6.668930000000000691e-02 7.595880000000000687e-02 5.711390000000000217e-02 5.907250000000000001e-02 7.025679999999999426e-02 6.563639999999999752e-02 5.905690000000000245e-02 5.898500000000000271e-02
4.142280000000000267e-02 4.129469999999999669e-02 4.063549999999999801e-02 3.370940000000000047e-02 3.808849999999999736e-02 4.025449999999999862e-02 3.411150000000000293e-02 3.500999999999999945e-02
2.583259999999999983e-03 1.920910000000000065e-03 2.141699999999999854e-03 1.803780000000000053e-03 1.894639999999999953e-03 1.460099999999999983e-03 1.762220000000000106e-03 2.522149999999999913e-03
2.676439999999999982e-03 2.684960000000000124e-03 2.124539999999999849e-03 2.121619999999999843e-03 2.675809999999999821e-03 2.422109999999999888e-03 1.440510000000000098e-03 5.547590000000000464e-04
1.238060000000000029e-02 1.109710000000000037e-02 1.236839999999999988e-02 9.545009999999999606e-03 1.049010000000000047e-02 1.120239999999999951e-02 1.189519999999999987e-02 1.066220000000000015e-02
3.860820000000000224e-02 5.690649999999999875e-02 3.315869999999999929e-02 5.416660000000000225e-02 7.400959999999999483e-02 3.871179999999999760e-02 4.351479999999999931e-02 5.583520000000000150e-02
1.538549999999999918e-01 1.902739999999999987e-01 8.270370000000000499e-02 1.955419999999999936e-01 2.089660000000000128e-01 1.631700000000000095e-01 1.790720000000000089e-01 2.218110000000000082e-01
4.636509999999999798e-01 2.190999999999999892e-01 3.095350000000000046e-01 3.977040000000000020e-01 4.503389999999999893e-01 2.943950000000000178e-01 1.978729999999999933e-01 4.145199999999999996e-01
4.658070000000000266e-01 2.673889999999999878e-01 4.730119999999999880e-01 5.045809999999999462e-01 5.096399999999999819e-01 5.638440000000000119e-01 3.313249999999999806e-01 4.916490000000000027e-01
4.234379999999999811e-01 6.436950000000000172e-01 6.409150000000000125e-01 6.206429999999999447e-01 3.167050000000000143e-01 6.633999999999999897e-01 5.971340000000000536e-01 3.415429999999999855e-01
7.487439999999999651e-01 6.929880000000000484e-01 6.121459999999999679e-01 7.098569999999999602e-01 7.593860000000000054e-01 7.270550000000000068e-01 7.325239999999999529e-01 7.736800000000000344e-01
8.523410000000000153e-01 8.978329999999999922e-01 8.575709999999999722e-01 8.617620000000000280e-01 8.843800000000000550e-01 8.801740000000000119e-01 8.448269999999999946e-01 8.657110000000000083e-01
9.604179999999999939e-01 9.542260000000000186e-01 9.555439999999999490e-01 9.572640000000000038e-01 9.029880000000000129e-01 9.609820000000000029e-01 9.556660000000000155e-01 7.258010000000000295e-01
9.877860000000000529e-01 9.981799999999999562e-01 9.408840000000000536e-01 9.076410000000000311e-01 9.514920000000000044e-01 9.994229999999999503e-01 9.496769999999999934e-01 9.977909999999999835e-01
9.747860000000000413e-01 9.748679999999999568e-01 9.772189999999999488e-01 9.740609999999999546e-01 9.747029999999999861e-01 9.742459999999999454e-01 9.757540000000000102e-01 9.946660000000000501e-01
9.749400000000000288e-01 9.725190000000000223e-01 9.731389999999999763e-01 9.738759999999999639e-01 9.802370000000000250e-01 9.980780000000000207e-01 9.753910000000000080e-01 9.719729999999999759e-01
9.488400000000000167e-01 9.524989999999999846e-01 9.537179999999999547e-01 9.551610000000000378e-01 9.447670000000000234e-01 9.593840000000000146e-01 9.532720000000000082e-01 9.593519999999999825e-01
7.085139999999999771e-01 7.044650000000000079e-01 7.216510000000000424e-01 7.140790000000000193e-01 7.079170000000000185e-01 7.144829999999999792e-01 7.272450000000000303e-01 6.996109999999999829e-01
4.748749999999999916e-01 4.723470000000000169e-01 4.773819999999999730e-01 4.852650000000000019e-01 4.846449999999999925e-01 4.729039999999999910e-01 4.769510000000000138e-01 4.749889999999999946e-01
3.165640000000000120e-01 3.091789999999999816e-01 3.058620000000000227e-01 3.120459999999999900e-01 3.120780000000000221e-01 3.165499999999999980e-01 3.150720000000000187e-01 2.975289999999999879e-01
1.815499999999999892e-01 1.728020000000000111e-01 1.765730000000000077e-01 1.828700000000000048e-01 1.778510000000000091e-01 1.852479999999999960e-01 1.647450000000000025e-01 1.791780000000000039e-01
7.794860000000000677e-02 7.286620000000000597e-02 7.200239999999999418e-02 6.350759999999999739e-02 5.649989999999999873e-02 6.594300000000000161e-02 6.342159999999999465e-02 7.011910000000000365e-02
3.352949999999999681e-02 3.233079999999999982e-02 2.891209999999999961e-02 3.397209999999999813e-02 3.377569999999999878e-02 3.416949999999999849e-02 3.749820000000000236e-02 3.170350000000000251e-02
1.671119999999999897e-03 2.578290000000000009e-03 1.932820000000000024e-03 1.018159999999999942e-03 2.008709999999999923e-03 2.474880000000000049e-03 2.682069999999999940e-03 2.398250000000000208e-03
1.447710000000000056e-03 2.156710000000000051e-03 6.996349999999999921e-04 2.750499999999999907e-03 2.401659999999999906e-03 1.065549999999999961e-03 2.238190000000000145e-03 1.687670000000000056e-03
1.115340000000000081e-02 1.286729999999999992e-02 1.071219999999999985e-02 1.133939999999999948e-02 1.047280000000000086e-02 1.197370000000000032e-02 1.129480000000000067e-02 1.065849999999999957e-02
4.813409999999999911e-02 4.274689999999999740e-02 4.912930000000000075e-02 5.678230000000000083e-02 6.409059999999999757e-02 5.987449999999999717e-02 6.993610000000000104e-02 4.149710000000000204e-02
2.262629999999999919e-01 1.692379999999999995e-01 2.057849999999999957e-01 1.506000000000000116e-01 1.581799999999999873e-01 1.453180000000000027e-01 2.242879999999999874e-01 2.645629999999999926e-01
2.812740000000000240e-01 2.033050000000000135e-01 4.288489999999999802e-01 4.383549999999999947e-01 1.984150000000000080e-01 2.865500000000000269e-01 3.077289999999999748e-01 2.677039999999999975e-01
4.899720000000000186e-01 4.978440000000000087e-01 4.984020000000000117e-01 3.743710000000000093e-01 5.732450000000000045e-01 4.630679999999999796e-01 5.514740000000000197e-01 5.209880000000000067e-01
5.070989999999999664e-01 6.164720000000000200e-01 3.430300000000000016e-01 5.238990000000000036e-01 5.556609999999999605e-01 6.152100000000000346e-01 6.191699999999999982e-01 6.088980000000000503e-01
7.216390000000000304e-01 7.299710000000000365e-01 7.631510000000000238e-01 7.273089999999999833e-01 5.970100000000000406e-01 5.462259999999999893e-01 5.135349999999999637e-01 7.345249999999999835e-01
8.892120000000000024e-01 8.855279999999999818e-01 8.592680000000000318e-01 7.655070000000000485e-01 7.372840000000000504e-01 6.495100000000000318e-01 8.863600000000000367e-01 8.645589999999999664e-01
9.647850000000000037e-01 9.600490000000000412e-01 9.595759999999999845e-01 8.760639999999999539e-01 9.546270000000000033e-01 9.633979999999999766e-01 9.579370000000000385e-01 9.563040000000000429e-01
9.964709999999999956e-01 9.541699999999999626e-01 9.988879999999999981e-01 9.993210000000000148e-01 9.968110000000000026e-01 9.978960000000000052e-01 9.727470000000000283e-01 9.984929999999999639e-01
9.747679999999999678e-01 9.849109999999999809e-01 9.896639999999999882e-01 9.756550000000000500e-01 9.971959999999999713e-01 9.743829999999999991e-01 9.772790000000000088e-01 9.741570000000000507e-01
9.875389999999999446e-01 9.841039999999999788e-01 9.887299999999999978e-01 9.736240000000000450e-01 9.730109999999999593e-01 9.723089999999999788e-01 9.987209999999999699e-01 9.741750000000000131e-01
9.405559999999999476e-01 9.568659999999999943e-01 9.025760000000000449e-01 9.531539999999999457e-01 9.570319999999999938e-01 9.554669999999999552e-01 9.636989999999999723e-01 9.284109999999999863e-01
7.225059999999999816e-01 7.246529999999999916e-01 7.041910000000000114e-01 7.092789999999999928e-01 7.213960000000000372e-01 6.733320000000000416e-01 7.228160000000000140e-01 7.141570000000000418e-01
4.722500000000000031e-01 4.768220000000000236e-01 4.848279999999999812e-01 4.822100000000000275e-01 4.826440000000000174e-01 4.800289999999999835e-01 4.865740000000000065e-01 4.829709999999999837e-01
2.978430000000000244e-01 3.145220000000000238e-01 3.154620000000000202e-01 3.185990000000000211e-01 3.164710000000000023e-01 3.073150000000000048e-01 3.104219999999999757e-01 3.136740000000000084e-01
1.623880000000000046e-01 1.731810000000000016e-01 1.730180000000000051e-01 1.822560000000000013e-01 1.658509999999999984e-01 1.713159999999999961e-01 1.719320000000000015e-01 1.659120000000000039e-01
6.662189999999999779e-02 7.071710000000000496e-02 5.849530000000000007e-02 6.436809999999999754e-02 6.787469999999999615e-02 7.255319999999999825e-02 5.348750000000000032e-02 6.917420000000000513e-02
3.546389999999999959e-02 3.783510000000000345e-02 2.871009999999999882e-02 3.559849999999999820e-02 3.200940000000000035e-02 3.382899999999999796e-02 2.811009999999999898e-02 3.412779999999999980e-02
2.176260000000000173e-03 2.711959999999999805e-03 1.715519999999999892e-03 2.591889999999999906e-03 2.131430000000000130e-03 2.607260000000000133e-03 2.087739999999999822e-03 2.160019999999999909e-03
1.959209999999999858e-03 2.059010000000000007e-03 2.969149999999999828e-03 1.508199999999999905e-03 1.677619999999999893e-03 1.439989999999999933e-03 1.676669999999999897e-03 1.216319999999999901e-03
1.192870000000000041e-02 1.148069999999999993e-02 1.067129999999999988e-02 1.297399999999999942e-02 1.184020000000000038e-02 1.029200000000000080e-02 1.072000000000000036e-02 1.157580000000000067e-02
5.717540000000000122e-02 3.555790000000000339e-02 6.172219999999999790e-02 3.639389999999999986e-02 4.784499999999999864e-02 4.389769999999999783e-02 4.243899999999999756e-02 6.737170000000000658e-02
1.498120000000000007e-01 1.734519999999999951e-01 1.797209999999999919e-01 1.732990000000000086e-01 1.700929999999999942e-01 1.534230000000000038e-01 1.891599999999999948e-01 1.714219999999999910e-01
2.527139999999999942e-01 4.067370000000000152e-01 1.941799999999999915e-01 4.529540000000000233e-01 2.293840000000000046e-01 3.802730000000000277e-01 4.485060000000000158e-01 3.406040000000000179e-01
4.704409999999999981e-01 5.597220000000000528e-01 5.214119999999999866e-01 5.472089999999999455e-01 2.715179999999999816e-01 4.955590000000000273e-01 5.770619999999999639e-01 4.510040000000000160e-01
5.905529999999999946e-01 5.792969999999999509e-01 3.285879999999999912e-01 3.233210000000000250e-01 6.157430000000000403e-01 6.078249999999999487e-01 6.051189999999999625e-01 6.035650000000000182e-01
5.830710000000000059e-01 6.705290000000000417e-01 8.017050000000000010e-01 7.278459999999999930e-01 4.099909999999999943e-01 7.544490000000000363e-01 5.910919999999999508e-01 7.492229999999999723e-01
8.541600000000000303e-01 8.631469999999999976e-01 8.630999999999999783e-01 8.728050000000000530e-01 8.612229999999999608e-01 8.844490000000000407e-01 8.619850000000000012e-01 8.656329999999999858e-01
9.601520000000000055e-01 9.561539999999999484e-01 5.185739999999999794e-01 9.580849999999999644e-01 9.598109999999999697e-01 9.121679999999999788e-01 9.598520000000000385e-01 9.541650000000000409e-01
9.878080000000000194e-01 9.562260000000000204e-01 9.894330000000000069e-01 9.982750000000000234e-01 9.981020000000000447e-01 9.988120000000000331e-01 9.665510000000000490e-01 9.993319999999999981e-01
9.743340000000000334e-01 9.978409999999999780e-01 9.737149999999999972e-01 9.784199999999999564e-01 9.740839999999999499e-01 9.761750000000000149e-01 9.792659999999999698e-01 9.872929999999999762e-01
9.964840000000000364e-01 9.732439999999999980e-01 9.744000000000000439e-01 9.780189999999999717e-01 9.732079999999999620e-01 9.773279999999999745e-01 9.751279999999999948e-01 9.722849999999999548e-01
9.522629999999999706e-01 9.483340000000000103e-01 9.559469999999999912e-01 9.536620000000000097e-01 9.595869999999999678e-01 9.314339999999999842e-01 9.574840000000000018e-01 9.578959999999999697e-01
7.229259999999999575e-01 7.108430000000000026e-01 7.198600000000000554e-01 7.213399999999999812e-01 7.206839999999999913e-01 7.038630000000000164e-01 7.011810000000000542e-01 7.043190000000000284e-01
4.759869999999999934e-01 4.843149999999999955e-01 4.823790000000000022e-01 4.822429999999999772e-01 4.768260000000000276e-01 4.732000000000000095e-01 4.746540000000000203e-01 4.754399999999999737e-01
3.073020000000000196e-01 3.087799999999999989e-01 3.170850000000000057e-01 3.100359999999999783e-01 3.082369999999999832e-01 3.160270000000000024e-01 3.063040000000000207e-01 3.172470000000000012e-01
1.683779999999999999e-01 1.651769999999999905e-01 1.658789999999999987e-01 1.734009999999999996e-01 1.741010000000000058e-01 1.653759999999999952e-01 1.675679999999999947e-01 1.663660000000000139e-01
6.602560000000000373e-02 6.957380000000000508e-02 5.558749999999999802e-02 5.582750000000000212e-02 6.571340000000000514e-02 6.047539999999999860e-02 7.161739999999999773e-02 6.320499999999999730e-02
3.697509999999999686e-02 3.524669999999999886e-02 3.499850000000000183e-02 3.627489999999999881e-02 3.638279999999999986e-02 3.243050000000000099e-02 3.786189999999999695e-02 3.317980000000000235e-02
2.002709999999999994e-03 1.887809999999999966e-03 2.457389999999999835e-03 1.469580000000000062e-03 2.848160000000000188e-03 1.794349999999999895e-03 2.324660000000000094e-03 2.233409999999999909e-03
2.101029999999999825e-03 1.127439999999999953e-03 1.964150000000000010e-03 2.280200000000000022e-03 1.946789999999999892e-03 2.910030000000000082e-03 2.697919999999999919e-03 2.440760000000000152e-03
1.217810000000000073e-02 1.286260000000000008e-02 1.564859999999999862e-02 1.043329999999999952e-02 1.090460000000000040e-02 1.076940000000000015e-02 1.100950000000000019e-02 1.014040000000000080e-02
3.596900000000000097e-02 3.559389999999999776e-02 5.192019999999999968e-02 3.191800000000000193e-02 5.025330000000000075e-02 3.887020000000000058e-02 2.856360000000000149e-02 5.587759999999999949e-02
1.758689999999999976e-01 1.919009999999999883e-01 2.634810000000000207e-01 2.433960000000000012e-01 1.811059999999999892e-01 1.839590000000000114e-01 1.876319999999999932e-01 1.931140000000000079e-01
4.307199999999999918e-01 3.655990000000000073e-01 4.516809999999999992e-01 4.164640000000000009e-01 4.260180000000000078e-01 3.276879999999999793e-01 1.929990000000000039e-01 3.808039999999999758e-01
2.637220000000000120e-01 4.849640000000000062e-01 5.650500000000000522e-01 5.374929999999999986e-01 5.430420000000000247e-01 4.778140000000000165e-01 4.989120000000000221e-01 4.333759999999999835e-01
5.762979999999999769e-01 3.562609999999999943e-01 5.773220000000000018e-01 3.272260000000000169e-01 5.550610000000000266e-01 5.307309999999999528e-01 5.318380000000000329e-01 6.592470000000000274e-01
5.733510000000000550e-01 7.271809999999999663e-01 7.367000000000000215e-01 4.166380000000000083e-01 7.387329999999999730e-01 7.368580000000000130e-01 6.064589999999999703e-01 4.321459999999999746e-01
8.574530000000000207e-01 8.642539999999999667e-01 8.666430000000000522e-01 6.045979999999999688e-01 8.766410000000000036e-01 8.883579999999999810e-01 8.789209999999999523e-01 8.618460000000000010e-01
8.079960000000000475e-01 9.601009999999999822e-01 9.553359999999999630e-01 9.628149999999999764e-01 9.429870000000000196e-01 9.595289999999999653e-01 9.619809999999999750e-01 9.301970000000000516e-01
9.983520000000000172e-01 9.973459999999999548e-01 9.982929999999999859e-01 9.967300000000000049e-01 9.484369999999999745e-01 9.963349999999999707e-01 9.980780000000000207e-01 9.987669999999999604e-01
9.757959999999999967e-01 9.757829999999999560e-01 9.837529999999999886e-01 9.760469999999999979e-01 9.787479999999999514e-01 9.763300000000000312e-01 9.895439999999999792e-01 9.745329999999999826e-01
9.733779999999999655e-01 9.773589999999999778e-01 9.986150000000000304e-01 9.746070000000000011e-01 9.729539999999999855e-01 9.742490000000000316e-01 9.726930000000000298e-01 9.735679999999999890e-01
9.556029999999999802e-01 9.477879999999999638e-01 9.564840000000000009e-01 9.593859999999999610e-01 9.422460000000000280e-01 9.448830000000000284e-01 9.492509999999999559e-01 9.570990000000000331e-01
7.205279999999999463e-01 7.173580000000000512e-01 7.047550000000000203e-01 6.991039999999999477e-01 7.239950000000000552e-01 7.155500000000000194e-01 7.117409999999999570e-01 7.140809999999999658e-01
4.875329999999999941e-01 4.869479999999999920e-01 4.864200000000000190e-01 4.858779999999999766e-01 4.825809999999999822e-01 4.730610000000000093e-01 4.752439999999999998e-01 4.807270000000000154e-01
3.165290000000000048e-01 3.099939999999999918e-01 3.162030000000000118e-01 3.149049999999999905e-01 3.068660000000000276e-01 3.193309999999999760e-01 3.156990000000000074e-01 3.154500000000000082e-01
1.651029999999999998e-01 1.670210000000000028e-01 1.697970000000000035e-01 1.669450000000000101e-01 1.788970000000000005e-01 1.796999999999999986e-01 1.691819999999999991e-01 1.645610000000000128e-01
6.711300000000000598e-02 5.984479999999999661e-02 6.908789999999999376e-02 8.158630000000000049e-02 7.175239999999999396e-02 6.945270000000000610e-02 5.309010000000000118e-02 5.568549999999999889e-02
3.704539999999999916e-02 4.123929999999999957e-02 3.865880000000000011e-02 2.825309999999999974e-02 3.403350000000000125e-02 3.562509999999999982e-02 3.182920000000000194e-02 3.853820000000000162e-02
2.702529999999999863e-03 2.125119999999999874e-03 1.870719999999999978e-03 1.709409999999999966e-03 2.236859999999999803e-03 1.500620000000000035e-03 2.076779999999999859e-03 1.176299999999999915e-03
1.977140000000000061e-03 2.742109999999999860e-03 3.181370000000000205e-03 1.910170000000000097e-03 2.680420000000000198e-03 1.942920000000000107e-03 2.636930000000000003e-03 2.055490000000000095e-03
1.111009999999999949e-02 1.100319999999999944e-02 1.113289999999999939e-02 1.180229999999999994e-02 1.288130000000000004e-02 1.190560000000000056e-02 1.150920000000000068e-02 1.190719999999999973e-02
3.963160000000000294e-02 4.442859999999999865e-02 5.863639999999999824e-02 2.778889999999999832e-02 3.628569999999999712e-02 3.105230000000000143e-02 5.299979999999999969e-02 3.508429999999999882e-02
1.843609999999999971e-01 1.615320000000000089e-01 1.406209999999999960e-01 2.033729999999999982e-01 1.763109999999999955e-01 2.291610000000000036e-01 2.184399999999999953e-01 1.801629999999999898e-01
3.025740000000000096e-01 2.657240000000000157e-01 4.461760000000000170e-01 2.012829999999999897e-01 3.977089999999999792e-01 3.960170000000000079e-01 2.651240000000000263e-01 3.985929999999999751e-01
5.054950000000000276e-01 6.206720000000000015e-01 5.433179999999999676e-01 3.849609999999999976e-01 2.563320000000000043e-01 5.338789999999999925e-01 5.188610000000000166e-01 5.568779999999999841e-01
5.857120000000000104e-01 6.590639999999999832e-01 6.328890000000000349e-01 6.518439999999999790e-01 6.171940000000000204e-01 6.336749999999999883e-01 6.089710000000000401e-01 5.586569999999999592e-01
5.905989999999999851e-01 7.523269999999999680e-01 6.460890000000000244e-01 7.400970000000000049e-01 4.786630000000000051e-01 7.646600000000000064e-01 7.337529999999999886e-01 7.105850000000000222e-01
8.616610000000000102e-01 8.442969999999999642e-01 8.599409999999999554e-01 8.635629999999999695e-01 8.746950000000000003e-01 8.570830000000000393e-01 8.625660000000000549e-01 8.705819999999999670e-01
9.576109999999999900e-01 9.534240000000000492e-01 9.549900000000000055e-01 9.602500000000000480e-01 9.552300000000000235e-01 9.617219999999999658e-01 9.546860000000000346e-01 9.465660000000000185e-01
9.994619999999999616e-01 9.976639999999999953e-01 9.952609999999999513e-01 9.954990000000000228e-01 9.976399999999999713e-01 9.981680000000000552e-01 9.978439999999999532e-01 9.999350000000000183e-01
9.874579999999999469e-01 9.820499999999999785e-01 9.752399999999999958e-01 9.868329999999999602e-01 9.747460000000000013e-01 9.748890000000000056e-01 9.900109999999999744e-01 9.752220000000000333e-01
9.728689999999999838e-01 9.962680000000000424e-01 9.923990000000000311e-01 9.712150000000000505e-01 9.984650000000000469e-01 9.739050000000000207e-01 9.900719999999999521e-01 9.817799999999999860e-01
9.373569999999999958e-01 9.563019999999999854e-01 9.556919999999999860e-01 9.473430000000000462e-01 9.612920000000000353e-01 9.564219999999999944e-01 9.610340000000000549e-01 9.456909999999999483e-01
7.053150000000000253e-01 6.976769999999999916e-01 7.120459999999999567e-01 7.001819999999999711e-01 7.042180000000000106e-01 7.019039999999999724e-01 7.239349999999999952e-01 7.044810000000000239e-01
4.743859999999999744e-01 4.742509999999999781e-01 4.885530000000000150e-01 4.767779999999999796e-01 4.910180000000000100e-01 4.724889999999999923e-01 4.849029999999999729e-01 4.832839999999999914e-01
3.188099999999999823e-01 3.125049999999999772e-01 3.147789999999999755e-01 3.122909999999999853e-01 3.091909999999999936e-01 3.098489999999999855e-01 3.097050000000000081e-01 3.156829999999999914e-01
1.677039999999999920e-01 1.634500000000000119e-01 1.783339999999999925e-01 1.691979999999999873e-01 1.687379999999999991e-01 1.680669999999999942e-01 1.777390000000000081e-01 1.782040000000000013e-01
6.866139999999999743e-02 5.763340000000000130e-02 7.188849999999999407e-02 7.138250000000000151e-02 5.569129999999999914e-02 6.650169999999999693e-02 5.742060000000000219e-02 6.277950000000000197e-02
3.552040000000000058e-02 2.783669999999999894e-02 3.305840000000000167e-02 3.620729999999999782e-02 3.440510000000000096e-02 4.009440000000000226e-02 3.542719999999999897e-02 3.727310000000000345e-02
2.164750000000000008e-03 1.983030000000000209e-03 1.516259999999999960e-03 1.696290000000000037e-03 1.943159999999999983e-03 2.520890000000000023e-03 1.572690000000000069e-03 1.869449999999999931e-03
1.590660000000000034e-03 2.333800000000000024e-03 1.332950000000000064e-03 2.180810000000000040e-03 2.055770000000000167e-03 2.625070000000000181e-03 2.114469999999999805e-03 2.182850000000000068e-03
1.341520000000000039e-02 1.162610000000000032e-02 1.262579999999999952e-02 1.074710000000000075e-02 1.087040000000000055e-02 1.180800000000000079e-02 1.175449999999999932e-02 1.150819999999999968e-02
3.712939999999999990e-02 3.716760000000000203e-02 2.575449999999999962e-02 4.599079999999999835e-02 3.943259999999999821e-02 4.752440000000000137e-02 3.572999999999999787e-02 4.939059999999999978e-02
1.248380000000000045e-01 1.618670000000000109e-01 2.520839999999999748e-01 3.072159999999999891e-01 1.500799999999999912e-01 1.448530000000000095e-01 2.061580000000000079e-01 1.677329999999999932e-01
3.443550000000000222e-01 1.768019999999999869e-01 2.624290000000000234e-01 3.853420000000000178e-01 4.330519999999999925e-01 4.483019999999999783e-01 4.351389999999999980e-01 3.201419999999999821e-01
4.774869999999999948e-01 5.148289999999999811e-01 2.582180000000000031e-01 5.559229999999999450e-01 4.714969999999999994e-01 5.628729999999999567e-01 5.325950000000000406e-01 5.121470000000000189e-01
3.965899999999999981e-01 6.256899999999999684e-01 6.230999999999999872e-01 4.906079999999999885e-01 6.266180000000000083e-01 5.943260000000000209e-01 3.412299999999999778e-01 3.431969999999999743e-01
7.368419999999999970e-01 7.106000000000000094e-01 7.543090000000000073e-01 8.063690000000000024e-01 7.369189999999999907e-01 7.450470000000000148e-01 4.385800000000000254e-01 7.375950000000000006e-01
8.600640000000000507e-01 8.745490000000000208e-01 8.329389999999999850e-01 8.821710000000000385e-01 8.599780000000000202e-01 8.581010000000000026e-01 8.589010000000000256e-01 8.682600000000000318e-01
9.610589999999999966e-01 9.604129999999999612e-01 9.525890000000000191e-01 9.549090000000000078e-01 9.596390000000000198e-01 9.557679999999999509e-01 9.563180000000000014e-01 9.524249999999999661e-01
9.934939999999999882e-01 9.985000000000000542e-01 9.196299999999999475e-01 9.920999999999999819e-01 9.985610000000000319e-01 9.984800000000000342e-01 9.968719999999999803e-01 9.963279999999999914e-01
9.770349999999999868e-01 9.862159999999999815e-01 9.738409999999999567e-01 9.747810000000000086e-01 9.735549999999999482e-01 9.912509999999999932e-01 9.756169999999999565e-01 9.760109999999999619e-01
9.736559999999999659e-01 9.739430000000000032e-01 9.724709999999999743e-01 9.767280000000000406e-01 9.728259999999999685e-01 9.725920000000000121e-01 9.742199999999999749e-01 9.724890000000000478e-01
9.572960000000000358e-01 9.603819999999999579e-01 9.483930000000000415e-01 9.596919999999999895e-01 9.482679999999999998e-01 9.448480000000000212e-01 9.478480000000000238e-01 9.206560000000000299e-01
7.015149999999999997e-01 7.034629999999999495e-01 7.052429999999999533e-01 7.135219999999999896e-01 7.050279999999999880e-01 7.246150000000000091e-01 7.127280000000000282e-01 7.038609999999999589e-01
4.794939999999999758e-01 4.852179999999999827e-01 4.845880000000000187e-01 4.774900000000000255e-01 4.812370000000000259e-01 4.738209999999999922e-01 4.865590000000000193e-01 4.758640000000000092e-01
3.136990000000000056e-01 3.168480000000000185e-01 3.100149999999999850e-01 3.103909999999999725e-01 3.004550000000000276e-01 3.119029999999999858e-01 3.162820000000000076e-01 3.081650000000000222e-01
1.728000000000000091e-01 1.728079999999999894e-01 1.684819999999999929e-01 1.738899999999999890e-01 1.650699999999999945e-01 1.779709999999999903e-01 1.678929999999999867e-01 1.807779999999999943e-01
5.129949999999999788e-02 5.715359999999999885e-02 6.224629999999999747e-02 7.092070000000000318e-02 5.246010000000000256e-02 6.605790000000000273e-02 5.282099999999999990e-02 6.821910000000000474e-02
2.235209999999999975e-02 3.763199999999999878e-02 4.182870000000000338e-02 2.794510000000000050e-02 3.784819999999999851e-02 3.814889999999999948e-02 2.939229999999999968e-02 3.089019999999999960e-02
2.214509999999999829e-03 2.326100000000000216e-03 2.089489999999999837e-03 2.845569999999999957e-03 1.613939999999999906e-03 1.682899999999999978e-03 2.369580000000000037e-03 1.517469999999999930e-03
1.702860000000000051e-03 2.421720000000000036e-03 2.287350000000000060e-03 2.086909999999999980e-03 2.169760000000000178e-03 2.113320000000000129e-03 1.214690000000000041e-03 2.190370000000000077e-03
1.340410000000000039e-02 1.141269999999999958e-02 1.247730000000000020e-02 1.096289999999999938e-02 1.040690000000000018e-02 1.225689999999999939e-02 9.583360000000000836e-03 1.399090000000000056e-02
4.335080000000000183e-02 3.025040000000000021e-02 5.691809999999999925e-02 3.543229999999999991e-02 4.483949999999999741e-02 3.718609999999999971e-02 4.330200000000000021e-02 4.709639999999999660e-02
1.726449999999999929e-01 1.714960000000000095e-01 2.319539999999999935e-01 1.670059999999999878e-01 1.401119999999999866e-01 1.709549999999999959e-01 1.979170000000000096e-01 1.655490000000000017e-01
4.033410000000000051e-01 1.894520000000000093e-01 4.387590000000000101e-01 2.384110000000000118e-01 3.939989999999999881e-01 3.677279999999999993e-01 3.945279999999999898e-01 2.939749999999999863e-01
5.272219999999999684e-01 5.467640000000000278e-01 4.506249999999999978e-01 3.466040000000000232e-01 5.074530000000000429e-01 4.220499999999999807e-01 5.409479999999999844e-01 4.357309999999999794e-01
5.350059999999999816e-01 6.154230000000000533e-01 4.060759999999999925e-01 4.692279999999999784e-01 3.192420000000000258e-01 6.449160000000000448e-01 6.209869999999999557e-01 4.649499999999999744e-01
5.820520000000000138e-01 7.313159999999999661e-01 7.575190000000000534e-01 7.225369999999999848e-01 7.386869999999999825e-01 7.834339999999999637e-01 7.985640000000000516e-01 7.408689999999999998e-01
8.674469999999999681e-01 8.285789999999999544e-01 7.175380000000000091e-01 8.876199999999999646e-01 8.648639999999999661e-01 8.449539999999999829e-01 8.775880000000000347e-01 8.610659999999999981e-01
9.290509999999999602e-01 8.955119999999999747e-01 9.584700000000000442e-01 9.545409999999999728e-01 9.536059999999999537e-01 9.603439999999999754e-01 9.562789999999999901e-01 9.588299999999999601e-01
9.989519999999999511e-01 9.985870000000000024e-01 9.024060000000000414e-01 9.956789999999999807e-01 9.992090000000000138e-01 9.969869999999999566e-01 9.973370000000000291e-01 9.993370000000000308e-01
9.762870000000000159e-01 9.909780000000000255e-01 9.748759999999999648e-01 9.744319999999999649e-01 9.995979999999999865e-01 9.742760000000000309e-01 9.765019999999999811e-01 9.748310000000000031e-01
9.712579999999999547e-01 9.776390000000000358e-01 9.743260000000000254e-01 9.928350000000000231e-01 9.711379999999999457e-01 9.892530000000000490e-01 9.719860000000000166e-01 9.947030000000000038e-01
9.526489999999999680e-01 9.441659999999999497e-01 9.602730000000000432e-01 9.584289999999999754e-01 9.590490000000000403e-01 9.479899999999999993e-01 9.294369999999999576e-01 9.601340000000000430e-01
7.019670000000000076e-01 7.184230000000000338e-01 7.260969999999999924e-01 7.226329999999999698e-01 7.239659999999999984e-01 7.101210000000000022e-01 7.247090000000000476e-01 7.192499999999999449e-01
4.712939999999999907e-01 4.746190000000000131e-01 4.725949999999999873e-01 4.861480000000000246e-01 4.851889999999999814e-01 4.854479999999999906e-01 4.843169999999999975e-01 4.744260000000000144e-01
3.134330000000000171e-01 3.188349999999999795e-01 3.183739999999999903e-01 3.172050000000000147e-01 3.009760000000000213e-01 3.157389999999999919e-01 3.151379999999999737e-01 3.098319999999999963e-01
1.819989999999999941e-01 1.678560000000000052e-01 1.776719999999999966e-01 1.637570000000000137e-01 1.744269999999999987e-01 1.847040000000000071e-01 1.780960000000000043e-01 1.736900000000000110e-01
5.980830000000000174e-02 6.159590000000000204e-02 4.976450000000000318e-02 5.889069999999999722e-02 5.648500000000000049e-02 6.422039999999999693e-02 6.149530000000000274e-02 6.115700000000000303e-02
3.275709999999999733e-02 3.501689999999999664e-02 3.576909999999999812e-02 2.979259999999999894e-02 3.205419999999999797e-02 3.222219999999999945e-02 3.195680000000000048e-02 4.137239999999999668e-02
2.121200000000000169e-03 2.379679999999999903e-03 2.605189999999999850e-03 2.095389999999999926e-03 2.426289999999999784e-03 2.071359999999999955e-03 2.647300000000000000e-03 2.513819999999999943e-03
6.685260000000000161e-04 1.699959999999999926e-03 1.620319999999999963e-03 2.138769999999999907e-03 3.227439999999999823e-03 1.465549999999999926e-03 9.394779999999999928e-04 3.284280000000000207e-04
1.094799999999999940e-02 1.265029999999999974e-02 1.074089999999999941e-02 1.041719999999999972e-02 1.048289999999999986e-02 1.197969999999999938e-02 1.084369999999999952e-02 1.147420000000000037e-02
3.892229999999999995e-02 4.235250000000000126e-02 3.639660000000000117e-02 6.938500000000000223e-02 4.689480000000000037e-02 5.446809999999999846e-02 2.859199999999999936e-02 3.810100000000000292e-02
1.793500000000000094e-01 1.784890000000000088e-01 1.957089999999999941e-01 3.178839999999999999e-01 2.212339999999999862e-01 1.705490000000000061e-01 1.667540000000000133e-01 1.786050000000000137e-01
3.730829999999999980e-01 4.314189999999999969e-01 2.353989999999999971e-01 3.571849999999999747e-01 3.445090000000000097e-01 4.530689999999999995e-01 2.012059999999999960e-01 3.436520000000000130e-01
3.758909999999999751e-01 5.658300000000000551e-01 2.433510000000000117e-01 4.614759999999999973e-01 5.260979999999999546e-01 3.941500000000000004e-01 2.594159999999999799e-01 4.994700000000000251e-01
3.661260000000000070e-01 6.112549999999999928e-01 5.454700000000000104e-01 5.865040000000000253e-01 5.112240000000000117e-01 5.731610000000000316e-01 6.042469999999999786e-01 5.963699999999999557e-01
7.238210000000000477e-01 4.349489999999999745e-01 7.268369999999999553e-01 7.888159999999999616e-01 6.700509999999999522e-01 6.724229999999999929e-01 7.356200000000000516e-01 7.608319999999999528e-01
6.213370000000000282e-01 8.639639999999999542e-01 8.586939999999999573e-01 8.585540000000000393e-01 8.604960000000000386e-01 8.975499999999999590e-01 8.601119999999999877e-01 8.772389999999999910e-01
9.303240000000000398e-01 9.612309999999999466e-01 9.554219999999999935e-01 9.615960000000000063e-01 9.562199999999999589e-01 9.582669999999999799e-01 9.606959999999999944e-01 9.548849999999999838e-01
9.975519999999999943e-01 9.997399999999999620e-01 9.954539999999999500e-01 9.983950000000000324e-01 9.975100000000000078e-01 9.926629999999999621e-01 9.982499999999999707e-01 9.993480000000000141e-01
9.972929999999999851e-01 9.743509999999999671e-01 9.746270000000000211e-01 9.927319999999999478e-01 9.748069999999999791e-01 9.758860000000000312e-01 9.849999999999999867e-01 9.764589999999999659e-01
9.761969999999999814e-01 9.717230000000000034e-01 9.979890000000000150e-01 9.739149999999999752e-01 9.756460000000000132e-01 9.747320000000000428e-01 9.731189999999999563e-01 9.755500000000000282e-01
9.587550000000000239e-01 9.481260000000000243e-01 9.581290000000000084e-01 8.966640000000000166e-01 9.316719999999999446e-01 9.618280000000000163e-01 9.480480000000000018e-01 9.412350000000000438e-01
7.072690000000000365e-01 7.087430000000000119e-01 7.326009999999999467e-01 7.173920000000000297e-01 7.215599999999999792e-01 7.264540000000000441e-01 7.248280000000000278e-01 7.036459999999999937e-01
4.850459999999999772e-01 4.862119999999999775e-01 4.775519999999999765e-01 4.774880000000000235e-01 4.824939999999999785e-01 4.848979999999999957e-01 4.752100000000000213e-01 4.735869999999999802e-01
3.173079999999999790e-01 3.124480000000000035e-01 3.169629999999999947e-01 3.097570000000000046e-01 3.116539999999999866e-01 3.056470000000000020e-01 3.102860000000000062e-01 3.106340000000000212e-01
1.747920000000000029e-01 1.780460000000000098e-01 1.745740000000000069e-01 1.668330000000000091e-01 1.631839999999999957e-01 1.709849999999999981e-01 1.753379999999999939e-01 1.806709999999999983e-01
5.651719999999999661e-02 5.678230000000000083e-02 6.795130000000000614e-02 5.599749999999999867e-02 5.838150000000000284e-02 6.985570000000000668e-02 7.808589999999999975e-02 5.775700000000000278e-02
4.174930000000000307e-02 3.039139999999999897e-02 2.508350000000000163e-02 3.976790000000000186e-02 3.162999999999999839e-02 3.508850000000000163e-02 3.106350000000000083e-02 3.402979999999999894e-02
2.013150000000000009e-03 2.999879999999999908e-03 2.201160000000000182e-03 2.329340000000000056e-03 2.328400000000000001e-03 2.990220000000000031e-03 3.315869999999999842e-03 1.446079999999999978e-03
2.209660000000000010e-03 2.264920000000000128e-03 2.850510000000000110e-03 2.197820000000000069e-03 2.325659999999999793e-03 2.600299999999999834e-03 2.149020000000000184e-03 1.888680000000000003e-03
1.036149999999999918e-02 1.210950000000000047e-02 1.125130000000000054e-02 1.184879999999999961e-02 1.151390000000000052e-02 1.085550000000000057e-02 1.061420000000000072e-02 1.085979999999999931e-02
3.172819999999999807e-02 7.920130000000000225e-02 5.626330000000000220e-02 3.436340000000000228e-02 7.802449999999999664e-02 3.478549999999999698e-02 5.668510000000000215e-02 5.455639999999999795e-02
1.852979999999999905e-01 1.705899999999999916e-01 2.502579999999999805e-01 1.947579999999999867e-01 1.309929999999999983e-01 2.468980000000000063e-01 2.748680000000000012e-01 2.558099999999999818e-01
4.405899999999999817e-01 2.011429999999999885e-01 4.502369999999999983e-01 4.204860000000000264e-01 4.342409999999999881e-01 3.077710000000000168e-01 2.723470000000000057e-01 3.533169999999999922e-01
4.510839999999999850e-01 5.644500000000000073e-01 2.752379999999999827e-01 4.937019999999999742e-01 5.490199999999999525e-01 4.577789999999999915e-01 4.057470000000000243e-01 4.751830000000000220e-01
6.241929999999999978e-01 6.092750000000000110e-01 4.437800000000000078e-01 6.774130000000000429e-01 6.623210000000000486e-01 6.196890000000000454e-01 6.232499999999999707e-01 6.172710000000000141e-01
7.102159999999999584e-01 7.317529999999999868e-01 7.056839999999999780e-01 6.041670000000000096e-01 7.301600000000000312e-01 4.179599999999999982e-01 7.596659999999999524e-01 7.739770000000000261e-01
8.831729999999999858e-01 8.627719999999999834e-01 8.771109999999999740e-01 8.901459999999999928e-01 8.856549999999999701e-01 8.509809999999999874e-01 8.480809999999999738e-01 8.710390000000000077e-01
9.539910000000000334e-01 9.602680000000000105e-01 9.579079999999999817e-01 9.584120000000000417e-01 9.504899999999999460e-01 9.593789999999999818e-01 9.076849999999999641e-01 9.581979999999999942e-01
9.973499999999999588e-01 9.977639999999999842e-01 9.974389999999999645e-01 9.986819999999999586e-01 9.960660000000000069e-01 9.950539999999999941e-01 9.955880000000000285e-01 9.967049999999999521e-01
9.753629999999999800e-01 9.751919999999999478e-01 9.742290000000000116e-01 9.753659999999999553e-01 9.759790000000000409e-01 9.741469999999999851e-01 9.900930000000000009e-01 9.747010000000000396e-01
9.783880000000000354e-01 9.763020000000000032e-01 9.990289999999999448e-01 9.760959999999999637e-01 9.787789999999999546e-01 9.738879999999999759e-01 9.743450000000000166e-01 9.763399999999999856e-01
9.185200000000000031e-01 9.315149999999999819e-01 9.550130000000000008e-01 9.346119999999999983e-01 9.465120000000000200e-01 9.624049999999999550e-01 9.618879999999999653e-01 9.564150000000000151e-01
7.056109999999999882e-01 7.193730000000000402e-01 7.059800000000000519e-01 7.242070000000000451e-01 7.260480000000000267e-01 7.114580000000000348e-01 7.215219999999999967e-01 7.099029999999999507e-01
4.871489999999999987e-01 4.767770000000000064e-01 4.732219999999999760e-01 4.724479999999999791e-01 4.747319999999999873e-01 4.789320000000000244e-01 4.865999999999999770e-01 4.733339999999999770e-01
3.081340000000000190e-01 3.139629999999999921e-01 3.104529999999999790e-01 3.161769999999999858e-01 3.161539999999999906e-01 3.091700000000000004e-01 3.189040000000000208e-01 3.099950000000000205e-01
1.820599999999999996e-01 1.815879999999999994e-01 1.809610000000000107e-01 1.706689999999999874e-01 1.660760000000000014e-01 1.705720000000000014e-01 1.804449999999999943e-01 1.803329999999999933e-01
6.739370000000000083e-02 4.969529999999999781e-02 6.041230000000000211e-02 6.181740000000000151e-02 6.530569999999999431e-02 5.475809999999999705e-02 7.524720000000000020e-02 5.988570000000000004e-02
3.965230000000000143e-02 2.932569999999999968e-02 3.513120000000000132e-02 4.024860000000000243e-02 2.505339999999999998e-02 2.560559999999999919e-02 3.028969999999999926e-02 3.793710000000000138e-02
2.702770000000000172e-03 2.684329999999999963e-03 1.586079999999999912e-03 2.196220000000000030e-03 2.458820000000000016e-03 2.316509999999999923e-03 2.006669999999999895e-03 1.711099999999999904e-03
2.312489999999999945e-03 2.529500000000000064e-03 1.581689999999999962e-03 1.590049999999999970e-03 1.554100000000000099e-03 2.273190000000000020e-03 1.957579999999999997e-03 1.988440000000000173e-03
1.163190000000000057e-02 1.351639999999999960e-02 1.092579999999999940e-02 9.931310000000000485e-03 1.271510000000000001e-02 1.159849999999999944e-02 1.139689999999999974e-02 1.155559999999999921e-02
5.728889999999999677e-02 3.088439999999999935e-02 6.088650000000000312e-02 3.936429999999999790e-02 4.266960000000000197e-02 6.953220000000000234e-02 5.503750000000000309e-02 4.074339999999999906e-02
1.224319999999999992e-01 1.660959999999999936e-01 1.479540000000000022e-01 1.733740000000000003e-01 2.985309999999999908e-01 1.705190000000000039e-01 2.347090000000000010e-01 1.396940000000000126e-01
2.028909999999999880e-01 3.875419999999999976e-01 1.992889999999999939e-01 3.905290000000000150e-01 3.787710000000000243e-01 2.004259999999999931e-01 3.475230000000000263e-01 4.465480000000000005e-01
5.737809999999999855e-01 3.408220000000000138e-01 3.682019999999999738e-01 5.121660000000000101e-01 4.938649999999999984e-01 4.764650000000000274e-01 3.167980000000000240e-01 4.386889999999999956e-01
3.234949999999999770e-01 6.779220000000000246e-01 6.749410000000000132e-01 6.232509999999999994e-01 6.345110000000000472e-01 6.569730000000000292e-01 6.172060000000000324e-01 5.544090000000000407e-01
7.351860000000000062e-01 5.023370000000000335e-01 6.914749999999999508e-01 6.856489999999999529e-01 7.142279999999999740e-01 7.445610000000000284e-01 4.403590000000000004e-01 4.146050000000000013e-01
8.960970000000000324e-01 7.229959999999999720e-01 8.915530000000000399e-01 8.617249999999999632e-01 8.468790000000000484e-01 7.052599999999999980e-01 5.503689999999999971e-01 8.330570000000000475e-01
9.545869999999999633e-01 9.605179999999999829e-01 9.536900000000000377e-01 9.623800000000000132e-01 9.425149999999999917e-01 9.132879999999999887e-01 9.528429999999999955e-01 5.611530000000000129e-01
9.706270000000000175e-01 9.984250000000000069e-01 9.967960000000000154e-01 9.993199999999999861e-01 9.985380000000000367e-01 9.997190000000000243e-01 9.776949999999999807e-01 9.809400000000000341e-01
9.758210000000000495e-01 9.782079999999999664e-01 9.754479999999999817e-01 9.764100000000000001e-01 9.748080000000000078e-01 9.929989999999999650e-01 9.890039999999999942e-01 9.744650000000000256e-01
9.756930000000000325e-01 9.714960000000000262e-01 9.750870000000000370e-01 9.808639999999999581e-01 9.752999999999999448e-01 9.776920000000000055e-01 9.773129999999999873e-01 9.750710000000000210e-01
9.465540000000000065e-01 9.524730000000000141e-01 9.542779999999999596e-01 9.606630000000000447e-01 9.219880000000000297e-01 9.437069999999999625e-01 9.613369999999999971e-01 9.571539999999999493e-01
6.970110000000000472e-01 7.209109999999999685e-01 7.115609999999999991e-01 7.200299999999999478e-01 7.118200000000000083e-01 7.154150000000000231e-01 7.195759999999999934e-01 7.157010000000000316e-01
4.770610000000000128e-01 4.834419999999999829e-01 4.766460000000000141e-01 4.856969999999999898e-01 4.824789999999999912e-01 4.760650000000000159e-01 4.759129999999999749e-01 4.880249999999999866e-01
3.136459999999999804e-01 3.064939999999999887e-01 3.134950000000000236e-01 3.139259999999999828e-01 3.091720000000000024e-01 3.143900000000000028e-01 3.072440000000000171e-01 3.100820000000000243e-01
1.637979999999999992e-01 1.777779999999999916e-01 1.810750000000000137e-01 1.771000000000000074e-01 1.788949999999999985e-01 1.809570000000000067e-01 1.839969999999999939e-01 1.673620000000000108e-01
6.134839999999999738e-02 6.331349999999999478e-02 5.776850000000000041e-02 6.440990000000000604e-02 6.954849999999999921e-02 5.329280000000000128e-02 7.495780000000000498e-02 7.118950000000000278e-02
2.873989999999999878e-02 4.200770000000000198e-02 3.236959999999999837e-02 3.546040000000000303e-02 3.083299999999999930e-02 3.909490000000000187e-02 3.318059999999999760e-02 3.375790000000000041e-02
1.877870000000000017e-03 2.514209999999999796e-03 1.697149999999999917e-03 2.040929999999999828e-03 2.333290000000000017e-03 2.248110000000000212e-03 2.569230000000000038e-03 2.103719999999999896e-03
1.616770000000000013e-03 1.876239999999999939e-03 2.444379999999999904e-03 2.532280000000000034e-03 2.690210000000000171e-03 1.263650000000000060e-03 2.965370000000000159e-03 2.099890000000000090e-03
1.371759999999999993e-02 1.086879999999999964e-02 1.054229999999999924e-02 1.025110000000000084e-02 1.057789999999999946e-02 1.191329999999999993e-02 1.261329999999999917e-02 1.121929999999999976e-02
3.904910000000000325e-02 5.061319999999999708e-02 3.394559999999999939e-02 4.990920000000000079e-02 3.614660000000000095e-02 4.002139999999999864e-02 5.027410000000000212e-02 4.110769999999999702e-02
2.679279999999999995e-01 1.849069999999999880e-01 1.729660000000000086e-01 1.638749999999999929e-01 1.827110000000000123e-01 2.103230000000000099e-01 1.652669999999999972e-01 3.283590000000000120e-01
2.096600000000000130e-01 3.916169999999999929e-01 4.175110000000000210e-01 3.434440000000000270e-01 3.987840000000000273e-01 1.380520000000000080e-01 3.681940000000000213e-01 2.014209999999999889e-01
4.831849999999999756e-01 5.454320000000000279e-01 4.919100000000000139e-01 4.837810000000000166e-01 5.745379999999999932e-01 4.690610000000000057e-01 4.907830000000000248e-01 5.540000000000000480e-01
4.823649999999999882e-01 5.603059999999999707e-01 4.510170000000000012e-01 3.418590000000000240e-01 6.620770000000000266e-01 6.042880000000000473e-01 6.056759999999999922e-01 6.085890000000000466e-01
7.294559999999999933e-01 7.900610000000000133e-01 7.248590000000000311e-01 6.758380000000000498e-01 4.257199999999999873e-01 7.463450000000000362e-01 6.750639999999999974e-01 7.317679999999999740e-01
8.930810000000000137e-01 8.056550000000000100e-01 8.610170000000000323e-01 8.532819999999999849e-01 8.775420000000000442e-01 8.591210000000000235e-01 8.621860000000000079e-01 8.742100000000000426e-01
8.916199999999999681e-01 9.521779999999999688e-01 9.564329999999999776e-01 9.572540000000000493e-01 8.038110000000000532e-01 9.589929999999999843e-01 9.578980000000000272e-01 9.535989999999999744e-01
9.864920000000000355e-01 9.998989999999999823e-01 9.974509999999999765e-01 9.997700000000000475e-01 9.962750000000000217e-01 9.992290000000000338e-01 5.361529999999999907e-01 9.965140000000000109e-01
9.897000000000000242e-01 9.742119999999999669e-01 9.742169999999999996e-01 9.800360000000000182e-01 9.784859999999999669e-01 9.797660000000000258e-01 6.895550000000000290e-01 9.756829999999999670e-01
9.747740000000000293e-01 9.712849999999999540e-01 9.905859999999999665e-01 9.714009999999999589e-01 9.731889999999999707e-01 9.831170000000000186e-01 9.730309999999999793e-01 9.759029999999999649e-01
9.590140000000000331e-01 9.413989999999999858e-01 9.551600000000000090e-01 9.567430000000000101e-01 9.552950000000000053e-01 9.559539999999999704e-01 9.556459999999999955e-01 9.577799999999999647e-01
7.163260000000000183e-01 7.212730000000000530e-01 7.005059999999999620e-01 7.236939999999999484e-01 7.089079999999999826e-01 7.093679999999999986e-01 7.206200000000000383e-01 7.154620000000000424e-01
4.727629999999999888e-01 4.857199999999999851e-01 4.841619999999999813e-01 4.754900000000000237e-01 4.819450000000000123e-01 4.867139999999999800e-01 4.732210000000000027e-01 4.868859999999999855e-01
3.107509999999999994e-01 3.183259999999999978e-01 3.094839999999999813e-01 3.097119999999999873e-01 3.162119999999999931e-01 3.158790000000000209e-01 3.061300000000000132e-01 3.111129999999999729e-01
1.623449999999999893e-01 1.669630000000000003e-01 1.799620000000000108e-01 1.820239999999999914e-01 1.687619999999999953e-01 1.773490000000000066e-01 1.721759999999999957e-01 1.799999999999999933e-01
6.365619999999999612e-02 6.719690000000000385e-02 6.777220000000000466e-02 7.366509999999999725e-02 6.494850000000000623e-02 5.632619999999999988e-02 5.635010000000000019e-02 5.958560000000000245e-02
3.467320000000000124e-02 3.878560000000000341e-02 3.016359999999999875e-02 3.757239999999999885e-02 3.640199999999999686e-02 3.200309999999999960e-02 4.028070000000000261e-02 3.401499999999999663e-02
1.969380000000000176e-03 1.453159999999999999e-03 5.469459999999999773e-04 1.827279999999999920e-03 2.017970000000000007e-03 2.379599999999999944e-03 2.028850000000000011e-03 2.758689999999999840e-03
1.678830000000000079e-03 2.578410000000000164e-03 2.381569999999999954e-03 1.702989999999999929e-03 1.428269999999999930e-03 1.871190000000000006e-03 1.546339999999999998e-03 2.210269999999999856e-03
1.060340000000000067e-02 1.213440000000000005e-02 1.131419999999999995e-02 1.133890000000000071e-02 1.082550000000000005e-02 1.166039999999999958e-02 1.038580000000000059e-02 1.134399999999999992e-02
5.262410000000000004e-02 3.994339999999999696e-02 4.216120000000000284e-02 4.214699999999999697e-02 2.982220000000000010e-02 5.416289999999999993e-02 5.493809999999999666e-02 3.194639999999999980e-02
1.247950000000000031e-01 1.563489999999999880e-01 1.767410000000000092e-01 1.917159999999999975e-01 1.628570000000000018e-01 1.950689999999999924e-01 1.893070000000000030e-01 2.949510000000000187e-01
3.315500000000000114e-01 3.169359999999999955e-01 4.504199999999999871e-01 2.057869999999999977e-01 4.545770000000000088e-01 1.849629999999999885e-01 4.510750000000000037e-01 4.158439999999999914e-01
5.604729999999999990e-01 5.661439999999999806e-01 4.966880000000000184e-01 5.097230000000000372e-01 4.769249999999999878e-01 4.621939999999999937e-01 5.448870000000000102e-01 5.604230000000000045e-01
5.777970000000000050e-01 5.933770000000000433e-01 6.342539999999999845e-01 5.686520000000000463e-01 4.572320000000000273e-01 6.383959999999999635e-01 3.315660000000000274e-01 5.810760000000000369e-01
7.403509999999999813e-01 7.155049999999999466e-01 7.380470000000000086e-01 7.311499999999999666e-01 7.342340000000000533e-01 7.526479999999999837e-01 5.011250000000000426e-01 7.310900000000000176e-01
8.619590000000000307e-01 8.934050000000000047e-01 8.542480000000000073e-01 8.831120000000000081e-01 8.867829999999999879e-01 8.530149999999999677e-01 8.692050000000000054e-01 8.466110000000000024e-01
8.624859999999999749e-01 9.575479999999999547e-01 9.591549999999999798e-01 9.641669999999999963e-01 9.432070000000000176e-01 9.603990000000000027e-01 9.553390000000000493e-01 9.575730000000000075e-01
9.946770000000000334e-01 9.976319999999999633e-01 9.984349999999999614e-01 9.952239999999999975e-01 9.991700000000000026e-01 9.980780000000000207e-01 9.974790000000000045e-01 9.959500000000000020e-01
9.743349999999999511e-01 5.865390000000000326e-01 9.729560000000000430e-01 9.903880000000000461e-01 8.675070000000000281e-01 9.744850000000000456e-01 9.813450000000000228e-01 9.746359999999999468e-01
9.729989999999999473e-01 9.751720000000000388e-01 9.756590000000000540e-01 9.737679999999999669e-01 9.745780000000000554e-01 9.733920000000000350e-01 9.994560000000000111e-01 9.739830000000000432e-01
9.437780000000000058e-01 9.550499999999999545e-01 9.433850000000000291e-01 9.529590000000000005e-01 9.439779999999999838e-01 9.627909999999999524e-01 9.324270000000000058e-01 9.408210000000000184e-01
7.241079999999999739e-01 7.190689999999999582e-01 7.209349999999999925e-01 7.243150000000000421e-01 7.025120000000000253e-01 7.120769999999999600e-01 7.032030000000000225e-01 7.131840000000000401e-01
4.858939999999999926e-01 4.722279999999999811e-01 4.768249999999999988e-01 4.872480000000000144e-01 4.745570000000000066e-01 4.815840000000000121e-01 4.711949999999999750e-01 4.725079999999999836e-01
3.156689999999999774e-01 2.987839999999999940e-01 3.083600000000000230e-01 3.090260000000000229e-01 3.149350000000000205e-01 3.059569999999999790e-01 3.168360000000000065e-01 3.141860000000000208e-01
1.639019999999999921e-01 1.717470000000000108e-01 1.764749999999999930e-01 1.633930000000000105e-01 1.703349999999999864e-01 1.621690000000000076e-01 1.643590000000000051e-01 1.814679999999999904e-01
6.354669999999999763e-02 6.631739999999999857e-02 7.689590000000000314e-02 5.580399999999999944e-02 4.952530000000000127e-02 5.630949999999999844e-02 5.736859999999999876e-02 6.331989999999999841e-02
2.508919999999999900e-02 2.937510000000000121e-02 3.542259999999999853e-02 3.978410000000000279e-02 2.567840000000000053e-02 3.623910000000000325e-02 2.619990000000000166e-02 3.953439999999999732e-02
1.900989999999999971e-03 1.161930000000000037e-03 2.420129999999999938e-03 2.114959999999999930e-03 2.324860000000000208e-03 1.758639999999999899e-03 1.063989999999999901e-03 2.452900000000000046e-03
2.859299999999999949e-03 2.321650000000000189e-03 1.767839999999999906e-03 2.274829999999999821e-03 2.265800000000000106e-03 2.217329999999999995e-03 2.194810000000000164e-03 1.592150000000000076e-03
1.105940000000000048e-02 1.237130000000000001e-02 1.223179999999999927e-02 1.139169999999999940e-02 1.083379999999999933e-02 1.272900000000000073e-02 1.001920000000000067e-02 1.090350000000000000e-02
4.736010000000000220e-02 3.415719999999999867e-02 6.984540000000000193e-02 3.237210000000000087e-02 4.365909999999999930e-02 3.572120000000000156e-02 2.990169999999999981e-02 5.587949999999999862e-02
2.215060000000000084e-01 2.504049999999999887e-01 1.574210000000000054e-01 1.708280000000000076e-01 1.918960000000000110e-01 1.024120000000000030e-01 2.396629999999999872e-01 1.750160000000000049e-01
2.289799999999999891e-01 1.864599999999999869e-01 4.400000000000000022e-01 2.853200000000000180e-01 3.490969999999999906e-01 4.111449999999999827e-01 3.341100000000000181e-01 3.784219999999999806e-01
4.650389999999999802e-01 3.760749999999999926e-01 4.935269999999999935e-01 2.511419999999999764e-01 2.780900000000000039e-01 5.371599999999999708e-01 5.018470000000000431e-01 5.269150000000000222e-01
4.909350000000000103e-01 4.852540000000000187e-01 4.972579999999999778e-01 5.429880000000000262e-01 3.548350000000000115e-01 6.455509999999999859e-01 5.859600000000000364e-01 5.568729999999999514e-01
7.247900000000000453e-01 7.361600000000000366e-01 7.614680000000000337e-01 7.193089999999999762e-01 7.390339999999999687e-01 7.256740000000000412e-01 7.306059999999999777e-01 7.248189999999999911e-01
8.628069999999999906e-01 8.514709999999999779e-01 8.559170000000000389e-01 6.686649999999999539e-01 5.251460000000000017e-01 8.450619999999999798e-01 5.246629999999999905e-01 8.435989999999999878e-01
9.562349999999999461e-01 9.569330000000000336e-01 9.461410000000000098e-01 9.555409999999999737e-01 9.589959999999999596e-01 9.522720000000000073e-01 9.587470000000000159e-01 9.519279999999999964e-01
9.979519999999999502e-01 5.412270000000000136e-01 9.939459999999999962e-01 9.932619999999999783e-01 9.975789999999999935e-01 9.999660000000000215e-01 9.966270000000000406e-01 9.964570000000000372e-01
9.777709999999999457e-01 9.741769999999999596e-01 9.733429999999999582e-01 9.750769999999999715e-01 9.745350000000000401e-01 9.749179999999999513e-01 9.745850000000000346e-01 9.770990000000000508e-01
9.733519999999999950e-01 9.815430000000000543e-01 9.731459999999999555e-01 9.773089999999999833e-01 9.759290000000000465e-01 9.720360000000000111e-01 9.763359999999999816e-01 9.783209999999999962e-01
9.318940000000000001e-01 9.564519999999999689e-01 9.290960000000000329e-01 9.387879999999999558e-01 9.590090000000000003e-01 9.485109999999999930e-01 9.406879999999999686e-01 9.591760000000000286e-01
7.208630000000000315e-01 7.101680000000000215e-01 7.162570000000000325e-01 7.001039999999999486e-01 7.275449999999999973e-01 7.144709999999999672e-01 7.058149999999999702e-01 7.087590000000000279e-01
4.824689999999999812e-01 4.846980000000000177e-01 4.765320000000000111e-01 4.768530000000000268e-01 4.894140000000000157e-01 4.867049999999999987e-01 4.774809999999999888e-01 4.735480000000000245e-01
3.079239999999999755e-01 3.209830000000000183e-01 3.112050000000000094e-01 3.231939999999999813e-01 3.119040000000000146e-01 3.146979999999999777e-01 3.078640000000000265e-01 3.099000000000000088e-01
1.755649999999999988e-01 1.665389999999999926e-01 1.635220000000000007e-01 1.649509999999999865e-01 1.643840000000000023e-01 1.697180000000000077e-01 1.826440000000000008e-01 1.657929999999999959e-01
5.243450000000000194e-02 5.724110000000000309e-02 7.065059999999999396e-02 6.462320000000000564e-02 6.917900000000000438e-02 5.389279999999999765e-02 5.083820000000000006e-02 5.497889999999999722e-02
3.535039999999999710e-02 3.565379999999999938e-02 3.601150000000000184e-02 3.293630000000000169e-02 3.991299999999999709e-02 2.627950000000000078e-02 3.826480000000000159e-02 2.425240000000000035e-02
2.250849999999999986e-03 2.788019999999999995e-03 1.281119999999999958e-03 1.809370000000000032e-03 2.645629999999999944e-03 1.975740000000000135e-03 2.404530000000000209e-03 2.687469999999999963e-03
2.858390000000000149e-03 2.853919999999999808e-03 2.194600000000000110e-03 2.413300000000000167e-03 2.496869999999999992e-03 1.603910000000000058e-03 2.446709999999999944e-03 2.246430000000000215e-03
9.941190000000000790e-03 1.224190000000000000e-02 1.110520000000000083e-02 1.230939999999999986e-02 1.054539999999999991e-02 1.132739999999999962e-02 1.050869999999999929e-02 1.123949999999999949e-02
5.097249999999999698e-02 4.383360000000000034e-02 4.352040000000000075e-02 4.352749999999999675e-02 4.856599999999999806e-02 6.552819999999999478e-02 3.736790000000000250e-02 3.873200000000000254e-02
2.240080000000000127e-01 1.769270000000000009e-01 1.624069999999999958e-01 1.722879999999999967e-01 1.602459999999999996e-01 1.956380000000000063e-01 2.898979999999999890e-01 2.391119999999999912e-01
3.178639999999999799e-01 4.534380000000000077e-01 4.516709999999999892e-01 2.445630000000000026e-01 3.698870000000000213e-01 2.739329999999999821e-01 3.844469999999999832e-01 3.164069999999999938e-01
4.183839999999999781e-01 4.561149999999999927e-01 3.170339999999999825e-01 5.340470000000000494e-01 2.898330000000000073e-01 4.839950000000000085e-01 4.825749999999999762e-01 4.572689999999999810e-01
5.550659999999999483e-01 5.988229999999999942e-01 5.250329999999999719e-01 6.183060000000000223e-01 6.133790000000000076e-01 6.433940000000000214e-01 6.596950000000000314e-01 6.488220000000000098e-01
4.794050000000000256e-01 5.780140000000000278e-01 7.048020000000000396e-01 7.162789999999999990e-01 6.954500000000000126e-01 7.352929999999999744e-01 7.419829999999999481e-01 7.311290000000000289e-01
4.737279999999999824e-01 8.798839999999999995e-01 8.915960000000000552e-01 8.699379999999999891e-01 8.889690000000000092e-01 8.716479999999999784e-01 8.549299999999999677e-01 8.526510000000000478e-01
9.602450000000000152e-01 9.546559999999999491e-01 9.502570000000000183e-01 9.208300000000000374e-01 9.538910000000000444e-01 6.226709999999999745e-01 9.530699999999999728e-01 9.540530000000000399e-01
7.895489999999999453e-01 9.984220000000000317e-01 9.511110000000000397e-01 9.988639999999999741e-01 9.983279999999999932e-01 9.957120000000000415e-01 9.985260000000000247e-01 9.969900000000000428e-01
9.741170000000000107e-01 9.740170000000000217e-01 9.746550000000000491e-01 8.369779999999999998e-01 9.747510000000000341e-01 9.785679999999999934e-01 9.968160000000000354e-01 9.738620000000000054e-01
9.832140000000000324e-01 9.965279999999999694e-01 9.917610000000000037e-01 9.721119999999999761e-01 9.750889999999999835e-01 9.718860000000000277e-01 9.709910000000000485e-01 9.731919999999999460e-01
9.619189999999999685e-01 9.558489999999999487e-01 9.560589999999999922e-01 9.602530000000000232e-01 9.316090000000000204e-01 9.330509999999999637e-01 9.402080000000000437e-01 9.612979999999999858e-01
6.992209999999999814e-01 7.243410000000000126e-01 7.092309999999999448e-01 7.072100000000000053e-01 7.094359999999999555e-01 7.025329999999999631e-01 7.345329999999999915e-01 7.101020000000000110e-01
4.826779999999999959e-01 4.722160000000000246e-01 4.871619999999999839e-01 4.857219999999999871e-01 4.810880000000000156e-01 4.789780000000000149e-01 4.733189999999999897e-01 4.861150000000000193e-01
3.186329999999999996e-01 3.099350000000000160e-01 3.093710000000000071e-01 2.995639999999999969e-01 3.173940000000000095e-01 3.100959999999999828e-01 3.164819999999999856e-01 3.144319999999999893e-01
1.733510000000000051e-01 1.790059999999999985e-01 1.656950000000000089e-01 1.730379999999999974e-01 1.820819999999999939e-01 1.672470000000000068e-01 1.816290000000000127e-01 1.643209999999999948e-01
5.219290000000000040e-02 7.440159999999999829e-02 6.352850000000000164e-02 6.624380000000000546e-02 5.363710000000000006e-02 5.506149999999999933e-02 5.987780000000000186e-02 5.515690000000000176e-02
3.082510000000000111e-02 3.874770000000000297e-02 3.872799999999999854e-02 3.973730000000000318e-02 3.677559999999999857e-02 3.055199999999999930e-02 2.271540000000000017e-02 3.392400000000000276e-02
