0 0 0 0
1 0 0 0
2 0 0 0
3 0 0 0
4 0 0 0
5 0 0 0
6 0 0 0
7 1.242978719e-06 1.242978719e-08 1.544996095e-14
8 1.242978719e-06 1.242978719e-08 1.544996095e-14
9 1.242978719e-06 2.264454425e-08 2.562758763e-14
10 1.242978719e-06 2.609125088e-08 2.665789134e-14
11 1.242978719e-06 2.940597108e-08 2.758191077e-14
12 1.242978719e-06 2.940597108e-08 2.758191077e-14
13 3.549480267e-06 7.323032063e-08 1.543670036e-13
14 3.549480267e-06 1.145552693e-07 2.626362951e-13
15 3.549480267e-06 9.739183086e-08 2.514842799e-13
16 0.0004360677037 4.474073113e-06 1.900831728e-09
17 0.0004360677037 4.474320114e-06 1.900838225e-09
18 0.0004360677037 4.506512772e-06 1.900816434e-09
19 0.0004360677037 4.640742145e-06 1.900821131e-09
20 0.03513170723 0.000356853981 1.234041612e-05
21 0.07722883107 0.001522030401 7.923762748e-05
22 0.07722883107 0.001795179379 8.493366313e-05
23 0.07722883107 0.001679589969 8.384253347e-05
24 0.07722883107 0.003065548232 0.0001303411921
25 0.07722883107 0.002822172917 0.0001272498014
26 0.07722883107 0.003333995739 0.0001520264351
27 0.07722883107 0.003977220303 0.0001867258774
28 0.08675829792 0.005079882622 0.0002974280191
29 0.114109523 0.007528912157 0.0004932712963
30 0.114109523 0.004204558711 0.0003309776364
31 0.114109523 0.005957968634 0.0004947588979
32 0.1336953905 0.009678622622 0.0008477397612
33 0.1336953905 0.006414846317 0.0006481392475
34 0.1361555703 0.007956879094 0.0008377269051
35 0.1361555703 0.01009203715 0.001133240364
36 0.1424847134 0.01009991744 0.001100393559
37 0.2108675268 0.01126436324 0.001487033134
38 0.2126437975 0.01270076838 0.001768340048
39 0.2166440837 0.01516450926 0.002335240909
40 0.2166440837 0.01393160403 0.002184336146
41 0.2628538441 0.0173106876 0.003081706507
42 0.3422481628 0.01810948738 0.003843346676
43 0.3873000841 0.02049447638 0.004752283095
44 0.3873000841 0.01869766333 0.005167498872
45 0.3873000841 0.01793906006 0.005245185537
46 0.4412184017 0.02691447947 0.008307173878
47 0.4412184017 0.0325526982 0.009727737415
48 0.4412184017 0.02510970039 0.007681691246
49 0.4412184017 0.02741068148 0.008933312249
50 0.4996978477 0.03737631681 0.01271635114
51 0.579138221 0.04837519203 0.01673564774
52 0.579138221 0.05135815052 0.01860077339
53 0.579138221 0.05926326578 0.01998815359
54 0.6375871785 0.04998843126 0.02028397683
55 0.7387173008 0.0527009014 0.02323042813
56 0.9546427998 0.06446308657 0.03390025898
57 0.9737327527 0.0806014185 0.0484661493
58 0.9737327527 0.1140090846 0.06873590252
59 0.9737327527 0.1017751912 0.06656007898
60 0.9737327527 0.1169846116 0.07594989327
61 0.9737327527 0.1235372544 0.07275538922
62 0.9737327527 0.1080756476 0.06581299478
63 0.9945655531 0.1028146102 0.06600733435
63 2.517979884e-09 2.524565041e-11 6.339931083e-20
64 2.517979884e-09 2.702116204e-11 6.361716778e-20
65 2.517979884e-09 2.891562787e-11 6.387166151e-20
66 6.311104413e-08 6.616288025e-10 3.985516882e-17
67 1.804459638e-06 1.872635635e-08 3.25757592e-14
68 2.532448702e-06 4.405071422e-08 9.575068345e-14
69 6.887239059e-05 8.192566787e-07 4.80871492e-11
70 6.887239059e-05 9.111759822e-07 4.861730703e-11
71 8.040783579e-05 2.065394282e-06 1.244429568e-10
72 8.040783579e-05 1.960508068e-06 1.241263068e-10
73 0.0003074286553 5.470698804e-06 1.062912048e-09
74 0.0006869961166 1.29398351e-05 5.72011219e-09
75 0.0006869961166 1.447119962e-05 6.005202131e-09
76 0.0006869961166 1.331276732e-05 5.955756839e-09
77 0.0007540774431 2.765134538e-05 1.31281366e-08
78 0.0007540774431 3.57889655e-05 1.842936549e-08
79 0.001101584016 4.060121066e-05 2.700107952e-08
80 0.001101584016 3.203830137e-05 2.444008406e-08
81 0.001101584016 3.091958906e-05 2.444223835e-08
82 0.003571603404 7.011906782e-05 1.503147834e-07
83 0.003571603404 8.822296357e-05 1.675212693e-07
84 0.003571603404 0.0001151262615 2.095328234e-07
85 0.003571603404 0.000116500979 2.195756467e-07
86 0.004961256084 0.0001525107257 4.453308726e-07
87 0.005580722223 0.000293687928 9.391309533e-07
88 0.005580722223 0.000197335746 7.692018669e-07
89 0.005580722223 0.0002687391888 1.115551473e-06
90 0.005580722223 0.0002254431703 1.006534685e-06
91 0.005580722223 0.0002561316105 1.104053477e-06
92 0.005580722223 0.0003646455496 1.487939207e-06
93 0.006224858637 0.0004637737802 2.081075453e-06
94 0.006224858637 0.0003367460691 1.645995379e-06
95 0.006224858637 0.0003140328816 1.415590887e-06
96 0.006224858637 0.0003049602399 1.56013102e-06
97 0.0064605615 0.0003678636987 1.842087583e-06
98 0.0064605615 0.0003770888484 1.906062019e-06
99 0.006511172453 0.0004778089605 2.502977649e-06
100 0.008627588647 0.0006513934563 3.288383223e-06
101 0.008627588647 0.000588228841 3.006417505e-06
102 0.008627588647 0.0004688967302 2.833760102e-06
103 0.008627588647 0.000595049279 3.751187887e-06
104 0.008627588647 0.0005488229586 3.702705869e-06
105 0.008627588647 0.0006287481601 4.135238285e-06
106 0.008627588647 0.0004938491525 3.652550506e-06
107 0.008627588647 0.0004797450024 3.216993654e-06
108 0.008627588647 0.0005084542883 3.427826602e-06
109 0.008627588647 0.0006398637126 4.379240011e-06
110 0.009926370072 0.0008511830662 5.641294136e-06
111 0.01030382749 0.0008087684643 5.540764258e-06
112 0.01030382749 0.0007783154185 5.724155143e-06
113 0.01030382749 0.0006817527219 5.714030102e-06
114 0.01030382749 0.0007135657777 5.620742406e-06
115 0.01030382749 0.0008309664233 6.450798347e-06
116 0.01030382749 0.000770270574 5.888351523e-06
117 0.01030382749 0.0006228588117 4.505991063e-06
118 0.01030382749 0.0006794966867 5.562171603e-06
119 0.01030382749 0.0006490621388 5.1984829e-06
120 0.01030382749 0.000639893135 4.809415654e-06
121 0.01030382749 0.0007137447407 5.629151671e-06
122 0.010535964 0.0008841563717 6.632448842e-06
123 0.010535964 0.001021410611 7.281996414e-06
124 0.01190503085 0.0008826016179 7.188370844e-06
125 0.01190503085 0.001087129751 7.80888365e-06
126 0.01190503085 0.001200739204 8.143276175e-06
127 0.01810847958 0.001349597333 1.150173321e-05
128 0.01810847958 0.001086871469 1.01352187e-05
129 0.01810847958 0.0009689213626 9.148262667e-06
130 0.01810847958 0.001214189748 1.035528001e-05
131 0.01810847958 0.001085113647 9.758410677e-06
132 0.01810847958 0.001312441958 1.094759917e-05
133 0.01810847958 0.001472224128 1.219318339e-05
134 0.01810847958 0.00129731431 1.27684603e-05
135 0.02156285163 0.001269246108 1.599182177e-05
136 0.02156285163 0.001341929362 1.712286166e-05
137 0.02156285163 0.001404756728 2.067993215e-05
138 0.02156285163 0.001365438652 1.906563626e-05
139 0.02156285163 0.00149248732 2.158462533e-05
140 0.02156285163 0.001360624565 1.766899336e-05
141 0.02156285163 0.001349785261 1.705122367e-05
142 0.02156285163 0.001230829443 1.685357115e-05
143 0.02156285163 0.001024192328 1.561355949e-05
144 0.02156285163 0.00128537362 1.985898633e-05
145 0.02156285163 0.00162220794 1.942225157e-05
146 0.02229421224 0.001675171696 2.345060239e-05
147 0.02229421224 0.00166439293 2.34278286e-05
148 0.02229421224 0.001732303615 2.492688911e-05
149 0.02229421224 0.001614937555 2.21825648e-05
150 0.02229421224 0.001863097495 2.406573556e-05
151 0.02229421224 0.001598699256 2.331569279e-05
152 0.02229421224 0.001908128083 2.524906286e-05
153 0.02229421224 0.002032865861 3.068737259e-05
154 0.02229421224 0.002252718054 3.025486729e-05
155 0.02229421224 0.002184327917 2.720204828e-05
156 0.02229421224 0.001893427275 2.368609583e-05
157 0.02229421224 0.00185937803 2.394855627e-05
158 0.02229421224 0.002008797144 2.995334254e-05
159 0.02281995544 0.001623137747 2.452010102e-05
160 0.02281995544 0.002456396391 3.105842236e-05
161 0.02281995544 0.002004067543 2.681541919e-05
162 0.02281995544 0.001740460914 2.339485508e-05
163 0.02281995544 0.00154338549 2.445802232e-05
164 0.02281995544 0.001165140621 2.023750247e-05
165 0.02342561982 0.001611098772 2.642334781e-05
166 0.02342561982 0.001795530788 2.939684712e-05
167 0.02342561982 0.001523599401 2.335112976e-05
168 0.02342561982 0.001534597716 2.502212993e-05
169 0.02342561982 0.001639998802 2.675804744e-05
170 0.02443073281 0.001823931552 3.168863042e-05
171 0.02443073281 0.001614853189 2.310919731e-05
172 0.02443073281 0.001803967899 2.703362114e-05
173 0.02443073281 0.002085468073 3.265229498e-05
174 0.02467366799 0.002330321534 3.820863432e-05
175 0.02467366799 0.002434847084 3.896047308e-05
176 0.02467366799 0.002321745224 3.452251918e-05
177 0.02467366799 0.002269377764 3.60389703e-05
178 0.02467366799 0.002394347964 3.358944773e-05
179 0.02467366799 0.001914424121 2.725754626e-05
180 0.02467366799 0.00167181556 2.534897667e-05
181 0.02467366799 0.002091108358 3.270469396e-05
182 0.02467366799 0.00201587554 3.050079773e-05
183 0.02467366799 0.002062053497 3.092833438e-05
184 0.0262348364 0.00195835899 3.459508284e-05
185 0.0262348364 0.002063354768 3.170760637e-05
186 0.0262348364 0.002406155858 3.641920316e-05
187 0.0262348364 0.002093360315 3.567325345e-05
188 0.0262348364 0.00238755665 3.394214409e-05
189 0.0262348364 0.002120803002 3.251873828e-05
190 0.0262348364 0.00229967723 3.479559666e-05
191 0.0262348364 0.00194004342 3.174308479e-05
192 0.0262348364 0.001723694803 2.828428014e-05
193 0.02628194902 0.001909950296 3.599627462e-05
194 0.02628194902 0.001845448417 3.296258704e-05
195 0.02628194902 0.001593652966 2.76894313e-05
196 0.02628194902 0.001832223982 3.252342545e-05
197 0.02628194902 0.001831110648 3.346209296e-05
198 0.02628194902 0.001819392546 2.985828179e-05
199 0.02628194902 0.001986603437 3.074172962e-05
200 0.02628194902 0.002413817105 3.909105917e-05
201 0.02628194902 0.002229048023 3.700145978e-05
202 0.02628194902 0.001618478937 2.812992005e-05
203 0.02628194902 0.001911525766 3.411388243e-05
204 0.02703544584 0.002084565782 3.488547488e-05
205 0.02703544584 0.001828670965 3.528133245e-05
206 0.02703544584 0.001850753936 3.159739272e-05
207 0.02703544584 0.001523703455 2.881540439e-05
208 0.02703544584 0.001947651906 3.184749801e-05
209 0.02703544584 0.002383353288 3.58808329e-05
210 0.02703544584 0.002204966018 3.319698445e-05
211 0.02703544584 0.001658968241 3.045684121e-05
212 0.02703544584 0.002129468478 3.537474976e-05
213 0.02703544584 0.002135124906 3.467262207e-05
214 0.02703544584 0.002468149111 3.793985168e-05
215 0.02703544584 0.001812068891 3.150630483e-05
216 0.02703544584 0.001779376224 3.120340038e-05
217 0.02703544584 0.002065791146 3.850447433e-05
218 0.02703544584 0.002338537764 3.938494163e-05
219 0.02859869173 0.002428544122 4.133871984e-05
220 0.02859869173 0.002510092093 4.838237935e-05
221 0.02859869173 0.002316501877 4.019698324e-05
222 0.02859869173 0.003187469032 5.204480792e-05
223 0.02859869173 0.002596268915 4.672110118e-05
224 0.02859869173 0.002197756877 3.802084629e-05
225 0.02859869173 0.002331999818 3.680564259e-05
226 0.02859869173 0.002214262706 3.935289432e-05
227 0.02859869173 0.001876039372 3.435026499e-05
228 0.02859869173 0.001803350795 3.23422977e-05
229 0.02859869173 0.002065385383 3.792175023e-05
230 0.02859869173 0.002303567723 4.648652641e-05
231 0.02859869173 0.0021840027 4.045726647e-05
232 0.02859869173 0.002171016464 4.191975217e-05
233 0.02859869173 0.002233288839 4.130671054e-05
234 0.02859869173 0.002216009501 3.71764006e-05
235 0.02859869173 0.001883972572 3.872350601e-05
236 0.02859869173 0.002187167054 3.960429788e-05
237 0.03097351996 0.002237394679 4.662531661e-05
238 0.03097351996 0.002066285487 4.195271653e-05
239 0.03097351996 0.002834302651 4.979155238e-05
240 0.03097351996 0.002663781715 5.30046723e-05
241 0.03097351996 0.002114121077 4.330874118e-05
242 0.03097351996 0.001913171284 4.489746218e-05
243 0.03097351996 0.002517867304 5.42464501e-05
244 0.03097351996 0.002508804731 4.627834019e-05
245 0.03097351996 0.001948060055 4.149387208e-05
246 0.03097351996 0.002014318964 4.229643311e-05
247 0.03097351996 0.001682182345 3.794316465e-05
248 0.03097351996 0.002256586491 4.927888087e-05
249 0.03097351996 0.001710871565 4.089116432e-05
250 0.03097351996 0.001805784953 3.834641576e-05
251 0.03097351996 0.002277095836 4.796592264e-05
252 0.03097351996 0.002087205508 4.16715442e-05
253 0.03097351996 0.002235370866 5.103962256e-05
254 0.03097351996 0.002583128082 5.113425662e-05
255 0.03097351996 0.002390711457 4.490655391e-05
256 0.03097351996 0.002208983868 4.370695838e-05
257 0.03097351996 0.002342123119 4.496377594e-05
258 0.03097351996 0.002098028765 4.139140809e-05
259 0.03097351996 0.002664755773 4.781380755e-05
260 0.03097351996 0.001997637531 3.969103959e-05
261 0.03097351996 0.002446019951 4.350316272e-05
262 0.03097351996 0.002516857158 4.922511275e-05
263 0.03097351996 0.002197605497 4.403077976e-05
264 0.03097351996 0.002426758175 4.567532291e-05
265 0.03097351996 0.001912770743 3.836673665e-05
266 0.03097351996 0.002361598691 4.675199305e-05
267 0.03097351996 0.00200886535 3.975690439e-05
268 0.03097351996 0.002529275994 4.457412614e-05
269 0.03097351996 0.002271258964 3.903686377e-05
270 0.03097351996 0.00235590766 4.779543761e-05
271 0.03097351996 0.002316539245 4.38015895e-05
272 0.03097351996 0.002283380882 4.572039011e-05
273 0.03097351996 0.002520358528 4.721389811e-05
274 0.03097351996 0.002153267989 4.239341663e-05
275 0.03097351996 0.001775142378 4.031920829e-05
276 0.03097351996 0.001887103988 3.823109869e-05
277 0.03097351996 0.002366516843 4.611099331e-05
278 0.03097351996 0.002615202487 5.358658973e-05
279 0.03097351996 0.002670593299 5.51300948e-05
280 0.03097351996 0.002321499644 4.845129447e-05
281 0.03097351996 0.002155309694 4.525168e-05
282 0.03097351996 0.002951539141 5.955520472e-05
283 0.03097351996 0.002574726794 4.986210358e-05
284 0.03097351996 0.002267156612 4.470028225e-05
285 0.03097351996 0.002633382309 4.545620266e-05
286 0.03097351996 0.002856913229 4.577429413e-05
287 0.03097351996 0.002987241722 5.381340345e-05
288 0.03097351996 0.003179896308 5.805145777e-05
289 0.03097351996 0.002995390301 4.844588222e-05
290 0.03097351996 0.003852667433 6.179016702e-05
291 0.03097351996 0.002764723261 4.81820174e-05
292 0.03097351996 0.00285709567 5.406997504e-05
293 0.03097351996 0.00269340064 4.448995295e-05
294 0.03097351996 0.003228662051 5.48770658e-05
295 0.03097351996 0.003332696554 6.479003787e-05
296 0.03097351996 0.002711442073 4.349408841e-05
297 0.03097351996 0.002855906393 5.06272172e-05
298 0.03097351996 0.002460765755 4.762829372e-05
299 0.03097351996 0.002861343226 5.344537725e-05
300 0.03097351996 0.003252506353 5.562404185e-05
301 0.03097351996 0.002540330918 4.433828668e-05
302 0.03097351996 0.002478175397 4.708012014e-05
303 0.03097351996 0.002899315341 5.075518994e-05
304 0.03097351996 0.002003301937 4.041770958e-05
305 0.03097351996 0.002578309624 5.15468888e-05
306 0.03097351996 0.002592116652 5.502052575e-05
307 0.03097351996 0.002542915974 5.09847374e-05
308 0.03097351996 0.002052151977 3.931981505e-05
309 0.03097351996 0.00216777463 4.082690652e-05
310 0.03097351996 0.001959962251 4.089132649e-05
311 0.03097351996 0.002299878187 4.44868865e-05
312 0.03097351996 0.002850009726 5.938447187e-05
313 0.03133191906 0.002747073356 5.500544518e-05
314 0.03133191906 0.002175310288 4.285478244e-05
315 0.03133191906 0.002080897519 4.101465373e-05
316 0.03133191906 0.002029068884 3.939626324e-05
317 0.03133191906 0.00239703671 4.535643426e-05
318 0.03150814329 0.003153462443 5.805259007e-05
319 0.03150814329 0.002868118456 5.20513511e-05
320 0.03363836831 0.003520882557 7.101775137e-05
321 0.03363836831 0.002250368766 5.038973076e-05
322 0.03363836831 0.002441752333 5.477405738e-05
323 0.03363836831 0.002168332305 4.283054681e-05
324 0.03363836831 0.002459022915 5.534014452e-05
325 0.03363836831 0.003155861888 6.667110132e-05
326 0.03363836831 0.002941755807 6.299525248e-05
327 0.03363836831 0.002501986583 5.431653552e-05
328 0.03363836831 0.002875452464 6.410211612e-05
329 0.03363836831 0.003098304016 7.412488106e-05
330 0.03363836831 0.002304782465 5.658383344e-05
331 0.03363836831 0.002455143417 5.472969106e-05
332 0.03363836831 0.002687056994 6.341822302e-05
333 0.03363836831 0.002879376999 6.690928275e-05
334 0.03363836831 0.002724962675 6.318480541e-05
335 0.03363836831 0.002376335778 5.833529476e-05
336 0.03378752154 0.002605282472 6.033384915e-05
337 0.03378752154 0.002854524368 5.866014117e-05
338 0.03398277865 0.002670200817 6.186577067e-05
339 0.03398277865 0.002857675461 5.9103532e-05
340 0.03398277865 0.0035772046 8.354156149e-05
341 0.03398277865 0.002570062843 5.979511991e-05
342 0.03398277865 0.002654404058 6.052819192e-05
343 0.03398277865 0.002502211072 5.630676485e-05
344 0.03398277865 0.002213908298 5.241031649e-05
345 0.03398277865 0.002844929548 6.573994209e-05
346 0.03398277865 0.002710938903 5.952791958e-05
347 0.03398277865 0.002760865169 6.297027078e-05
348 0.03398277865 0.003461295295 7.806340332e-05
349 0.03398277865 0.002789767292 6.425034863e-05
350 0.03398277865 0.002888826045 6.73190186e-05
351 0.03398277865 0.002102233361 4.883337489e-05
352 0.03398277865 0.00339002431 7.808319901e-05
353 0.03398277865 0.002143225475 4.981815351e-05
354 0.03398277865 0.00263749877 5.972705313e-05
355 0.03398277865 0.00273071281 6.756791264e-05
356 0.03398277865 0.002349390843 5.28589659e-05
357 0.03398277865 0.002622206083 5.379701765e-05
358 0.03398277865 0.002595094292 5.549266916e-05
359 0.03398277865 0.002455760024 5.531417759e-05
360 0.03398277865 0.00241618753 6.00986198e-05
361 0.03398277865 0.002750959769 5.699048515e-05
362 0.03398277865 0.002626565473 5.407996231e-05
363 0.03398277865 0.002748027951 6.383162286e-05
364 0.03398277865 0.002870239052 6.45960998e-05
365 0.03398277865 0.003326877722 6.865811616e-05
366 0.03398277865 0.00253058866 5.244513024e-05
367 0.03398277865 0.003697953077 7.398406905e-05
368 0.03398277865 0.002892412356 5.670900804e-05
369 0.03398277865 0.002870454842 6.499709243e-05
370 0.03398277865 0.003331397429 6.802609233e-05
371 0.03398277865 0.003365917897 7.677527511e-05
372 0.03398277865 0.002525861671 5.842760281e-05
373 0.03398277865 0.002469744731 5.920546708e-05
374 0.03398277865 0.002902444274 6.663328616e-05
375 0.03398277865 0.002484190942 6.106268642e-05
376 0.03398277865 0.003159944542 7.772668678e-05
377 0.03398277865 0.003340419708 7.375999907e-05
378 0.03398277865 0.004361331473 8.600120299e-05
379 0.03398277865 0.003436419566 6.933753187e-05
380 0.03398277865 0.003286485487 6.564216624e-05
381 0.03398277865 0.003330856377 6.287242633e-05
382 0.03398277865 0.003487858191 6.686412295e-05
383 0.03398277865 0.003481059741 7.580461657e-05
384 0.03398277865 0.003681977284 7.686883274e-05
385 0.03398277865 0.00327472155 7.056338489e-05
386 0.03398277865 0.002422252455 5.065198084e-05
387 0.03398277865 0.003263313257 6.708387554e-05
388 0.03398277865 0.002388201676 5.08091778e-05
389 0.03398277865 0.002736451418 5.939765055e-05
390 0.03398277865 0.002523607568 5.812256937e-05
391 0.03398277865 0.003726901639 7.628121591e-05
392 0.03398277865 0.00295908029 6.480104793e-05
393 0.03398277865 0.003063245355 6.448379032e-05
394 0.03398277865 0.003515972486 6.322992291e-05
395 0.03401576674 0.002977713376 6.095607965e-05
396 0.03401576674 0.002695385362 5.357725026e-05
397 0.03401576674 0.002566163761 5.723273451e-05
398 0.03401576674 0.002983664157 6.025423372e-05
399 0.03401576674 0.003534385626 6.300460599e-05
400 0.03401576674 0.00397747079 7.640459638e-05
401 0.03401576674 0.003566434506 6.209136798e-05
402 0.03401576674 0.003370986605 6.215744966e-05
403 0.03401576674 0.003072486079 5.864284949e-05
404 0.03401576674 0.003321803799 6.94280044e-05
405 0.03401576674 0.003237871392 6.3130422e-05
406 0.03401576674 0.003275564634 5.815830832e-05
407 0.03401576674 0.002397734729 5.198693957e-05
408 0.03401576674 0.002833782119 6.014556198e-05
409 0.03401576674 0.002776111861 5.972584532e-05
410 0.03401576674 0.002506761543 5.512082849e-05
411 0.03401576674 0.00264079586 6.716174599e-05
412 0.03401576674 0.002466651229 5.55521724e-05
413 0.03401576674 0.002641683348 6.311408988e-05
414 0.03401576674 0.003575452429 8.155185884e-05
415 0.03401576674 0.002837999421 5.789183198e-05
416 0.03401576674 0.00329886839 5.52386016e-05
417 0.03401576674 0.002774162255 5.538544689e-05
418 0.03401576674 0.003423271431 7.560143654e-05
419 0.03401576674 0.003291257292 6.880831776e-05
420 0.03401576674 0.00367375217 7.186186655e-05
421 0.03401576674 0.00277024624 5.330776545e-05
422 0.03401576674 0.003239327531 7.036942825e-05
423 0.03401576674 0.003179915368 6.165417342e-05
424 0.03401576674 0.003397431989 6.523021067e-05
425 0.03401576674 0.003150138782 6.563622279e-05
426 0.03401576674 0.003004347547 6.146958539e-05
427 0.03401576674 0.003009815571 5.825101112e-05
428 0.03417961544 0.002480398983 5.908707098e-05
429 0.03417961544 0.003153469595 6.385862476e-05
430 0.03417961544 0.002192664105 5.06231805e-05
431 0.03417961544 0.002283734664 5.492277708e-05
432 0.03417961544 0.002682521422 5.748494812e-05
433 0.03417961544 0.002572067331 5.343915072e-05
434 0.03417961544 0.002338405734 5.167245194e-05
435 0.03417961544 0.002454678079 5.272254962e-05
436 0.03417961544 0.00249908128 6.163118615e-05
437 0.03417961544 0.002585127554 5.26536864e-05
438 0.03417961544 0.00321877037 7.058203252e-05
439 0.03417961544 0.00331341905 7.02946067e-05
440 0.03417961544 0.003027812453 6.44738239e-05
441 0.03417961544 0.002724771519 6.24097321e-05
442 0.03417961544 0.003394717248 7.582162201e-05
443 0.03417961544 0.002865936311 5.835297455e-05
444 0.03417961544 0.002251344219 4.978751123e-05
445 0.03417961544 0.002514090814 5.863271142e-05
446 0.03417961544 0.002493136712 5.678143586e-05
447 0.03417961544 0.002550853575 5.209933564e-05
448 0.03417961544 0.002870060065 6.204661782e-05
449 0.03417961544 0.002368808393 5.873489195e-05
450 0.03417961544 0.002353343123 5.287849218e-05
451 0.03417961544 0.002921070147 6.50077696e-05
452 0.03417961544 0.003143152328 6.923798718e-05
453 0.03417961544 0.002927154705 6.358267846e-05
454 0.03417961544 0.002380616097 5.680790858e-05
455 0.03417961544 0.003264991164 7.034322163e-05
456 0.03417961544 0.003966956596 7.625208549e-05
457 0.03417961544 0.002581232803 6.171899746e-05
458 0.03417961544 0.002620955539 6.687743414e-05
459 0.03417961544 0.002678881857 5.536717099e-05
460 0.03417961544 0.003077551322 6.419586726e-05
461 0.03417961544 0.00259797813 6.109083664e-05
462 0.03417961544 0.003412838827 7.661277541e-05
463 0.03417961544 0.002024977469 4.790915427e-05
464 0.03417961544 0.00254879414 6.503423384e-05
465 0.03417961544 0.002077703677 5.254396984e-05
466 0.03417961544 0.002928135625 6.273391321e-05
467 0.03417961544 0.002580168207 5.833556844e-05
468 0.03417961544 0.002754241946 6.571657375e-05
469 0.03417961544 0.002060611332 4.82626331e-05
470 0.03417961544 0.001935600334 4.699219369e-05
471 0.03417961544 0.002679051228 5.829236627e-05
472 0.03417961544 0.002823457275 6.494881537e-05
473 0.03417961544 0.002651544224 5.808161903e-05
474 0.03417961544 0.002766381835 5.80911096e-05
475 0.03417961544 0.002831999089 6.028091236e-05
476 0.03417961544 0.002735470884 6.673700369e-05
477 0.03417961544 0.002261479881 4.974645499e-05
478 0.03417961544 0.002630446225 6.003241264e-05
479 0.03417961544 0.002777172685 6.243751049e-05
480 0.03417961544 0.002555006524 6.394858668e-05
481 0.03417961544 0.00287327433 6.567205953e-05
482 0.03417961544 0.002789178794 5.340962485e-05
483 0.03417961544 0.003507284184 6.855899811e-05
484 0.03417961544 0.002620638636 5.775172342e-05
485 0.03417961544 0.002900010726 6.578246097e-05
486 0.03417961544 0.00318867223 6.290173432e-05
487 0.03417961544 0.002918408997 5.967478662e-05
488 0.03417961544 0.003061652886 5.703822205e-05
489 0.03417961544 0.002645924435 5.092423774e-05
490 0.03417961544 0.002530756704 5.462731647e-05
491 0.03417961544 0.003122219677 6.468348664e-05
492 0.03422179398 0.002699367739 6.908766195e-05
493 0.03422179398 0.002481402217 6.594653627e-05
494 0.03422179398 0.002819091229 6.622507912e-05
495 0.03422179398 0.003202481116 6.842969737e-05
496 0.03422179398 0.002906246215 6.114111729e-05
497 0.03422179398 0.002713870667 5.244883634e-05
498 0.03422179398 0.003175835507 6.651008062e-05
499 0.03422179398 0.003232040172 6.936169874e-05
500 0.03422179398 0.003057585099 5.940156233e-05
501 0.03422179398 0.002785557366 6.064621912e-05
502 0.03422179398 0.002905565785 7.009193055e-05
503 0.03422179398 0.002740074304 6.785682644e-05
504 0.03422179398 0.002562242083 6.412592437e-05
505 0.03422179398 0.002720736803 6.378314188e-05
506 0.03422179398 0.002899293098 5.964662863e-05
507 0.03422179398 0.003261640853 7.264204969e-05
508 0.03422179398 0.003333355715 6.836269245e-05
509 0.03422179398 0.00278581742 5.383797669e-05
510 0.03422179398 0.003241819626 6.764561166e-05
511 0.03437282655 0.003465103866 8.02952997e-05
512 0.03437282655 0.003297586912 6.889679249e-05
513 0.03437282655 0.003003795861 6.041565042e-05
514 0.03437282655 0.00282878083 5.898039727e-05
515 0.03437282655 0.002983955957 6.895393431e-05
516 0.03437282655 0.003975656141 8.491136548e-05
517 0.03437282655 0.003417401062 7.718031249e-05
518 0.03437282655 0.003201092349 6.711058618e-05
519 0.03437282655 0.003362903865 7.983048444e-05
520 0.03437282655 0.00321400134 7.438362781e-05
521 0.03437282655 0.003841112171 7.712810965e-05
522 0.03437282655 0.003683577285 7.08218532e-05
523 0.03437282655 0.003454641269 7.19936714e-05
524 0.03437282655 0.003680933899 7.169456864e-05
525 0.03437282655 0.003435445089 5.911816767e-05
526 0.03437282655 0.003748584455 7.137745162e-05
527 0.03437282655 0.003913379277 7.530964667e-05
528 0.03437282655 0.00324955071 6.830327098e-05
529 0.03437282655 0.00384667354 8.219194322e-05
530 0.03437282655 0.003153349191 6.670284724e-05
531 0.03437282655 0.003304622586 6.583550219e-05
532 0.03437282655 0.003716175378 7.11254706e-05
533 0.03437282655 0.003454287268 6.105960091e-05
534 0.03437282655 0.002585853568 5.577301692e-05
535 0.03437282655 0.002746381775 5.561284806e-05
536 0.03437282655 0.002879028484 5.465343564e-05
537 0.03437282655 0.002041152385 4.851570905e-05
538 0.03437282655 0.002387634673 5.054950201e-05
539 0.03437282655 0.002894503053 6.638077928e-05
540 0.03437282655 0.002610530434 6.1168527e-05
541 0.03437282655 0.003189538612 6.545577192e-05
542 0.03437282655 0.002663237414 5.768311762e-05
543 0.03437282655 0.002462863161 4.884964366e-05
544 0.03437282655 0.002441967916 4.99881877e-05
545 0.03437282655 0.00297413778 5.989155196e-05
546 0.03437282655 0.00298173886 7.229952002e-05
547 0.03437282655 0.002392240802 5.243752723e-05
548 0.03437282655 0.003087206112 6.821996769e-05
549 0.03437282655 0.002875858439 6.312408769e-05
550 0.03437282655 0.002692914067 6.780963863e-05
551 0.03437282655 0.002701330511 5.742337315e-05
552 0.03437282655 0.002650650221 6.084910334e-05
553 0.03437282655 0.002853754243 6.355822949e-05
554 0.03437282655 0.003475022272 6.925606859e-05
555 0.03437282655 0.003496278895 6.290220092e-05
556 0.03437282655 0.002628516827 5.441685609e-05
557 0.03437282655 0.003095999883 5.762311458e-05
558 0.03437282655 0.00288115777 6.442943218e-05
559 0.03437282655 0.003360939834 6.304211752e-05
560 0.03437282655 0.003484473988 7.081983132e-05
561 0.03437282655 0.003286057621 6.272611823e-05
562 0.03437282655 0.003195988314 5.758979173e-05
563 0.03437282655 0.003860109749 6.764585712e-05
564 0.03437282655 0.00299967355 5.8054372e-05
565 0.03437282655 0.003174003206 6.589970003e-05
566 0.03437282655 0.003123015746 6.614645834e-05
567 0.03437282655 0.003175454794 7.4381881e-05
568 0.03437282655 0.003239367774 7.38535779e-05
569 0.03437282655 0.003015698051 6.553069024e-05
570 0.03437282655 0.003297998381 6.865103113e-05
571 0.03437282655 0.003302762724 7.138771615e-05
572 0.03437282655 0.003068406005 5.687232534e-05
573 0.03442977751 0.003497924452 7.204590882e-05
574 0.03442977751 0.00364185731 7.302577225e-05
575 0.03442977751 0.002988075143 5.867626455e-05
576 0.03442977751 0.002660154068 5.954418356e-05
577 0.03442977751 0.002962092294 5.892013964e-05
578 0.03442977751 0.002039809501 4.676791397e-05
579 0.03442977751 0.00274074454 5.796238644e-05
580 0.03442977751 0.002775471445 5.756080181e-05
581 0.03442977751 0.002847955081 6.410490154e-05
582 0.03442977751 0.002660153204 5.00423611e-05
583 0.03442977751 0.003485073291 6.860823022e-05
584 0.03442977751 0.002387180043 5.187030681e-05
585 0.03442977751 0.002898094129 5.838606617e-05
586 0.03442977751 0.0027338192 5.485464004e-05
587 0.03442977751 0.003413872772 6.567212314e-05
588 0.03442977751 0.003276752171 6.429295804e-05
589 0.03442977751 0.002919665538 5.81719621e-05
590 0.03442977751 0.002622168614 5.316887213e-05
591 0.03442977751 0.002925715251 6.198375825e-05
592 0.03442977751 0.00242117165 5.149515946e-05
593 0.03442977751 0.002690523548 5.32384047e-05
594 0.03442977751 0.002605123615 5.708093736e-05
595 0.03442977751 0.003282574809 6.737284113e-05
596 0.03442977751 0.002991695492 5.796780207e-05
597 0.03442977751 0.002242520295 4.865137341e-05
598 0.03442977751 0.00274518348 5.816076463e-05
599 0.03442977751 0.002746329529 5.194384041e-05
600 0.03442977751 0.002697533993 5.352433144e-05
601 0.03442977751 0.00263240838 5.071822271e-05
602 0.03442977751 0.002369572306 4.999460763e-05
603 0.03442977751 0.003100327235 5.779398677e-05
604 0.03442977751 0.003439496003 7.603624897e-05
605 0.03442977751 0.003800395876 8.644414684e-05
606 0.03442977751 0.003273985624 6.400339847e-05
607 0.03442977751 0.002907689292 5.572914863e-05
608 0.03442977751 0.003398997653 6.057323594e-05
609 0.03442977751 0.003017602483 5.86950178e-05
610 0.03442977751 0.002746238075 5.571581907e-05
611 0.03442977751 0.003653362954 7.397319112e-05
612 0.03442977751 0.003712406218 6.705741912e-05
613 0.03442977751 0.003430979601 6.466353929e-05
614 0.03442977751 0.003230075234 6.486397449e-05
615 0.03442977751 0.00283302728 6.016832765e-05
616 0.03442977751 0.00236560679 5.313592013e-05
617 0.03442977751 0.002027278017 4.753925393e-05
618 0.03442977751 0.002126885603 4.881834724e-05
619 0.03442977751 0.002853562642 6.577993892e-05
620 0.03442977751 0.003160860627 6.967559851e-05
621 0.03442977751 0.003133915428 5.897121098e-05
622 0.03442977751 0.003355371318 6.362448991e-05
623 0.03442977751 0.00389044922 7.623942016e-05
624 0.03442977751 0.002875318252 5.441627991e-05
625 0.03442977751 0.003494770061 6.91049702e-05
626 0.03442977751 0.003152177405 6.492963692e-05
627 0.03442977751 0.003514153419 6.419683882e-05
628 0.03442977751 0.002768437059 5.245797917e-05
629 0.03442977751 0.003903557209 6.605891304e-05
630 0.03442977751 0.003691136971 5.56286858e-05
631 0.03442977751 0.004307571421 7.007532188e-05
632 0.03442977751 0.003588082746 6.171464294e-05
633 0.03442977751 0.003705568158 6.239166292e-05
634 0.03442977751 0.003167748886 5.783003465e-05
635 0.03442977751 0.003040965822 6.766413372e-05
636 0.03442977751 0.003304429329 6.196289117e-05
637 0.03442977751 0.003219254193 5.476232885e-05
638 0.03442977751 0.002708541019 5.159128079e-05
639 0.03442977751 0.003069963132 5.460314144e-05
640 0.03442977751 0.003458667379 6.068773399e-05
641 0.03442977751 0.003388002161 6.696022892e-05
642 0.03442977751 0.002315681886 4.808427276e-05
643 0.03442977751 0.003011855984 5.868361591e-05
644 0.03442977751 0.002939740542 5.98754625e-05
645 0.03442977751 0.002871519093 6.059168252e-05
646 0.03442977751 0.002902477534 5.865007481e-05
647 0.03442977751 0.003225938843 5.821469832e-05
648 0.03442977751 0.003703331256 6.172150411e-05
649 0.03442977751 0.003165929786 5.647249041e-05
650 0.03442977751 0.003312526219 6.282125834e-05
651 0.03442977751 0.002410622096 4.926901371e-05
652 0.03442977751 0.002147309926 4.953783527e-05
653 0.03442977751 0.002481424384 5.049497169e-05
654 0.03442977751 0.003037189367 6.185965942e-05
655 0.03442977751 0.003247422294 6.020377703e-05
656 0.03442977751 0.003475611005 6.210360854e-05
657 0.03442977751 0.003536793072 7.261734696e-05
658 0.03442977751 0.003434243033 7.040459019e-05
659 0.03442977751 0.003621974672 7.012054896e-05
660 0.03442977751 0.003853847175 7.231202524e-05
661 0.03442977751 0.003172949224 6.244130042e-05
662 0.03442977751 0.002656695509 5.262169731e-05
663 0.03442977751 0.00311982067 6.175701946e-05
664 0.03442977751 0.003572110308 6.899293039e-05
665 0.03442977751 0.003569248844 6.674673597e-05
666 0.03442977751 0.003581771976 6.566239765e-05
667 0.03442977751 0.003397777981 6.656341978e-05
668 0.03442977751 0.003326871223 5.750920649e-05
669 0.03442977751 0.003295367112 6.009472392e-05
670 0.03442977751 0.003944435761 7.467466871e-05
671 0.03442977751 0.004040483024 7.844214562e-05
672 0.03442977751 0.003090951141 5.40653516e-05
673 0.03442977751 0.002978294022 5.331278153e-05
674 0.03442977751 0.003119911558 6.000561103e-05
675 0.03442977751 0.003288888572 5.994807103e-05
676 0.03442977751 0.002908300222 5.482073887e-05
677 0.03442977751 0.003262932174 5.956132811e-05
678 0.03442977751 0.002960720573 5.469668991e-05
679 0.03442977751 0.002804890446 6.117630723e-05
680 0.03442977751 0.003300303195 6.972706555e-05
681 0.03442977751 0.003280507947 6.18433753e-05
682 0.03442977751 0.002620773731 5.555696164e-05
683 0.03442977751 0.003005933811 6.680381001e-05
684 0.03442977751 0.003807380039 8.360589391e-05
685 0.03442977751 0.002521835206 5.649405735e-05
686 0.03442977751 0.003398423215 7.130399466e-05
687 0.03442977751 0.003323819847 6.659534431e-05
688 0.03442977751 0.002853802884 5.845480133e-05
689 0.03442977751 0.003197132442 6.215216051e-05
690 0.03442977751 0.00347460489 7.206061938e-05
691 0.03442977751 0.003210010357 5.190354097e-05
692 0.03442977751 0.003445433803 6.042404031e-05
693 0.03442977751 0.002783560266 5.871278374e-05
694 0.03442977751 0.002884643977 6.160158659e-05
695 0.03442977751 0.002658568767 5.566669023e-05
696 0.03442977751 0.003666565635 7.450012234e-05
697 0.03442977751 0.003955458587 7.635222776e-05
698 0.03442977751 0.003093025797 5.869639718e-05
699 0.03442977751 0.00300541216 5.775680091e-05
700 0.03442977751 0.003035924879 5.736607179e-05
701 0.03442977751 0.003682626098 7.601433844e-05
702 0.03442977751 0.004312013832 7.792540979e-05
703 0.03442977751 0.003777985375 6.789685719e-05
704 0.03442977751 0.004063410795 7.983896754e-05
705 0.03442977751 0.002945180334 6.741783264e-05
706 0.03442977751 0.002830086233 6.493772255e-05
707 0.03442977751 0.00314058974 7.373593023e-05
708 0.03442977751 0.003456764606 7.418897929e-05
709 0.03442977751 0.003517101896 6.838457677e-05
710 0.03442977751 0.003045159001 7.049865075e-05
711 0.03442977751 0.00352434456 6.813662445e-05
712 0.03442977751 0.003195274275 6.512859927e-05
713 0.03442977751 0.003881332714 7.15409683e-05
714 0.03442977751 0.003598740136 7.164935854e-05
715 0.03442977751 0.003471749469 6.107482026e-05
716 0.03442977751 0.003125999755 5.606149416e-05
717 0.03442977751 0.003147559725 5.419024745e-05
718 0.03442977751 0.003023270596 6.072948315e-05
719 0.03442977751 0.002934516351 5.342074037e-05
720 0.03442977751 0.002853533448 5.355352563e-05
721 0.03442977751 0.002856753375 5.50350781e-05
722 0.03442977751 0.0033325268 5.465719048e-05
723 0.03442977751 0.003574698331 5.454408652e-05
724 0.03442977751 0.003535900628 6.158361742e-05
725 0.03442977751 0.003110483656 5.447809224e-05
726 0.03442977751 0.004008824645 6.655961706e-05
727 0.03442977751 0.003963373027 6.07748638e-05
728 0.03442977751 0.003917035021 6.201608086e-05
729 0.03484054474 0.003963936999 6.602791179e-05
730 0.03484054474 0.00351722166 6.151209702e-05
731 0.03484054474 0.00344885548 6.117043651e-05
732 0.03484054474 0.002877095012 5.787384596e-05
733 0.03484054474 0.00321436035 6.00559493e-05
734 0.03484054474 0.002891589896 5.294425099e-05
735 0.03484054474 0.002376068568 5.100760398e-05
736 0.03484054474 0.002933031987 6.173397617e-05
737 0.03484054474 0.003043912503 5.482976074e-05
738 0.03484054474 0.003686518305 6.984525428e-05
739 0.03484054474 0.003142316749 6.402917589e-05
740 0.03484054474 0.002885245775 5.409806543e-05
741 0.03484054474 0.003135235713 7.042965237e-05
742 0.03484054474 0.002898915554 5.459389447e-05
743 0.03484054474 0.002477092923 5.579094888e-05
744 0.03484054474 0.002991018359 5.669773102e-05
745 0.03484054474 0.002907415925 6.343623344e-05
746 0.03484054474 0.003185257224 6.023035424e-05
747 0.03484054474 0.003815739194 6.950353496e-05
748 0.03484054474 0.003274346562 5.745137904e-05
749 0.03484054474 0.003304553391 6.926941551e-05
750 0.03484054474 0.003175650341 5.642550676e-05
751 0.03484054474 0.002974516915 6.359068048e-05
752 0.03484054474 0.002384683182 4.984317371e-05
753 0.03484054474 0.002870894358 5.294367752e-05
754 0.03484054474 0.003273303087 6.26974055e-05
755 0.03484054474 0.003545660583 7.353424149e-05
756 0.03484054474 0.003070728729 5.840625866e-05
757 0.03484054474 0.003139271911 5.860693136e-05
758 0.03484054474 0.00329979301 6.057048714e-05
759 0.03484054474 0.003327763735 6.428940074e-05
760 0.03484054474 0.00359442926 6.06508136e-05
761 0.03484054474 0.003664922809 6.804119405e-05
762 0.03484054474 0.00403280653 7.128061071e-05
763 0.03484054474 0.003948407231 6.835601038e-05
764 0.03484054474 0.003626176197 6.438542462e-05
765 0.03484054474 0.00385595431 7.088509691e-05
766 0.03484054474 0.002931492837 5.389778736e-05
767 0.03484054474 0.003413434349 5.791352993e-05
768 0.03484054474 0.00338503421 6.861133317e-05
769 0.03484054474 0.003261339699 6.9352575e-05
770 0.03484054474 0.003172064786 6.24944332e-05
771 0.03484054474 0.002930008752 6.215236927e-05
772 0.03484054474 0.003003458495 5.735973276e-05
773 0.03484054474 0.002871290956 6.184366308e-05
774 0.03484054474 0.002446238445 5.20012386e-05
775 0.03484054474 0.003118832453 6.440669601e-05
776 0.03484054474 0.003151603637 6.211263562e-05
777 0.03484054474 0.002756501576 5.46071397e-05
778 0.03484054474 0.003214076399 6.260982788e-05
779 0.03484054474 0.003236134922 6.011990009e-05
780 0.03484054474 0.003358790858 6.685431398e-05
781 0.03484054474 0.003402120247 5.67329396e-05
782 0.03484054474 0.003753083303 7.234846897e-05
783 0.03484054474 0.002620383169 5.391154799e-05
784 0.03484054474 0.002352056969 5.077847703e-05
785 0.03484054474 0.002632623714 5.645410651e-05
786 0.03484054474 0.002210925957 5.552062556e-05
787 0.03484054474 0.002324904173 5.554721944e-05
788 0.03484054474 0.002946196805 6.553647126e-05
789 0.03484054474 0.0031380723 6.025173031e-05
790 0.03484054474 0.002635070031 5.631880378e-05
791 0.03484054474 0.002744307362 6.625960809e-05
792 0.03484054474 0.002760222246 6.509370341e-05
793 0.03484054474 0.002414898522 5.30768177e-05
794 0.03484054474 0.002684405107 6.115283472e-05
795 0.03484054474 0.003103416164 7.005854733e-05
796 0.03484054474 0.003087088985 5.989894152e-05
797 0.03491490312 0.003528989074 7.247919992e-05
798 0.03491490312 0.002907173229 6.679819218e-05
799 0.03491490312 0.003365053708 6.596501429e-05
800 0.03491490312 0.002899004139 5.806349962e-05
801 0.03491490312 0.002247513615 4.963816796e-05
802 0.03491490312 0.003034753557 6.822101992e-05
803 0.03491490312 0.003052972854 5.821301422e-05
804 0.03491490312 0.002766727526 5.298221701e-05
805 0.03491490312 0.003455096725 6.764631838e-05
806 0.03491490312 0.00298379479 5.56632301e-05
807 0.03506017372 0.002988040389 6.132118904e-05
808 0.03506017372 0.002638695051 5.381637883e-05
809 0.03506017372 0.00322426715 6.87094496e-05
810 0.03506017372 0.003198257224 6.878692864e-05
811 0.03506017372 0.002252889656 5.178228635e-05
812 0.03506017372 0.002699985229 5.433805497e-05
813 0.03506017372 0.002551150258 5.252869176e-05
814 0.03506017372 0.002531055211 5.221028033e-05
815 0.03506017372 0.002383658879 6.162798495e-05
816 0.03506017372 0.00359888081 7.907601924e-05
817 0.03506017372 0.002827707918 5.839415615e-05
818 0.03506017372 0.003292594591 6.461063111e-05
819 0.03506017372 0.003204978903 6.933359525e-05
820 0.03506017372 0.003074106828 6.407850802e-05
821 0.03506017372 0.002286140247 5.219372042e-05
822 0.03506017372 0.002353302024 5.643033553e-05
823 0.03506017372 0.002975620645 6.482061365e-05
824 0.03506017372 0.003349784933 7.698695269e-05
825 0.03506017372 0.002813539282 6.125198765e-05
826 0.03506017372 0.002793295445 5.87485067e-05
827 0.03506017372 0.002727683081 5.882866455e-05
828 0.03506017372 0.003070612444 6.437687301e-05
829 0.03506017372 0.003004236015 6.447516385e-05
830 0.03506017372 0.002867759399 6.512026754e-05
831 0.03506017372 0.003175094846 7.511545178e-05
832 0.03506017372 0.002651722811 6.178562356e-05
833 0.03506017372 0.00346861367 7.724882683e-05
834 0.03506017372 0.003142870991 6.590085745e-05
835 0.03506017372 0.003647073681 7.406391662e-05
836 0.03506017372 0.003558519432 7.475909518e-05
837 0.03506017372 0.003460412725 7.771469497e-05
838 0.03506017372 0.003455886719 6.813357981e-05
839 0.03506017372 0.003200864616 6.612398767e-05
840 0.03506017372 0.00317395986 5.940159035e-05
841 0.03506017372 0.00321715333 7.187676586e-05
842 0.03506017372 0.002511735546 5.544787914e-05
843 0.03506017372 0.003681892735 7.020376646e-05
844 0.03506017372 0.003390738007 7.282779514e-05
845 0.03506017372 0.002938800806 5.730953623e-05
846 0.03506017372 0.00288775457 6.540656411e-05
847 0.03506017372 0.003143712351 6.533057e-05
848 0.03506017372 0.0031829641 5.909592087e-05
849 0.03506017372 0.003356439483 7.014807172e-05
850 0.03506017372 0.003134049659 6.285633609e-05
851 0.03506017372 0.002605152368 5.905928858e-05
852 0.03506017372 0.003210011499 7.472165062e-05
853 0.03506017372 0.002905487612 5.499510807e-05
854 0.03506017372 0.00326705062 7.336189121e-05
855 0.03506017372 0.002383272022 5.355515454e-05
856 0.03506017372 0.002918350136 6.452971514e-05
857 0.03506017372 0.002954769836 6.415312702e-05
858 0.03506017372 0.0030241549 6.218089729e-05
859 0.03506017372 0.002814428755 5.667323071e-05
860 0.03506017372 0.00284630404 6.432632983e-05
861 0.03506017372 0.002628165947 5.629729683e-05
862 0.03506017372 0.00250029454 5.379698324e-05
863 0.03506017372 0.002678620493 6.439280357e-05
864 0.03506017372 0.002745120641 6.202218156e-05
865 0.03506017372 0.00256043895 5.476774271e-05
866 0.03508552879 0.003239334511 7.812335836e-05
867 0.03508552879 0.002896237188 6.21208734e-05
868 0.03508552879 0.002490915167 5.995790218e-05
869 0.03508552879 0.002782426551 6.158412961e-05
870 0.03508552879 0.003035260699 6.231390234e-05
871 0.03508552879 0.003586836914 5.819871908e-05
872 0.03508552879 0.003253880624 5.923679398e-05
873 0.03508552879 0.003491455949 6.196218653e-05
874 0.03508552879 0.003220001471 5.96993688e-05
875 0.03508552879 0.002976986226 5.657395618e-05
876 0.03508552879 0.003880001985 7.8906523e-05
877 0.03508552879 0.003485077557 6.106393382e-05
878 0.03508552879 0.003327202387 6.591028162e-05
879 0.03508552879 0.003563441045 6.377444914e-05
880 0.03508552879 0.002874331293 6.487883136e-05
881 0.03508552879 0.003947053982 7.184030302e-05
882 0.03508552879 0.003319921457 6.4962785e-05
883 0.03508552879 0.003702169396 8.035016864e-05
884 0.03508552879 0.003625402802 6.814855147e-05
885 0.03508552879 0.003299942514 7.845764381e-05
886 0.03508552879 0.002924217715 6.225808507e-05
887 0.03508552879 0.003137214511 5.851126165e-05
888 0.03508552879 0.003057956371 6.523800362e-05
889 0.03508552879 0.002800398104 5.419373763e-05
890 0.03508552879 0.003141386652 6.421731563e-05
891 0.03508552879 0.003290754074 6.281508057e-05
892 0.03508552879 0.003084295884 6.250194674e-05
893 0.03508552879 0.003138694892 6.293977495e-05
894 0.03508552879 0.003070180526 6.499402401e-05
895 0.03508552879 0.003385658165 7.800150878e-05
896 0.03508552879 0.002352215214 5.321808222e-05
897 0.03508552879 0.00303340536 5.961955971e-05
898 0.03508552879 0.002802217843 5.99246336e-05
899 0.03544003152 0.003761623508 8.178383579e-05
900 0.03544003152 0.003568098336 7.209526358e-05
901 0.03544003152 0.003509439226 6.525785342e-05
902 0.03544003152 0.003969420225 7.497182061e-05
903 0.03544003152 0.003222270898 7.296103618e-05
904 0.03544003152 0.003398500189 7.191194951e-05
905 0.03544003152 0.002448253505 5.223009924e-05
906 0.03544003152 0.002992659264 6.183861406e-05
907 0.03544003152 0.003160238601 6.843789781e-05
908 0.03544003152 0.003327831277 7.931839303e-05
909 0.03544003152 0.003343859439 7.219440182e-05
910 0.03544003152 0.003199472993 6.487043203e-05
911 0.03544003152 0.003949069043 7.51386901e-05
912 0.03544003152 0.00328692987 7.032731375e-05
913 0.03544003152 0.002885256106 7.165201212e-05
914 0.03544003152 0.003186803051 6.440621123e-05
915 0.03544003152 0.003056061773 6.473557155e-05
916 0.03544003152 0.003029608514 6.018447506e-05
917 0.03544003152 0.003674228855 7.287861187e-05
918 0.03544003152 0.00371306855 7.619882334e-05
919 0.03544003152 0.002612817342 5.595769523e-05
920 0.03544003152 0.002969699561 5.744671773e-05
921 0.03544003152 0.002308415926 5.231138307e-05
922 0.03544003152 0.002637822194 6.388582041e-05
923 0.03544003152 0.003240243926 6.86600152e-05
924 0.03544003152 0.002787502263 6.276822883e-05
925 0.03544003152 0.002265766992 5.282539336e-05
926 0.03544003152 0.00246949332 6.050696465e-05
927 0.03544003152 0.002159729589 5.132063815e-05
928 0.03544003152 0.0026553128 6.643365628e-05
929 0.03544003152 0.002437778426 5.511236134e-05
930 0.03544003152 0.003005263039 7.909902157e-05
931 0.03544003152 0.00336238275 6.85210186e-05
932 0.03544003152 0.003293312091 6.411942193e-05
933 0.03544003152 0.002804761055 6.334178309e-05
934 0.03544003152 0.002780184039 5.93043865e-05
935 0.03544003152 0.003831060754 7.611671505e-05
936 0.03544003152 0.003496640398 6.282772516e-05
937 0.03544003152 0.003860519482 6.458488032e-05
938 0.03544003152 0.003475465462 7.128901652e-05
939 0.03544003152 0.003195469849 6.409761787e-05
940 0.03544003152 0.003515520375 6.741140226e-05
941 0.03544003152 0.003404629935 7.244159611e-05
942 0.03544003152 0.002878527418 5.857201577e-05
943 0.03544003152 0.002710112057 5.933118675e-05
944 0.03544003152 0.002846831028 6.189029354e-05
945 0.03544003152 0.003393730256 6.624433674e-05
946 0.03544003152 0.004274209907 7.759636995e-05
947 0.03577687202 0.003486198589 7.916760566e-05
948 0.03577687202 0.00414993527 8.790330563e-05
949 0.03577687202 0.003615231777 7.171951727e-05
950 0.03577687202 0.00302012654 6.065452921e-05
951 0.03577687202 0.003716442505 7.172028979e-05
952 0.03577687202 0.003579192518 7.185466486e-05
953 0.03577687202 0.003040235789 6.356692911e-05
954 0.03577687202 0.002962963561 6.090254416e-05
955 0.03577687202 0.003423976481 6.639314488e-05
956 0.03577687202 0.004056008442 8.367674136e-05
957 0.03577687202 0.003633159851 7.874886991e-05
958 0.03577687202 0.003179924872 6.845919508e-05
959 0.03577687202 0.002309536982 5.225915031e-05
960 0.03577687202 0.002315108616 5.398398077e-05
961 0.03577687202 0.002836068657 6.322528723e-05
962 0.03577687202 0.002206810844 5.075777536e-05
963 0.03577687202 0.003019425778 6.165503089e-05
964 0.03577687202 0.002441696602 5.769528751e-05
965 0.03577687202 0.002575919551 5.951507388e-05
966 0.03577687202 0.002721799914 6.020697046e-05
967 0.03577687202 0.002528823423 5.634634571e-05
968 0.03577687202 0.002642906169 6.380612212e-05
969 0.03577687202 0.002989439822 7.232398071e-05
970 0.03577687202 0.002568893853 5.983165645e-05
971 0.03577687202 0.002648759876 6.191127998e-05
972 0.03577687202 0.002485461434 5.884186562e-05
973 0.03577687202 0.002016459612 5.194248324e-05
974 0.03577687202 0.002417166879 6.432574692e-05
975 0.03577687202 0.002680600398 6.703238991e-05
976 0.03577687202 0.002420782941 5.424098423e-05
977 0.03577687202 0.002535115755 5.4034323e-05
978 0.03577687202 0.002537193264 5.775589855e-05
979 0.03577687202 0.002755569376 6.285710141e-05
980 0.03577687202 0.002789650938 6.297818022e-05
981 0.03577687202 0.002797407408 6.103313737e-05
982 0.03577687202 0.002838169424 6.324161482e-05
983 0.03577687202 0.002993462058 6.832390173e-05
984 0.03577687202 0.003025490805 6.295747305e-05
985 0.03577687202 0.002797836307 5.748943071e-05
986 0.03577687202 0.002517056015 5.561642476e-05
987 0.03577687202 0.002852648671 6.472116238e-05
988 0.03577687202 0.003237615576 6.291100452e-05
989 0.03577687202 0.003561351581 7.581036812e-05
990 0.03577687202 0.003228232624 6.567907889e-05
991 0.03577687202 0.002361764919 5.416218042e-05
992 0.03577687202 0.002241853552 5.192938469e-05
993 0.03577687202 0.003104269974 7.611521915e-05
994 0.03577687202 0.002668555591 6.179235999e-05
995 0.03577687202 0.002869711614 7.016111549e-05
996 0.03578757434 0.002847374644 6.737676368e-05
997 0.03578757434 0.003346346924 6.921426763e-05
998 0.03578757434 0.002656521544 6.051907818e-05
999 0.03578757434 0.003239242596 6.60952065e-05
1000 0.03578757434 0.003732545133 7.335264755e-05
1001 0.03578757434 0.003853944602 8.000644868e-05
1002 0.03578757434 0.003544855859 6.468587567e-05
1003 0.03578757434 0.003881789352 7.126009784e-05
1004 0.03578757434 0.003889755444 6.82544444e-05
1005 0.03578757434 0.003049273176 6.22285062e-05
1006 0.03578757434 0.002989161331 6.289209128e-05
1007 0.03578757434 0.002506096805 6.731044715e-05
1008 0.03578757434 0.002773931084 6.468747522e-05
1009 0.03578757434 0.003234104218 7.572747161e-05
1010 0.03578757434 0.00259272617 5.450501611e-05
1011 0.03578757434 0.003681014264 8.52657239e-05
1012 0.03578757434 0.00308060804 6.580816313e-05
1013 0.03578757434 0.003000994386 6.302588759e-05
1014 0.03578757434 0.003250743503 6.726349189e-05
1015 0.03585530073 0.003794540858 8.216148565e-05
1016 0.03585530073 0.003210318438 7.171673977e-05
1017 0.03585530073 0.003390298427 6.546291549e-05
1018 0.03585530073 0.002905156443 5.675608407e-05
1019 0.03585530073 0.003158082291 6.204636163e-05
1020 0.03585530073 0.004057112593 8.093726864e-05
1021 0.03585530073 0.003175281068 5.7037851e-05
1022 0.03585530073 0.002772155947 5.689542666e-05
1023 0.03585530073 0.003261807159 6.213236976e-05
1024 0.03585530073 0.003010784981 6.559611473e-05
1025 0.03585530073 0.002721227582 6.899194638e-05
1026 0.03585530073 0.003454414546 8.021338475e-05
1027 0.03585530073 0.003237661426 5.896131194e-05
1028 0.03585530073 0.003170577616 6.005930498e-05
1029 0.03585530073 0.003321396583 6.487760792e-05
1030 0.03585530073 0.002801300593 6.479501168e-05
1031 0.03585530073 0.002785591593 6.578054452e-05
1032 0.03585530073 0.003496120736 7.454816864e-05
1033 0.03585530073 0.00226998823 5.333812611e-05
1034 0.03585530073 0.002692251061 5.575200241e-05
1035 0.03585530073 0.002968128955 6.866382668e-05
1036 0.03585530073 0.003228364794 6.573925527e-05
1037 0.03585530073 0.002713533599 5.561356876e-05
1038 0.03585530073 0.00315635251 6.064595777e-05
1039 0.03585530073 0.003666210101 7.72096118e-05
1040 0.03585530073 0.003742178473 7.521565545e-05
1041 0.03585530073 0.003162890837 6.313266874e-05
1042 0.03585530073 0.003377861182 7.852620377e-05
1043 0.0360137793 0.003758643468 9.058912952e-05
1044 0.0360137793 0.00354274446 7.835529547e-05
1045 0.0360137793 0.00353224358 7.59397636e-05
1046 0.0360137793 0.003980409845 8.367597311e-05
1047 0.0360137793 0.003206625806 6.933418636e-05
1048 0.0360137793 0.003311485858 7.329962933e-05
1049 0.0360137793 0.003597282649 6.985416976e-05
1050 0.0360137793 0.003367914154 7.367692581e-05
1051 0.0360137793 0.00334361836 7.166282041e-05
1052 0.0360137793 0.003432349944 7.307772742e-05
1053 0.0360137793 0.002913021841 5.952574911e-05
1054 0.0360137793 0.003342952173 8.16547752e-05
1055 0.0360137793 0.002473311566 5.651024516e-05
1056 0.0360137793 0.00304870503 6.825801236e-05
1057 0.0360137793 0.003489384229 7.637611795e-05
1058 0.0360137793 0.003203841783 6.449416563e-05
1059 0.0360137793 0.002837305531 6.489368016e-05
1060 0.0360137793 0.002757219898 6.450922986e-05
1061 0.0360137793 0.002831804606 6.554537002e-05
1062 0.0360137793 0.002592401311 6.16588225e-05
1063 0.0360137793 0.003339109211 7.348322383e-05
1064 0.0360137793 0.002380400985 5.598462262e-05
1065 0.0360137793 0.002292958464 5.297685559e-05
1066 0.0360137793 0.002528994684 5.662923425e-05
1067 0.0360137793 0.002293272721 5.428365146e-05
1068 0.0360137793 0.002437732859 5.817712323e-05
1069 0.0360137793 0.003135889121 7.576873082e-05
1070 0.0360137793 0.002379776791 5.396649894e-05
1071 0.0360137793 0.002505888905 5.909773551e-05
1072 0.0360137793 0.003108644987 7.860373296e-05
1073 0.0360137793 0.002663778862 6.313832957e-05
1074 0.0360137793 0.00301609859 6.682377488e-05
1075 0.0360137793 0.00305096672 7.872108171e-05
1076 0.0360137793 0.003181324942 7.904550202e-05
1077 0.0360137793 0.0027484176 6.444555993e-05
1078 0.0360137793 0.00330371663 6.790829647e-05
1079 0.0360137793 0.002947396958 6.929057028e-05
1080 0.0360137793 0.003110690595 6.845209362e-05
1081 0.0360137793 0.003056076919 6.781311392e-05
1082 0.0360137793 0.003499636561 7.426775228e-05
1083 0.0360137793 0.003547546023 6.900880602e-05
1084 0.0360137793 0.002851372625 5.670495724e-05
1085 0.0360137793 0.003417213076 7.019726926e-05
1086 0.0360137793 0.003169629569 6.313558234e-05
1087 0.0360137793 0.002573403032 5.385082456e-05
1088 0.0360137793 0.003021986874 5.837524476e-05
1089 0.0360137793 0.00316076839 6.194658869e-05
1090 0.0360137793 0.003504798915 8.313601386e-05
1091 0.0360137793 0.003333695644 7.648097321e-05
1092 0.0360137793 0.002889330231 7.409649177e-05
1093 0.0360137793 0.003321617664 7.86382925e-05
1094 0.0360137793 0.002996970507 6.820684641e-05
1095 0.0360137793 0.002863072301 6.405209599e-05
1096 0.0360137793 0.003000692676 6.190372501e-05
1097 0.0360137793 0.003000183319 6.283359255e-05
1098 0.0360137793 0.003306876153 6.745568547e-05
1099 0.03602709012 0.003721508587 8.042840485e-05
1100 0.03602709012 0.00286382917 6.6340656e-05
1101 0.03602709012 0.003310442137 7.353592355e-05
1102 0.03602709012 0.002064069669 5.231510482e-05
1103 0.03602709012 0.002396803937 6.524335589e-05
1104 0.03602709012 0.002765926992 6.970389028e-05
1105 0.03602709012 0.002732346148 6.769976031e-05
1106 0.03602709012 0.003460011164 8.194374959e-05
1107 0.03602709012 0.002380450163 5.930360215e-05
1108 0.03602709012 0.003041535892 7.481812345e-05
1109 0.03602709012 0.002712442499 6.467000032e-05
1110 0.03602709012 0.002402866476 5.734853623e-05
1111 0.03602709012 0.002552081959 6.050174809e-05
1112 0.03602709012 0.002460917893 5.879152572e-05
1113 0.03602709012 0.002654335278 5.911872293e-05
1114 0.03602709012 0.003602677482 8.024331522e-05
1115 0.03602709012 0.003192383847 7.543058922e-05
1116 0.03602709012 0.003164776254 7.551815514e-05
1117 0.03602709012 0.002559402945 6.848798696e-05
1118 0.03602709012 0.003090787042 6.99655458e-05
1119 0.03602709012 0.002361073745 5.304795894e-05
1120 0.03602709012 0.002435505738 5.634259311e-05
1121 0.03602709012 0.002938581386 6.979196627e-05
1122 0.03602709012 0.002440841407 6.239071165e-05
1123 0.03602709012 0.002433273948 5.681830183e-05
1124 0.03602709012 0.002722827436 6.599593724e-05
1125 0.03602709012 0.002892665058 6.799338638e-05
1126 0.03602709012 0.003082952096 7.847809388e-05
1127 0.03602709012 0.003567549378 8.592923767e-05
1128 0.03602709012 0.003954505654 8.017460072e-05
1129 0.03602709012 0.003243596807 6.928265094e-05
1130 0.03602709012 0.00244808955 5.84276966e-05
1131 0.03602709012 0.002483130623 5.552554556e-05
1132 0.03602709012 0.002048372827 5.165815262e-05
1133 0.03602709012 0.002725207203 6.570951312e-05
1134 0.03602709012 0.002962593606 7.758092865e-05
1135 0.03602709012 0.003006668312 6.774716433e-05
1136 0.03602709012 0.002604733839 5.756928478e-05
1137 0.03602709012 0.002740566532 6.881761449e-05
1138 0.03602709012 0.002327075762 5.596876773e-05
1139 0.03602709012 0.00220366226 5.447994211e-05
1140 0.03602709012 0.003387088862 8.009501879e-05
1141 0.03602709012 0.003435118239 7.92102095e-05
1142 0.03602709012 0.0032473431 7.217252418e-05
1143 0.03602709012 0.002614985322 5.82585287e-05
1144 0.03602709012 0.002972827707 6.51230127e-05
1145 0.03602709012 0.003293726715 6.368627231e-05
1146 0.03602709012 0.003049348799 6.032459194e-05
1147 0.03602709012 0.003281690715 6.423314692e-05
1148 0.03602709012 0.003442456815 6.730842299e-05
1149 0.03602709012 0.003863296398 7.602279866e-05
1150 0.03602709012 0.003740546455 7.468313973e-05
1151 0.03602709012 0.003413927303 6.555066889e-05
1152 0.03602709012 0.003831958449 6.885362605e-05
1153 0.03602709012 0.003433603316 6.862653015e-05
1154 0.03602709012 0.002947362721 6.199739661e-05
1155 0.03602709012 0.002941823221 5.870945386e-05
1156 0.03602709012 0.002892171024 5.714924809e-05
1157 0.03602709012 0.002528561059 5.985804912e-05
1158 0.03602709012 0.00313119658 7.116112897e-05
1159 0.03602709012 0.003453742631 7.822418924e-05
1160 0.03602709012 0.00344820044 7.571401919e-05
1161 0.03602709012 0.00329679013 7.560601817e-05
1162 0.03602709012 0.003142376084 6.136461108e-05
1163 0.03602709012 0.003266511712 6.62878796e-05
1164 0.03602709012 0.0032601703 6.663422766e-05
1165 0.03602709012 0.002628743419 5.910710049e-05
1166 0.03602709012 0.003183764045 6.992893901e-05
1167 0.03602709012 0.003497386255 7.227714056e-05
1168 0.03602709012 0.003109212084 6.946395901e-05
1169 0.03602709012 0.002820944418 6.102502964e-05
1170 0.03602709012 0.003231350591 6.298858742e-05
1171 0.03665169003 0.00314105694 6.740666801e-05
1172 0.03665169003 0.002654810563 5.493698362e-05
1173 0.03665169003 0.002403631134 5.731019468e-05
1174 0.03665169003 0.002335395221 5.60308441e-05
1175 0.03665169003 0.002072107224 5.251572522e-05
1176 0.03665169003 0.00213231449 5.222272625e-05
1177 0.03665169003 0.002373184205 5.62700429e-05
1178 0.03665169003 0.002529708313 5.433195049e-05
1179 0.03665169003 0.002293103238 5.311452685e-05
1180 0.03665169003 0.002592011034 6.434027321e-05
1181 0.03665169003 0.003532536235 8.607218964e-05
1182 0.03665169003 0.003333866711 6.995589279e-05
1183 0.03665169003 0.003582667576 7.84686404e-05
1184 0.03665169003 0.003013663949 6.017177287e-05
1185 0.03665169003 0.00389613374 7.823907308e-05
1186 0.03665169003 0.003825874719 7.646014247e-05
1187 0.03665169003 0.00350330448 8.99232309e-05
1188 0.03665169003 0.003138123465 6.673396282e-05
1189 0.03665169003 0.003374924177 6.398390154e-05
1190 0.03665169003 0.003630341344 7.339739991e-05
1191 0.03665169003 0.003622754926 6.567728883e-05
1192 0.03665169003 0.003482758195 6.554793212e-05
1193 0.03665169003 0.003707803094 7.013562258e-05
1194 0.03665169003 0.003659512913 7.192285008e-05
1195 0.03665169003 0.003618756022 7.175447965e-05
1196 0.03665169003 0.00283295016 5.74880576e-05
1197 0.03665169003 0.002939082261 6.150543227e-05
1198 0.03665169003 0.002800714859 5.636640427e-05
1199 0.03665169003 0.002688507538 5.808415482e-05
1200 0.03665169003 0.003145170441 7.031576007e-05
1201 0.03665169003 0.002791895047 6.28490932e-05
1202 0.03665169003 0.003224881853 6.738125208e-05
1203 0.03665169003 0.003151629537 5.788973241e-05
1204 0.03665169003 0.003284816037 5.843715896e-05
1205 0.03665169003 0.003393440928 6.177699257e-05
1206 0.03665169003 0.003178714475 5.827261227e-05
1207 0.03665169003 0.003437713061 6.514627396e-05
1208 0.03665169003 0.00382628758 7.11054102e-05
1209 0.03665169003 0.003150087616 5.814016119e-05
1210 0.03665169003 0.003354134205 6.038288001e-05
1211 0.03665169003 0.004315132569 8.405369853e-05
1212 0.03665169003 0.004117287185 7.186654284e-05
1213 0.03665169003 0.004260240515 7.804785531e-05
1214 0.03665169003 0.004197192255 7.938262187e-05
1215 0.03665169003 0.003811381617 7.030692125e-05
1216 0.03665169003 0.003120513642 6.25178973e-05
1217 0.03665169003 0.003269240587 7.454967993e-05
1218 0.03665169003 0.002865253756 5.722779898e-05
1219 0.03665169003 0.003479744993 7.445290787e-05
1220 0.03665169003 0.003385439239 6.520854693e-05
1221 0.03665169003 0.003829593165 7.394341627e-05
1222 0.03665169003 0.003319081823 6.615807434e-05
1223 0.03665169003 0.002847545149 6.059521633e-05
1224 0.03665169003 0.002781672631 6.008245447e-05
1225 0.03665169003 0.00286474413 6.445424896e-05
1226 0.03665169003 0.002914232708 6.347735584e-05
1227 0.03665169003 0.004048123565 9.117235179e-05
1228 0.03665169003 0.00273425651 6.180918744e-05
1229 0.03665169003 0.002251966242 5.797419092e-05
1230 0.03665169003 0.003034648726 6.434633703e-05
1231 0.03665169003 0.002748678743 5.673652869e-05
1232 0.03665169003 0.002604097316 6.139340863e-05
1233 0.03665169003 0.002568147859 5.754778338e-05
1234 0.03665169003 0.002849067626 6.709615461e-05
1235 0.03665169003 0.003360997124 7.149131366e-05
1236 0.03665169003 0.002285201377 5.566669134e-05
1237 0.03665169003 0.002936546309 6.900271834e-05
1238 0.03665169003 0.003197122132 7.025085615e-05
1239 0.03665169003 0.003240707312 6.552672415e-05
1240 0.03665169003 0.003974100463 7.054843931e-05
1241 0.03665169003 0.003428272803 6.900682834e-05
1242 0.03665169003 0.002901903952 5.721324075e-05
1243 0.03665169003 0.003052249239 5.958710619e-05
1244 0.03665169003 0.003328141644 7.187581509e-05
1245 0.03665169003 0.003585970239 6.875224021e-05
1246 0.03665169003 0.003003527847 6.139506491e-05
1247 0.03665169003 0.003989110633 7.835549655e-05
1248 0.03665169003 0.003327853969 6.255224896e-05
1249 0.03665169003 0.002701939362 5.873241837e-05
1250 0.03665169003 0.002210929076 6.120878451e-05
1251 0.03665169003 0.002837512259 6.799208301e-05
1252 0.03674350991 0.003394210873 7.991325112e-05
1253 0.03674350991 0.003237360273 7.091495333e-05
1254 0.03674350991 0.003253280094 7.342687514e-05
1255 0.03674350991 0.003418561688 7.293775615e-05
1256 0.03674350991 0.004419683397 0.0001000998367
1257 0.03674350991 0.00385021405 9.132453923e-05
1258 0.03674350991 0.003434744069 7.165741522e-05
1259 0.03674350991 0.002976908205 7.122612279e-05
1260 0.03674350991 0.003225785643 7.671233956e-05
1261 0.03674350991 0.00319994979 7.365587028e-05
1262 0.03674350991 0.002886582611 6.778923495e-05
1263 0.03674350991 0.00252494037 5.746921374e-05
1264 0.03674350991 0.002485485715 5.772992613e-05
1265 0.03674350991 0.003553681535 7.007643038e-05
1266 0.03674350991 0.002890520157 6.411031067e-05
1267 0.03674350991 0.003230506839 8.151888567e-05
1268 0.03674350991 0.002814076162 6.368339025e-05
1269 0.03674350991 0.002841373067 6.408162842e-05
1270 0.03674350991 0.002453107308 5.83748687e-05
1271 0.03674350991 0.003186389586 7.415780614e-05
1272 0.03674350991 0.002961954384 7.407940284e-05
1273 0.03674350991 0.003091226021 7.488585542e-05
1274 0.03674350991 0.002279464208 5.541034053e-05
1275 0.03674350991 0.002415996972 6.482075461e-05
1276 0.03674350991 0.002320621758 6.059383649e-05
1277 0.03674350991 0.003072561364 6.529219669e-05
1278 0.03674350991 0.003050638714 6.79994819e-05
1279 0.03674350991 0.003257213243 7.259803151e-05
1280 0.03674350991 0.002848928813 6.292928268e-05
1281 0.03674350991 0.002679161394 6.219354076e-05
1282 0.03674350991 0.002317316397 5.966514098e-05
1283 0.03674350991 0.00259991175 6.401049238e-05
1284 0.03674350991 0.002283428378 5.754477043e-05
1285 0.03674350991 0.00210326548 5.81669419e-05
1286 0.03674350991 0.002412992792 6.51447734e-05
1287 0.03674350991 0.002498563868 6.193609374e-05
1288 0.03674350991 0.003366154244 7.929870735e-05
1289 0.03674350991 0.002761277659 7.519685049e-05
1290 0.03674350991 0.003011637742 6.667156882e-05
1291 0.03674350991 0.002782188076 6.427556252e-05
1292 0.03674350991 0.002794066699 6.92280269e-05
1293 0.03674350991 0.003448068929 7.420276461e-05
1294 0.03674350991 0.003222005921 7.506504133e-05
1295 0.03674350991 0.002779795912 7.324560768e-05
1296 0.03674350991 0.002613713021 6.435953218e-05
1297 0.03674350991 0.002482115446 6.313788485e-05
1298 0.03674350991 0.003088731182 7.883957475e-05
1299 0.03674350991 0.00309220747 7.615656646e-05
1300 0.03674350991 0.002569741216 6.787258338e-05
1301 0.03674350991 0.002032952486 5.489611387e-05
1302 0.03674350991 0.002627158436 7.013415902e-05
1303 0.03674350991 0.002950884394 7.656039282e-05
1304 0.03674350991 0.002379687449 6.124877767e-05
1305 0.03674350991 0.003033494612 7.237336097e-05
1306 0.03674350991 0.003060205125 6.866300105e-05
1307 0.03674350991 0.002725484243 6.308648008e-05
1308 0.03674350991 0.002479069147 6.512227805e-05
1309 0.03674350991 0.002205562891 5.560293502e-05
1310 0.03674350991 0.001970744948 5.525926139e-05
1311 0.03674350991 0.002634277999 6.338438556e-05
1312 0.03674350991 0.002516949104 7.128795836e-05
1313 0.03674350991 0.003247769372 8.208561284e-05
1314 0.03674350991 0.002502767216 6.488903678e-05
1315 0.03674350991 0.003000396112 7.108108391e-05
1316 0.03674350991 0.002884053866 6.288458276e-05
1317 0.03674350991 0.003108840871 6.699766112e-05
1318 0.03674350991 0.00329555643 7.169772301e-05
1319 0.03674350991 0.003876549615 7.591023667e-05
1320 0.03674350991 0.003507690669 7.957230888e-05
1321 0.03674350991 0.002726544589 5.966418067e-05
1322 0.03674350991 0.002815713731 5.901282306e-05
1323 0.03674350991 0.002668471816 6.54331621e-05
1324 0.03674350991 0.003242994999 7.258975081e-05
1325 0.03674350991 0.003331964768 7.751882074e-05
1326 0.03674350991 0.003499171947 7.704320027e-05
1327 0.03674350991 0.002325636528 5.397412386e-05
1328 0.03674350991 0.002640542704 6.578394263e-05
1329 0.03674350991 0.002986555697 7.019054025e-05
1330 0.03674350991 0.003089109545 7.007115037e-05
1331 0.03674350991 0.003872846297 8.103377526e-05
1332 0.03674350991 0.003410205972 6.706876653e-05
1333 0.03674350991 0.002743818693 5.701844554e-05
1334 0.03674350991 0.00275888785 5.662171325e-05
1335 0.03674350991 0.002533849191 5.526622715e-05
1336 0.03674350991 0.003303347753 7.32787819e-05
1337 0.03674350991 0.003781209963 8.043285547e-05
1338 0.03674350991 0.004221311238 8.951788969e-05
1339 0.03674350991 0.004226441387 9.053053459e-05
1340 0.03674350991 0.003663872074 7.078001878e-05
1341 0.03674350991 0.003260414029 6.39674106e-05
1342 0.03674350991 0.004350168421 7.940100453e-05
1343 0.03674350991 0.004853238309 9.461116711e-05
1344 0.03674350991 0.003575535288 6.5181542e-05
1345 0.03674350991 0.003369368519 6.753830252e-05
1346 0.03674350991 0.002762646699 5.559985858e-05
1347 0.03674350991 0.003234551374 6.619581646e-05
1348 0.03674350991 0.004182745091 8.21222369e-05
1349 0.03674350991 0.003867257641 7.434348213e-05
1350 0.03674350991 0.003534994905 7.425581366e-05
1351 0.03674350991 0.002998283507 5.680480883e-05
1352 0.03674350991 0.002879027403 6.638144858e-05
1353 0.03674350991 0.002974775773 7.359768792e-05
1354 0.03674350991 0.002902876242 6.526187778e-05
1355 0.03674350991 0.002980744574 6.481970832e-05
1356 0.03674350991 0.003128307944 6.002982412e-05
1357 0.03674350991 0.00292536319 7.003711878e-05
1358 0.03674350991 0.003203637658 6.923380599e-05
1359 0.03674350991 0.003270935112 6.72858012e-05
1360 0.03674350991 0.003302691163 6.72907296e-05
1361 0.03674350991 0.003003142698 6.81258591e-05
1362 0.03674350991 0.003238076271 6.415492776e-05
1363 0.03674350991 0.003369545806 7.114448184e-05
1364 0.03674350991 0.003440474408 7.193590292e-05
1365 0.03674350991 0.003195567943 6.593274987e-05
1366 0.03674350991 0.002797333799 6.60429375e-05
1367 0.03674350991 0.002850332861 6.495680365e-05
1368 0.03674350991 0.002292594637 5.611884384e-05
1369 0.03674350991 0.002524270591 6.411008102e-05
1370 0.03674350991 0.002306406326 5.742895618e-05
1371 0.03674350991 0.002792667453 6.898548781e-05
1372 0.03674350991 0.002530057742 6.110280509e-05
1373 0.03674350991 0.002762451106 7.583678624e-05
1374 0.03674350991 0.003023254986 6.904882751e-05
1375 0.03674350991 0.003021957338 6.753980439e-05
1376 0.03674350991 0.003725606467 8.36044815e-05
1377 0.03674350991 0.003434336971 7.409413612e-05
1378 0.03674350991 0.002733470887 6.478789741e-05
1379 0.03674350991 0.002646263093 6.547980865e-05
1380 0.03674350991 0.002612857894 6.25760954e-05
1381 0.03674350991 0.002888146877 7.09772311e-05
1382 0.03674350991 0.002198030713 5.37910538e-05
1383 0.03674350991 0.001936250961 5.33253899e-05
1384 0.03674350991 0.002552617741 5.783620392e-05
1385 0.03674350991 0.00249208979 6.203049743e-05
1386 0.03674350991 0.002193196369 5.42234661e-05
1387 0.03674350991 0.002533810135 6.379156551e-05
1388 0.03674350991 0.002704918057 6.25121987e-05
1389 0.03674350991 0.002351198612 5.592372328e-05
1390 0.03674350991 0.003235442214 7.327691029e-05
1391 0.03674350991 0.002671526419 6.963485787e-05
1392 0.03674350991 0.002242091469 5.45921851e-05
1393 0.03674350991 0.002949322712 7.344633228e-05
1394 0.03674350991 0.003086354393 6.750011105e-05
1395 0.03674350991 0.002964816339 6.771023988e-05
1396 0.03674350991 0.003370919609 8.04767238e-05
1397 0.03674350991 0.0028969507 7.46449235e-05
1398 0.03674350991 0.002471535193 6.044478709e-05
1399 0.03674350991 0.003021380511 7.055659361e-05
1400 0.03674350991 0.003110837776 7.120612796e-05
1401 0.03674350991 0.002256971106 5.581737184e-05
1402 0.03674350991 0.002878800946 6.067590513e-05
1403 0.03674350991 0.003257750015 6.999014612e-05
1404 0.03674350991 0.002225625186 5.974610249e-05
1405 0.03674350991 0.003099709493 7.397235035e-05
1406 0.03674350991 0.002687062246 7.069271548e-05
1407 0.03674350991 0.002707478847 7.041226338e-05
1408 0.03674350991 0.003383634693 7.63167699e-05
1409 0.03674350991 0.003273486925 6.795037302e-05
1410 0.03674350991 0.002756267279 6.066819806e-05
1411 0.03674350991 0.002956741096 6.320626017e-05
1412 0.03674350991 0.002606775593 5.931315141e-05
1413 0.03674350991 0.002598511677 6.599758089e-05
1414 0.03674350991 0.002149999499 6.249932386e-05
1415 0.03674350991 0.002398616896 5.851617464e-05
1416 0.03674350991 0.002195455943 5.541437744e-05
1417 0.03674350991 0.003064641512 7.676465539e-05
1418 0.03674350991 0.002969892203 6.88646645e-05
1419 0.03674350991 0.002599216687 5.905465961e-05
1420 0.03674350991 0.002676625022 6.229571587e-05
1421 0.03674350991 0.002020312252 5.306557385e-05
1422 0.03674350991 0.002207558031 5.538759682e-05
1423 0.03674350991 0.003207810361 7.629829001e-05
1424 0.03674350991 0.003605872634 7.610414418e-05
1425 0.03674350991 0.003458613637 7.613718439e-05
1426 0.03674350991 0.004015798936 8.294899008e-05
1427 0.03674350991 0.003408563342 8.298713506e-05
1428 0.03674350991 0.002622958927 5.769010552e-05
1429 0.03674350991 0.003006684785 8.000870391e-05
1430 0.03674350991 0.002717330258 6.484132005e-05
1431 0.03674350991 0.002893044521 7.394295085e-05
1432 0.03674350991 0.002453502937 6.000642068e-05
1433 0.03674350991 0.002660736545 6.162796082e-05
1434 0.03674350991 0.003013521217 6.543968945e-05
1435 0.03674350991 0.002945710098 6.083169604e-05
1436 0.03674350991 0.003208824777 7.410342775e-05
1437 0.03674350991 0.003280584964 6.902567495e-05
1438 0.03674350991 0.002918858943 6.241914003e-05
1439 0.03674350991 0.00320389101 8.048813433e-05
1440 0.03674350991 0.003422470127 7.898053266e-05
1441 0.03674350991 0.002382897266 6.230588952e-05
1442 0.03674350991 0.002204117528 5.55225796e-05
1443 0.03674350991 0.002685370019 7.206226746e-05
1444 0.03674350991 0.002931899154 7.802484564e-05
1445 0.03674350991 0.003281663961 7.50851877e-05
1446 0.03674350991 0.002562674568 6.73012011e-05
1447 0.03674350991 0.002954130618 8.010215524e-05
1448 0.03674350991 0.002687172368 6.465003263e-05
1449 0.03674350991 0.002393965655 5.609981358e-05
1450 0.03674350991 0.002353966769 5.553343305e-05
1451 0.03674350991 0.001810634366 5.325395402e-05
1452 0.03674350991 0.002682675431 5.995542952e-05
1453 0.03674350991 0.002103116929 5.516899183e-05
1454 0.03674350991 0.00291593102 7.251635672e-05
1455 0.03674350991 0.002647948451 5.698406547e-05
1456 0.03674350991 0.003026517697 6.952179029e-05
1457 0.03674350991 0.003407076178 7.614664076e-05
1458 0.03674350991 0.003608999085 7.702082182e-05
1459 0.03685287059 0.003329325504 7.977429933e-05
1460 0.03685287059 0.003169637233 7.381904473e-05
1461 0.03685287059 0.003214274094 6.72798832e-05
1462 0.03685287059 0.003449885538 6.343093756e-05
1463 0.03685287059 0.0031656284 6.371250971e-05
1464 0.03685287059 0.003647736067 7.251958018e-05
1465 0.03685287059 0.003213977862 6.579264041e-05
1466 0.03685287059 0.003565147442 7.948945842e-05
1467 0.03685287059 0.002824477937 5.827550325e-05
1468 0.03685287059 0.003480065107 7.33551149e-05
1469 0.03685287059 0.00291341189 5.912543305e-05
1470 0.03685287059 0.003069701963 6.042242321e-05
1471 0.03685287059 0.003287143676 6.822570172e-05
1472 0.03685287059 0.003358699134 6.643513024e-05
1473 0.03685287059 0.00316806957 6.298186629e-05
1474 0.03685287059 0.002758333346 5.959571927e-05
1475 0.03685287059 0.003111912871 6.205350911e-05
1476 0.03685287059 0.002972618186 7.688807458e-05
1477 0.03685287059 0.003255734932 6.652995432e-05
1478 0.03685287059 0.002767454718 5.925426463e-05
1479 0.03685287059 0.002988330903 6.775135811e-05
1480 0.03685287059 0.002959146936 6.197782162e-05
1481 0.03685287059 0.003438802978 7.021534063e-05
1482 0.03685620528 0.003463961497 7.552342038e-05
1483 0.03685620528 0.003074130056 6.755783083e-05
1484 0.03685620528 0.002971746884 6.825738631e-05
1485 0.03685620528 0.003110164875 7.130661408e-05
1486 0.03685620528 0.003502527776 9.539778013e-05
1487 0.03685620528 0.003246420761 7.350140165e-05
1488 0.03685620528 0.003093200048 7.596683177e-05
1489 0.03685620528 0.003617580383 8.346096373e-05
1490 0.03685620528 0.002584688858 5.8891332e-05
1491 0.03685620528 0.003493155548 7.716437511e-05
1492 0.03685620528 0.00316179053 6.803392132e-05
1493 0.03685620528 0.003146256183 7.095088999e-05
1494 0.03685620528 0.003360746246 9.152073055e-05
1495 0.03685620528 0.002165109101 5.588674494e-05
1496 0.03685620528 0.002538142226 6.846380371e-05
1497 0.03685620528 0.002495324954 6.856647781e-05
1498 0.03685620528 0.002682661984 6.27635301e-05
1499 0.03685620528 0.003088130278 7.028931281e-05
1500 0.03685620528 0.002813391959 7.161557543e-05
1501 0.03685620528 0.003080559495 7.360926034e-05
1502 0.03685620528 0.002965620857 7.115814631e-05
1503 0.03685620528 0.003313652271 7.403396296e-05
1504 0.03685620528 0.003440386181 7.668463408e-05
1505 0.03685620528 0.003411994744 7.03384618e-05
1506 0.03685620528 0.003130505977 7.219829818e-05
1507 0.03685620528 0.003383545671 6.794420706e-05
1508 0.03685620528 0.002747377572 5.855711571e-05
1509 0.03685620528 0.003597960404 7.427082803e-05
1510 0.03685620528 0.003289916831 6.61874435e-05
1511 0.03685620528 0.003737877189 7.362907619e-05
1512 0.03685620528 0.004242924117 7.516588215e-05
1513 0.03685620528 0.003700896302 7.335304519e-05
1514 0.03685620528 0.003160608623 6.280703527e-05
1515 0.03685620528 0.003713382943 8.48779263e-05
1516 0.03685620528 0.002909334383 6.45127804e-05
1517 0.03685620528 0.002627410758 5.712987094e-05
1518 0.03685620528 0.002966308553 6.299240097e-05
1519 0.03685620528 0.00300580708 6.417046334e-05
1520 0.03685620528 0.003929550874 8.685399382e-05
1521 0.03685620528 0.0032984247 7.08539259e-05
1522 0.03685620528 0.003545240574 6.956288319e-05
1523 0.03685689445 0.003939534861 8.453766505e-05
1524 0.03685689445 0.003567155543 7.600871466e-05
1525 0.03685689445 0.003628965439 8.591218499e-05
1526 0.03685689445 0.002940207709 6.764914828e-05
1527 0.03685689445 0.003172458279 6.594842203e-05
1528 0.03685689445 0.002957118799 6.05494793e-05
1529 0.03685689445 0.002919514492 6.555517578e-05
1530 0.03685689445 0.003513500861 6.899080039e-05
1531 0.03685689445 0.003137279186 7.112613811e-05
1532 0.03685689445 0.003224778441 7.949577603e-05
1533 0.03685689445 0.003303297602 6.759691016e-05
1534 0.03685689445 0.003149707902 7.151971086e-05
1535 0.03685689445 0.00256730809 6.053514972e-05
1536 0.03685689445 0.002923200142 6.630865987e-05
1537 0.03685689445 0.002731559724 6.278062426e-05
1538 0.03685689445 0.002386627598 5.654160803e-05
1539 0.03685689445 0.002461893177 5.872315811e-05
1540 0.03685689445 0.003036151825 6.70265432e-05
1541 0.03685689445 0.002829722033 6.504255977e-05
1542 0.03685689445 0.002902193206 7.451257398e-05
1543 0.03685689445 0.002884275439 7.180760045e-05
1544 0.03685689445 0.002902482225 8.307245232e-05
1545 0.03685689445 0.002347224498 6.25056354e-05
1546 0.03685689445 0.002268539282 5.76954452e-05
1547 0.03685689445 0.002647336673 7.02171763e-05
1548 0.03685689445 0.003476264336 8.649790069e-05
1549 0.03685689445 0.002720294707 6.591440833e-05
1550 0.03685689445 0.002626824152 6.350605245e-05
1551 0.03685689445 0.002950759746 6.962311548e-05
1552 0.03685689445 0.002762038065 6.237504652e-05
1553 0.03685689445 0.002482732067 6.068516835e-05
1554 0.03685689445 0.002454460992 6.238221052e-05
1555 0.03685689445 0.002975675744 6.44045716e-05
1556 0.03685689445 0.00305225766 7.243898751e-05
1557 0.03685689445 0.003073792818 6.675851648e-05
1558 0.03685689445 0.002947744875 6.000273997e-05
1559 0.03685689445 0.003051686921 6.985228187e-05
1560 0.03685689445 0.00286174 7.635103201e-05
1561 0.03685689445 0.002689188785 6.695407328e-05
1562 0.03685689445 0.002629821694 5.946047142e-05
1563 0.03685689445 0.003089345146 6.791067921e-05
1564 0.03685689445 0.002442220211 5.647694894e-05
1565 0.03685689445 0.002836616864 6.254352783e-05
1566 0.03685689445 0.002912390383 7.210117473e-05
1567 0.03685689445 0.002959151789 7.724688525e-05
1568 0.03685689445 0.003372070358 7.306932022e-05
1569 0.03685689445 0.002328434404 6.290757318e-05
1570 0.03685689445 0.002467608717 6.288663084e-05
1571 0.03685689445 0.002763996568 7.625989075e-05
1572 0.03685689445 0.002940949292 7.550078699e-05
1573 0.03685689445 0.003231888578 7.641959375e-05
1574 0.03685689445 0.003645839297 7.761427002e-05
1575 0.03685689445 0.003581320746 7.584596178e-05
1576 0.03685689445 0.002789705722 6.116123501e-05
1577 0.03685689445 0.002975009601 6.960696172e-05
1578 0.03685689445 0.002534676959 5.94313258e-05
1579 0.03685689445 0.002897345439 6.969090606e-05
1580 0.03685689445 0.003022577338 7.216081076e-05
1581 0.03685689445 0.003324589226 7.856590375e-05
1582 0.03685689445 0.003344697341 7.610952585e-05
1583 0.03685689445 0.003201643211 6.99274557e-05
1584 0.03685689445 0.003159690866 7.393291894e-05
1585 0.03685689445 0.003439215697 6.869238609e-05
1586 0.03685689445 0.003347087313 7.763363919e-05
1587 0.03685689445 0.002931636915 6.691684199e-05
1588 0.03685689445 0.003095890938 6.388479254e-05
1589 0.03685689445 0.002751499904 6.42211338e-05
1590 0.03685689445 0.002339608167 5.702986892e-05
1591 0.03685689445 0.002618757374 7.146280349e-05
1592 0.03685689445 0.002782247261 7.319718137e-05
1593 0.03685689445 0.003142501111 7.947510874e-05
1594 0.03685689445 0.002825722707 6.255518908e-05
1595 0.03685689445 0.002714219164 5.990817181e-05
1596 0.03685689445 0.003804624492 7.906425379e-05
1597 0.03685689445 0.003881894612 7.269152734e-05
1598 0.03685689445 0.003256379829 6.39148421e-05
1599 0.03685689445 0.003149570089 6.17051599e-05
1600 0.03685689445 0.003319323952 7.329397185e-05
1601 0.03685689445 0.00326559513 8.039553325e-05
1602 0.03685689445 0.003302925007 6.475865971e-05
1603 0.03685689445 0.00297775296 6.807731579e-05
1604 0.03685689445 0.002872023359 6.288301632e-05
1605 0.03685689445 0.002866559981 6.646187684e-05
1606 0.03685689445 0.002696788802 6.342036251e-05
1607 0.03685689445 0.003204183824 7.216945928e-05
1608 0.03685689445 0.003201326832 7.710327044e-05
1609 0.03685689445 0.003582313998 7.734763535e-05
1610 0.03685689445 0.003197123305 8.009520649e-05
1611 0.03685689445 0.003682981717 8.180653538e-05
1612 0.03685689445 0.003185888382 7.375531819e-05
1613 0.03685756108 0.002939229508 7.17366821e-05
1614 0.03685756108 0.002824091061 6.328614299e-05
1615 0.03685756108 0.003388976985 7.215144785e-05
1616 0.03685756108 0.002455724672 5.867882037e-05
1617 0.03685756108 0.003122176679 7.053794755e-05
1618 0.03685756108 0.004180769772 8.603825251e-05
1619 0.03685756108 0.002694497933 5.83364928e-05
1620 0.03685756108 0.003147534425 6.423512776e-05
1621 0.03685756108 0.003497886945 8.013158636e-05
1622 0.03685756108 0.003782400427 7.789431355e-05
1623 0.03685756108 0.003169588819 6.814569486e-05
1624 0.03685756108 0.002875728427 6.011641004e-05
1625 0.03685756108 0.002860656724 6.748340514e-05
1626 0.03685756108 0.002679001368 7.065134587e-05
1627 0.03685756108 0.003120494803 6.720908809e-05
1628 0.03685756108 0.003393439186 7.825114473e-05
1629 0.03685756108 0.002422155513 5.655269388e-05
1630 0.03685756108 0.002823028407 6.096953811e-05
1631 0.03685756108 0.003151668571 6.002488772e-05
1632 0.03685756108 0.003509242752 7.004299187e-05
1633 0.03685756108 0.00378672892 7.665160836e-05
1634 0.03685756108 0.004319543969 8.55606023e-05
1635 0.03685756108 0.002873884511 6.558108436e-05
1636 0.03685756108 0.002756176849 5.861594365e-05
1637 0.03685756108 0.003051595474 6.435642748e-05
1638 0.03685756108 0.0032107821 5.877064819e-05
1639 0.03685756108 0.003264677218 6.508814818e-05
1640 0.03685756108 0.003906025205 6.720964104e-05
1641 0.03685756108 0.003453623628 6.347380407e-05
1642 0.03685756108 0.003463724763 7.587688817e-05
1643 0.03685756108 0.003858385011 7.819799949e-05
1644 0.03685756108 0.004057021368 7.994438546e-05
1645 0.03685756108 0.003761216766 6.146150229e-05
1646 0.03685756108 0.003368668315 6.054074533e-05
1647 0.03685756108 0.003124514028 6.70987262e-05
1648 0.03685756108 0.003221874301 6.895030894e-05
1649 0.03685756108 0.003450474489 7.083293505e-05
1650 0.03685756108 0.002806125202 6.550530324e-05
1651 0.03685756108 0.003126914011 6.163406096e-05
1652 0.03685756108 0.002914814634 6.808069484e-05
1653 0.03685756108 0.002793506759 6.626978848e-05
1654 0.03685756108 0.003575813245 7.425658496e-05
1655 0.03685838023 0.003244034376 7.680923707e-05
1656 0.03685838023 0.00308014169 6.188755407e-05
1657 0.03685838023 0.00325408284 6.360625771e-05
1658 0.03685838023 0.003443515703 7.621918597e-05
1659 0.03685838023 0.003195188188 6.266923286e-05
1660 0.03685838023 0.002779837879 5.844668929e-05
1661 0.03685838023 0.002775945754 7.144109454e-05
1662 0.03685838023 0.002442230043 5.888182009e-05
1663 0.03685838023 0.00282210007 6.577864549e-05
1664 0.03685838023 0.002302030106 5.746185546e-05
1665 0.03685838023 0.001996238251 5.484844355e-05
1666 0.03685838023 0.002365880856 6.44567638e-05
1667 0.03685838023 0.002826343658 6.246656208e-05
1668 0.03685838023 0.002976766962 6.393706814e-05
1669 0.03685838023 0.003060480191 7.268991419e-05
1670 0.03685838023 0.002914878969 7.798856499e-05
1671 0.03685838023 0.002813310775 7.03613701e-05
1672 0.03685838023 0.002954371748 7.233033576e-05
1673 0.03685838023 0.002456571859 5.838136647e-05
1674 0.03685838023 0.002897949687 6.82594745e-05
1675 0.03685838023 0.002934222227 6.444055098e-05
1676 0.03685838023 0.002550355003 5.777843444e-05
1677 0.03685838023 0.002584428318 6.163218908e-05
1678 0.03685838023 0.003110653878 6.663903288e-05
1679 0.03685838023 0.002498474087 5.703590316e-05
1680 0.03685838023 0.002725561796 5.843878831e-05
1681 0.03685838023 0.003099145165 6.641445651e-05
1682 0.03685838023 0.002932076106 6.637019718e-05
1683 0.03685838023 0.003093264737 6.554930748e-05
1684 0.03685838023 0.002900757025 6.166088029e-05
1685 0.03685838023 0.002616799232 6.270520451e-05
1686 0.03685838023 0.00288927633 7.307336533e-05
1687 0.03685996188 0.003412138335 7.855926809e-05
1688 0.03685996188 0.003895115404 8.317694312e-05
1689 0.03685996188 0.003604085077 8.070420451e-05
1690 0.03685996188 0.002960061862 7.24307896e-05
1691 0.03685996188 0.002459037211 6.118090424e-05
1692 0.03685996188 0.003038489836 6.317957622e-05
1693 0.03685996188 0.003105617831 6.519469001e-05
1694 0.03685996188 0.003729514661 7.855586802e-05
1695 0.03685996188 0.003826150536 7.888957401e-05
1696 0.03685996188 0.003686848326 6.905535498e-05
1697 0.03685996188 0.003824767145 7.549725974e-05
1698 0.0368739915 0.003952790473 7.610337704e-05
1699 0.0368739915 0.003895014556 7.472203607e-05
1700 0.0368739915 0.003477806217 6.615200813e-05
1701 0.0368739915 0.003148277564 5.934740664e-05
1702 0.0368739915 0.002758484045 5.826602531e-05
1703 0.0368739915 0.002968829198 5.931635283e-05
1704 0.0368739915 0.003354076013 8.07449562e-05
1705 0.03741468226 0.003491532444 7.942954323e-05
1706 0.03741468226 0.003184740976 6.26578912e-05
1707 0.03741468226 0.00302581773 6.273443793e-05
1708 0.03741468226 0.003050309388 6.34237626e-05
1709 0.03741468226 0.003392870971 7.216383549e-05
1710 0.03741468226 0.003424588547 7.894413494e-05
1711 0.03741468226 0.002964958975 5.712571499e-05
1712 0.03741468226 0.003347330142 7.426087924e-05
1713 0.03741468226 0.002400347889 5.603901586e-05
1714 0.03741468226 0.003192376005 7.498129419e-05
1715 0.03741468226 0.003368877632 7.01465087e-05
1716 0.03741468226 0.003164562896 6.834024816e-05
1717 0.03741468226 0.003482681759 6.877810928e-05
1718 0.03741468226 0.003422813616 8.444585733e-05
1719 0.03741468226 0.003136929146 6.866466809e-05
1720 0.03741468226 0.002437898558 5.738744579e-05
1721 0.03741468226 0.002962852906 7.325246134e-05
1722 0.03741468226 0.002862121116 6.586315118e-05
1723 0.03741468226 0.002911434416 6.41087281e-05
1724 0.03741468226 0.002855430612 7.201494003e-05
1725 0.03741468226 0.002973791748 7.881703654e-05
1726 0.03741468226 0.00327514103 8.054335288e-05
1727 0.03741468226 0.003225233165 7.562839293e-05
1728 0.03741468226 0.002914202586 7.205314474e-05
1729 0.03741468226 0.002612646906 7.06540605e-05
1730 0.03741468226 0.002608864394 5.905900449e-05
1731 0.03741468226 0.002909117817 6.186969499e-05
1732 0.03741468226 0.002480964192 5.754584545e-05
1733 0.03741468226 0.00264380213 6.233274105e-05
1734 0.03741468226 0.00277146683 6.239338592e-05
1735 0.03741468226 0.002593243989 5.883222206e-05
1736 0.03741468226 0.002422573012 5.935884775e-05
1737 0.03741468226 0.002883615105 5.955215919e-05
1738 0.03741468226 0.002852560515 6.949789889e-05
1739 0.03741468226 0.002065427529 5.495024147e-05
1740 0.03741468226 0.002424821726 5.766264304e-05
1741 0.03741468226 0.003213094179 7.098148125e-05
1742 0.03741468226 0.003207687897 7.056746481e-05
1743 0.03741468226 0.002997705004 7.060633033e-05
1744 0.03741468226 0.003193190731 7.128028756e-05
1745 0.03741468226 0.00299210247 6.69878442e-05
1746 0.03741468226 0.00314625028 7.194445636e-05
1747 0.03741468226 0.003002924586 7.824772185e-05
1748 0.03741468226 0.0027861771 6.58753455e-05
1749 0.03749101138 0.003247222807 7.432531012e-05
1750 0.03749101138 0.003038464452 7.042319786e-05
1751 0.03749101138 0.003439555069 7.43503781e-05
1752 0.03749101138 0.003661432838 7.868653065e-05
1753 0.03761478022 0.003276432111 7.834844892e-05
1754 0.03761478022 0.003575057998 8.1578836e-05
1755 0.03761478022 0.004015227313 8.457652488e-05
1756 0.03761478022 0.003634738857 8.285993156e-05
1757 0.03761478022 0.002947174956 6.443145072e-05
1758 0.03761478022 0.003350301013 6.416931716e-05
1759 0.03761478022 0.003709828201 7.468810429e-05
1760 0.03761478022 0.003472088746 7.091853117e-05
1761 0.03761478022 0.003103303681 6.330428508e-05
1762 0.03761478022 0.003083921093 7.102830406e-05
1763 0.03761478022 0.003107103124 7.50930871e-05
1764 0.03761478022 0.003055687114 5.944139187e-05
1765 0.03772116169 0.003690414029 7.809502347e-05
1766 0.03772116169 0.004122870968 8.759688908e-05
1767 0.03772116169 0.003915362258 9.017801015e-05
1768 0.03772116169 0.003218359294 7.261176316e-05
1769 0.03772116169 0.00317997324 6.523794926e-05
1770 0.03772116169 0.003233253175 6.445938181e-05
1771 0.03772116169 0.003450852409 7.798285058e-05
1772 0.03772116169 0.002685186391 6.135154044e-05
1773 0.03772116169 0.002563112743 6.260306875e-05
1774 0.03772116169 0.002845358781 6.829653715e-05
1775 0.03772116169 0.002871802304 6.735644116e-05
1776 0.03772116169 0.002782114986 6.605775639e-05
1777 0.03772116169 0.003588608211 7.493746353e-05
1778 0.03849973309 0.003350309185 7.581130039e-05
1779 0.03849973309 0.002995025144 7.13088136e-05
1780 0.03849973309 0.002643369439 6.846554255e-05
1781 0.03849973309 0.00268365276 6.890228672e-05
1782 0.03849973309 0.00388960945 8.115171629e-05
1783 0.03849973309 0.002978254378 6.737904463e-05
1784 0.03849973309 0.002567852679 5.971446949e-05
1785 0.03849973309 0.00250567523 5.75811273e-05
1786 0.03849973309 0.002398574749 5.748371644e-05
1787 0.03849973309 0.002782228264 7.108149881e-05
1788 0.03849973309 0.002985865879 7.398911991e-05
1789 0.03849973309 0.003302000136 7.349426027e-05
1790 0.03849973309 0.002548571151 6.263691404e-05
1791 0.03849973309 0.003137223901 7.628035767e-05
1792 0.03849973309 0.002632575128 6.904954548e-05
1793 0.03849973309 0.003044418996 7.250613053e-05
1794 0.03849973309 0.002246082271 5.839122439e-05
1795 0.03849973309 0.002632041565 6.583514014e-05
1796 0.03849973309 0.003180286918 8.000070324e-05
1797 0.03849973309 0.002466712666 6.106542315e-05
1798 0.03849973309 0.002534640946 6.299189976e-05
1799 0.03849973309 0.002687579967 6.38450502e-05
1800 0.03849973309 0.002235484834 6.515136385e-05
1801 0.03849973309 0.002675395854 7.309896604e-05
1802 0.03849973309 0.002888282806 7.235959878e-05
1803 0.03849973309 0.002448247919 5.874968859e-05
1804 0.03849973309 0.002448677316 5.995467851e-05
1805 0.03849973309 0.002362725151 6.182475044e-05
1806 0.03849973309 0.002032235467 5.826339233e-05
1807 0.03849973309 0.002170235805 6.295520093e-05
1808 0.03849973309 0.002443836504 6.840250748e-05
1809 0.03849973309 0.002538109203 6.847497159e-05
1810 0.03849973309 0.002585725524 7.66777361e-05
1811 0.03849973309 0.00232116067 6.165272526e-05
1812 0.03849973309 0.002594157698 6.692082213e-05
1813 0.04038000662 0.002876335868 7.589957817e-05
1814 0.04038000662 0.002957146665 6.717819995e-05
1815 0.04038000662 0.002497686525 6.181389138e-05
1816 0.04038000662 0.00233824362 6.36057459e-05
1817 0.04038000662 0.002475586595 6.176878138e-05
1818 0.04038000662 0.002469365171 6.219461103e-05
1819 0.04038000662 0.002076655441 6.148974831e-05
1820 0.04038000662 0.002619711764 7.282034878e-05
1821 0.04038000662 0.002099733989 6.018654469e-05
1822 0.04038000662 0.002686890938 6.893854699e-05
1823 0.04334298879 0.002591822574 7.652369918e-05
1824 0.04334298879 0.0031301095 8.167752347e-05
1825 0.04334298879 0.003215209219 8.58512768e-05
1826 0.04334298879 0.002409029024 6.960157883e-05
1827 0.04334298879 0.002582450183 6.715086208e-05
1828 0.04334298879 0.002700204745 7.562096887e-05
1829 0.04334298879 0.003211544517 9.23531205e-05
1830 0.04334298879 0.002296006219 6.717661051e-05
1831 0.04334298879 0.002521051023 7.141189572e-05
1832 0.04334298879 0.002581208948 8.424236463e-05
1833 0.04334298879 0.00224089137 7.494259146e-05
1834 0.04334298879 0.00218274815 7.248477483e-05
1835 0.04334298879 0.002687310863 7.627534411e-05
1836 0.04334298879 0.002756916211 7.419561201e-05
1837 0.04334298879 0.002740851585 9.228091412e-05
1838 0.04334298879 0.00255440543 8.008494928e-05
1839 0.04334298879 0.002294809119 6.977515157e-05
1840 0.04334298879 0.002494802936 7.757999798e-05
1841 0.04334298879 0.002078259961 6.913844589e-05
1842 0.04334298879 0.002797389811 7.745675104e-05
1843 0.04334298879 0.002543890753 7.272790198e-05
1844 0.04334298879 0.002269323724 7.415984037e-05
1845 0.04334298879 0.002009008394 6.898568275e-05
1846 0.04334298879 0.001906402647 6.864387145e-05
1847 0.04334298879 0.001954009409 6.823547e-05
1848 0.04334298879 0.001986955567 6.878181348e-05
1849 0.04334298879 0.002175894837 6.933278717e-05
1850 0.04334298879 0.002445990443 8.473879708e-05
1851 0.04528927616 0.002889479875 9.458284342e-05
1852 0.04528927616 0.002618026755 9.119429199e-05
1853 0.04528927616 0.00254031993 8.997625189e-05
1854 0.04667740328 0.002872763172 0.0001029886179
1855 0.04811294109 0.002824981934 0.0001037306543
1856 0.04811294109 0.002617748125 9.905971649e-05
1857 0.04811294109 0.003095255777 0.0001060666939
1858 0.04811294109 0.002810079264 9.639748288e-05
1859 0.04811294109 0.003332745698 0.0001182871664
1860 0.04811294109 0.003547155384 0.000117402778
1861 0.04811294109 0.002736448445 0.0001045584647
1862 0.04854333877 0.002975576577 0.0001134927054
1863 0.04854333877 0.003036395902 0.0001039303465
1864 0.04854333877 0.002637321919 9.554248105e-05
1865 0.04854333877 0.002405138411 8.951735175e-05
1866 0.04862845993 0.003617014658 0.0001302764557
1867 0.04862845993 0.003651349761 0.0001392235773
1868 0.04862845993 0.002978635854 0.0001094956637
1869 0.04862845993 0.002559464746 9.553039815e-05
1870 0.04862845993 0.002592052764 9.665522618e-05
1871 0.04862845993 0.002859744152 0.0001072668383
1872 0.04862845993 0.002855471713 0.0001084796897
1873 0.04862845993 0.002607578429 9.395673981e-05
1874 0.04862845993 0.002642735954 0.0001106360985
1875 0.04862845993 0.00293325845 0.0001119693814
1876 0.04862845993 0.002588493637 9.617617002e-05
1877 0.04862845993 0.002995339226 0.0001156238296
1878 0.04862845993 0.003200200907 0.0001227335758
1879 0.04862845993 0.003845907649 0.0001338841651
1880 0.04862845993 0.003497652884 0.0001147756005
1881 0.04862845993 0.002928633386 0.0001152222693
1882 0.04862845993 0.002060759464 9.080637923e-05
1883 0.04862845993 0.002924577363 0.0001206240205
1884 0.04862845993 0.003356232992 0.0001202385708
1885 0.04862845993 0.002091025178 9.108293737e-05
1886 0.04862845993 0.002720368609 0.0001130851472
1887 0.04862845993 0.002363138367 9.406068376e-05
1888 0.04862845993 0.002917714109 0.0001122430766
1889 0.04862845993 0.003253683363 0.0001213727225
1890 0.04862845993 0.002343235007 9.486498509e-05
1891 0.04862845993 0.002245968554 9.479264418e-05
1892 0.04862845993 0.002492937962 9.334142944e-05
1893 0.04862845993 0.003887145543 0.0001529711264
1894 0.04949106618 0.00325023186 0.000127471962
1895 0.04949106618 0.002640351289 9.924637797e-05
1896 0.04949106618 0.002468903858 9.491458795e-05
1897 0.04949106618 0.002588766505 0.0001054814503
1898 0.04949106618 0.003181726989 0.000122278965
1899 0.04949106618 0.002712047914 9.888154225e-05
1900 0.04949106618 0.002464696933 0.0001032635864
1901 0.04949106618 0.002500427798 9.685049241e-05
1902 0.04949106618 0.002713769868 0.0001151947139
1903 0.04949106618 0.002659403007 0.0001050278714
1904 0.04949106618 0.003452570837 0.000129955866
1905 0.04949106618 0.002904808474 0.0001046503732
1906 0.04949106618 0.002684938935 9.963334773e-05
1907 0.04949106618 0.002548797977 9.628828864e-05
1908 0.04949106618 0.003301781756 0.0001282615493
1909 0.04949106618 0.003064915635 0.0001174077639
1910 0.04949106618 0.003796914667 0.0001342113058
1911 0.04949106618 0.002890869079 0.0001079896311
1912 0.04949106618 0.003259518835 0.0001216946622
1913 0.04949106618 0.002792061971 0.0001032412826
1914 0.08926690367 0.003739973935 0.0001869005228
1915 0.09938675249 0.00422300251 0.0002482784091
1916 0.09938675249 0.003595993769 0.0002265684681
1917 0.09938675249 0.004132378968 0.000309096274
1918 0.09938675249 0.003554524325 0.0002880029622
1919 0.09938675249 0.003765207543 0.0002899219181
1920 0.09938675249 0.004470830179 0.00032313249
1921 0.09938675249 0.004907706863 0.0003664599698
1922 0.09938675249 0.005552561393 0.000386404324
1923 0.09938675249 0.007106461678 0.0005456584272
1924 0.1545685662 0.006345466873 0.0006080193057
1925 0.1545685662 0.005690434614 0.0005863149202
1926 0.1545685662 0.006292016697 0.000586548968
1927 0.1545685662 0.00814667499 0.0008469636636
1928 0.1545685662 0.01054784974 0.001088821644
1929 0.1545685662 0.009310134152 0.001053540385
1930 0.1545685662 0.008573317943 0.0009946040433
1931 0.1545685662 0.007667605504 0.0009053429695
1932 0.1545685662 0.009130005716 0.001021764212
1933 0.178670007 0.01102677121 0.001395004014
1934 0.178670007 0.009073614608 0.001291746155
1935 0.178670007 0.007377888934 0.001060136726
1936 0.178670007 0.01012912007 0.001404924321
1937 0.178670007 0.01025955381 0.00134053511
1938 0.1882566343 0.01162292077 0.001698825613
1939 0.1882566343 0.01219875949 0.001647072545
1940 0.1882566343 0.00852301267 0.001252598163
1941 0.1930994476 0.01244331396 0.001955382698
1942 0.1930994476 0.01333325065 0.002038443638
1943 0.1930994476 0.01070894625 0.001497951291
1944 0.1930994476 0.008205271468 0.001396416112
1945 0.1930994476 0.01259858801 0.001975041895
1946 0.1930994476 0.0162187482 0.002253673489
1947 0.2243063006 0.01212763769 0.001902500418
1948 0.2243063006 0.01575166849 0.002506681689
1949 0.2243063006 0.01535155243 0.002391727865
1950 0.2243063006 0.01024707182 0.001768164956
1951 0.2249123891 0.01424673608 0.002590159846
1952 0.2249123891 0.01205524872 0.002018942524
1953 0.2249123891 0.01208209451 0.002296403231
1954 0.2249123891 0.01312782019 0.002039607779
1955 0.2249123891 0.0143378588 0.002522513597
1956 0.2249123891 0.01695750349 0.002927425793
1957 0.2249123891 0.01175751828 0.002197121166
1958 0.2250378996 0.01340622599 0.002515569531
1959 0.2500764048 0.0147989862 0.002898548502
1960 0.2500764048 0.01424075384 0.002480706056
1961 0.2500764048 0.01379834462 0.00243632755
1962 0.2500764048 0.01512214783 0.002443757866
1963 0.2500764048 0.01676611124 0.002776115268
1964 0.2500764048 0.0154860603 0.002829922195
1965 0.2500764048 0.01290624066 0.002283404487
1966 0.2500764048 0.01753920786 0.003101965432
1967 0.2500764048 0.02121652145 0.003479484543
1968 0.2562226291 0.01917344106 0.003586828078
1969 0.2562226291 0.01439136919 0.002628523744
1970 0.2562226291 0.0192442061 0.003440081249
1971 0.2562226291 0.0174571297 0.002983874668
1972 0.2562226291 0.0228324044 0.003868445466
1973 0.2562226291 0.02364315506 0.003871675355
1974 0.2562226291 0.02280252923 0.003773042061
1975 0.2568531836 0.01954997341 0.003296189969
1976 0.2568531836 0.01769068065 0.003295151712
1977 0.2568531836 0.02352110957 0.004655447741
1978 0.2568531836 0.01998617937 0.003590073886
1979 0.2568531836 0.01769091119 0.003156143995
1980 0.2568531836 0.01642980168 0.003093991382
1981 0.2568531836 0.01933028672 0.003520132709
1982 0.2568531836 0.01880479002 0.003720519208
1983 0.2568531836 0.01603231332 0.003441504968
1984 0.2568531836 0.01399715422 0.002763894077
1985 0.2568531836 0.01368756114 0.00309516337
1986 0.2568531836 0.01070705025 0.002540844847
1987 0.2568531836 0.01374842612 0.002825390039
1988 0.2568531836 0.01260491186 0.00274854697
1989 0.2568531836 0.01397843999 0.003120793084
1990 0.2568531836 0.01910642691 0.00395659045
1991 0.2568531836 0.0139263534 0.003091022994
1992 0.2568531836 0.01408269701 0.003127530786
1993 0.2568531836 0.01822268299 0.003250397534
1994 0.2568531836 0.01704791092 0.003283797349
1995 0.2568531836 0.0162581027 0.002894086443
1996 0.2568531836 0.01876513807 0.003366905395
1997 0.2568531836 0.01998453074 0.003470255534
1998 0.2568531836 0.01657841309 0.002959719416
1999 0.2568531836 0.02155755014 0.003444003698
2000 0.2568531836 0.01582058908 0.002804381076
