9.269830000000000014e-01 9.297720000000000429e-01 9.300220000000000153e-01 9.240099999999999980e-01 9.300890000000000546e-01 9.275010000000000199e-01 9.301639999999999908e-01 9.301599999999999868e-01
9.422739999999999450e-01 9.396229999999999860e-01 9.453259999999999996e-01 9.455789999999999473e-01 9.487160000000000037e-01 9.381059999999999954e-01 9.388779999999999903e-01 9.447619999999999907e-01
9.605230000000000157e-01 9.504289999999999683e-01 9.627970000000000139e-01 9.454430000000000334e-01 9.454120000000000301e-01 9.474139999999999784e-01 9.473850000000000326e-01 9.468910000000000382e-01
9.468509999999999982e-01 9.643899999999999695e-01 9.496219999999999661e-01 9.682939999999999880e-01 9.565460000000000074e-01 9.475519999999999499e-01 9.535150000000000015e-01 9.504080000000000306e-01
9.568809999999999816e-01 9.648590000000000222e-01 9.624909999999999854e-01 9.497949999999999449e-01 9.448020000000000307e-01 9.642789999999999973e-01 9.574470000000000480e-01 9.651290000000000147e-01
9.403430000000000399e-01 9.437339999999999618e-01 9.504599999999999715e-01 9.481330000000000036e-01 9.488309999999999800e-01 9.322730000000000183e-01 9.525949999999999696e-01 9.503519999999999746e-01
9.226779999999999982e-01 9.294810000000000016e-01 9.388699999999999823e-01 9.389250000000000096e-01 9.182280000000000442e-01 9.388619999999999743e-01 9.365620000000000056e-01 9.271909999999999874e-01
9.180260000000000087e-01 9.195649999999999658e-01 9.035009999999999986e-01 9.035260000000000513e-01 9.198070000000000412e-01 9.131970000000000365e-01 9.192160000000000331e-01 9.168990000000000196e-01
8.866610000000000325e-01 8.863569999999999505e-01 8.964480000000000226e-01 8.824290000000000189e-01 8.940439999999999499e-01 8.931200000000000250e-01 8.974670000000000147e-01 8.840379999999999905e-01
8.727310000000000345e-01 8.642490000000000450e-01 8.728690000000000060e-01 8.652450000000000419e-01 8.725859999999999728e-01 8.715509999999999646e-01 8.620529999999999582e-01 8.715500000000000469e-01
8.431370000000000253e-01 8.348320000000000185e-01 8.393399999999999750e-01 8.461220000000000407e-01 8.383249999999999869e-01 8.437850000000000072e-01 8.383089999999999709e-01 8.451359999999999983e-01
8.128600000000000270e-01 8.104280000000000372e-01 8.126759999999999540e-01 8.165820000000000300e-01 8.075459999999999861e-01 8.083740000000000370e-01 8.171469999999999567e-01 8.080359999999999765e-01
7.777490000000000236e-01 7.777389999999999581e-01 7.793360000000000287e-01 7.809000000000000385e-01 7.789719999999999978e-01 7.848920000000000341e-01 7.822289999999999521e-01 7.792499999999999982e-01
7.456899999999999640e-01 7.516279999999999628e-01 7.488310000000000244e-01 7.462269999999999737e-01 7.518209999999999615e-01 7.451900000000000190e-01 7.500769999999999937e-01 7.503149999999999542e-01
7.112469999999999626e-01 7.102579999999999449e-01 7.137339999999999796e-01 7.142659999999999565e-01 7.143829999999999902e-01 7.160499999999999643e-01 7.157879999999999798e-01 7.167320000000000357e-01
6.756290000000000351e-01 6.747279999999999944e-01 6.745679999999999454e-01 6.725060000000000482e-01 6.769129999999999869e-01 6.731300000000000061e-01 6.779190000000000493e-01 6.737670000000000048e-01
6.322189999999999754e-01 6.318589999999999485e-01 6.333130000000000148e-01 6.340080000000000160e-01 6.338449999999999918e-01 6.339540000000000175e-01 6.370500000000000052e-01 6.370500000000000052e-01
5.890990000000000393e-01 5.909119999999999928e-01 5.934249999999999803e-01 5.918320000000000247e-01 5.908499999999999863e-01 5.898250000000000437e-01 5.935850000000000293e-01 5.931389999999999718e-01
5.430880000000000152e-01 5.470580000000000442e-01 5.470409999999999995e-01 5.469180000000000152e-01 5.470530000000000115e-01 5.422240000000000393e-01 5.448359999999999870e-01 5.447319999999999940e-01
4.937810000000000255e-01 4.968330000000000246e-01 4.971800000000000108e-01 4.933089999999999975e-01 4.963989999999999791e-01 4.971869999999999901e-01 4.937119999999999842e-01 4.957679999999999865e-01
4.189410000000000078e-01 4.188310000000000088e-01 4.186779999999999946e-01 4.191239999999999966e-01 4.143919999999999826e-01 4.192580000000000195e-01 4.191739999999999911e-01 4.192179999999999795e-01
9.281000000000000361e-01 9.299039999999999528e-01 9.306759999999999478e-01 9.301779999999999493e-01 9.266149999999999665e-01 9.281420000000000226e-01 9.241270000000000318e-01 9.274219999999999686e-01
9.433319999999999483e-01 9.433650000000000091e-01 9.381040000000000489e-01 9.381909999999999972e-01 9.437529999999999530e-01 9.474669999999999481e-01 9.497510000000000119e-01 9.467809999999999837e-01
9.629100000000000437e-01 9.470220000000000304e-01 9.488330000000000375e-01 9.522490000000000121e-01 9.454799999999999871e-01 9.472329999999999917e-01 9.484620000000000273e-01 9.666670000000000540e-01
9.555379999999999985e-01 9.696489999999999831e-01 9.696620000000000239e-01 9.681790000000000118e-01 9.654530000000000056e-01 9.695470000000000477e-01 9.511680000000000135e-01 9.696569999999999911e-01
9.642659999999999565e-01 9.569039999999999768e-01 9.601640000000000175e-01 9.474120000000000319e-01 9.584329999999999794e-01 9.480370000000000186e-01 9.415120000000000156e-01 9.467320000000000180e-01
9.530840000000000423e-01 9.530380000000000518e-01 9.481439999999999868e-01 9.543629999999999614e-01 9.544939999999999536e-01 9.521990000000000176e-01 9.512260000000000160e-01 9.540680000000000271e-01
9.202329999999999677e-01 9.389349999999999641e-01 9.312869999999999759e-01 9.355869999999999465e-01 9.376940000000000275e-01 9.355510000000000215e-01 9.384360000000000479e-01 9.368400000000000061e-01
9.023759999999999559e-01 9.173679999999999612e-01 9.071900000000000519e-01 9.153879999999999795e-01 9.047490000000000254e-01 9.117009999999999836e-01 9.041909999999999670e-01 9.016490000000000338e-01
8.916619999999999546e-01 8.966429999999999678e-01 8.839749999999999552e-01 8.877019999999999911e-01 8.961710000000000509e-01 8.839449999999999807e-01 8.963410000000000544e-01 8.928800000000000070e-01
8.699890000000000123e-01 8.701689999999999703e-01 8.658059999999999645e-01 8.693600000000000216e-01 8.595209999999999795e-01 8.709679999999999644e-01 8.674589999999999801e-01 8.595169999999999755e-01
8.411049999999999915e-01 8.446150000000000047e-01 8.375000000000000222e-01 8.430450000000000443e-01 8.387869999999999493e-01 8.356529999999999792e-01 8.372000000000000552e-01 8.380090000000000039e-01
8.084900000000000420e-01 8.100479999999999903e-01 8.142629999999999590e-01 8.073930000000000273e-01 8.077720000000000455e-01 8.113169999999999549e-01 8.101329999999999920e-01 8.129170000000000007e-01
7.797600000000000087e-01 7.822679999999999634e-01 7.779509999999999481e-01 7.798739999999999561e-01 7.848739999999999606e-01 7.776159999999999739e-01 7.839059999999999917e-01 7.800700000000000411e-01
7.455410000000000093e-01 7.458190000000000097e-01 7.451919999999999655e-01 7.525810000000000555e-01 7.507989999999999942e-01 7.459500000000000020e-01 7.521060000000000523e-01 7.477460000000000218e-01
7.114099999999999868e-01 7.105019999999999669e-01 7.163920000000000288e-01 7.109469999999999956e-01 7.161929999999999685e-01 7.160619999999999763e-01 7.148619999999999974e-01 7.104540000000000299e-01
6.727020000000000222e-01 6.743959999999999955e-01 6.727990000000000359e-01 6.730850000000000444e-01 6.727419999999999511e-01 6.739030000000000298e-01 6.761789999999999745e-01 6.728260000000000352e-01
6.362510000000000110e-01 6.324330000000000229e-01 6.322290000000000409e-01 6.352630000000000221e-01 6.322860000000000147e-01 6.327960000000000251e-01 6.352480000000000349e-01 6.333309999999999773e-01
5.905799999999999939e-01 5.924150000000000249e-01 5.934920000000000195e-01 5.930440000000000156e-01 5.923159999999999537e-01 5.935289999999999733e-01 5.916179999999999772e-01 5.935810000000000253e-01
5.456400000000000139e-01 5.470540000000000402e-01 5.442350000000000243e-01 5.467020000000000213e-01 5.470249999999999835e-01 5.421510000000000495e-01 5.467309999999999670e-01 5.419829999999999925e-01
4.957420000000000160e-01 4.966820000000000124e-01 4.922329999999999761e-01 4.970959999999999823e-01 4.971559999999999868e-01 4.956740000000000035e-01 4.931010000000000115e-01 4.933609999999999940e-01
4.172569999999999890e-01 4.192460000000000075e-01 4.180579999999999852e-01 4.186059999999999781e-01 4.186070000000000069e-01 4.184399999999999786e-01 4.190630000000000188e-01 4.144539999999999891e-01
9.294210000000000527e-01 9.301800000000000068e-01 9.258220000000000338e-01 9.301719999999999988e-01 9.290640000000000009e-01 9.306499999999999773e-01 9.301310000000000411e-01 9.276210000000000289e-01
9.412949999999999928e-01 9.491589999999999749e-01 9.508309999999999818e-01 9.434460000000000068e-01 9.467550000000000132e-01 9.477109999999999701e-01 9.402289999999999814e-01 9.388720000000000399e-01
9.479450000000000376e-01 9.457680000000000531e-01 9.466599999999999460e-01 9.667459999999999942e-01 9.660260000000000513e-01 9.522040000000000504e-01 9.474759999999999849e-01 9.547029999999999683e-01
9.523589999999999556e-01 9.537780000000000147e-01 9.521049999999999791e-01 9.529560000000000253e-01 9.689210000000000322e-01 9.696599999999999664e-01 9.696099999999999719e-01 9.628670000000000284e-01
9.575029999999999930e-01 9.641769999999999508e-01 9.625879999999999992e-01 9.458689999999999598e-01 9.453610000000000069e-01 9.628839999999999621e-01 9.586510000000000309e-01 9.562089999999999756e-01
9.439840000000000453e-01 9.541169999999999929e-01 9.433740000000000459e-01 9.544770000000000199e-01 9.545270000000000143e-01 9.498640000000000416e-01 9.539429999999999854e-01 9.429880000000000484e-01
9.284810000000000008e-01 9.315949999999999509e-01 9.389020000000000143e-01 9.322679999999999856e-01 9.211190000000000211e-01 9.287189999999999612e-01 9.377229999999999732e-01 9.340030000000000276e-01
9.176250000000000240e-01 9.130260000000000042e-01 9.193900000000000405e-01 9.195759999999999490e-01 9.018380000000000285e-01 9.190420000000000256e-01 9.020810000000000217e-01 9.181500000000000217e-01
8.819339999999999957e-01 8.850879999999999859e-01 8.816910000000000025e-01 8.902240000000000153e-01 8.822550000000000114e-01 8.957929999999999504e-01 8.866779999999999662e-01 8.970620000000000260e-01
8.598099999999999632e-01 8.701719999999999455e-01 8.595159999999999467e-01 8.639940000000000397e-01 8.668460000000000054e-01 8.703269999999999618e-01 8.668230000000000102e-01 8.704669999999999908e-01
8.347050000000000303e-01 8.458459999999999868e-01 8.432349999999999568e-01 8.454549999999999566e-01 8.459769999999999790e-01 8.436869999999999647e-01 8.386190000000000033e-01 8.459060000000000468e-01
8.158840000000000536e-01 8.157990000000000519e-01 8.165459999999999940e-01 8.139570000000000416e-01 8.165540000000000020e-01 8.147429999999999950e-01 8.084090000000000442e-01 8.168590000000000018e-01
7.847210000000000019e-01 7.787370000000000125e-01 7.830270000000000286e-01 7.830759999999999943e-01 7.791360000000000507e-01 7.819530000000000092e-01 7.859850000000000447e-01 7.777039999999999509e-01
7.481550000000000145e-01 7.513689999999999536e-01 7.460280000000000244e-01 7.464279999999999804e-01 7.479500000000000037e-01 7.525469999999999660e-01 7.525859999999999772e-01 7.516279999999999628e-01
7.110570000000000501e-01 7.148590000000000222e-01 7.154329999999999856e-01 7.160590000000000011e-01 7.162140000000000173e-01 7.113410000000000011e-01 7.156569999999999876e-01 7.108160000000000034e-01
6.777269999999999683e-01 6.779290000000000038e-01 6.779279999999999751e-01 6.747969999999999802e-01 6.740289999999999893e-01 6.726339999999999542e-01 6.730420000000000291e-01 6.779100000000000126e-01
6.372120000000000006e-01 6.372139999999999471e-01 6.370440000000000547e-01 6.365659999999999652e-01 6.372079999999999966e-01 6.322680000000000522e-01 6.322659999999999947e-01 6.361660000000000093e-01
5.910260000000000513e-01 5.920079999999999787e-01 5.887310000000000043e-01 5.891729999999999468e-01 5.934270000000000378e-01 5.908149999999999791e-01 5.907679999999999598e-01 5.887609999999999788e-01
5.469260000000000232e-01 5.448250000000000037e-01 5.470190000000000330e-01 5.467940000000000023e-01 5.443249999999999478e-01 5.428579999999999517e-01 5.429640000000000022e-01 5.442409999999999748e-01
4.971070000000000211e-01 4.933830000000000160e-01 4.971700000000000008e-01 4.926170000000000271e-01 4.940769999999999884e-01 4.922320000000000029e-01 4.953949999999999743e-01 4.953500000000000125e-01
4.187409999999999743e-01 4.142230000000000079e-01 4.179030000000000244e-01 4.171489999999999920e-01 4.193359999999999865e-01 4.180920000000000192e-01 4.160590000000000122e-01 4.168729999999999936e-01
9.298340000000000494e-01 9.301580000000000403e-01 9.311810000000000365e-01 9.302570000000000006e-01 9.280180000000000096e-01 9.302810000000000246e-01 9.310429999999999540e-01 9.302690000000000126e-01
9.450739999999999696e-01 9.450439999999999952e-01 9.415769999999999973e-01 9.435569999999999791e-01 9.416099999999999470e-01 9.484690000000000065e-01 9.403939999999999522e-01 9.467830000000000412e-01
9.487929999999999975e-01 9.454449999999999799e-01 9.458250000000000268e-01 9.600499999999999590e-01 9.644709999999999672e-01 9.461669999999999803e-01 9.476090000000000346e-01 9.624570000000000070e-01
9.504089999999999483e-01 9.691269999999999607e-01 9.600509999999999877e-01 9.696620000000000239e-01 9.689189999999999747e-01 9.535590000000000455e-01 9.504019999999999690e-01 9.608989999999999476e-01
9.503139999999999921e-01 9.617280000000000273e-01 9.620370000000000310e-01 9.645019999999999705e-01 9.543580000000000396e-01 9.568449999999999456e-01 9.622500000000000497e-01 9.613620000000000498e-01
9.540309999999999624e-01 9.482559999999999878e-01 9.504590000000000538e-01 9.344930000000000181e-01 9.533909999999999885e-01 9.456130000000000368e-01 9.441500000000000448e-01 9.371150000000000313e-01
9.372479999999999700e-01 9.364829999999999544e-01 9.257950000000000346e-01 9.388539999999999663e-01 9.264229999999999965e-01 9.180880000000000152e-01 9.384010000000000407e-01 9.197999999999999510e-01
9.061949999999999728e-01 9.187189999999999523e-01 9.019490000000000007e-01 9.025849999999999707e-01 9.176060000000000327e-01 9.089380000000000237e-01 9.150629999999999598e-01 9.191740000000000466e-01
8.816850000000000520e-01 8.853450000000000486e-01 8.847300000000000164e-01 8.957019999999999982e-01 8.816840000000000233e-01 8.962670000000000359e-01 8.835159999999999680e-01 8.883419999999999650e-01
8.713459999999999539e-01 8.641990000000000505e-01 8.669550000000000312e-01 8.595190000000000330e-01 8.727660000000000418e-01 8.613560000000000105e-01 8.671039999999999859e-01 8.671109999999999651e-01
8.456900000000000528e-01 8.445650000000000102e-01 8.389499999999999735e-01 8.347369999999999512e-01 8.364700000000000468e-01 8.437120000000000175e-01 8.451689999999999481e-01 8.376440000000000552e-01
8.085069999999999757e-01 8.102319999999999522e-01 8.091279999999999584e-01 8.103559999999999652e-01 8.078049999999999953e-01 8.092700000000000449e-01 8.153359999999999497e-01 8.162840000000000096e-01
7.818979999999999819e-01 7.809479999999999755e-01 7.809450000000000003e-01 7.778709999999999791e-01 7.847119999999999651e-01 7.781230000000000091e-01 7.804179999999999451e-01 7.801860000000000461e-01
7.478500000000000147e-01 7.464640000000000164e-01 7.467059999999999809e-01 7.488930000000000309e-01 7.498759999999999870e-01 7.525800000000000267e-01 7.451950000000000518e-01 7.456610000000000182e-01
7.102810000000000512e-01 7.113150000000000306e-01 7.117790000000000505e-01 7.160050000000000026e-01 7.124249999999999750e-01 7.165139999999999842e-01 7.162230000000000540e-01 7.165690000000000115e-01
6.732089999999999463e-01 6.782099999999999795e-01 6.769140000000000157e-01 6.774400000000000421e-01 6.776980000000000226e-01 6.728800000000000336e-01 6.770680000000000032e-01 6.779079999999999551e-01
6.372970000000000024e-01 6.324809999999999599e-01 6.346929999999999517e-01 6.345330000000000137e-01 6.321750000000000425e-01 6.335920000000000440e-01 6.325190000000000534e-01 6.370900000000000452e-01
5.935460000000000180e-01 5.935300000000000020e-01 5.935690000000000133e-01 5.935369999999999813e-01 5.890469999999999873e-01 5.935639999999999805e-01 5.906329999999999636e-01 5.887660000000000116e-01
5.466220000000000523e-01 5.428749999999999964e-01 5.456220000000000514e-01 5.463390000000000191e-01 5.454649999999999777e-01 5.467539999999999623e-01 5.437060000000000226e-01 5.455130000000000257e-01
4.948000000000000176e-01 4.951220000000000065e-01 4.967539999999999734e-01 4.929769999999999985e-01 4.960829999999999962e-01 4.936309999999999865e-01 4.968839999999999923e-01 4.939169999999999949e-01
4.193230000000000013e-01 4.188439999999999941e-01 4.172759999999999803e-01 4.187020000000000186e-01 4.190789999999999793e-01 4.184979999999999811e-01 4.165209999999999746e-01 4.185940000000000216e-01
9.302160000000000428e-01 9.303139999999999743e-01 9.300389999999999491e-01 9.298739999999999783e-01 9.243970000000000242e-01 9.244499999999999940e-01 9.267699999999999827e-01 9.301840000000000108e-01
9.439189999999999525e-01 9.433770000000000211e-01 9.471429999999999572e-01 9.499490000000000434e-01 9.437900000000000178e-01 9.504519999999999635e-01 9.381279999999999619e-01 9.390100000000000113e-01
9.460709999999999953e-01 9.659659999999999913e-01 9.535799999999999832e-01 9.482899999999999663e-01 9.662220000000000253e-01 9.498760000000000536e-01 9.658799999999999608e-01 9.565550000000000441e-01
9.630269999999999664e-01 9.501779999999999671e-01 9.548809999999999798e-01 9.638229999999999853e-01 9.544169999999999598e-01 9.639119999999999910e-01 9.473110000000000142e-01 9.493840000000000057e-01
9.623639999999999972e-01 9.627470000000000194e-01 9.644509999999999472e-01 9.652100000000000124e-01 9.645209999999999617e-01 9.652290000000000036e-01 9.552929999999999477e-01 9.479800000000000448e-01
9.505280000000000395e-01 9.319650000000000434e-01 9.540419999999999456e-01 9.529410000000000380e-01 9.533779999999999477e-01 9.520440000000000014e-01 9.513679999999999914e-01 9.470009999999999817e-01
9.381119999999999459e-01 9.194189999999999863e-01 9.388919999999999488e-01 9.372470000000000523e-01 9.388469999999999871e-01 9.256269999999999776e-01 9.377119999999999900e-01 9.383669999999999511e-01
9.186189999999999634e-01 9.121209999999999596e-01 9.187920000000000531e-01 9.176649999999999530e-01 9.195830000000000393e-01 9.041930000000000245e-01 9.103350000000000053e-01 9.025699999999999834e-01
8.894959999999999534e-01 8.821499999999999897e-01 8.823590000000000044e-01 8.975009999999999932e-01 8.901879999999999793e-01 8.893830000000000346e-01 8.822560000000000402e-01 8.919660000000000366e-01
8.698900000000000521e-01 8.691370000000000484e-01 8.728799999999999892e-01 8.636829999999999785e-01 8.599179999999999602e-01 8.598329999999999584e-01 8.649329999999999519e-01 8.730120000000000102e-01
8.448890000000000011e-01 8.421319999999999917e-01 8.383019999999999916e-01 8.458689999999999820e-01 8.461340000000000527e-01 8.360049999999999981e-01 8.421969999999999734e-01 8.447679999999999634e-01
8.105109999999999815e-01 8.077119999999999855e-01 8.152089999999999614e-01 8.088499999999999579e-01 8.139929999999999666e-01 8.090079999999999494e-01 8.158739999999999881e-01 8.079250000000000043e-01
7.858690000000000397e-01 7.776650000000000507e-01 7.803080000000000016e-01 7.802200000000000246e-01 7.829209999999999781e-01 7.790620000000000323e-01 7.835269999999999735e-01 7.855400000000000160e-01
7.506969999999999477e-01 7.504589999999999872e-01 7.496369999999999978e-01 7.525979999999999892e-01 7.480069999999999775e-01 7.512849999999999806e-01 7.451889999999999903e-01 7.458850000000000202e-01
7.167320000000000357e-01 7.112140000000000128e-01 7.144930000000000447e-01 7.124890000000000390e-01 7.109499999999999709e-01 7.147069999999999812e-01 7.112469999999999626e-01 7.134610000000000118e-01
6.730239999999999556e-01 6.729270000000000529e-01 6.779060000000000086e-01 6.741160000000000485e-01 6.730500000000000371e-01 6.776469999999999994e-01 6.779500000000000526e-01 6.732629999999999448e-01
6.334239999999999871e-01 6.322069999999999634e-01 6.366969999999999574e-01 6.370580000000000132e-01 6.343250000000000277e-01 6.361449999999999605e-01 6.325650000000000439e-01 6.346659999999999524e-01
5.902570000000000316e-01 5.889990000000000503e-01 5.915019999999999722e-01 5.935300000000000020e-01 5.897670000000000412e-01 5.922849999999999504e-01 5.934859999999999580e-01 5.933869999999999978e-01
5.456229999999999691e-01 5.432479999999999531e-01 5.470319999999999627e-01 5.469889999999999475e-01 5.447410000000000307e-01 5.421960000000000113e-01 5.469870000000000010e-01 5.469969999999999555e-01
4.967380000000000129e-01 4.962820000000000009e-01 4.965499999999999914e-01 4.940660000000000052e-01 4.972829999999999750e-01 4.974239999999999773e-01 4.966249999999999831e-01 4.972219999999999973e-01
4.188430000000000208e-01 4.154970000000000052e-01 4.152219999999999800e-01 4.185240000000000071e-01 4.187259999999999871e-01 4.192660000000000275e-01 4.185679999999999956e-01 4.161839999999999984e-01
9.305280000000000218e-01 9.242310000000000247e-01 9.310429999999999540e-01 9.301509999999999501e-01 9.240340000000000220e-01 9.307429999999999870e-01 9.301610000000000156e-01 9.301620000000000443e-01
9.435099999999999598e-01 9.428299999999999459e-01 9.387259999999999494e-01 9.474339999999999984e-01 9.397560000000000358e-01 9.407499999999999751e-01 9.480450000000000266e-01 9.479009999999999936e-01
9.502779999999999561e-01 9.454299999999999926e-01 9.641480000000000050e-01 9.581279999999999797e-01 9.581319999999999837e-01 9.465430000000000232e-01 9.473270000000000302e-01 9.462199999999999500e-01
9.578609999999999625e-01 9.508440000000000225e-01 9.647189999999999932e-01 9.691830000000000167e-01 9.505670000000000508e-01 9.546289999999999498e-01 9.538959999999999662e-01 9.668130000000000335e-01
9.414569999999999883e-01 9.609109999999999596e-01 9.527860000000000218e-01 9.627630000000000354e-01 9.572450000000000125e-01 9.539410000000000389e-01 9.650009999999999977e-01 9.492880000000000207e-01
9.535740000000000327e-01 9.525150000000000006e-01 9.469359999999999999e-01 9.516400000000000414e-01 9.433460000000000178e-01 9.377349999999999852e-01 9.536430000000000184e-01 9.532249999999999890e-01
9.385970000000000146e-01 9.345790000000000486e-01 9.260150000000000325e-01 9.337480000000000224e-01 9.388659999999999783e-01 9.217760000000000398e-01 9.358049999999999979e-01 9.389309999999999601e-01
9.188779999999999726e-01 9.196999999999999620e-01 9.030890000000000306e-01 9.017279999999999740e-01 9.192590000000000483e-01 9.193759999999999710e-01 9.167140000000000288e-01 9.175560000000000382e-01
8.817129999999999690e-01 8.929209999999999647e-01 8.968369999999999953e-01 8.905459999999999487e-01 8.901729999999999920e-01 8.834779999999999855e-01 8.930059999999999665e-01 8.816910000000000025e-01
8.595220000000000082e-01 8.713610000000000522e-01 8.636239999999999473e-01 8.595169999999999755e-01 8.595249999999999835e-01 8.668470000000000342e-01 8.597129999999999495e-01 8.655699999999999505e-01
8.376820000000000377e-01 8.351460000000000550e-01 8.397069999999999812e-01 8.348959999999999715e-01 8.458700000000000108e-01 8.347390000000000088e-01 8.451419999999999488e-01 8.450530000000000541e-01
8.097269999999999746e-01 8.101439999999999753e-01 8.141249999999999876e-01 8.100429999999999575e-01 8.075329999999999453e-01 8.163369999999999793e-01 8.079380000000000450e-01 8.075539999999999941e-01
7.800049999999999484e-01 7.821420000000000039e-01 7.827410000000000201e-01 7.859730000000000327e-01 7.782299999999999773e-01 7.776720000000000299e-01 7.777910000000000101e-01 7.801059999999999661e-01
7.451950000000000518e-01 7.517139999999999933e-01 7.516100000000000003e-01 7.501029999999999642e-01 7.456899999999999640e-01 7.477300000000000058e-01 7.521149999999999780e-01 7.454300000000000370e-01
7.156569999999999876e-01 7.127989999999999604e-01 7.105559999999999654e-01 7.160659999999999803e-01 7.112690000000000401e-01 7.156160000000000299e-01 7.116249999999999520e-01 7.108370000000000521e-01
6.743909999999999627e-01 6.730500000000000371e-01 6.738610000000000433e-01 6.774010000000000309e-01 6.741749999999999687e-01 6.730800000000000116e-01 6.755799999999999583e-01 6.766159999999999952e-01
6.320080000000000142e-01 6.322910000000000474e-01 6.323710000000000164e-01 6.347399999999999709e-01 6.370949999999999669e-01 6.324899999999999967e-01 6.363659999999999872e-01 6.372079999999999966e-01
5.905899999999999483e-01 5.934939999999999660e-01 5.934530000000000083e-01 5.896550000000000402e-01 5.928379999999999761e-01 5.929630000000000178e-01 5.934289999999999843e-01 5.935319999999999485e-01
5.465590000000000170e-01 5.470399999999999707e-01 5.441479999999999650e-01 5.469749999999999890e-01 5.470129999999999715e-01 5.470040000000000457e-01 5.469019999999999992e-01 5.419880000000000253e-01
4.942639999999999811e-01 4.972199999999999953e-01 4.929330000000000100e-01 4.966200000000000059e-01 4.971559999999999868e-01 4.952119999999999855e-01 4.960649999999999782e-01 4.955899999999999750e-01
4.193250000000000033e-01 4.170550000000000090e-01 4.167540000000000133e-01 4.183040000000000092e-01 4.188819999999999766e-01 4.189939999999999776e-01 4.168859999999999788e-01 4.191639999999999810e-01
9.298309999999999631e-01 9.298070000000000501e-01 9.242420000000000080e-01 9.304670000000000440e-01 9.301810000000000356e-01 9.299819999999999753e-01 9.301530000000000076e-01 9.308410000000000295e-01
9.478689999999999616e-01 9.481899999999999773e-01 9.456160000000000121e-01 9.452059999999999906e-01 9.423789999999999667e-01 9.459180000000000366e-01 9.391420000000000323e-01 9.385170000000000456e-01
9.621330000000000160e-01 9.466909999999999492e-01 9.462739999999999485e-01 9.471039999999999459e-01 9.662730000000000485e-01 9.517069999999999697e-01 9.623289999999999900e-01 9.628400000000000292e-01
9.465639999999999610e-01 9.657090000000000396e-01 9.691180000000000350e-01 9.472080000000000499e-01 9.544960000000000111e-01 9.510150000000000547e-01 9.689830000000000387e-01 9.571709999999999940e-01
9.650290000000000257e-01 9.641710000000000003e-01 9.620100000000000318e-01 9.642789999999999973e-01 9.647980000000000445e-01 9.543319999999999581e-01 9.643530000000000157e-01 9.429009999999999891e-01
9.473030000000000062e-01 9.422650000000000192e-01 9.521640000000000104e-01 9.543399999999999661e-01 9.493749999999999689e-01 9.472920000000000229e-01 9.508159999999999945e-01 9.542530000000000179e-01
9.382709999999999662e-01 9.184149999999999814e-01 9.201840000000000019e-01 9.380579999999999474e-01 9.283649999999999958e-01 9.389290000000000136e-01 9.387389999999999901e-01 9.374660000000000215e-01
9.180120000000000502e-01 9.180610000000000159e-01 9.144780000000000131e-01 9.029329999999999856e-01 9.193240000000000300e-01 9.189659999999999496e-01 9.186090000000000089e-01 9.193559999999999510e-01
8.915359999999999951e-01 8.899399999999999533e-01 8.974560000000000315e-01 8.845819999999999794e-01 8.931499999999999995e-01 8.820510000000000295e-01 8.960529999999999884e-01 8.921040000000000081e-01
8.595180000000000042e-01 8.709719999999999684e-01 8.700620000000000021e-01 8.728630000000000555e-01 8.599780000000000202e-01 8.720989999999999576e-01 8.648379999999999956e-01 8.595859999999999612e-01
8.453019999999999978e-01 8.392779999999999685e-01 8.450130000000000141e-01 8.447379999999999889e-01 8.352030000000000287e-01 8.429799999999999516e-01 8.373699999999999477e-01 8.419670000000000210e-01
8.106929999999999970e-01 8.107459999999999667e-01 8.102960000000000163e-01 8.148699999999999832e-01 8.127590000000000092e-01 8.104130000000000500e-01 8.090180000000000149e-01 8.155510000000000259e-01
7.846290000000000209e-01 7.803600000000000536e-01 7.833679999999999533e-01 7.808279999999999665e-01 7.840639999999999832e-01 7.848800000000000221e-01 7.790390000000000370e-01 7.794429999999999970e-01
7.464809999999999501e-01 7.473239999999999883e-01 7.454260000000000330e-01 7.518510000000000471e-01 7.452879999999999505e-01 7.507989999999999942e-01 7.516180000000000083e-01 7.516300000000000203e-01
7.110579999999999679e-01 7.106320000000000414e-01 7.142119999999999580e-01 7.101920000000000455e-01 7.115650000000000031e-01 7.152519999999999989e-01 7.123589999999999645e-01 7.146879999999999900e-01
6.736060000000000381e-01 6.729359999999999786e-01 6.769819999999999727e-01 6.732160000000000366e-01 6.737410000000000343e-01 6.730660000000000531e-01 6.784210000000000518e-01 6.735459999999999781e-01
6.326690000000000369e-01 6.322550000000000114e-01 6.366150000000000420e-01 6.319470000000000365e-01 6.366079999999999517e-01 6.324319999999999942e-01 6.362539999999999862e-01 6.325119999999999632e-01
5.893540000000000445e-01 5.934559999999999835e-01 5.919980000000000242e-01 5.930309999999999748e-01 5.916130000000000555e-01 5.933380000000000321e-01 5.912150000000000460e-01 5.897780000000000244e-01
5.424679999999999502e-01 5.447910000000000252e-01 5.470230000000000370e-01 5.438739999999999686e-01 5.466440000000000188e-01 5.457039999999999669e-01 5.470049999999999635e-01 5.431310000000000304e-01
4.938589999999999924e-01 4.955749999999999877e-01 4.951920000000000210e-01 4.920499999999999874e-01 4.962570000000000037e-01 4.970879999999999743e-01 4.935339999999999727e-01 4.972239999999999993e-01
4.190349999999999908e-01 4.172279999999999878e-01 4.181880000000000042e-01 4.166509999999999936e-01 4.161190000000000166e-01 4.188950000000000173e-01 4.193189999999999973e-01 4.171940000000000093e-01
9.262190000000000145e-01 9.277290000000000258e-01 9.300540000000000473e-01 9.314829999999999499e-01 9.301840000000000108e-01 9.247370000000000312e-01 9.312829999999999719e-01 9.303839999999999888e-01
9.422199999999999465e-01 9.518760000000000554e-01 9.382260000000000044e-01 9.469530000000000447e-01 9.421469999999999567e-01 9.425850000000000062e-01 9.404770000000000074e-01 9.510530000000000372e-01
9.530999999999999472e-01 9.463589999999999502e-01 9.468739999999999934e-01 9.536130000000000440e-01 9.465040000000000120e-01 9.576590000000000380e-01 9.454240000000000421e-01 9.455310000000000104e-01
9.559800000000000519e-01 9.691130000000000022e-01 9.609339999999999549e-01 9.696350000000000247e-01 9.695580000000000309e-01 9.533540000000000347e-01 9.634690000000000198e-01 9.527369999999999450e-01
9.647980000000000445e-01 9.609290000000000331e-01 9.649710000000000232e-01 9.622960000000000402e-01 9.525759999999999783e-01 9.649529999999999497e-01 9.579239999999999977e-01 9.645780000000000465e-01
9.465580000000000105e-01 9.506620000000000070e-01 9.509699999999999820e-01 9.491290000000000004e-01 9.444209999999999550e-01 9.535519999999999552e-01 9.460229999999999473e-01 9.522909999999999986e-01
9.385869999999999491e-01 9.245510000000000117e-01 9.264820000000000277e-01 9.364449999999999719e-01 9.339169999999999972e-01 9.387090000000000156e-01 9.362070000000000114e-01 9.364989999999999704e-01
9.040489999999999915e-01 9.066220000000000390e-01 9.174480000000000413e-01 9.196600000000000330e-01 9.185179999999999456e-01 9.018559999999999910e-01 9.111089999999999467e-01 9.068469999999999587e-01
8.884739999999999860e-01 8.833590000000000053e-01 8.816960000000000353e-01 8.945410000000000306e-01 8.892520000000000424e-01 8.969559999999999755e-01 8.907519999999999882e-01 8.825030000000000374e-01
8.627829999999999666e-01 8.635749999999999815e-01 8.596340000000000092e-01 8.627089999999999481e-01 8.595230000000000370e-01 8.715309999999999446e-01 8.602490000000000414e-01 8.608559999999999546e-01
8.446090000000000542e-01 8.449560000000000404e-01 8.394019999999999815e-01 8.426369999999999694e-01 8.439280000000000115e-01 8.370379999999999487e-01 8.460239999999999982e-01 8.454139999999999988e-01
8.168609999999999483e-01 8.161460000000000381e-01 8.091840000000000144e-01 8.089549999999999796e-01 8.084459999999999980e-01 8.133019999999999694e-01 8.097879999999999523e-01 8.147619999999999862e-01
7.793790000000000440e-01 7.804189999999999738e-01 7.804609999999999603e-01 7.783940000000000303e-01 7.826859999999999928e-01 7.851439999999999531e-01 7.815640000000000365e-01 7.856189999999999563e-01
7.460820000000000229e-01 7.466180000000000039e-01 7.459529999999999772e-01 7.461940000000000239e-01 7.516169999999999796e-01 7.499970000000000248e-01 7.501940000000000275e-01 7.511649999999999716e-01
7.104110000000000147e-01 7.163859999999999673e-01 7.106299999999999839e-01 7.133969999999999478e-01 7.159750000000000281e-01 7.130919999999999481e-01 7.137299999999999756e-01 7.102910000000000057e-01
6.729640000000000066e-01 6.758739999999999748e-01 6.781960000000000210e-01 6.724949999999999539e-01 6.724769999999999914e-01 6.754689999999999861e-01 6.727039999999999687e-01 6.730329999999999924e-01
6.371440000000000436e-01 6.344130000000000047e-01 6.322339999999999627e-01 6.361219999999999652e-01 6.370839999999999836e-01 6.364410000000000345e-01 6.350719999999999699e-01 6.353400000000000158e-01
5.902549999999999741e-01 5.929879999999999596e-01 5.887040000000000051e-01 5.912199999999999678e-01 5.899820000000000064e-01 5.935030000000000028e-01 5.935810000000000253e-01 5.929219999999999491e-01
5.451209999999999667e-01 5.469260000000000232e-01 5.469439999999999857e-01 5.459249999999999936e-01 5.470230000000000370e-01 5.437629999999999963e-01 5.470049999999999635e-01 5.441059999999999786e-01
4.948489999999999833e-01 4.972019999999999773e-01 4.971940000000000248e-01 4.969350000000000156e-01 4.965379999999999794e-01 4.957869999999999777e-01 4.971729999999999761e-01 4.921869999999999856e-01
4.163649999999999851e-01 4.174169999999999825e-01 4.184999999999999831e-01 4.183669999999999889e-01 4.141909999999999759e-01 4.161119999999999819e-01 4.162179999999999769e-01 4.193879999999999830e-01
9.279809999999999448e-01 9.300939999999999763e-01 9.270420000000000327e-01 9.249429999999999596e-01 9.273249999999999549e-01 9.310490000000000155e-01 9.287349999999999772e-01 9.301500000000000323e-01
9.390709999999999891e-01 9.380650000000000377e-01 9.408320000000000016e-01 9.383920000000000039e-01 9.384019999999999584e-01 9.407469999999999999e-01 9.486120000000000108e-01 9.475090000000000456e-01
9.461300000000000265e-01 9.493460000000000232e-01 9.513150000000000217e-01 9.457100000000000506e-01 9.493639999999999857e-01 9.593519999999999825e-01 9.455320000000000391e-01 9.454409999999999759e-01
9.502450000000000063e-01 9.661210000000000075e-01 9.692859999999999809e-01 9.602589999999999737e-01 9.551509999999999723e-01 9.531659999999999577e-01 9.477250000000000396e-01 9.489589999999999970e-01
9.651199999999999779e-01 9.567660000000000053e-01 9.613890000000000491e-01 9.624300000000000077e-01 9.652279999999999749e-01 9.650560000000000249e-01 9.652349999999999541e-01 9.562800000000000189e-01
9.460600000000000120e-01 9.545139999999999736e-01 9.521330000000000071e-01 9.497759999999999536e-01 9.480049999999999866e-01 9.534989999999999855e-01 9.482620000000000493e-01 9.473160000000000469e-01
9.250289999999999901e-01 9.338619999999999699e-01 9.384409999999999696e-01 9.370330000000000048e-01 9.316579999999999862e-01 9.232390000000000319e-01 9.388370000000000326e-01 9.371930000000000538e-01
9.011559999999999571e-01 9.039319999999999578e-01 9.011959999999999971e-01 9.118380000000000374e-01 9.027359999999999829e-01 9.056840000000000446e-01 9.015210000000000168e-01 9.147950000000000248e-01
8.888249999999999762e-01 8.974480000000000235e-01 8.879120000000000346e-01 8.962539999999999951e-01 8.822680000000000522e-01 8.933790000000000342e-01 8.818519999999999692e-01 8.965589999999999948e-01
8.645979999999999777e-01 8.600970000000000004e-01 8.596970000000000445e-01 8.617280000000000495e-01 8.692910000000000359e-01 8.619599999999999485e-01 8.671130000000000226e-01 8.635509999999999575e-01
8.347269999999999968e-01 8.347539999999999960e-01 8.412920000000000398e-01 8.439269999999999827e-01 8.413559999999999928e-01 8.394190000000000262e-01 8.395010000000000527e-01 8.377569999999999739e-01
8.083559999999999635e-01 8.074090000000000433e-01 8.164350000000000218e-01 8.078340000000000520e-01 8.161070000000000269e-01 8.074550000000000338e-01 8.074179999999999691e-01 8.097280000000000033e-01
7.791780000000000372e-01 7.790650000000000075e-01 7.834020000000000428e-01 7.832409999999999650e-01 7.775560000000000249e-01 7.778760000000000119e-01 7.816990000000000327e-01 7.781869999999999621e-01
7.451809999999999823e-01 7.468580000000000219e-01 7.467770000000000241e-01 7.488890000000000269e-01 7.517030000000000101e-01 7.457500000000000240e-01 7.478190000000000115e-01 7.525519999999999987e-01
7.131610000000000449e-01 7.113000000000000433e-01 7.150199999999999889e-01 7.166660000000000252e-01 7.112840000000000273e-01 7.111779999999999768e-01 7.167329999999999535e-01 7.113399999999999723e-01
6.725830000000000419e-01 6.769830000000000014e-01 6.730540000000000411e-01 6.724700000000000122e-01 6.737760000000000415e-01 6.725790000000000379e-01 6.728250000000000064e-01 6.783829999999999583e-01
6.322309999999999874e-01 6.371550000000000269e-01 6.369780000000000442e-01 6.331599999999999451e-01 6.322419999999999707e-01 6.370820000000000372e-01 6.347190000000000332e-01 6.320519999999999472e-01
5.926679999999999726e-01 5.885439999999999561e-01 5.904359999999999609e-01 5.886190000000000033e-01 5.914760000000000018e-01 5.887419999999999876e-01 5.934450000000000003e-01 5.885869999999999713e-01
5.439150000000000373e-01 5.424900000000000277e-01 5.442810000000000148e-01 5.470030000000000170e-01 5.456830000000000291e-01 5.420449999999999990e-01 5.470629999999999660e-01 5.448340000000000405e-01
4.973960000000000048e-01 4.973040000000000238e-01 4.965399999999999814e-01 4.972329999999999806e-01 4.937860000000000027e-01 4.949640000000000151e-01 4.936949999999999950e-01 4.944239999999999746e-01
4.193600000000000105e-01 4.193919999999999870e-01 4.191759999999999931e-01 4.184459999999999846e-01 4.181520000000000237e-01 4.191039999999999766e-01 4.192319999999999935e-01 4.193649999999999878e-01
9.301700000000000523e-01 9.301479999999999748e-01 9.290509999999999602e-01 9.301369999999999916e-01 9.276090000000000169e-01 9.302359999999999518e-01 9.301479999999999748e-01 9.281249999999999778e-01
9.433280000000000554e-01 9.444900000000000517e-01 9.465069999999999872e-01 9.441500000000000448e-01 9.387619999999999854e-01 9.380810000000000537e-01 9.446299999999999697e-01 9.409309999999999619e-01
9.628600000000000492e-01 9.454529999999999879e-01 9.500439999999999996e-01 9.588649999999999674e-01 9.461549999999999683e-01 9.476790000000000491e-01 9.524880000000000013e-01 9.514280000000000515e-01
9.506780000000000230e-01 9.520680000000000254e-01 9.495080000000000187e-01 9.674890000000000434e-01 9.475479999999999459e-01 9.619189999999999685e-01 9.670929999999999804e-01 9.696510000000000407e-01
9.633469999999999533e-01 9.647250000000000547e-01 9.535690000000000000e-01 9.650809999999999667e-01 9.599739999999999940e-01 9.513989999999999947e-01 9.650800000000000489e-01 9.569370000000000376e-01
9.539050000000000029e-01 9.542070000000000274e-01 9.486289999999999445e-01 9.492009999999999614e-01 9.541370000000000129e-01 9.324350000000000138e-01 9.495409999999999684e-01 9.522960000000000313e-01
9.366430000000000033e-01 9.254339999999999788e-01 9.386050000000000226e-01 9.202690000000000037e-01 9.363230000000000164e-01 9.240530000000000133e-01 9.357159999999999922e-01 9.283770000000000078e-01
9.039009999999999545e-01 9.128699999999999593e-01 9.110770000000000257e-01 9.195759999999999490e-01 9.015879999999999450e-01 9.175360000000000182e-01 9.173710000000000475e-01 9.159899999999999709e-01
8.818920000000000092e-01 8.865830000000000100e-01 8.817209999999999770e-01 8.977619999999999489e-01 8.827190000000000314e-01 8.920599999999999641e-01 8.975980000000000070e-01 8.945490000000000386e-01
8.643579999999999597e-01 8.659029999999999783e-01 8.596390000000000420e-01 8.724349999999999605e-01 8.689440000000000497e-01 8.656530000000000058e-01 8.636000000000000343e-01 8.704809999999999492e-01
8.426500000000000101e-01 8.350509999999999877e-01 8.374660000000000437e-01 8.347130000000000383e-01 8.361260000000000359e-01 8.347919999999999785e-01 8.453260000000000218e-01 8.347459999999999880e-01
8.092799999999999994e-01 8.074240000000000306e-01 8.074200000000000266e-01 8.167290000000000383e-01 8.167180000000000550e-01 8.171620000000000550e-01 8.139610000000000456e-01 8.074360000000000426e-01
7.776110000000000522e-01 7.838559999999999972e-01 7.853059999999999485e-01 7.779420000000000224e-01 7.791930000000000245e-01 7.787760000000000238e-01 7.854419999999999735e-01 7.775819999999999954e-01
7.525990000000000180e-01 7.517080000000000428e-01 7.472330000000000361e-01 7.489869999999999584e-01 7.516230000000000411e-01 7.460919999999999774e-01 7.472569999999999490e-01 7.463109999999999467e-01
7.101899999999999880e-01 7.166630000000000500e-01 7.112870000000000026e-01 7.121600000000000152e-01 7.124289999999999790e-01 7.164610000000000145e-01 7.128449999999999509e-01 7.151039999999999619e-01
6.779169999999999918e-01 6.779939999999999856e-01 6.733010000000000383e-01 6.762989999999999835e-01 6.769150000000000444e-01 6.779979999999999896e-01 6.742489999999999872e-01 6.754879999999999773e-01
6.329129999999999479e-01 6.320740000000000247e-01 6.329930000000000279e-01 6.368700000000000472e-01 6.321309999999999985e-01 6.373560000000000336e-01 6.332410000000000538e-01 6.321309999999999985e-01
5.905770000000000186e-01 5.886299999999999866e-01 5.907520000000000548e-01 5.935279999999999445e-01 5.919330000000000425e-01 5.887090000000000378e-01 5.914150000000000240e-01 5.885899999999999466e-01
5.421850000000000280e-01 5.462110000000000021e-01 5.469650000000000345e-01 5.451019999999999754e-01 5.470679999999999987e-01 5.453810000000000047e-01 5.425109999999999655e-01 5.469260000000000232e-01
4.926860000000000128e-01 4.957099999999999840e-01 4.946749999999999758e-01 4.972639999999999838e-01 4.965669999999999806e-01 4.972030000000000061e-01 4.944680000000000186e-01 4.974129999999999940e-01
4.189140000000000086e-01 4.150989999999999958e-01 4.174700000000000077e-01 4.193379999999999885e-01 4.185200000000000031e-01 4.187790000000000123e-01 4.194069999999999743e-01 4.185809999999999809e-01
9.279380000000000406e-01 9.240949999999999998e-01 9.304139999999999633e-01 9.302810000000000246e-01 9.299020000000000064e-01 9.310479999999999867e-01 9.301719999999999988e-01 9.301789999999999781e-01
9.405599999999999516e-01 9.396959999999999757e-01 9.417619999999999880e-01 9.476769999999999916e-01 9.446750000000000425e-01 9.416339999999999710e-01 9.383150000000000102e-01 9.480920000000000458e-01
9.479720000000000368e-01 9.461779999999999635e-01 9.526010000000000311e-01 9.542070000000000274e-01 9.486790000000000500e-01 9.464559999999999640e-01 9.458020000000000316e-01 9.645519999999999650e-01
9.696350000000000247e-01 9.622439999999999882e-01 9.673540000000000472e-01 9.609900000000000109e-01 9.586160000000000236e-01 9.663730000000000375e-01 9.657780000000000253e-01 9.533580000000000387e-01
9.543960000000000221e-01 9.569130000000000136e-01 9.604139999999999899e-01 9.629149999999999654e-01 9.616770000000000040e-01 9.618210000000000370e-01 9.437659999999999938e-01 9.594559999999999755e-01
9.543179999999999996e-01 9.317760000000000487e-01 9.541939999999999866e-01 9.454040000000000221e-01 9.512030000000000207e-01 9.505789999999999518e-01 9.378260000000000485e-01 9.520349999999999646e-01
9.389180000000000303e-01 9.226320000000000077e-01 9.323129999999999473e-01 9.387339999999999574e-01 9.230420000000000291e-01 9.381800000000000139e-01 9.388919999999999488e-01 9.269530000000000269e-01
9.196220000000000505e-01 9.019249999999999767e-01 9.193500000000000005e-01 9.011550000000000393e-01 9.191679999999999851e-01 9.195950000000000513e-01 9.078640000000000043e-01 9.185940000000000216e-01
8.960890000000000244e-01 8.832740000000000036e-01 8.967019999999999991e-01 8.956159999999999677e-01 8.818209999999999660e-01 8.904410000000000380e-01 8.828300000000000036e-01 8.877669999999999728e-01
8.598430000000000240e-01 8.686810000000000365e-01 8.682450000000000445e-01 8.623129999999999962e-01 8.723159999999999803e-01 8.595249999999999835e-01 8.599290000000000544e-01 8.681980000000000253e-01
8.446129999999999471e-01 8.358560000000000434e-01 8.370889999999999720e-01 8.422560000000000047e-01 8.458620000000000028e-01 8.403819999999999624e-01 8.379069999999999574e-01 8.429919999999999636e-01
8.077520000000000255e-01 8.161310000000000509e-01 8.092540000000000289e-01 8.078840000000000465e-01 8.168419999999999570e-01 8.114390000000000214e-01 8.152500000000000302e-01 8.106929999999999970e-01
7.782219999999999693e-01 7.816950000000000287e-01 7.789639999999999898e-01 7.814809999999999812e-01 7.856649999999999467e-01 7.775769999999999627e-01 7.830219999999999958e-01 7.776159999999999739e-01
7.467279999999999474e-01 7.511879999999999669e-01 7.492839999999999501e-01 7.465950000000000086e-01 7.472490000000000521e-01 7.461839999999999584e-01 7.494690000000000518e-01 7.474840000000000373e-01
7.151969999999999716e-01 7.166080000000000227e-01 7.127350000000000074e-01 7.139250000000000318e-01 7.113059999999999938e-01 7.106240000000000334e-01 7.146689999999999987e-01 7.102239999999999664e-01
6.756290000000000351e-01 6.737560000000000215e-01 6.736839999999999495e-01 6.743780000000000330e-01 6.752860000000000529e-01 6.773329999999999629e-01 6.761420000000000208e-01 6.732010000000000494e-01
6.321719999999999562e-01 6.319799999999999862e-01 6.370869999999999589e-01 6.322879999999999612e-01 6.344570000000000487e-01 6.367620000000000502e-01 6.370959999999999956e-01 6.371320000000000316e-01
5.905669999999999531e-01 5.928020000000000511e-01 5.934110000000000218e-01 5.896339999999999915e-01 5.934129999999999683e-01 5.903509999999999591e-01 5.887360000000000371e-01 5.894500000000000295e-01
5.459969999999999546e-01 5.469880000000000297e-01 5.469610000000000305e-01 5.448769999999999447e-01 5.469770000000000465e-01 5.451679999999999859e-01 5.445820000000000105e-01 5.442890000000000228e-01
4.971789999999999821e-01 4.972389999999999866e-01 4.957699999999999885e-01 4.969910000000000161e-01 4.964359999999999884e-01 4.972079999999999833e-01 4.971829999999999861e-01 4.962570000000000037e-01
4.179340000000000277e-01 4.186929999999999819e-01 4.181090000000000084e-01 4.191039999999999766e-01 4.160889999999999866e-01 4.184800000000000186e-01 4.159269999999999912e-01 4.169019999999999948e-01
9.302939999999999543e-01 9.301840000000000108e-01 9.301230000000000331e-01 9.301669999999999661e-01 9.301549999999999541e-01 9.270209999999999839e-01 9.301789999999999781e-01 9.303989999999999760e-01
9.478670000000000151e-01 9.390549999999999731e-01 9.462350000000000483e-01 9.417640000000000455e-01 9.476630000000000331e-01 9.389490000000000336e-01 9.468569999999999487e-01 9.466440000000000410e-01
9.629510000000000014e-01 9.460439999999999960e-01 9.455719999999999681e-01 9.455799999999999761e-01 9.468659999999999854e-01 9.460680000000000200e-01 9.622819999999999707e-01 9.665120000000000378e-01
9.524219999999999908e-01 9.664819999999999522e-01 9.589729999999999643e-01 9.607210000000000472e-01 9.496210000000000484e-01 9.640649999999999498e-01 9.655350000000000321e-01 9.509710000000000107e-01
9.622429999999999595e-01 9.650859999999999994e-01 9.637710000000000443e-01 9.504160000000000386e-01 9.569530000000000536e-01 9.629100000000000437e-01 9.609940000000000149e-01 9.481920000000000348e-01
9.539530000000000509e-01 9.544960000000000111e-01 9.542450000000000099e-01 9.530440000000000023e-01 9.428379999999999539e-01 9.526649999999999840e-01 9.432840000000000114e-01 9.543490000000000029e-01
9.329739999999999700e-01 9.235910000000000508e-01 9.381869999999999932e-01 9.189819999999999656e-01 9.289669999999999872e-01 9.388659999999999783e-01 9.386170000000000346e-01 9.379269999999999552e-01
9.033689999999999776e-01 9.021789999999999532e-01 9.198169999999999957e-01 9.152400000000000535e-01 9.159789999999999877e-01 9.076319999999999943e-01 9.192810000000000148e-01 9.168770000000000531e-01
8.824990000000000334e-01 8.952090000000000325e-01 8.973609999999999642e-01 8.846089999999999787e-01 8.848070000000000102e-01 8.977389999999999537e-01 8.967119999999999536e-01 8.924919999999999520e-01
8.692670000000000119e-01 8.716829999999999856e-01 8.704260000000000330e-01 8.595580000000000442e-01 8.669099999999999584e-01 8.717359999999999554e-01 8.667540000000000244e-01 8.717399999999999594e-01
8.461640000000000272e-01 8.454920000000000213e-01 8.417919999999999847e-01 8.448039999999999994e-01 8.432290000000000063e-01 8.395939999999999515e-01 8.445549999999999446e-01 8.439200000000000035e-01
8.114740000000000286e-01 8.153970000000000384e-01 8.155270000000000019e-01 8.083609999999999962e-01 8.146259999999999613e-01 8.092679999999999874e-01 8.086870000000000447e-01 8.162080000000000446e-01
7.783780000000000143e-01 7.851390000000000313e-01 7.820880000000000054e-01 7.778230000000000421e-01 7.834889999999999910e-01 7.790340000000000042e-01 7.846980000000000066e-01 7.800920000000000076e-01
7.500059999999999505e-01 7.456099999999999950e-01 7.517390000000000461e-01 7.522999999999999687e-01 7.515950000000000131e-01 7.514530000000000376e-01 7.502149999999999652e-01 7.481809999999999850e-01
7.137750000000000483e-01 7.127869999999999484e-01 7.110999999999999543e-01 7.137400000000000411e-01 7.135320000000000551e-01 7.159299999999999553e-01 7.105970000000000342e-01 7.109119999999999884e-01
6.730880000000000196e-01 6.746839999999999504e-01 6.747140000000000359e-01 6.781249999999999778e-01 6.739300000000000290e-01 6.732970000000000343e-01 6.763799999999999812e-01 6.753259999999999819e-01
6.332849999999999868e-01 6.369580000000000242e-01 6.321750000000000425e-01 6.335920000000000440e-01 6.320160000000000222e-01 6.372029999999999639e-01 6.363839999999999497e-01 6.339700000000000335e-01
5.883580000000000476e-01 5.928959999999999786e-01 5.887409999999999588e-01 5.935869999999999758e-01 5.934599999999999875e-01 5.896419999999999995e-01 5.934690000000000243e-01 5.892779999999999685e-01
5.425159999999999982e-01 5.419629999999999725e-01 5.449150000000000382e-01 5.445600000000000440e-01 5.424980000000000357e-01 5.429629999999999734e-01 5.426060000000000327e-01 5.428429999999999644e-01
4.971619999999999928e-01 4.973230000000000151e-01 4.972360000000000113e-01 4.971720000000000028e-01 4.971389999999999976e-01 4.941320000000000157e-01 4.961249999999999827e-01 4.955959999999999810e-01
4.193200000000000260e-01 4.152120000000000255e-01 4.149419999999999775e-01 4.188859999999999806e-01 4.191130000000000133e-01 4.188399999999999901e-01 4.177130000000000010e-01 4.164220000000000144e-01
9.301690000000000236e-01 9.301869999999999861e-01 9.288469999999999782e-01 9.292059999999999764e-01 9.255240000000000133e-01 9.299809999999999466e-01 9.303609999999999935e-01 9.245379999999999709e-01
9.494909999999999739e-01 9.470210000000000017e-01 9.465449999999999697e-01 9.473449999999999926e-01 9.386600000000000499e-01 9.385829999999999451e-01 9.467309999999999892e-01 9.516139999999999599e-01
9.475620000000000154e-01 9.464200000000000390e-01 9.481349999999999500e-01 9.606440000000000534e-01 9.571169999999999956e-01 9.459790000000000143e-01 9.588579999999999881e-01 9.520520000000000094e-01
9.676820000000000421e-01 9.693500000000000449e-01 9.504740000000000411e-01 9.695169999999999622e-01 9.634369999999999878e-01 9.660889999999999755e-01 9.617909999999999515e-01 9.664960000000000218e-01
9.611640000000000184e-01 9.587520000000000486e-01 9.634369999999999878e-01 9.643249999999999877e-01 9.604759999999999964e-01 9.598259999999999570e-01 9.618370000000000530e-01 9.633810000000000429e-01
9.506000000000000005e-01 9.512629999999999697e-01 9.480520000000000058e-01 9.501439999999999886e-01 9.539279999999999982e-01 9.539239999999999942e-01 9.415409999999999613e-01 9.521410000000000151e-01
9.225670000000000259e-01 9.238070000000000448e-01 9.387240000000000029e-01 9.389100000000000223e-01 9.180000000000000382e-01 9.381040000000000489e-01 9.377879999999999550e-01 9.343150000000000066e-01
9.195750000000000313e-01 9.187359999999999971e-01 9.135370000000000434e-01 9.139030000000000209e-01 9.193860000000000365e-01 9.032310000000000061e-01 9.170909999999999895e-01 9.132099999999999662e-01
8.854910000000000281e-01 8.816939999999999777e-01 8.856640000000000068e-01 8.870989999999999709e-01 8.827810000000000379e-01 8.852440000000000309e-01 8.856340000000000323e-01 8.833839999999999471e-01
8.653990000000000293e-01 8.628379999999999939e-01 8.595199999999999507e-01 8.652769999999999628e-01 8.621609999999999552e-01 8.595730000000000315e-01 8.692499999999999671e-01 8.661889999999999867e-01
8.398330000000000517e-01 8.433300000000000241e-01 8.371030000000000415e-01 8.347419999999999840e-01 8.451929999999999721e-01 8.461739999999999817e-01 8.408470000000000111e-01 8.459379999999999677e-01
8.148429999999999840e-01 8.128330000000000277e-01 8.074230000000000018e-01 8.152629999999999599e-01 8.129239999999999799e-01 8.074850000000000083e-01 8.074059999999999571e-01 8.084139999999999660e-01
7.834119999999999973e-01 7.780890000000000306e-01 7.805360000000000076e-01 7.776560000000000139e-01 7.784710000000000241e-01 7.824200000000000044e-01 7.852440000000000531e-01 7.800679999999999836e-01
7.525929999999999565e-01 7.468179999999999819e-01 7.508550000000000502e-01 7.516469999999999541e-01 7.473689999999999500e-01 7.514720000000000288e-01 7.525089999999999835e-01 7.522440000000000238e-01
7.143929999999999447e-01 7.157679999999999598e-01 7.104580000000000339e-01 7.160699999999999843e-01 7.167580000000000062e-01 7.150020000000000264e-01 7.160699999999999843e-01 7.106919999999999904e-01
6.726450000000000484e-01 6.750969999999999471e-01 6.743360000000000465e-01 6.740850000000000453e-01 6.730329999999999924e-01 6.731089999999999574e-01 6.729939999999999811e-01 6.769509999999999694e-01
6.322130000000000249e-01 6.319930000000000270e-01 6.370460000000000012e-01 6.363060000000000382e-01 6.373529999999999474e-01 6.371719999999999606e-01 6.362069999999999670e-01 6.360090000000000465e-01
5.888440000000000341e-01 5.910379999999999523e-01 5.925049999999999484e-01 5.930199999999999916e-01 5.895930000000000337e-01 5.898550000000000182e-01 5.931889999999999663e-01 5.913220000000000143e-01
5.470589999999999620e-01 5.453750000000000542e-01 5.470260000000000122e-01 5.469239999999999657e-01 5.469150000000000400e-01 5.470970000000000555e-01 5.424099999999999477e-01 5.470580000000000442e-01
4.973239999999999883e-01 4.966160000000000019e-01 4.973569999999999935e-01 4.971960000000000268e-01 4.972179999999999933e-01 4.921849999999999836e-01 4.928779999999999828e-01 4.935820000000000207e-01
4.190440000000000276e-01 4.169680000000000053e-01 4.165610000000000146e-01 4.186400000000000121e-01 4.185619999999999896e-01 4.185189999999999744e-01 4.169070000000000276e-01 4.186179999999999901e-01
9.288250000000000117e-01 9.310380000000000322e-01 9.301409999999999956e-01 9.242679999999999785e-01 9.313059999999999672e-01 9.284090000000000398e-01 9.241099999999999870e-01 9.307569999999999455e-01
9.448959999999999582e-01 9.406839999999999646e-01 9.382340000000000124e-01 9.380690000000000417e-01 9.405649999999999844e-01 9.412639999999999896e-01 9.453690000000000149e-01 9.458299999999999486e-01
9.612169999999999881e-01 9.532150000000000345e-01 9.550990000000000313e-01 9.497910000000000519e-01 9.667569999999999775e-01 9.482399999999999718e-01 9.467470000000000052e-01 9.467529999999999557e-01
9.550680000000000280e-01 9.696590000000000487e-01 9.574209999999999665e-01 9.633869999999999933e-01 9.660039999999999738e-01 9.549029999999999463e-01 9.566820000000000324e-01 9.585150000000000059e-01
9.544359999999999511e-01 9.503939999999999610e-01 9.645120000000000360e-01 9.586959999999999926e-01 9.625359999999999472e-01 9.615500000000000158e-01 9.515400000000000524e-01 9.605339999999999989e-01
9.538910000000000444e-01 9.515080000000000204e-01 9.530929999999999680e-01 9.543409999999999949e-01 9.510100000000000220e-01 9.524669999999999526e-01 9.542659999999999476e-01 9.499990000000000379e-01
9.376790000000000402e-01 9.189249999999999918e-01 9.190089999999999648e-01 9.389140000000000263e-01 9.369589999999999863e-01 9.292089999999999517e-01 9.389009999999999856e-01 9.307339999999999502e-01
9.124640000000000528e-01 9.012529999999999708e-01 9.196680000000000410e-01 9.055309999999999748e-01 9.196640000000000370e-01 9.030749999999999611e-01 9.068370000000000042e-01 9.040270000000000250e-01
8.935760000000000369e-01 8.976990000000000247e-01 8.822510000000000074e-01 8.818690000000000140e-01 8.852320000000000189e-01 8.846319999999999739e-01 8.821109999999999784e-01 8.842529999999999557e-01
8.595049999999999635e-01 8.618360000000000465e-01 8.669909999999999561e-01 8.599489999999999634e-01 8.595209999999999795e-01 8.645669999999999744e-01 8.644880000000000342e-01 8.619139999999999580e-01
8.407769999999999966e-01 8.450299999999999478e-01 8.350109999999999477e-01 8.355320000000000524e-01 8.440879999999999495e-01 8.384070000000000134e-01 8.379039999999999822e-01 8.372030000000000305e-01
8.077630000000000088e-01 8.126640000000000530e-01 8.123500000000000165e-01 8.081110000000000237e-01 8.171300000000000230e-01 8.115369999999999528e-01 8.160699999999999621e-01 8.092909999999999826e-01
7.814649999999999652e-01 7.791360000000000507e-01 7.816049999999999942e-01 7.836130000000000040e-01 7.851080000000000281e-01 7.839139999999999997e-01 7.819779999999999509e-01 7.782799999999999718e-01
7.492459999999999676e-01 7.507239999999999469e-01 7.486789999999999834e-01 7.510200000000000209e-01 7.463140000000000329e-01 7.507549999999999502e-01 7.463090000000000002e-01 7.471929999999999961e-01
7.136019999999999586e-01 7.102030000000000287e-01 7.114829999999999766e-01 7.165569999999999995e-01 7.132830000000000004e-01 7.113059999999999938e-01 7.109450000000000491e-01 7.149250000000000327e-01
6.779230000000000533e-01 6.760140000000000038e-01 6.768889999999999629e-01 6.748129999999999962e-01 6.727480000000000127e-01 6.746760000000000534e-01 6.749300000000000299e-01 6.776670000000000194e-01
6.371980000000000421e-01 6.334929999999999728e-01 6.372349999999999959e-01 6.364210000000000145e-01 6.320040000000000102e-01 6.369150000000000089e-01 6.371069999999999789e-01 6.329019999999999646e-01
5.930819999999999981e-01 5.885580000000000256e-01 5.892810000000000548e-01 5.935880000000000045e-01 5.920919999999999517e-01 5.901999999999999469e-01 5.933169999999999833e-01 5.887390000000000123e-01
5.470230000000000370e-01 5.436210000000000209e-01 5.470450000000000035e-01 5.448009999999999797e-01 5.423550000000000315e-01 5.470880000000000187e-01 5.470279999999999587e-01 5.425849999999999840e-01
4.961550000000000127e-01 4.968489999999999851e-01 4.942799999999999971e-01 4.926180000000000003e-01 4.959729999999999972e-01 4.932270000000000265e-01 4.938870000000000204e-01 4.951570000000000138e-01
4.188790000000000013e-01 4.155460000000000265e-01 4.156630000000000047e-01 4.141549999999999954e-01 4.190169999999999728e-01 4.187839999999999896e-01 4.162549999999999861e-01 4.143189999999999928e-01
9.308049999999999935e-01 9.240350000000000508e-01 9.301580000000000403e-01 9.257020000000000248e-01 9.300969999999999516e-01 9.249720000000000164e-01 9.245149999999999757e-01 9.301549999999999541e-01
9.402470000000000550e-01 9.411859999999999671e-01 9.380939999999999834e-01 9.442169999999999730e-01 9.482030000000000181e-01 9.463200000000000500e-01 9.454139999999999766e-01 9.465719999999999690e-01
9.462249999999999828e-01 9.520629999999999926e-01 9.656000000000000139e-01 9.627559999999999452e-01 9.546890000000000098e-01 9.646730000000000027e-01 9.480039999999999578e-01 9.667649999999999855e-01
9.695369999999999822e-01 9.587269999999999959e-01 9.656740000000000324e-01 9.582380000000000342e-01 9.689729999999999732e-01 9.484810000000000185e-01 9.524759999999999893e-01 9.509020000000000250e-01
9.528370000000000450e-01 9.646280000000000410e-01 9.586729999999999974e-01 9.584899999999999531e-01 9.572439999999999838e-01 9.546139999999999626e-01 9.646259999999999835e-01 9.615660000000000318e-01
9.361840000000000162e-01 9.338220000000000409e-01 9.496930000000000094e-01 9.434599999999999653e-01 9.488400000000000167e-01 9.375130000000000408e-01 9.520969999999999711e-01 9.381549999999999612e-01
9.323050000000000503e-01 9.389300000000000423e-01 9.362150000000000194e-01 9.388269999999999671e-01 9.226100000000000412e-01 9.234799999999999676e-01 9.384930000000000216e-01 9.388319999999999999e-01
9.023820000000000174e-01 9.196239999999999970e-01 9.143869999999999498e-01 9.087600000000000122e-01 9.137840000000000407e-01 9.075269999999999726e-01 9.051230000000000109e-01 9.070019999999999749e-01
8.946849999999999525e-01 8.827880000000000171e-01 8.818000000000000282e-01 8.816910000000000025e-01 8.816969999999999530e-01 8.930609999999999937e-01 8.837209999999999788e-01 8.954130000000000145e-01
8.716739999999999489e-01 8.607310000000000239e-01 8.595220000000000082e-01 8.626019999999999799e-01 8.646800000000000042e-01 8.711959999999999704e-01 8.595150000000000290e-01 8.693070000000000519e-01
8.366299999999999848e-01 8.347949999999999537e-01 8.400959999999999539e-01 8.355660000000000309e-01 8.442560000000000064e-01 8.442709999999999937e-01 8.360220000000000429e-01 8.355620000000000269e-01
8.146120000000000028e-01 8.161599999999999966e-01 8.146200000000000108e-01 8.127980000000000205e-01 8.169220000000000370e-01 8.159260000000000401e-01 8.080439999999999845e-01 8.149589999999999890e-01
7.789239999999999498e-01 7.846370000000000289e-01 7.854409999999999448e-01 7.859979999999999745e-01 7.845520000000000271e-01 7.806710000000000038e-01 7.775959999999999539e-01 7.851240000000000441e-01
7.513539999999999663e-01 7.471780000000000088e-01 7.510210000000000496e-01 7.462769999999999682e-01 7.485829999999999984e-01 7.462100000000000399e-01 7.500839999999999730e-01 7.520470000000000210e-01
7.148440000000000349e-01 7.148309999999999942e-01 7.111189999999999456e-01 7.161889999999999645e-01 7.112960000000000393e-01 7.105439999999999534e-01 7.111659999999999648e-01 7.115050000000000541e-01
6.754510000000000236e-01 6.756029999999999536e-01 6.776969999999999938e-01 6.779049999999999798e-01 6.730220000000000091e-01 6.740850000000000453e-01 6.777560000000000251e-01 6.746299999999999519e-01
6.370449999999999724e-01 6.326840000000000241e-01 6.329219999999999846e-01 6.368709999999999649e-01 6.320109999999999895e-01 6.322820000000000107e-01 6.356829999999999981e-01 6.372659999999999991e-01
5.934810000000000363e-01 5.919839999999999547e-01 5.895190000000000152e-01 5.935799999999999965e-01 5.934399999999999675e-01 5.891549999999999843e-01 5.906400000000000539e-01 5.934150000000000258e-01
5.456809999999999716e-01 5.419620000000000548e-01 5.423419999999999908e-01 5.470300000000000162e-01 5.469479999999999897e-01 5.443609999999999838e-01 5.423320000000000363e-01 5.466590000000000060e-01
4.921200000000000019e-01 4.966769999999999796e-01 4.972159999999999913e-01 4.944720000000000226e-01 4.936050000000000160e-01 4.972579999999999778e-01 4.936360000000000192e-01 4.969339999999999868e-01
4.187560000000000171e-01 4.177020000000000177e-01 4.175050000000000150e-01 4.163780000000000259e-01 4.143040000000000056e-01 4.154229999999999867e-01 4.169550000000000201e-01 4.178459999999999952e-01
9.240460000000000340e-01 9.295860000000000234e-01 9.296149999999999691e-01 9.281660000000000466e-01 9.306429999999999980e-01 9.301479999999999748e-01 9.304550000000000320e-01 9.253109999999999946e-01
9.380840000000000289e-01 9.426820000000000199e-01 9.477349999999999941e-01 9.491039999999999477e-01 9.381779999999999564e-01 9.541290000000000049e-01 9.386900000000000244e-01 9.389610000000000456e-01
9.491960000000000397e-01 9.485740000000000283e-01 9.454299999999999926e-01 9.473660000000000414e-01 9.533740000000000547e-01 9.518060000000000409e-01 9.501840000000000286e-01 9.597050000000000303e-01
9.690640000000000365e-01 9.493690000000000184e-01 9.492639999999999967e-01 9.596989999999999688e-01 9.580140000000000322e-01 9.661149999999999460e-01 9.688160000000000105e-01 9.504569999999999963e-01
9.540509999999999824e-01 9.644939999999999625e-01 9.621859999999999857e-01 9.599269999999999747e-01 9.650579999999999714e-01 9.611690000000000511e-01 9.614310000000000356e-01 9.593140000000000001e-01
9.513110000000000177e-01 9.531300000000000328e-01 9.447320000000000162e-01 9.542159999999999531e-01 9.482589999999999630e-01 9.543049999999999589e-01 9.471490000000000187e-01 9.519250000000000211e-01
9.338090000000000002e-01 9.389060000000000183e-01 9.388050000000000006e-01 9.227769999999999584e-01 9.313390000000000279e-01 9.221209999999999685e-01 9.284710000000000463e-01 9.353590000000000515e-01
9.044680000000000497e-01 9.179450000000000109e-01 9.011949999999999683e-01 9.156140000000000390e-01 9.139559999999999906e-01 9.011940000000000506e-01 9.035140000000000393e-01 9.127929999999999655e-01
8.839270000000000183e-01 8.864140000000000352e-01 8.944140000000000423e-01 8.977460000000000440e-01 8.853259999999999463e-01 8.860540000000000083e-01 8.829249999999999599e-01 8.939810000000000256e-01
8.725370000000000070e-01 8.613819999999999810e-01 8.705220000000000180e-01 8.596589999999999510e-01 8.689090000000000424e-01 8.730620000000000047e-01 8.595249999999999835e-01 8.683899999999999952e-01
8.381579999999999586e-01 8.461990000000000345e-01 8.347189999999999888e-01 8.400320000000000009e-01 8.347470000000000168e-01 8.369879999999999542e-01 8.390400000000000080e-01 8.408179999999999543e-01
8.100690000000000390e-01 8.157689999999999664e-01 8.158549999999999969e-01 8.138830000000000231e-01 8.151709999999999789e-01 8.150009999999999755e-01 8.075480000000000436e-01 8.099039999999999573e-01
7.777539999999999454e-01 7.822550000000000336e-01 7.776089999999999947e-01 7.778869999999999951e-01 7.792780000000000262e-01 7.776399999999999979e-01 7.813590000000000257e-01 7.779530000000000056e-01
7.498050000000000548e-01 7.502330000000000387e-01 7.459069999999999867e-01 7.454290000000000083e-01 7.525899999999999812e-01 7.488029999999999964e-01 7.516289999999999916e-01 7.477780000000000538e-01
7.109010000000000051e-01 7.109060000000000379e-01 7.123789999999999845e-01 7.106740000000000279e-01 7.161790000000000100e-01 7.116829999999999545e-01 7.102749999999999897e-01 7.103629999999999667e-01
6.783360000000000500e-01 6.754419999999999868e-01 6.778619999999999646e-01 6.774729999999999919e-01 6.779469999999999663e-01 6.758690000000000531e-01 6.762839999999999963e-01 6.730679999999999996e-01
6.373440000000000216e-01 6.349529999999999896e-01 6.373630000000000129e-01 6.369120000000000337e-01 6.322550000000000114e-01 6.370989999999999709e-01 6.370580000000000132e-01 6.347540000000000404e-01
5.912690000000000445e-01 5.895709999999999562e-01 5.935420000000000140e-01 5.923640000000000017e-01 5.913329999999999975e-01 5.932849999999999513e-01 5.886940000000000506e-01 5.921239999999999837e-01
5.442519999999999580e-01 5.469420000000000393e-01 5.470960000000000267e-01 5.469389999999999530e-01 5.455200000000000049e-01 5.459610000000000296e-01 5.420939999999999648e-01 5.467710000000000070e-01
4.944060000000000121e-01 4.960399999999999809e-01 4.950840000000000241e-01 4.959489999999999732e-01 4.935649999999999760e-01 4.941349999999999909e-01 4.972389999999999866e-01 4.953980000000000050e-01
4.178629999999999844e-01 4.192130000000000023e-01 4.193859999999999810e-01 4.188790000000000013e-01 4.193310000000000093e-01 4.187359999999999971e-01 4.172560000000000158e-01 4.186900000000000066e-01
9.287389999999999812e-01 9.300669999999999771e-01 9.304529999999999745e-01 9.283909999999999663e-01 9.304400000000000448e-01 9.302399999999999558e-01 9.303559999999999608e-01 9.298250000000000126e-01
9.408590000000000009e-01 9.437579999999999858e-01 9.380950000000000122e-01 9.474470000000000391e-01 9.436860000000000248e-01 9.482819999999999583e-01 9.445510000000000295e-01 9.393550000000000511e-01
9.465789999999999482e-01 9.561049999999999827e-01 9.482019999999999893e-01 9.517499999999999849e-01 9.591520000000000046e-01 9.579149999999999610e-01 9.510070000000000467e-01 9.513369999999999882e-01
9.694850000000000412e-01 9.636000000000000121e-01 9.502680000000000016e-01 9.696649999999999991e-01 9.683810000000000473e-01 9.696630000000000527e-01 9.696669999999999456e-01 9.579090000000000105e-01
9.533800000000000052e-01 9.555280000000000440e-01 9.521239999999999704e-01 9.467109999999999692e-01 9.632239999999999691e-01 9.646789999999999532e-01 9.586689999999999934e-01 9.527579999999999938e-01
9.519210000000000171e-01 9.536200000000000232e-01 9.545259999999999856e-01 9.538750000000000284e-01 9.543209999999999749e-01 9.507940000000000280e-01 9.316510000000000069e-01 9.484399999999999498e-01
9.386989999999999501e-01 9.382179999999999964e-01 9.388290000000000246e-01 9.388619999999999743e-01 9.348589999999999955e-01 9.342559999999999754e-01 9.216910000000000380e-01 9.260540000000000438e-01
9.030460000000000154e-01 9.013309999999999933e-01 9.061460000000000070e-01 9.195229999999999793e-01 9.012240000000000251e-01 9.178979999999999917e-01 9.025760000000000449e-01 9.185349999999999904e-01
8.946290000000000076e-01 8.975490000000000412e-01 8.919759999999999911e-01 8.969209999999999683e-01 8.816840000000000233e-01 8.953149999999999720e-01 8.828810000000000269e-01 8.831750000000000433e-01
8.670980000000000354e-01 8.714979999999999949e-01 8.684720000000000217e-01 8.595120000000000537e-01 8.677570000000000006e-01 8.687350000000000350e-01 8.599989999999999579e-01 8.621929999999999872e-01
8.414709999999999690e-01 8.459999999999999742e-01 8.388339999999999685e-01 8.347989999999999577e-01 8.461020000000000207e-01 8.448170000000000401e-01 8.373629999999999685e-01 8.356900000000000439e-01
8.099319999999999853e-01 8.164050000000000473e-01 8.080779999999999630e-01 8.075919999999999765e-01 8.092169999999999641e-01 8.113019999999999676e-01 8.145109999999999850e-01 8.143289999999999695e-01
7.775720000000000409e-01 7.791679999999999717e-01 7.775760000000000449e-01 7.776149999999999451e-01 7.845900000000000096e-01 7.801150000000000029e-01 7.838760000000000172e-01 7.828519999999999923e-01
7.468690000000000051e-01 7.525960000000000427e-01 7.458120000000000305e-01 7.463140000000000329e-01 7.471560000000000423e-01 7.458339999999999970e-01 7.516270000000000451e-01 7.514699999999999713e-01
7.121690000000000520e-01 7.132810000000000539e-01 7.166040000000000187e-01 7.116949999999999665e-01 7.115259999999999918e-01 7.103249999999999842e-01 7.111760000000000304e-01 7.154589999999999561e-01
6.734670000000000378e-01 6.730709999999999749e-01 6.731650000000000134e-01 6.783510000000000373e-01 6.752869999999999706e-01 6.779230000000000533e-01 6.726969999999999894e-01 6.763940000000000508e-01
6.323830000000000284e-01 6.336950000000000083e-01 6.340999999999999970e-01 6.323389999999999844e-01 6.354499999999999593e-01 6.367909999999999959e-01 6.372649999999999704e-01 6.330500000000000016e-01
5.885770000000000168e-01 5.885799999999999921e-01 5.933850000000000513e-01 5.887240000000000251e-01 5.935089999999999533e-01 5.935279999999999445e-01 5.934610000000000163e-01 5.887510000000000243e-01
5.469509999999999650e-01 5.469760000000000177e-01 5.421610000000000040e-01 5.469760000000000177e-01 5.457629999999999981e-01 5.443959999999999910e-01 5.438060000000000116e-01 5.469629999999999770e-01
4.948509999999999853e-01 4.950530000000000208e-01 4.972400000000000153e-01 4.971760000000000068e-01 4.973589999999999955e-01 4.972349999999999826e-01 4.967449999999999921e-01 4.971760000000000068e-01
4.160929999999999906e-01 4.155809999999999782e-01 4.187100000000000266e-01 4.190220000000000056e-01 4.187009999999999899e-01 4.153200000000000225e-01 4.186179999999999901e-01 4.188359999999999861e-01
9.307779999999999943e-01 9.270460000000000367e-01 9.300129999999999786e-01 9.282989999999999853e-01 9.302789999999999671e-01 9.301850000000000396e-01 9.304599999999999538e-01 9.294139999999999624e-01
9.447109999999999674e-01 9.532669999999999755e-01 9.380669999999999842e-01 9.474160000000000359e-01 9.450530000000000319e-01 9.391490000000000116e-01 9.406759999999999566e-01 9.416020000000000501e-01
9.475170000000000536e-01 9.533989999999999965e-01 9.601920000000000455e-01 9.456179999999999586e-01 9.456560000000000521e-01 9.533329999999999860e-01 9.507370000000000543e-01 9.459340000000000526e-01
9.640790000000000193e-01 9.696590000000000487e-01 9.582450000000000134e-01 9.483789999999999720e-01 9.694559999999999844e-01 9.685869999999999758e-01 9.658710000000000351e-01 9.674000000000000377e-01
9.636759999999999771e-01 9.633639999999999981e-01 9.647379999999999844e-01 9.575839999999999907e-01 9.650260000000000504e-01 9.588219999999999521e-01 9.646160000000000290e-01 9.517579999999999929e-01
9.539459999999999607e-01 9.316339999999999621e-01 9.533199999999999452e-01 9.543500000000000316e-01 9.467750000000000332e-01 9.518950000000000466e-01 9.488799999999999457e-01 9.542810000000000459e-01
9.222120000000000317e-01 9.236539999999999750e-01 9.261599999999999833e-01 9.372190000000000243e-01 9.357419999999999627e-01 9.358670000000000044e-01 9.211270000000000291e-01 9.363869999999999694e-01
9.021329999999999627e-01 9.179209999999999869e-01 9.189389999999999503e-01 9.197319999999999940e-01 9.037089999999999845e-01 9.157849999999999602e-01 9.198410000000000197e-01 9.198389999999999622e-01
8.837920000000000220e-01 8.962869999999999449e-01 8.873640000000000416e-01 8.962579999999999991e-01 8.897310000000000496e-01 8.824920000000000542e-01 8.909909999999999775e-01 8.853269999999999751e-01
8.707369999999999832e-01 8.618989999999999707e-01 8.602109999999999479e-01 8.683910000000000240e-01 8.618409999999999682e-01 8.721119999999999983e-01 8.730909999999999505e-01 8.624680000000000124e-01
8.377040000000000042e-01 8.453570000000000251e-01 8.361570000000000391e-01 8.366419999999999968e-01 8.455580000000000318e-01 8.439219999999999500e-01 8.347059999999999480e-01 8.461959999999999482e-01
8.102000000000000313e-01 8.162840000000000096e-01 8.080389999999999517e-01 8.153789999999999649e-01 8.123129999999999518e-01 8.158090000000000064e-01 8.114059999999999606e-01 8.102040000000000353e-01
7.804029999999999578e-01 7.776340000000000474e-01 7.782109999999999861e-01 7.794830000000000370e-01 7.787880000000000358e-01 7.806220000000000381e-01 7.801430000000000309e-01 7.776129999999999987e-01
7.493919999999999471e-01 7.457179999999999920e-01 7.464070000000000427e-01 7.524579999999999602e-01 7.499320000000000430e-01 7.466009999999999591e-01 7.452349999999999808e-01 7.462330000000000352e-01
7.110880000000000534e-01 7.149839999999999529e-01 7.102009999999999712e-01 7.111790000000000056e-01 7.110370000000000301e-01 7.151210000000000067e-01 7.166400000000000547e-01 7.105590000000000517e-01
6.770960000000000312e-01 6.753050000000000441e-01 6.778149999999999453e-01 6.782479999999999620e-01 6.727140000000000342e-01 6.782650000000000068e-01 6.733590000000000408e-01 6.731049999999999534e-01
6.366730000000000445e-01 6.372090000000000254e-01 6.320379999999999887e-01 6.373579999999999801e-01 6.318869999999999765e-01 6.364579999999999682e-01 6.373299999999999521e-01 6.324459999999999527e-01
5.919370000000000465e-01 5.915240000000000498e-01 5.934220000000000050e-01 5.886989999999999723e-01 5.885740000000000416e-01 5.888320000000000221e-01 5.889499999999999735e-01 5.911650000000000515e-01
5.450899999999999634e-01 5.469389999999999530e-01 5.469260000000000232e-01 5.420000000000000373e-01 5.471390000000000420e-01 5.468079999999999607e-01 5.451230000000000242e-01 5.439220000000000166e-01
4.931699999999999973e-01 4.938440000000000052e-01 4.926240000000000063e-01 4.939930000000000154e-01 4.972719999999999918e-01 4.940320000000000267e-01 4.947420000000000151e-01 4.972059999999999813e-01
4.141460000000000141e-01 4.190340000000000176e-01 4.191349999999999798e-01 4.165179999999999993e-01 4.186469999999999914e-01 4.167759999999999798e-01 4.193660000000000165e-01 4.175610000000000155e-01
9.312209999999999654e-01 9.301800000000000068e-01 9.297250000000000236e-01 9.289870000000000072e-01 9.304989999999999650e-01 9.241249999999999742e-01 9.301719999999999988e-01 9.314799999999999747e-01
9.387990000000000501e-01 9.401279999999999637e-01 9.452660000000000506e-01 9.383510000000000462e-01 9.386039999999999939e-01 9.408210000000000184e-01 9.443540000000000267e-01 9.384430000000000271e-01
9.495540000000000092e-01 9.503819999999999490e-01 9.584310000000000329e-01 9.623969999999999470e-01 9.457290000000000418e-01 9.555620000000000225e-01 9.460089999999999888e-01 9.487980000000000302e-01
9.693330000000000002e-01 9.548680000000000501e-01 9.572699999999999543e-01 9.566550000000000331e-01 9.694890000000000452e-01 9.573749999999999760e-01 9.575860000000000483e-01 9.673770000000000424e-01
9.622150000000000425e-01 9.616360000000000463e-01 9.459229999999999583e-01 9.538419999999999677e-01 9.532150000000000345e-01 9.559419999999999584e-01 9.612150000000000416e-01 9.516700000000000159e-01
9.515449999999999742e-01 9.522920000000000273e-01 9.460269999999999513e-01 9.359370000000000189e-01 9.541509999999999714e-01 9.433610000000000051e-01 9.531560000000000032e-01 9.525470000000000326e-01
9.282810000000000228e-01 9.374240000000000350e-01 9.386839999999999629e-01 9.389189999999999481e-01 9.302620000000000333e-01 9.388579999999999703e-01 9.388659999999999783e-01 9.248060000000000169e-01
9.020979999999999555e-01 9.025680000000000369e-01 9.047889999999999544e-01 9.013660000000000005e-01 9.012350000000000083e-01 9.055410000000000403e-01 9.177039999999999642e-01 9.198110000000000452e-01
8.851480000000000459e-01 8.816800000000000193e-01 8.819709999999999495e-01 8.945959999999999468e-01 8.953320000000000167e-01 8.819209999999999550e-01 8.851050000000000306e-01 8.977500000000000480e-01
8.619360000000000355e-01 8.608639999999999626e-01 8.641269999999999785e-01 8.677030000000000021e-01 8.597979999999999512e-01 8.700250000000000483e-01 8.658090000000000508e-01 8.597240000000000437e-01
8.451699999999999768e-01 8.390879999999999450e-01 8.355650000000000022e-01 8.435219999999999940e-01 8.406609999999999916e-01 8.399090000000000167e-01 8.380339999999999456e-01 8.455979999999999608e-01
8.114550000000000374e-01 8.110509999999999664e-01 8.154519999999999547e-01 8.125489999999999657e-01 8.077469999999999928e-01 8.149969999999999715e-01 8.074000000000000066e-01 8.105010000000000270e-01
7.858289999999999997e-01 7.848509999999999653e-01 7.787699999999999623e-01 7.776420000000000554e-01 7.812660000000000160e-01 7.788580000000000503e-01 7.805039999999999756e-01 7.790749999999999620e-01
7.497759999999999980e-01 7.453309999999999658e-01 7.508310000000000262e-01 7.525830000000000020e-01 7.474920000000000453e-01 7.494180000000000286e-01 7.458919999999999995e-01 7.463429999999999787e-01
7.102159999999999584e-01 7.151849999999999596e-01 7.110279999999999934e-01 7.126280000000000392e-01 7.160579999999999723e-01 7.116999999999999993e-01 7.111429999999999696e-01 7.135150000000000103e-01
6.766309999999999825e-01 6.732650000000000023e-01 6.773000000000000131e-01 6.725919999999999677e-01 6.739720000000000155e-01 6.768140000000000267e-01 6.742899999999999450e-01 6.744940000000000380e-01
6.357129999999999725e-01 6.335420000000000496e-01 6.351269999999999971e-01 6.339690000000000047e-01 6.319719999999999782e-01 6.358160000000000478e-01 6.370649999999999924e-01 6.362060000000000493e-01
5.885219999999999896e-01 5.929630000000000178e-01 5.934099999999999930e-01 5.900980000000000114e-01 5.935099999999999820e-01 5.935850000000000293e-01 5.887689999999999868e-01 5.886059999999999626e-01
5.450139999999999985e-01 5.424069999999999725e-01 5.422139999999999738e-01 5.469060000000000032e-01 5.469819999999999682e-01 5.470500000000000362e-01 5.469439999999999857e-01 5.428539999999999477e-01
4.951639999999999930e-01 4.944430000000000214e-01 4.965459999999999874e-01 4.955609999999999737e-01 4.957550000000000012e-01 4.925979999999999803e-01 4.972829999999999750e-01 4.954069999999999863e-01
4.186940000000000106e-01 4.179899999999999727e-01 4.183490000000000264e-01 4.171570000000000000e-01 4.154169999999999807e-01 4.187699999999999756e-01 4.191799999999999971e-01 4.187429999999999763e-01
9.279539999999999456e-01 9.298859999999999904e-01 9.301660000000000483e-01 9.303040000000000198e-01 9.308119999999999727e-01 9.299589999999999801e-01 9.249249999999999972e-01 9.298549999999999871e-01
9.389469999999999761e-01 9.385850000000000026e-01 9.432129999999999681e-01 9.484179999999999833e-01 9.425369999999999582e-01 9.397839999999999527e-01 9.487100000000000533e-01 9.452289999999999859e-01
9.662389999999999590e-01 9.600889999999999702e-01 9.518550000000000066e-01 9.479030000000000511e-01 9.590079999999999716e-01 9.515160000000000284e-01 9.459570000000000478e-01 9.658849999999999936e-01
9.634639999999999871e-01 9.566019999999999524e-01 9.644329999999999847e-01 9.659539999999999793e-01 9.617649999999999810e-01 9.600980000000000070e-01 9.575240000000000418e-01 9.670119999999999827e-01
9.532990000000000075e-01 9.640940000000000065e-01 9.521570000000000311e-01 9.634880000000000111e-01 9.533850000000000380e-01 9.580119999999999747e-01 9.652009999999999756e-01 9.643960000000000310e-01
9.527919999999999723e-01 9.408440000000000136e-01 9.389020000000000143e-01 9.413420000000000121e-01 9.361450000000000049e-01 9.354810000000000070e-01 9.515379999999999949e-01 9.534270000000000245e-01
9.341260000000000119e-01 9.236090000000000133e-01 9.389070000000000471e-01 9.386419999999999764e-01 9.375449999999999617e-01 9.385660000000000114e-01 9.273709999999999454e-01 9.340680000000000094e-01
9.034910000000000441e-01 9.195729999999999738e-01 9.014710000000000223e-01 9.052360000000000406e-01 9.019439999999999680e-01 9.191730000000000178e-01 9.029329999999999856e-01 9.187870000000000203e-01
8.958549999999999569e-01 8.977610000000000312e-01 8.842370000000000507e-01 8.970930000000000293e-01 8.967819999999999681e-01 8.927289999999999948e-01 8.821520000000000472e-01 8.961390000000000189e-01
8.724359999999999893e-01 8.708669999999999467e-01 8.723459999999999548e-01 8.726979999999999738e-01 8.722339999999999538e-01 8.614549999999999708e-01 8.676930000000000476e-01 8.685230000000000450e-01
8.366719999999999713e-01 8.438269999999999937e-01 8.401849999999999596e-01 8.347809999999999953e-01 8.461670000000000025e-01 8.461319999999999952e-01 8.347679999999999545e-01 8.447799999999999754e-01
8.159039999999999626e-01 8.078929999999999723e-01 8.146579999999999933e-01 8.171209999999999862e-01 8.102660000000000418e-01 8.102080000000000393e-01 8.115440000000000431e-01 8.074719999999999676e-01
7.855250000000000288e-01 7.785990000000000411e-01 7.857600000000000140e-01 7.801759999999999806e-01 7.859040000000000470e-01 7.782759999999999678e-01 7.781099999999999683e-01 7.853700000000000125e-01
7.453309999999999658e-01 7.453889999999999683e-01 7.524849999999999595e-01 7.507350000000000412e-01 7.512600000000000389e-01 7.492400000000000171e-01 7.525650000000000395e-01 7.460440000000000405e-01
7.163450000000000095e-01 7.116860000000000408e-01 7.135860000000000536e-01 7.163300000000000223e-01 7.120389999999999775e-01 7.104970000000000452e-01 7.102559999999999985e-01 7.107799999999999674e-01
6.775139999999999496e-01 6.741669999999999607e-01 6.783390000000000253e-01 6.762289999999999690e-01 6.779089999999999838e-01 6.740199999999999525e-01 6.777530000000000499e-01 6.784189999999999943e-01
6.350919999999999899e-01 6.322379999999999667e-01 6.363849999999999785e-01 6.370949999999999669e-01 6.362119999999999997e-01 6.370930000000000204e-01 6.367559999999999887e-01 6.370479999999999476e-01
5.888149999999999773e-01 5.935869999999999758e-01 5.935939999999999550e-01 5.924080000000000457e-01 5.886010000000000408e-01 5.935439999999999605e-01 5.894669999999999632e-01 5.888330000000000508e-01
5.423860000000000348e-01 5.469709999999999850e-01 5.437490000000000379e-01 5.469439999999999857e-01 5.470129999999999715e-01 5.470399999999999707e-01 5.422010000000000440e-01 5.467530000000000445e-01
4.971760000000000068e-01 4.967759999999999954e-01 4.954930000000000168e-01 4.948640000000000261e-01 4.974120000000000208e-01 4.950800000000000201e-01 4.956389999999999962e-01 4.937659999999999827e-01
4.173180000000000223e-01 4.191079999999999806e-01 4.165280000000000094e-01 4.172259999999999858e-01 4.189809999999999923e-01 4.152489999999999792e-01 4.186679999999999846e-01 4.145360000000000156e-01
9.304000000000000048e-01 9.253409999999999691e-01 9.297879999999999479e-01 9.243059999999999610e-01 9.301639999999999908e-01 9.290089999999999737e-01 9.306879999999999598e-01 9.245409999999999462e-01
9.435890000000000111e-01 9.392690000000000206e-01 9.392089999999999606e-01 9.523530000000000051e-01 9.436339999999999728e-01 9.448689999999999589e-01 9.399790000000000090e-01 9.407799999999999496e-01
9.495599999999999596e-01 9.454649999999999999e-01 9.518849999999999811e-01 9.477649999999999686e-01 9.531239999999999712e-01 9.516179999999999639e-01 9.462669999999999693e-01 9.635869999999999713e-01
9.685610000000000053e-01 9.578069999999999640e-01 9.661549999999999860e-01 9.489710000000000090e-01 9.644080000000000430e-01 9.625029999999999974e-01 9.592829999999999968e-01 9.661729999999999485e-01
9.650400000000000089e-01 9.638959999999999750e-01 9.545320000000000471e-01 9.599560000000000315e-01 9.572340000000000293e-01 9.594679999999999875e-01 9.512840000000000185e-01 9.625270000000000215e-01
9.374679999999999680e-01 9.476860000000000284e-01 9.336879999999999624e-01 9.505439999999999445e-01 9.527060000000000528e-01 9.475449999999999706e-01 9.354930000000000190e-01 9.487609999999999655e-01
9.323599999999999666e-01 9.300640000000000018e-01 9.380190000000000472e-01 9.226839999999999486e-01 9.382810000000000317e-01 9.230180000000000051e-01 9.287969999999999837e-01 9.383470000000000422e-01
9.195729999999999738e-01 9.191249999999999698e-01 9.170040000000000413e-01 9.186239999999999961e-01 9.159749999999999837e-01 9.058310000000000528e-01 9.071399999999999464e-01 9.160730000000000262e-01
8.817169999999999730e-01 8.832320000000000171e-01 8.961230000000000029e-01 8.843199999999999950e-01 8.823870000000000324e-01 8.977659999999999529e-01 8.910519999999999552e-01 8.876640000000000086e-01
8.595610000000000195e-01 8.725770000000000470e-01 8.619499999999999940e-01 8.612729999999999553e-01 8.720259999999999678e-01 8.612330000000000263e-01 8.595159999999999467e-01 8.643999999999999462e-01
8.439670000000000227e-01 8.376289999999999569e-01 8.347109999999999808e-01 8.349410000000000442e-01 8.348069999999999657e-01 8.364829999999999766e-01 8.371210000000000040e-01 8.433789999999999898e-01
8.146930000000000005e-01 8.155080000000000107e-01 8.111150000000000304e-01 8.125860000000000305e-01 8.087769999999999682e-01 8.135010000000000296e-01 8.142420000000000213e-01 8.135219999999999674e-01
7.795130000000000114e-01 7.788570000000000215e-01 7.781869999999999621e-01 7.828829999999999956e-01 7.800930000000000364e-01 7.840219999999999967e-01 7.800820000000000531e-01 7.789819999999999522e-01
7.463509999999999867e-01 7.510919999999999819e-01 7.516399999999999748e-01 7.460780000000000189e-01 7.500350000000000072e-01 7.481809999999999850e-01 7.516709999999999781e-01 7.462919999999999554e-01
7.113680000000000003e-01 7.110279999999999934e-01 7.166940000000000532e-01 7.106810000000000072e-01 7.126919999999999922e-01 7.164439999999999698e-01 7.104160000000000474e-01 7.123770000000000380e-01
6.757130000000000081e-01 6.781540000000000346e-01 6.730909999999999949e-01 6.733620000000000161e-01 6.782839999999999980e-01 6.727039999999999687e-01 6.775130000000000319e-01 6.728060000000000151e-01
6.371729999999999894e-01 6.320810000000000040e-01 6.324189999999999534e-01 6.373299999999999521e-01 6.360299999999999843e-01 6.322050000000000169e-01 6.373269999999999769e-01 6.373360000000000136e-01
5.920750000000000179e-01 5.935709999999999598e-01 5.885200000000000431e-01 5.886500000000000066e-01 5.934479999999999755e-01 5.918080000000000007e-01 5.893589999999999662e-01 5.935200000000000475e-01
5.469889999999999475e-01 5.420909999999999895e-01 5.433810000000000029e-01 5.470059999999999922e-01 5.456609999999999516e-01 5.452390000000000292e-01 5.465740000000000043e-01 5.454409999999999537e-01
4.935249999999999915e-01 4.972079999999999833e-01 4.972790000000000266e-01 4.927869999999999751e-01 4.973069999999999991e-01 4.971720000000000028e-01 4.966749999999999776e-01 4.957030000000000047e-01
4.172250000000000125e-01 4.186170000000000169e-01 4.192310000000000203e-01 4.166810000000000236e-01 4.193959999999999910e-01 4.184200000000000141e-01 4.187779999999999836e-01 4.193790000000000018e-01
