0 0 0 0
1 0 0 0
2 0 0 0
3 0 0 0
4 0 0 0
5 0 0 0
6 0 0 0
7 0 0 0
8 0 0 0
9 0 0 0
10 0 0 0
11 0 0 0
12 0 0 0
13 0 0 0
14 0 0 0
15 0 0 0
16 0 0 0
17 1.021917121e-14 1.021917121e-16 1.044314602e-30
18 1.021917121e-14 1.021917121e-16 1.044314602e-30
19 1.021917121e-14 1.746078862e-16 1.553774662e-30
20 3.025480953e-13 3.200088839e-15 9.158400567e-28
21 1.70902421e-11 1.750279842e-13 2.920334877e-24
22 1.70902421e-11 1.807285728e-13 2.92010655e-24
23 1.70902421e-11 1.920144667e-13 2.923180638e-24
24 1.70902421e-11 2.054090983e-13 2.934846916e-24
25 2.229728089e-09 2.276946462e-11 4.970547722e-20
26 2.229728089e-09 2.364348946e-11 4.973740995e-20
27 4.421694928e-09 6.808476722e-11 2.43113735e-19
28 2.780927722e-08 3.706424437e-10 7.964551871e-18
29 2.780927722e-08 4.094930443e-10 8.006377303e-18
30 0.001279476434 1.279540189e-05 1.637058298e-08
31 0.001279476434 1.279532482e-05 1.637058498e-08
32 0.001279476434 1.279532412e-05 1.637058499e-08
33 0.001448416673 2.727993682e-05 3.697526576e-08
34 0.001536890089 5.564281597e-05 7.551272162e-08
35 0.005927575427 0.0001455015624 4.475469953e-07
36 0.0118872229 0.0003381349482 2.160652529e-06
37 0.0118872229 0.0003743411112 2.525531433e-06
38 0.0118872229 0.0004417323928 2.938314173e-06
39 0.0118872229 0.0004971151863 3.540035546e-06
40 0.01386294815 0.0006546160067 5.470386533e-06
41 0.01436907374 0.0007081939071 7.587719527e-06
42 0.01461119039 0.001066663791 1.088463976e-05
43 0.01461119039 0.001155508418 1.127365928e-05
44 0.0315396738 0.001210420452 2.082373661e-05
45 0.06226260189 0.001719243558 5.62864561e-05
46 0.06226260189 0.002235842763 6.902792128e-05
47 0.09331913226 0.004962759759 0.0002482622173
48 0.09331913226 0.004652602767 0.0002524641689
49 0.1062412181 0.006860814041 0.0004553043
50 0.1062412181 0.006773231377 0.000513836245
51 0.1376743954 0.007847199597 0.0007204519845
52 0.1376743954 0.006752618797 0.0006343097754
53 0.1526186659 0.008739940692 0.0008709575976
54 0.1526186659 0.01220853825 0.001298409236
55 0.1992019998 0.01170817952 0.001386133881
56 0.1992019998 0.01022043122 0.001290707736
57 0.2814783491 0.01469302738 0.002404784694
58 0.2814783491 0.01438186061 0.002794572662
59 0.2814783491 0.01701366171 0.00307889758
60 0.2814783491 0.01713255854 0.003193313373
61 0.2814783491 0.02605768113 0.004883534441
62 0.293402187 0.03295581555 0.006256518537
63 0.293402187 0.02959949431 0.006378949723
64 0.3436913621 0.03970748569 0.008472440931
65 0.3436913621 0.02556578205 0.005723245427
66 0.401527602 0.03915565966 0.009029982531
67 0.401527602 0.02344974752 0.005222262154
68 0.401527602 0.03418915114 0.008513497638
69 0.401527602 0.04529123944 0.01072359745
70 0.401527602 0.04464578326 0.01005613381
71 0.401527602 0.04288629667 0.009989202699
72 0.4303151504 0.03587290773 0.009633909139
73 0.4479616855 0.0385755864 0.01227482714
74 0.4479616855 0.05088422635 0.01567751905
75 0.4479616855 0.04686285803 0.01387536062
76 0.4733510423 0.05061307347 0.01610862789
77 0.4733510423 0.05364256758 0.01555544079
78 0.4733510423 0.05001975207 0.01438065508
79 0.5166384299 0.05502124919 0.01720982051
80 0.5166384299 0.06188598686 0.01787096854
81 0.5655582477 0.05309875351 0.01781889319
82 0.5655582477 0.05816319324 0.01819112463
83 0.5655582477 0.04806982176 0.01601071149
84 0.8179915041 0.0547901022 0.02249491709
85 0.8179915041 0.07278879578 0.02812690765
86 0.8179915041 0.08539398668 0.03313818405
87 0.8179915041 0.09339799715 0.04500052393
88 0.8446801144 0.09381729826 0.047204945
89 0.9573576296 0.08502409344 0.04877878763
90 0.9573576296 0.09259324435 0.05346488227
91 0.9573576296 0.07617587416 0.04924005922
92 0.9573576296 0.09942323525 0.05793535318
93 0.9573576296 0.1257696166 0.0688981603
94 0.9813351048 0.1233258772 0.0736309463
95 0.9864935155 0.1112517962 0.07084660344
96 0.9864935155 0.120215692 0.0682094181
97 0.9864935155 0.1495517226 0.08682356924
98 0.9864935155 0.1621207364 0.09178983975
99 0.9864935155 0.1368035331 0.08196887368
100 0.9864935155 0.1658412542 0.08952115095
101 0.9864935155 0.1766268481 0.08913819064
102 0.9864935155 0.1622454277 0.08531819483
103 0.9992799335 0.2050471484 0.11038127
103 3.155890703e-09 3.162300766e-11 9.959278544e-20
104 3.155890703e-09 3.162433788e-11 9.959270064e-20
105 3.155890703e-09 3.162433788e-11 9.959270064e-20
106 9.974239268e-09 1.313667306e-10 1.088074893e-18
107 9.974239268e-09 1.333757123e-10 1.087908407e-18
108 9.974239268e-09 1.333725014e-10 1.087909248e-18
109 9.974239268e-09 1.6630241e-10 1.150753e-18
110 7.513359093e-07 7.834361938e-09 5.643785483e-15
111 7.513359093e-07 7.807354274e-09 5.644141481e-15
112 7.513359093e-07 8.122971234e-09 5.641787626e-15
113 7.513359093e-07 1.003393776e-08 5.871893835e-15
114 7.513359093e-07 1.108120224e-08 5.956599392e-15
115 7.513359093e-07 1.241111025e-08 6.216227265e-15
116 7.513359093e-07 1.182817541e-08 6.192804344e-15
117 7.513359093e-07 1.273871318e-08 6.219500306e-15
118 7.513359093e-07 1.17620802e-08 6.194033211e-15
119 7.513359093e-07 1.276934273e-08 6.270638628e-15
120 7.513359093e-07 2.317506912e-08 1.248703101e-14
121 1.790573738e-06 4.249425291e-08 4.451187171e-14
122 1.790573738e-06 3.918634735e-08 4.340890441e-14
123 1.790573738e-06 5.16353477e-08 6.311938064e-14
124 1.790573738e-06 7.218788288e-08 8.275661489e-14
125 1.790573738e-06 6.614889247e-08 7.884595977e-14
126 1.790573738e-06 5.332418627e-08 7.266436588e-14
127 1.790573738e-06 6.876507163e-08 8.859671705e-14
128 1.790573738e-06 8.814820297e-08 1.142044493e-13
129 2.695834637e-06 1.308091762e-07 2.364834719e-13
130 3.562011787e-06 1.492149902e-07 3.349330791e-13
131 9.066240028e-06 3.098080151e-07 1.488228249e-12
132 2.148709761e-05 5.629042738e-07 6.523436355e-12
133 2.148709761e-05 1.059186905e-06 1.155523881e-11
134 0.0002212623386 3.269429125e-06 5.006089412e-10
135 0.0006984072457 9.944183013e-06 5.334658666e-09
136 0.0006984072457 1.410721044e-05 6.958208296e-09
137 0.0006984072457 1.84143379e-05 8.503912672e-09
138 0.0011206258 4.263932196e-05 2.942412951e-08
139 0.001691465151 6.193277673e-05 6.797315123e-08
140 0.001691465151 6.540217507e-05 6.793135733e-08
141 0.01180067569 0.0001963485926 1.472962192e-06
142 0.01619176269 0.0003397963435 4.014084471e-06
143 0.01619176269 0.0005275935529 5.549695166e-06
144 0.02224409671 0.0007918441517 1.052366258e-05
145 0.02224409671 0.0007352915381 1.045421811e-05
146 0.04531079307 0.001226034517 3.060663003e-05
147 0.04531079307 0.001330838267 3.215101917e-05
148 0.04531079307 0.001300666651 3.31214803e-05
149 0.04531079307 0.001520732709 3.635562121e-05
150 0.04531079307 0.001813371303 4.619968829e-05
151 0.04531079307 0.00247648972 7.695311735e-05
152 0.05073272737 0.00264226793 9.235248893e-05
153 0.05596126192 0.003537591258 0.0001448854702
154 0.08593078935 0.003468734853 0.0001819110493
155 0.08593078935 0.00405140519 0.0002520980487
156 0.08593078935 0.003930338365 0.0002339082877
157 0.08593078935 0.003543171138 0.0002249050417
158 0.08593078935 0.004445551841 0.0002719361536
159 0.08593078935 0.004990928245 0.0003293762872
160 0.08676100365 0.00772722193 0.0004443661566
161 0.205999893 0.01102918692 0.00107383797
162 0.205999893 0.01273193001 0.0014335989
163 0.205999893 0.01508551924 0.001688859924
164 0.205999893 0.01131020971 0.001437146076
165 0.205999893 0.0143430597 0.001950970044
166 0.205999893 0.01256046623 0.001587344085
167 0.2362459207 0.017033535 0.002443413278
168 0.2362459207 0.02208122345 0.003020687622
169 0.2783588623 0.02398627158 0.003538453862
170 0.2783588623 0.02140674581 0.003780808753
171 0.2783588623 0.017390401 0.002833888082
172 0.2865766527 0.02061541228 0.003674255211
173 0.2918894744 0.02615864911 0.004703211811
174 0.2981805532 0.03069593316 0.005664401596
175 0.3044659551 0.02980275041 0.005493148596
176 0.3044659551 0.02075263348 0.004040383838
177 0.3044659551 0.02666928407 0.005209530646
178 0.3044659551 0.03130855445 0.006437171649
179 0.3154137076 0.02833355052 0.005849947197
180 0.3154137076 0.03189742486 0.005667157136
181 0.3186557526 0.03665132709 0.007028304977
182 0.3186557526 0.03697162772 0.006880803656
183 0.3293744403 0.04385156395 0.007996457855
184 0.3519577742 0.0413194394 0.00854486311
185 0.3519577742 0.04426341814 0.007478045581
186 0.3519577742 0.04061073629 0.006746209701
187 0.3519577742 0.04249884102 0.007590168005
188 0.3519577742 0.0379211063 0.006135822011
189 0.3519577742 0.0433896244 0.006906137755
190 0.3519577742 0.04750089943 0.008240512595
191 0.3519577742 0.03480969592 0.006073594524
192 0.3530713059 0.03816155767 0.007666652259
193 0.3530713059 0.03336189534 0.006097631795
194 0.3831939096 0.04016170885 0.006769456176
195 0.3856566951 0.04373180326 0.009179106629
196 0.3856566951 0.0449258425 0.009729858057
197 0.3856566951 0.04450328382 0.008073169873
198 0.3856566951 0.04570689834 0.008777673315
199 0.3856566951 0.04636221741 0.008451425164
200 0.3856566951 0.04263455359 0.007723048719
201 0.3856566951 0.04551711609 0.008984075695
202 0.3856566951 0.04797974434 0.009114098132
203 0.3856566951 0.05136465733 0.009194782559
204 0.3856566951 0.04314848941 0.008115316043
205 0.3856566951 0.04333643785 0.00886774284
206 0.3856566951 0.04323506803 0.008826672694
207 0.3856566951 0.05198714425 0.01146155739
208 0.3856566951 0.05938805487 0.01218947065
209 0.4101386806 0.06328996449 0.01277085755
210 0.4101386806 0.06531735901 0.01318497263
211 0.4101386806 0.06064649063 0.01337909755
212 0.4101386806 0.07375912363 0.01513441462
213 0.4101386806 0.05718538842 0.01246504296
214 0.4101386806 0.05467963285 0.01005897016
215 0.4101386806 0.05602706364 0.01060907917
216 0.4101386806 0.06016273327 0.01074640518
217 0.4185151835 0.06499651133 0.01259297052
218 0.56168183 0.0656533373 0.01477656015
219 0.56168183 0.06495285498 0.01303764131
220 0.56168183 0.06166065556 0.01291659408
221 0.56168183 0.07279784418 0.01692187572
222 0.56168183 0.07724431544 0.01892578712
223 0.56168183 0.08114456227 0.0201087539
224 0.56168183 0.06810412443 0.01838909301
225 0.56168183 0.08204510579 0.02129349124
226 0.56168183 0.06197538225 0.01942987411
227 0.56168183 0.06134300531 0.01866311949
228 0.56168183 0.06607190293 0.02029541625
229 0.56168183 0.06662293441 0.0184969012
230 0.56168183 0.06427677358 0.01970959033
231 0.56168183 0.07131138491 0.02289679844
232 0.56168183 0.06126052333 0.01917405504
233 0.56168183 0.05617483214 0.01786361287
234 0.5724941862 0.07332137015 0.02569392179
235 0.6050453491 0.07543200718 0.02570725634
236 0.6050453491 0.05844457231 0.01979895027
237 0.6050453491 0.05389272947 0.01638948269
238 0.6050453491 0.07597258431 0.0217693594
239 0.6050453491 0.08379841667 0.02639582992
240 0.6050453491 0.06808260703 0.01913904054
241 0.6050453491 0.0727810064 0.02314661389
242 0.6050453491 0.07380243486 0.02183524644
243 0.6050453491 0.06980758361 0.02275021231
244 0.6050453491 0.06071887102 0.01899075043
245 0.6310226514 0.08167701338 0.02776560296
246 0.6310226514 0.07890122827 0.02745828162
247 0.6310226514 0.07265365154 0.02381570218
248 0.6310226514 0.07774114274 0.0236184333
249 0.6310226514 0.08684497055 0.0248683471
250 0.6310226514 0.0927050191 0.02723646563
251 0.6310226514 0.08134264852 0.02294906517
252 0.6310226514 0.08284873549 0.02422165239
253 0.6310226514 0.08084891296 0.0246978454
254 0.6310226514 0.09652542534 0.02869146509
255 0.6787514789 0.08369204892 0.02770965121
256 0.6787514789 0.09041516568 0.0285695435
257 0.6787514789 0.09587813883 0.0323480993
258 0.6787514789 0.1002085474 0.03360451707
259 0.6787514789 0.09245842632 0.02822946664
260 0.6787514789 0.103238984 0.031650315
261 0.6787514789 0.09919172179 0.03008842176
262 0.6787514789 0.09939181987 0.0301202608
263 0.6787514789 0.09156546057 0.02719012551
264 0.6796358179 0.08998427448 0.03175927022
265 0.6796358179 0.1015976467 0.03214012321
266 0.6796358179 0.1054431574 0.03432174349
267 0.6796358179 0.09922624047 0.03138187621
268 0.6796358179 0.1071970885 0.03579775698
269 0.6966532694 0.112304198 0.03730489463
270 0.6966532694 0.09298612578 0.03053618636
271 0.6966532694 0.105204375 0.02883381395
272 0.6980644422 0.106305578 0.03062618693
273 0.6980644422 0.1026482247 0.0313367083
274 0.6980644422 0.1109717417 0.03485097114
275 0.6980644422 0.1172759013 0.04162625601
276 0.6980644422 0.118147498 0.04030840247
277 0.6980644422 0.1145991864 0.03335759281
278 0.7288810991 0.115171364 0.03854742044
279 0.7288810991 0.1168641545 0.03920593332
280 0.7288810991 0.1291120333 0.03991410894
281 0.7288810991 0.1098100357 0.03536437267
282 0.7288810991 0.08722386126 0.03080025396
283 0.7288810991 0.1010421726 0.03507622467
284 0.7288810991 0.07653011583 0.03190402962
285 0.7288810991 0.1057282651 0.04001823036
286 0.7288810991 0.1181048093 0.04415324036
287 0.7288810991 0.126452235 0.03926435341
288 0.7288810991 0.1340719124 0.0418261847
289 0.7288810991 0.1230517926 0.04060022335
290 0.7288810991 0.1157373656 0.03953739663
291 0.7288810991 0.1300505089 0.04187345394
292 0.7288810991 0.1399696389 0.04310032353
293 0.7288810991 0.117282294 0.03507315785
294 0.7288810991 0.1093661019 0.03228643822
295 0.7288810991 0.1186267048 0.03472847744
296 0.7288810991 0.1149512544 0.03316677017
297 0.7288810991 0.1417785808 0.04585205239
298 0.7288810991 0.130268706 0.044149431
299 0.7288810991 0.1537890427 0.04956989298
300 0.7288810991 0.1267077184 0.04180526067
301 0.7288810991 0.1232527348 0.04255918721
302 0.7288810991 0.1038823337 0.03773799706
303 0.7288810991 0.09809982581 0.0352499256
304 0.7288810991 0.1004024126 0.03531637747
305 0.7288810991 0.113232833 0.03709756064
306 0.7288810991 0.1289437456 0.04043126574
307 0.7288810991 0.1199832031 0.0354536395
308 0.7342576085 0.1234513136 0.04060761742
309 0.7342576085 0.1110082597 0.03375041208
310 0.7342576085 0.1074349642 0.03477226915
311 0.7342576085 0.1168023777 0.03228589268
312 0.7342576085 0.1088353522 0.03677877143
313 0.7342576085 0.1116685671 0.03878112957
314 0.7342576085 0.09395261557 0.03260654459
315 0.7342576085 0.1167097334 0.04414947267
316 0.7342576085 0.1100715363 0.03993886267
317 0.7342576085 0.1159512461 0.04032788483
318 0.7342576085 0.1082375626 0.03797421585
319 0.7342576085 0.1086266501 0.04201651095
320 0.7342576085 0.1022242719 0.0379814751
321 0.7342576085 0.09646930775 0.03411374497
322 0.7342576085 0.08493302736 0.03116574729
323 0.7342576085 0.09726504295 0.03946784744
324 0.7342576085 0.1109552303 0.04383474702
325 0.7342576085 0.1142409456 0.04266549824
326 0.7342576085 0.100371578 0.03682997502
327 0.7342576085 0.09286189545 0.03496325367
328 0.741624143 0.1220547852 0.04216031948
329 0.741624143 0.1144867455 0.03746447881
330 0.741624143 0.09972292004 0.03501589586
331 0.741624143 0.09554492839 0.03272900686
332 0.7459816601 0.09962620209 0.0411022014
333 0.7459816601 0.1088486085 0.04111522628
334 0.7459816601 0.1208119394 0.04055159763
335 0.7459816601 0.1093695084 0.04148201723
336 0.7459816601 0.1215823054 0.03774475623
337 0.7459816601 0.1239506293 0.04195148836
338 0.7459816601 0.1247324469 0.04110624278
339 0.7459816601 0.1517361817 0.05080265404
340 0.7459816601 0.1243282913 0.04387801859
341 0.7459816601 0.1044917344 0.03685317649
342 0.7485242649 0.1241172078 0.04046864937
343 0.7485242649 0.1371779523 0.04574168637
344 0.7485242649 0.1150408112 0.03971869504
345 0.7485242649 0.1063677687 0.03691268124
346 0.7485242649 0.1167265061 0.03802787038
347 0.7485242649 0.09400652642 0.03383364179
348 0.7485242649 0.1104094656 0.03920220139
349 0.7485242649 0.1060981393 0.03673209689
350 0.7485242649 0.1139809224 0.03792954429
351 0.7485242649 0.1320571208 0.03972498288
352 0.7485242649 0.1129082051 0.0414899172
353 0.7485242649 0.1030217694 0.04033821852
354 0.7485242649 0.1134266501 0.04424987397
355 0.7485242649 0.1153083047 0.04163904514
356 0.7485242649 0.1345749606 0.05491767766
357 0.7485242649 0.1189334593 0.04112009636
358 0.7485242649 0.1231214919 0.04422187824
359 0.7485242649 0.1279162897 0.04410536849
360 0.7485242649 0.1077212271 0.03544490978
361 0.7485242649 0.1131621734 0.03775500231
362 0.7485242649 0.1365030297 0.05254956625
363 0.7485242649 0.118924315 0.04479276391
364 0.7485242649 0.1251109378 0.04065586605
365 0.7485242649 0.114716476 0.03805171065
366 0.7485242649 0.136508462 0.04842122485
367 0.7485242649 0.1027420877 0.03164262398
368 0.7670129906 0.1218323659 0.04200361891
369 0.7769033728 0.1274591227 0.04480296311
370 0.7769033728 0.1182494306 0.03706359577
371 0.7769033728 0.102361491 0.03684470983
372 0.7802731959 0.1379058438 0.04951348791
373 0.7802731959 0.1345582193 0.05153806455
374 0.7802731959 0.1048911211 0.03872048666
375 0.7802731959 0.09704645221 0.03528175799
376 0.7802731959 0.1061026481 0.0437394727
377 0.7889629174 0.1042927441 0.04479688313
378 0.7889629174 0.09017534057 0.03596748176
379 0.7889629174 0.1086701815 0.04993062317
380 0.8131037429 0.108787199 0.05007989666
381 0.8131037429 0.1102728361 0.04924743081
382 0.8200329111 0.1106673879 0.04844867737
383 0.8200329111 0.1227671311 0.04805223487
384 0.8200329111 0.08909637187 0.03658903179
385 0.8200329111 0.1208063706 0.05516866548
386 0.8200329111 0.1062983415 0.04509113119
387 0.8200329111 0.1210071899 0.04981531806
388 0.8200329111 0.1063350402 0.04303376295
389 0.8200329111 0.1051235611 0.04604341258
390 0.8200329111 0.1159052633 0.0464634243
391 0.8200329111 0.1115953003 0.03968310055
392 0.8200329111 0.1175623551 0.04548577124
393 0.8200329111 0.1127008022 0.04046729954
394 0.8200329111 0.1291248376 0.0460581877
395 0.8200329111 0.1335993567 0.04546801596
396 0.8200329111 0.1448684206 0.04491533338
397 0.8232957997 0.1565693141 0.05451457584
398 0.8232957997 0.1812680565 0.05547640104
399 0.8232957997 0.1488368603 0.05101898331
400 0.8232957997 0.145268618 0.05532533862
401 0.8232957997 0.1549372313 0.06442185338
402 0.8232957997 0.16588596 0.06168737184
403 0.8248198899 0.146167662 0.05753218118
404 0.8248198899 0.1353474769 0.0474202048
405 0.8248198899 0.1353158798 0.04474893584
406 0.8248198899 0.1375766084 0.04646558536
407 0.8248198899 0.140129729 0.05101615176
408 0.8248198899 0.1295152557 0.05236530346
409 0.8248198899 0.1399904388 0.05122876513
410 0.8345189439 0.1498466816 0.04969005195
411 0.8345189439 0.1384175711 0.05171356041
412 0.8345189439 0.1294140824 0.05079560174
413 0.8345189439 0.1422872878 0.05120322424
414 0.8345189439 0.1413754337 0.04982588617
415 0.8345189439 0.1414598812 0.05155793062
416 0.8345189439 0.1391418929 0.05716113605
417 0.8345189439 0.1655151771 0.05803312139
418 0.8345189439 0.1522163999 0.05419649226
419 0.8345189439 0.1345633486 0.0558721066
420 0.8345189439 0.1410664746 0.06043671762
421 0.8388076131 0.1584215225 0.0628587733
422 0.8388076131 0.1594170242 0.06384279625
423 0.8388076131 0.1423749936 0.06192740663
424 0.8388076131 0.157786104 0.06222084106
425 0.8388076131 0.1596605563 0.05747542981
426 0.8388076131 0.1604289679 0.06052207542
427 0.8388076131 0.1617402197 0.0577722151
428 0.8388076131 0.1230147647 0.04548202038
429 0.8388076131 0.1158079219 0.03970024013
430 0.8388076131 0.1170441011 0.04575993212
431 0.8388076131 0.1362281556 0.05424323505
432 0.8388076131 0.1456819983 0.04969684401
433 0.8388076131 0.1560583404 0.05941915942
434 0.8388076131 0.1453993047 0.04541348588
435 0.8388076131 0.1419543581 0.04917284072
436 0.8388076131 0.140110786 0.04663392857
437 0.8388076131 0.1288347077 0.04614218314
438 0.8388076131 0.1200749509 0.04399314372
439 0.8388076131 0.1585762122 0.06388058021
440 0.8388076131 0.1310606509 0.05788608323
441 0.8388076131 0.1162947941 0.04867095786
442 0.8388076131 0.1139514042 0.0510825052
443 0.8388076131 0.1139636214 0.0475594142
444 0.8388076131 0.1189584525 0.05095790345
445 0.8388076131 0.1406710663 0.05710607887
446 0.8388076131 0.103329726 0.04153232346
447 0.8388076131 0.1326277554 0.05159776919
448 0.8388076131 0.1257576362 0.05294286982
449 0.8388076131 0.1384434619 0.05672361076
450 0.8388076131 0.1199371448 0.04532863079
451 0.8388076131 0.1172865432 0.04925246795
452 0.8388076131 0.1061274901 0.04641335048
453 0.8388076131 0.1066400075 0.04904337334
454 0.8388076131 0.0871687081 0.04324086003
455 0.8388076131 0.08904827141 0.04494134718
456 0.8388076131 0.1124629403 0.04865171296
457 0.8388076131 0.1200424222 0.0552644578
458 0.8388076131 0.1040331514 0.04731588679
459 0.8388076131 0.1162488547 0.05402307613
460 0.8388076131 0.1211594429 0.05261725498
461 0.8388076131 0.1289445256 0.05538717078
462 0.8412467908 0.1226692242 0.05737370711
463 0.8412467908 0.1261208072 0.04906997111
464 0.8412467908 0.1382659192 0.05605694605
465 0.8412467908 0.119456767 0.05092386544
466 0.8412467908 0.1224349973 0.04918581106
467 0.8412467908 0.1325700337 0.0536882159
468 0.8412467908 0.1345406743 0.05842929153
469 0.8412467908 0.1325926993 0.05175506567
470 0.8412467908 0.1391214702 0.04785197193
471 0.8412467908 0.1248701865 0.04977552513
472 0.8412467908 0.1316517486 0.04851174117
473 0.8412467908 0.1434452684 0.04849957218
474 0.8412467908 0.1553599377 0.05318586897
475 0.8412467908 0.1518905214 0.04986960417
476 0.8412467908 0.1267290872 0.04892566606
477 0.8412467908 0.1595078837 0.06187022133
478 0.8527195682 0.1844061855 0.06563349619
479 0.8527195682 0.1722967867 0.05729358855
480 0.8527195682 0.1876087519 0.06008032323
481 0.8527195682 0.172127058 0.06161759359
482 0.8527195682 0.1503157382 0.0505015372
483 0.8527195682 0.1583403721 0.05654768526
484 0.8527195682 0.1614818879 0.0551265654
485 0.8527195682 0.1563188376 0.05460995006
486 0.8527195682 0.1773133209 0.057633343
487 0.8527195682 0.1613133371 0.05391638906
488 0.8527195682 0.1863940762 0.06298925772
489 0.8527195682 0.1702466422 0.05850314524
490 0.8527195682 0.1594325694 0.05116660877
491 0.8527195682 0.1438994092 0.05123076807
492 0.8527195682 0.1640182426 0.05360930479
493 0.8527195682 0.1537761812 0.0527076671
494 0.8527195682 0.1555205942 0.05901265379
495 0.8527195682 0.1530073084 0.05639879984
496 0.8527195682 0.1457688379 0.05903334143
497 0.8527195682 0.1553240907 0.060628859
498 0.8527195682 0.1414630693 0.05168789564
499 0.8527195682 0.1356024874 0.05231379861
500 0.8527195682 0.1419089326 0.05349352114
501 0.8527195682 0.127154421 0.04521612025
502 0.8527195682 0.1363275598 0.05581287226
503 0.8527195682 0.1438933802 0.05945451746
504 0.8527195682 0.1506919843 0.06109603744
505 0.8527195682 0.1342863111 0.05015203226
506 0.8527195682 0.1311777437 0.05023794013
507 0.8527195682 0.1130911781 0.0477320336
508 0.8527195682 0.1527949929 0.05993639067
509 0.8527195682 0.1639537461 0.05901652688
510 0.8527195682 0.1394935714 0.05147303724
511 0.8527195682 0.1392263826 0.05807885339
512 0.8527195682 0.1300183517 0.05399959569
513 0.8527195682 0.1428233768 0.06018594111
514 0.8527195682 0.108556341 0.04955623168
515 0.8527195682 0.1222749282 0.05092344625
516 0.8527195682 0.144782462 0.06125343008
517 0.8527195682 0.144420488 0.0576677526
518 0.8527195682 0.129263481 0.05214266712
519 0.8527195682 0.1216561553 0.04561536213
520 0.8527195682 0.1319668027 0.04672185389
521 0.8527195682 0.1433155523 0.05232785971
522 0.8527195682 0.1265038321 0.05343017907
523 0.8527195682 0.1379128759 0.05472725791
524 0.8527195682 0.1540023127 0.06732126285
525 0.8527195682 0.1289798025 0.05054397025
526 0.8527195682 0.1111820175 0.04882742557
527 0.8527195682 0.1208994243 0.04891669004
528 0.8527195682 0.1229442803 0.05769696473
529 0.8527195682 0.1253331976 0.04933558925
530 0.8527195682 0.1515435919 0.05720674236
531 0.8527195682 0.147891421 0.06278104444
532 0.8527195682 0.1323920504 0.0542307541
533 0.8527195682 0.140882546 0.05457476467
534 0.8527195682 0.1712186106 0.05873008399
535 0.8527195682 0.1806838293 0.06120790336
536 0.8527195682 0.1694036809 0.05928738766
537 0.8527195682 0.1449419622 0.05979067387
538 0.8527195682 0.1371552283 0.05618859891
539 0.8527195682 0.1407883999 0.05689273747
540 0.8527195682 0.1146963441 0.04512920427
541 0.8527195682 0.13261174 0.05145672143
542 0.8527195682 0.1497686224 0.05963923777
543 0.8527195682 0.1270249379 0.05071257006
544 0.8527195682 0.1306407615 0.04904793734
545 0.8568102838 0.1664961712 0.06314782618
546 0.8568102838 0.1624063297 0.07167295934
547 0.8568102838 0.1264540866 0.049725727
548 0.8568102838 0.1294505609 0.05076672107
549 0.8568102838 0.116009521 0.05045508225
550 0.8568102838 0.1372269926 0.05925568873
551 0.8579593165 0.1198836025 0.05170643076
552 0.8579593165 0.1372562276 0.05684208296
553 0.8579593165 0.1353216286 0.05949943995
554 0.8579593165 0.1080553908 0.04663416306
555 0.8579593165 0.1345137915 0.05821111214
556 0.8579593165 0.1124316677 0.05127564068
557 0.8579593165 0.1200334512 0.05304183674
558 0.8579593165 0.134540317 0.05690151696
559 0.8579593165 0.1002245345 0.04236462196
560 0.8579593165 0.1131079954 0.04530079065
561 0.8579593165 0.1074709929 0.04753124566
562 0.8579593165 0.1063741748 0.04806344148
563 0.8579593165 0.0809121249 0.0431763484
564 0.8579593165 0.1135075175 0.0549136568
565 0.8579593165 0.1093371814 0.05535355647
566 0.8579593165 0.1230362237 0.05818799314
567 0.8579593165 0.1265178286 0.05673911113
568 0.8579593165 0.1399835131 0.05921152847
569 0.8579593165 0.1097455422 0.04310931546
570 0.8579593165 0.1370716192 0.06098117466
571 0.8579593165 0.1235976973 0.05854377332
572 0.8579593165 0.1093634959 0.0482835257
573 0.8579593165 0.096039103 0.04046972145
574 0.8659152252 0.1269118385 0.05456819264
575 0.8659152252 0.09471764484 0.03491447169
576 0.8659152252 0.1120024108 0.04590172699
577 0.8659152252 0.1110178935 0.0454750748
578 0.8659152252 0.1037575091 0.04416966067
579 0.8659152252 0.09272592139 0.04181474654
580 0.8659152252 0.1036734592 0.04104995035
581 0.8659152252 0.1106182025 0.05532621471
582 0.8659152252 0.1341424646 0.05729659767
583 0.8659152252 0.1260989879 0.05410334282
584 0.8659152252 0.1179207004 0.05444838428
585 0.8659152252 0.1266576182 0.05544151895
586 0.8659152252 0.1093655123 0.04847820064
587 0.8659152252 0.1129007667 0.05419169144
588 0.8659152252 0.1176625468 0.04841504596
589 0.8659152252 0.1324945613 0.05499033665
590 0.8766050077 0.1411531024 0.06071249487
591 0.8766050077 0.1404968746 0.06484405816
592 0.8766050077 0.1296353759 0.05582336751
593 0.8766050077 0.1206153467 0.05418381642
594 0.8766050077 0.130012086 0.0542378092
595 0.8766050077 0.1308523304 0.06174681205
596 0.8766050077 0.1255653303 0.05417154078
597 0.8766050077 0.1286923187 0.05806757827
598 0.8766050077 0.1414541231 0.05819771771
599 0.8766050077 0.1242632154 0.05186495953
600 0.8766050077 0.1300352624 0.04683832482
601 0.8766050077 0.1282918716 0.05051578127
602 0.8766050077 0.120902248 0.05465024913
603 0.8766050077 0.1284913597 0.05260040231
604 0.8766050077 0.1154413214 0.04740190948
605 0.8766050077 0.1304876391 0.05405002435
606 0.8766050077 0.1351853279 0.06004492068
607 0.8766050077 0.1435302879 0.06375473852
608 0.8766050077 0.1172215465 0.05306075803
609 0.8766050077 0.12249011 0.05434638132
610 0.8766050077 0.1488220021 0.06512763504
611 0.8766050077 0.1506121431 0.06724542885
612 0.8766050077 0.1427268754 0.06521033585
613 0.8782926776 0.1365666988 0.06035325656
614 0.8782926776 0.1664367127 0.06704751877
615 0.8782926776 0.1691938125 0.06654063275
616 0.8782926776 0.1889445493 0.07257225515
617 0.8782926776 0.1658308932 0.06464629647
618 0.8782926776 0.1567128757 0.06440184056
619 0.8782926776 0.1673342299 0.06771711295
620 0.8782926776 0.1359606054 0.05584125381
621 0.8782926776 0.1387668638 0.05954723277
622 0.8782926776 0.1249944972 0.05766966883
623 0.8782926776 0.1195967561 0.049482737
624 0.8782926776 0.1135229995 0.0483874659
625 0.8782926776 0.1034942665 0.04462091064
626 0.8782926776 0.1264693665 0.05150926032
627 0.8782926776 0.1402782783 0.05389082853
628 0.8782926776 0.1342739573 0.0557756405
629 0.8782926776 0.1213685756 0.04794394176
630 0.8782926776 0.1345059405 0.06246849146
631 0.8782926776 0.167477858 0.06448517234
632 0.8782926776 0.1703326229 0.06762285257
633 0.8782926776 0.1875872344 0.07033731502
634 0.8782926776 0.1747216609 0.07072479985
635 0.8782926776 0.1375401689 0.0560783367
636 0.8782926776 0.1175423505 0.04900844774
637 0.8782926776 0.1043185429 0.04408578489
638 0.8782926776 0.09881010724 0.04355246286
639 0.8782926776 0.1048747048 0.04343845078
640 0.8782926776 0.1292182363 0.05481089679
641 0.8782926776 0.1184616836 0.04960811134
642 0.8782926776 0.1127172439 0.04765570415
643 0.8782926776 0.1340692588 0.05516560635
644 0.8782926776 0.1419432708 0.05425955155
645 0.8782926776 0.1378111891 0.0522644632
646 0.8782926776 0.150947716 0.0535707822
647 0.8782926776 0.1475057655 0.06588257878
648 0.8782926776 0.1350140988 0.05652038682
649 0.8782926776 0.1281066422 0.06084257359
650 0.8899226852 0.1240828346 0.06356856819
651 0.8899226852 0.1409574266 0.06522178275
652 0.8899226852 0.1614052173 0.06814273809
653 0.8899226852 0.1378104203 0.06350531288
654 0.8899226852 0.1595255404 0.07466276117
655 0.8935636286 0.1289125444 0.05820918781
656 0.898240192 0.1413851402 0.06506956684
657 0.898240192 0.1506539395 0.0629450826
658 0.898240192 0.1137661486 0.0568638667
659 0.898240192 0.1365066481 0.05889158543
660 0.898240192 0.1211785313 0.05591030327
661 0.898240192 0.1337937996 0.0606136014
662 0.898240192 0.1731220879 0.07062269007
663 0.898240192 0.1730209477 0.07371899061
664 0.898240192 0.1600106514 0.06311271869
665 0.898240192 0.1422763133 0.06013603946
666 0.898240192 0.1744061369 0.07341429226
667 0.898240192 0.1782576984 0.06823947895
668 0.898240192 0.1678228565 0.06032202887
669 0.898240192 0.1806406861 0.06667712443
670 0.898240192 0.1757976013 0.06284314773
671 0.898240192 0.1651387446 0.06385303959
672 0.898240192 0.1543476878 0.06465536203
673 0.898240192 0.1391476392 0.05155644162
674 0.898240192 0.1400900019 0.05424124447
675 0.898240192 0.1219030786 0.04750297421
676 0.898240192 0.1314031553 0.05713194086
677 0.898240192 0.1555142226 0.07025005397
678 0.898240192 0.1409354867 0.06122347102
679 0.898240192 0.1352585402 0.05807291337
680 0.898240192 0.136724521 0.06074105712
681 0.898240192 0.1737310288 0.07320770928
682 0.898240192 0.186071615 0.06786013766
683 0.898240192 0.1790540004 0.05646122109
684 0.898240192 0.1733523555 0.07105984123
685 0.8984511663 0.1784595891 0.07706866402
686 0.8984511663 0.1531085319 0.07282396286
687 0.8984511663 0.1403926486 0.05806892051
688 0.8984511663 0.1156918206 0.05255383591
689 0.8984511663 0.1398215683 0.05598791329
690 0.8984511663 0.1270313567 0.05676015346
691 0.8984511663 0.1446712646 0.06842909697
692 0.8984511663 0.1192623349 0.05181795535
693 0.8984511663 0.1396983071 0.06026380027
694 0.8984511663 0.1371201667 0.05873916465
695 0.8984511663 0.1473889305 0.05843676778
696 0.8984511663 0.1218180898 0.04940127459
697 0.8984511663 0.1210617866 0.05071484109
698 0.8984511663 0.1193122478 0.0504765385
699 0.8984511663 0.1584026574 0.06422341648
700 0.8984511663 0.15768018 0.06668939296
701 0.8984511663 0.1539078869 0.0602097917
702 0.898980237 0.1667397275 0.06824406028
703 0.898980237 0.1506212231 0.05588734694
704 0.898980237 0.1484511036 0.0616323254
705 0.898980237 0.1495192575 0.05983718656
706 0.898980237 0.1507040042 0.06142732991
707 0.898980237 0.1463500885 0.06529693144
708 0.898980237 0.1302892187 0.0586989525
709 0.898980237 0.1449876138 0.06381876046
710 0.898980237 0.1154912122 0.04917263526
711 0.898980237 0.1412532861 0.06340814934
712 0.898980237 0.1456220941 0.06553698481
713 0.898980237 0.128891481 0.0598642031
714 0.898980237 0.1546292096 0.06652285647
715 0.898980237 0.1441150526 0.06121733259
716 0.898980237 0.1462929224 0.06615862165
717 0.898980237 0.1399322179 0.05499821097
718 0.898980237 0.1536963219 0.06384824787
719 0.898980237 0.1700803976 0.0711663664
720 0.898980237 0.1318064771 0.05347450176
721 0.898980237 0.144567163 0.06214931262
722 0.898980237 0.148118899 0.06480318487
723 0.8994769025 0.1512402824 0.06217349023
724 0.8994769025 0.1343822745 0.06677543394
725 0.8994769025 0.1240452542 0.06352147919
726 0.9039344771 0.1342081179 0.06659845397
727 0.9039344771 0.1096792329 0.05368139
728 0.9039344771 0.1243775113 0.06423806525
729 0.9039344771 0.1304669509 0.06514519787
730 0.9039344771 0.1619749165 0.07195788593
731 0.9039344771 0.1440666536 0.06491264515
732 0.9039344771 0.1778291686 0.07446148511
733 0.9039344771 0.1383678473 0.05554398721
734 0.9039344771 0.1552701075 0.06846565113
735 0.9039344771 0.1459363492 0.06226896199
736 0.9039344771 0.1439131136 0.05950633806
737 0.9039344771 0.14286839 0.05479102954
738 0.9039344771 0.1758009644 0.06240350868
739 0.9039344771 0.1395940388 0.05576910122
740 0.9039344771 0.1540287555 0.06254235303
741 0.9039344771 0.1618039616 0.06606539766
742 0.9039344771 0.1405277068 0.05542554696
743 0.9039344771 0.1288344478 0.05235414222
744 0.9039344771 0.1364279088 0.05691853401
745 0.9039344771 0.1224127959 0.04697244451
746 0.9039344771 0.1312032397 0.05724740645
747 0.9039344771 0.1269284917 0.05697740388
748 0.9039344771 0.1358477531 0.06108596567
749 0.9039344771 0.1277675711 0.06120111278
750 0.9039344771 0.1139131055 0.05946036194
751 0.9039344771 0.1231794659 0.0581091676
752 0.9039344771 0.1673980505 0.07361681833
753 0.9039344771 0.1583031038 0.06921772355
754 0.9039344771 0.1407212889 0.06198002438
755 0.9039344771 0.1387062499 0.06175428268
756 0.9039344771 0.1189923192 0.04936986536
757 0.9039344771 0.1354977019 0.05421371928
758 0.9039344771 0.137331395 0.05346599636
759 0.9039344771 0.1528652383 0.06088963083
760 0.9039344771 0.1437638025 0.05298460165
761 0.9039344771 0.1373326413 0.05793642529
762 0.9039344771 0.1262640034 0.05328406439
763 0.9039344771 0.135037191 0.05734938474
764 0.9039344771 0.1531601733 0.06441902471
765 0.9039344771 0.1370152578 0.06358091282
766 0.9039344771 0.1205635454 0.05355543922
767 0.9039344771 0.1102594777 0.0491578838
768 0.9039344771 0.1139934065 0.05217716091
769 0.9039344771 0.1244066964 0.0638120748
770 0.9039344771 0.1241800285 0.05238090223
771 0.9039344771 0.1158850785 0.05744679831
772 0.9039344771 0.08809475456 0.03999638187
773 0.9039344771 0.09282156165 0.04208454387
774 0.9039344771 0.0896576358 0.04222344218
775 0.9039344771 0.1134523946 0.04906610016
776 0.9039344771 0.1090076238 0.06101069491
777 0.9039344771 0.1137257447 0.05044436239
778 0.9039344771 0.1299823912 0.06108009687
779 0.9039344771 0.1404845445 0.06597778843
780 0.9039344771 0.1410247007 0.06407747014
781 0.9039344771 0.1219536084 0.0581789917
782 0.9039344771 0.156578033 0.06400978179
783 0.9039344771 0.110427363 0.05162711405
784 0.9039344771 0.1180257907 0.05133219246
785 0.9039344771 0.1115951462 0.04876679973
786 0.9039344771 0.1131768292 0.05353578815
787 0.9039344771 0.1217521474 0.05743718598
788 0.9039344771 0.130404869 0.05830332887
789 0.9039344771 0.1196307689 0.05841422937
790 0.9039344771 0.1049042109 0.05588920482
791 0.9039344771 0.109718374 0.05653250131
792 0.9039344771 0.1068161393 0.05121874784
793 0.9039344771 0.1028067809 0.04425001067
794 0.9039344771 0.1082416127 0.04989308083
795 0.9039344771 0.1030804271 0.05207514709
796 0.9039344771 0.1204506611 0.05659079561
797 0.9259239978 0.1201458495 0.0585959214
798 0.9259239978 0.09337861223 0.04918399322
799 0.9259239978 0.1066232178 0.04997825738
800 0.9259239978 0.1173661755 0.05174226763
801 0.9259239978 0.1215817835 0.04898148803
802 0.9259239978 0.1199492767 0.05294871111
803 0.9259239978 0.1188870491 0.05462990856
804 0.9259239978 0.1135590071 0.05311879557
805 0.9259239978 0.103213811 0.04733136902
806 0.9259239978 0.1054517359 0.04984236599
807 0.9259239978 0.08928247927 0.04744803452
808 0.9259239978 0.09868734278 0.04602015642
809 0.9259239978 0.0885704728 0.04709365105
810 0.9259239978 0.1290234218 0.05718648432
811 0.9259239978 0.1603570295 0.07029992128
812 0.9259239978 0.1249417356 0.05561808735
813 0.9259239978 0.1556766539 0.07053948257
814 0.9259239978 0.1414632143 0.05663008345
815 0.9259239978 0.1462704831 0.05628653153
816 0.9259239978 0.1443593441 0.0518009781
817 0.9259239978 0.1834985514 0.06781425848
818 0.9259239978 0.1728289035 0.06707802778
819 0.9259239978 0.1487995885 0.05149906244
820 0.9259239978 0.1448760163 0.0543103375
821 0.9259239978 0.1548977359 0.066933542
822 0.9259239978 0.1581192227 0.06691177863
823 0.9259239978 0.1451433832 0.06080620691
824 0.9259239978 0.1627274341 0.06731501383
825 0.9259239978 0.1593174698 0.0694746247
826 0.9259239978 0.1963578064 0.07380050596
827 0.9259239978 0.1408491033 0.05253212656
828 0.9259239978 0.1492999814 0.05986417758
829 0.9259239978 0.147408636 0.05570961739
830 0.9259239978 0.1322624311 0.05673614904
831 0.9259239978 0.1423831008 0.05623843818
832 0.9259239978 0.1420477198 0.05816399009
833 0.9259239978 0.1500850781 0.06081611158
834 0.9259239978 0.1389424855 0.06018769776
835 0.9259239978 0.137472477 0.06210323167
836 0.9259239978 0.1197482272 0.04968466152
837 0.9259239978 0.1262703753 0.05724590724
838 0.9259239978 0.1335645926 0.05376686828
839 0.9259239978 0.1575061864 0.0629215291
840 0.9259239978 0.1782542313 0.06801023833
841 0.9259239978 0.1737859933 0.07238580514
842 0.9259239978 0.1317092276 0.05427331013
843 0.9259239978 0.1560134771 0.06605824493
844 0.9259239978 0.1433414051 0.05938334925
845 0.9259239978 0.1485430579 0.06289721708
846 0.9259239978 0.1238611822 0.05529544763
847 0.9259239978 0.1431247032 0.05735663209
848 0.9259239978 0.1422719026 0.06402644668
849 0.9259239978 0.1363759291 0.05815724832
850 0.9259239978 0.1265239636 0.05214917074
851 0.9259239978 0.09172851117 0.04550750615
852 0.9259239978 0.1130515235 0.06095550187
853 0.9259239978 0.15617637 0.07456578427
854 0.9259239978 0.1529552694 0.07217803362
855 0.9259239978 0.1461744219 0.0720096001
856 0.9259239978 0.1200646606 0.05443751535
857 0.9259239978 0.1294736032 0.05891821793
858 0.9259239978 0.123469985 0.06074650795
859 0.9259239978 0.1487190072 0.05887900949
860 0.9259239978 0.1468144575 0.06078259804
861 0.9259239978 0.1400882052 0.06095610207
862 0.9486382169 0.138064501 0.06335325902
863 0.9486382169 0.1209094712 0.04813508003
864 0.9486382169 0.1281890441 0.05435539627
865 0.9486382169 0.1198205344 0.0545081495
866 0.9486382169 0.1285828041 0.05490230439
867 0.9486382169 0.1067836395 0.05397551058
868 0.9486382169 0.1173192634 0.05737119345
869 0.9486382169 0.120062288 0.05582236374
870 0.9486382169 0.1158160877 0.05337612578
871 0.9486382169 0.1179481497 0.05488120056
872 0.9486382169 0.09678106737 0.04642963318
873 0.9486382169 0.09676205098 0.0542254722
874 0.9486382169 0.1223037018 0.05964742615
875 0.9486382169 0.1143575486 0.04911651957
876 0.9486382169 0.08264138299 0.0472177991
877 0.9486382169 0.07992283025 0.04343360698
878 0.9486382169 0.08348557147 0.04752891232
879 0.9486382169 0.09443656 0.05038622547
880 0.9486382169 0.09183521315 0.05188913883
881 0.9486382169 0.09413451804 0.05182373569
882 0.9486382169 0.09112820672 0.05347102643
883 0.9486382169 0.08641747432 0.05222995958
884 0.9486382169 0.110648502 0.06590715069
885 0.9486382169 0.1158769799 0.06496698169
886 0.9486382169 0.1075545004 0.0583907083
887 0.9486382169 0.1001173323 0.04974855312
888 0.9486382169 0.09342476502 0.051434745
889 0.9486382169 0.08091773878 0.04332439263
890 0.9486382169 0.07730259921 0.05041552236
891 0.9486382169 0.1085886334 0.06575203985
892 0.9486382169 0.1056635129 0.05597808792
893 0.9486382169 0.1076864721 0.05519085189
894 0.9486382169 0.102022063 0.04648903866
895 0.9486382169 0.1236544318 0.06178678702
896 0.9486382169 0.1220589647 0.05737848396
897 0.9486382169 0.1143453323 0.05587002264
898 0.9486382169 0.1086853163 0.05141591051
899 0.9486382169 0.08433497204 0.04370118143
900 0.9486382169 0.1183996243 0.05960472799
901 0.9486382169 0.1197666219 0.0640212809
902 0.9486382169 0.1066714734 0.04871560169
903 0.9486382169 0.1049365631 0.05099207224
904 0.9486382169 0.1294926617 0.06949380519
905 0.9486382169 0.1225644478 0.05153083691
906 0.9486382169 0.1198289281 0.05824195012
907 0.9486382169 0.09695635212 0.04678321981
908 0.9486382169 0.1018582194 0.05590465124
909 0.9486382169 0.07505055465 0.04237002855
910 0.9486382169 0.09825938631 0.04863471736
911 0.9486382169 0.1248463229 0.0683839282
912 0.9486382169 0.1255996178 0.06103954274
913 0.9486382169 0.1438346701 0.07328579194
914 0.9486382169 0.1347836633 0.06441713998
915 0.9486382169 0.1297948143 0.05797258863
916 0.9486382169 0.1329055634 0.06270444673
917 0.9486382169 0.1060534695 0.05055713215
918 0.9486382169 0.08483826624 0.04745495026
919 0.9486382169 0.1114798482 0.06105499778
920 0.9486382169 0.1056615888 0.05489892846
921 0.9486382169 0.1078749232 0.05448263657
922 0.9486382169 0.1057458971 0.05780912869
923 0.9486382169 0.1190242106 0.07408373896
924 0.9486382169 0.1036492737 0.05227458442
925 0.9486382169 0.07863116273 0.04659292016
926 0.9486382169 0.1246711371 0.06631927536
927 0.9486382169 0.1323423662 0.06718529752
928 0.9486382169 0.1300136758 0.06532699649
929 0.9486382169 0.1151967311 0.06149118969
930 0.9486382169 0.09709158622 0.05570512147
931 0.9486382169 0.1006841529 0.05731241346
932 0.9486382169 0.1033370435 0.06521683301
933 0.9486382169 0.0855167085 0.05307603817
934 0.9486382169 0.09539471818 0.05640014984
935 0.9486382169 0.1033842785 0.06080834143
936 0.9486382169 0.09054199347 0.05788602096
937 0.9486382169 0.087251286 0.0566541715
938 0.9486382169 0.1180565991 0.06739899721
939 0.9486382169 0.1167491975 0.06005988786
940 0.9486382169 0.1065135914 0.059282581
941 0.9486382169 0.1107649206 0.06399999423
942 0.9486382169 0.1108456447 0.05987754633
943 0.9486382169 0.09380067768 0.05145385322
944 0.9486382169 0.1001554816 0.05390426777
945 0.9486382169 0.09042015387 0.05211468774
946 0.9486382169 0.06784639397 0.04391358862
947 0.9486382169 0.07499926812 0.04063629094
948 0.9486382169 0.08159408897 0.04519756606
949 0.9486382169 0.0968343489 0.05162169699
950 0.9486382169 0.09855679304 0.05722328922
951 0.9489246433 0.1049870747 0.06084688243
952 0.9489246433 0.09895208845 0.05029964526
953 0.9489246433 0.1083923277 0.05352322115
954 0.9489246433 0.08095645759 0.04547579488
955 0.9489246433 0.086052999 0.04353766383
956 0.9489246433 0.08922246672 0.04430402722
957 0.9489246433 0.1013002901 0.05167760293
958 0.9489246433 0.1242178232 0.0683256851
959 0.9489246433 0.1196523538 0.06289869849
960 0.9489246433 0.1151044438 0.06419634535
961 0.9489246433 0.1108199657 0.06518136126
962 0.9489246433 0.0967017273 0.06008224194
963 0.9489246433 0.1073727621 0.06300934272
964 0.9489246433 0.1074680085 0.05382134571
965 0.9489246433 0.1249458586 0.05850710199
966 0.9489246433 0.1147518486 0.06213382438
967 0.9489246433 0.1145593918 0.05985619641
968 0.9489246433 0.1139231562 0.05347087109
969 0.9489246433 0.10042393 0.05087008279
970 0.9489246433 0.1277110042 0.05986164678
971 0.9489246433 0.1315224301 0.05804958727
972 0.9510472373 0.1123157817 0.06106672316
973 0.9510472373 0.117392535 0.05532338155
974 0.9510472373 0.1118268903 0.05029183445
975 0.9510472373 0.1420270326 0.06156266722
976 0.9510472373 0.1454900047 0.06258253658
977 0.9510472373 0.1433974963 0.06432377851
978 0.9510472373 0.1170997292 0.05467292475
979 0.9510472373 0.09774175945 0.05333779547
980 0.9510472373 0.09543700125 0.05903506805
981 0.9510472373 0.1060153418 0.06243078562
982 0.9510472373 0.1107152155 0.05923232767
983 0.9510472373 0.1062893878 0.05623826313
984 0.9510472373 0.0967204954 0.05463232535
985 0.9510472373 0.1198884474 0.05758707656
986 0.9510472373 0.1183657356 0.05790964072
987 0.9510472373 0.09011012584 0.05133022975
988 0.9510472373 0.1016394388 0.06014596919
989 0.9510472373 0.1021464875 0.05783610568
990 0.9510472373 0.09579362811 0.05295867684
991 0.9510472373 0.08754542588 0.04511082009
992 0.9510472373 0.08143091279 0.04225076787
993 0.9510472373 0.09037037927 0.05146241419
994 0.9510472373 0.09292251127 0.05754455147
995 0.9510472373 0.07989844799 0.04891208627
996 0.9510472373 0.1063234064 0.05852881939
997 0.9510472373 0.09882335858 0.05327941404
998 0.9510472373 0.07896976489 0.04294795673
999 0.9510472373 0.09586327012 0.04829814332
1000 0.9510472373 0.08525311813 0.04520776569
1001 0.9510472373 0.0893018334 0.05306190223
1002 0.9510472373 0.09548319125 0.0468959121
1003 0.9629196847 0.1071982142 0.06085041258
1004 0.9629196847 0.1084248583 0.06291344406
1005 0.9629196847 0.1165249665 0.06760883478
1006 0.9629196847 0.09451357326 0.05566284188
1007 0.9629196847 0.1021250131 0.06375680297
1008 0.9629196847 0.08738722507 0.04738571762
1009 0.9629196847 0.1009554997 0.05421936731
1010 0.9629196847 0.1142502551 0.06204322504
1011 0.9629196847 0.1369375545 0.07377781496
1012 0.9629196847 0.1235928548 0.06434874589
1013 0.9629196847 0.1430748895 0.06417287667
1014 0.9629196847 0.1206432198 0.05377884727
1015 0.9629196847 0.1186933701 0.05938487589
1016 0.9629196847 0.08691295491 0.04590476461
1017 0.9629196847 0.1068892366 0.0560420689
1018 0.9629196847 0.09932015127 0.05105960641
1019 0.9629196847 0.102164584 0.05457278893
1020 0.9629196847 0.09678244936 0.05114443358
1021 0.9629196847 0.08185561791 0.04533652248
1022 0.9629196847 0.08632408054 0.04477911514
1023 0.9629196847 0.1138358993 0.06060055132
1024 0.9629196847 0.09777634087 0.0562200598
1025 0.9629196847 0.1094754591 0.0576323257
1026 0.9629196847 0.1162256612 0.05543112078
1027 0.9629196847 0.09683590138 0.04857857963
1028 0.9629196847 0.1039332204 0.06069078973
1029 0.9629196847 0.09550547144 0.05728794987
1030 0.9629196847 0.1145041181 0.06867729368
1031 0.9629196847 0.1074777421 0.05793890673
1032 0.9629196847 0.09283993705 0.06007000891
1033 0.9629196847 0.07816492966 0.05377446691
1034 0.9629196847 0.07881567839 0.04929344101
1035 0.9629196847 0.08014789497 0.04940202222
1036 0.9629196847 0.08679443979 0.05485251888
1037 0.9629196847 0.08710838772 0.05272133304
1038 0.9629196847 0.08570715157 0.05358661494
1039 0.9629196847 0.08435244242 0.05231855852
1040 0.9629196847 0.1046629956 0.06063152307
1041 0.9629196847 0.08187535081 0.05044145762
1042 0.9629196847 0.09154902253 0.05212694921
1043 0.9629196847 0.09925834963 0.0593679147
1044 0.9629196847 0.1151777253 0.06211194247
1045 0.9629196847 0.1109731875 0.06638658144
1046 0.9629196847 0.0957073125 0.05868155817
1047 0.9629196847 0.1166708152 0.06983050828
1048 0.9629196847 0.09314524123 0.04764686416
1049 0.9629196847 0.1030606003 0.05823652281
1050 0.9629196847 0.09641508122 0.06171516622
1051 0.9629196847 0.09726182947 0.05445028903
1052 0.9629196847 0.1011287985 0.05281303128
1053 0.9629196847 0.1007557657 0.05141635866
1054 0.9629196847 0.09363819365 0.05229334076
1055 0.9629196847 0.106936031 0.05327763811
1056 0.9629196847 0.09431327075 0.04788181085
1057 0.9629196847 0.09439062701 0.05295265342
1058 0.9629196847 0.1261482141 0.06478492421
1059 0.9629196847 0.10564069 0.05522075783
1060 0.9629196847 0.1075344886 0.06013055087
1061 0.9629196847 0.09110995788 0.05078183491
1062 0.9629196847 0.110558539 0.06038554892
1063 0.9629196847 0.124020573 0.06504986923
1064 0.9629196847 0.1113492488 0.05887141655
1065 0.9629196847 0.09826788619 0.04394263181
1066 0.9629196847 0.1061379848 0.05423130592
1067 0.9629196847 0.1111449489 0.06534431257
1068 0.9629196847 0.09781270903 0.06243056099
1069 0.9629196847 0.0779684346 0.05248832705
1070 0.9629196847 0.09067405694 0.0557366728
1071 0.9629196847 0.09761071818 0.05771135737
1072 0.9629196847 0.08310940325 0.04844805604
1073 0.9629196847 0.0941368796 0.05450127306
1074 0.9629196847 0.07528135252 0.04899309444
1075 0.9629196847 0.09005163674 0.05339344207
1076 0.9629196847 0.1015995621 0.06900727725
1077 0.9629196847 0.1232650992 0.06375724148
1078 0.9629196847 0.1299136216 0.07436098015
1079 0.9629196847 0.1142442867 0.06754258077
1080 0.9629196847 0.1203667572 0.07202217358
1081 0.9629196847 0.1201739774 0.06141149153
1082 0.9629196847 0.1294492338 0.06691391192
1083 0.9629196847 0.1125403431 0.05713730597
1084 0.9629196847 0.1092580852 0.05903045765
1085 0.9629196847 0.1323635786 0.07514892539
1086 0.9629196847 0.08814448972 0.05284787383
1087 0.9629196847 0.09785397959 0.06245029333
1088 0.9629196847 0.1239132262 0.07017355796
1089 0.9629196847 0.1005207541 0.06220493962
1090 0.9629196847 0.105008331 0.05844695454
1091 0.9629196847 0.1090519278 0.0584195419
1092 0.9629196847 0.1116111593 0.0622652779
1093 0.9634184937 0.1236637102 0.07071321794
1094 0.9634184937 0.1305505253 0.06514389451
1095 0.9634184937 0.1068226088 0.06078405331
1096 0.9634184937 0.1074627062 0.06525168879
1097 0.9634184937 0.09610454115 0.0605734235
1098 0.9634184937 0.08225046013 0.04780155938
1099 0.9634184937 0.1316176055 0.07635413879
1100 0.9634184937 0.1347617626 0.073421672
1101 0.9634184937 0.1434151854 0.07727270857
1102 0.9634184937 0.1219418267 0.07026760864
1103 0.9634184937 0.1130948351 0.06946818121
1104 0.9634184937 0.1020028428 0.05937681473
1105 0.9634184937 0.08585038613 0.05020775846
1106 0.9634184937 0.08189329758 0.04973789069
1107 0.9634184937 0.08365089989 0.05113303901
1108 0.9634184937 0.08585798075 0.04986344104
1109 0.9634184937 0.08097850838 0.0531915652
1110 0.9634184937 0.08374697052 0.04856698823
1111 0.9634184937 0.07789809862 0.05488119958
1112 0.9634184937 0.091628709 0.05955317874
1113 0.9634184937 0.09254640871 0.05955714768
1114 0.9634184937 0.101833282 0.05823497299
1115 0.9634184937 0.073143625 0.04638647805
1116 0.9634184937 0.08996920845 0.05425218324
1117 0.9640233112 0.09025027149 0.05309383801
1118 0.9640233112 0.08925994539 0.05374576465
1119 0.9640233112 0.09321274541 0.0534316843
1120 0.9640233112 0.110699662 0.0521069572
1121 0.9640233112 0.1066737817 0.06857348589
1122 0.9640233112 0.1051350632 0.06210581071
1123 0.9640233112 0.1172877225 0.05832619803
1124 0.9640233112 0.1353892247 0.0628967763
1125 0.9640233112 0.131443888 0.06119379208
1126 0.9640233112 0.1199864897 0.05296558638
1127 0.9748146655 0.1191886155 0.05879886718
1128 0.9748146655 0.09836308383 0.05252186085
1129 0.9748146655 0.1262694187 0.06364446724
1130 0.9748146655 0.1375882356 0.07008063836
1131 0.9748146655 0.1454188222 0.07577351413
1132 0.9748146655 0.1296305474 0.06734657951
1133 0.9748146655 0.1503565311 0.06776023271
1134 0.9748146655 0.1378462573 0.05947260968
1135 0.9748146655 0.1416478963 0.06714100145
1136 0.9748146655 0.1301781738 0.06326056718
1137 0.9748146655 0.1416888581 0.07396640263
1138 0.9748146655 0.1235982563 0.0666945542
1139 0.9748146655 0.1292855619 0.07212447613
1140 0.9748146655 0.1294492045 0.07438408516
1141 0.9748146655 0.09630887488 0.05537906044
1142 0.9748146655 0.09994847817 0.05290015332
1143 0.9748146655 0.09635205972 0.05349248509
1144 0.9748146655 0.08467171635 0.05126938062
1145 0.9748146655 0.107132631 0.06004430817
1146 0.9748146655 0.09996770903 0.0555510821
1147 0.9748146655 0.1125472806 0.06473825833
1148 0.9748146655 0.1333518994 0.07517179248
1149 0.9748146655 0.1390215619 0.06737184195
1150 0.9748146655 0.1544510103 0.06930254695
1151 0.9748146655 0.1500533516 0.0758012985
1152 0.9748146655 0.1432156395 0.07843988031
1153 0.9748146655 0.1148909348 0.05902218341
1154 0.9748146655 0.118319069 0.06602832994
1155 0.9748146655 0.1301856491 0.06240945823
1156 0.9748146655 0.1361720973 0.06670876018
1157 0.9748146655 0.1170151176 0.05414128968
1158 0.9748146655 0.1063186741 0.05899763432
1159 0.9748146655 0.0968334592 0.04957998329
1160 0.9748146655 0.08799218068 0.04904945113
1161 0.9748146655 0.1026380558 0.05055832312
1162 0.9748146655 0.1227627917 0.06161717969
1163 0.9748146655 0.1199559429 0.06924254234
1164 0.9748146655 0.1486786009 0.07868590646
1165 0.9748146655 0.1348131795 0.07086172734
1166 0.9748146655 0.1236308753 0.06744851672
1167 0.9748146655 0.1291203342 0.06013793574
1168 0.9748146655 0.1116786474 0.05626008595
1169 0.9748146655 0.1316978883 0.06869527046
1170 0.9748146655 0.1166307615 0.0640812637
1171 0.9748146655 0.1217070435 0.05341721075
1172 0.9748146655 0.1217572432 0.06271258545
1173 0.9748146655 0.08719641136 0.04739138323
1174 0.9748146655 0.1207604529 0.06317623458
1175 0.9748146655 0.1091375084 0.06551219653
1176 0.9748146655 0.09913281078 0.05677255769
1177 0.9748146655 0.09530174971 0.05923201334
1178 0.9748146655 0.1056448561 0.06421038951
1179 0.9748146655 0.08049935706 0.04825950287
1180 0.976803104 0.1281842104 0.0768087822
1181 0.976803104 0.1251439853 0.06562752781
1182 0.976803104 0.1034633234 0.06018776555
1183 0.976803104 0.1037101115 0.0605543399
1184 0.976803104 0.0993942224 0.05178763933
1185 0.976803104 0.1139263688 0.0675929474
1186 0.976803104 0.1399190457 0.0733469851
1187 0.976803104 0.1341184894 0.0781014969
1188 0.976803104 0.1396981698 0.06787044717
1189 0.976803104 0.1460477203 0.0716394735
1190 0.976803104 0.1171563505 0.06336540358
1191 0.976803104 0.1069154774 0.05457502536
1192 0.976803104 0.10241825 0.05322104261
1193 0.976803104 0.1134967437 0.06059176377
1194 0.9792903238 0.1382642265 0.07533123785
1195 0.9792903238 0.1504331146 0.07214765228
1196 0.9792903238 0.1535202587 0.07398707112
1197 0.9792903238 0.1204741064 0.06196072287
1198 0.9792903238 0.1191898211 0.06324912377
1199 0.9792903238 0.1269521516 0.06030467252
1200 0.9792903238 0.1358657535 0.06940277029
1201 0.9792903238 0.1283525283 0.07303990941
1202 0.9792903238 0.1366193237 0.0691509409
1203 0.9792903238 0.1054245865 0.06167457425
1204 0.9792903238 0.1150757024 0.06350780969
1205 0.9792903238 0.09998910153 0.05775137831
1206 0.9792903238 0.08852103782 0.04860456778
1207 0.9792903238 0.1099257935 0.06253792932
1208 0.9792903238 0.1153238331 0.06272781047
1209 0.9794115216 0.1310531898 0.06276966844
1210 0.9794115216 0.1327886609 0.06582498498
1211 0.9794115216 0.1097311548 0.0513032626
1212 0.9794115216 0.08612091399 0.04542345761
1213 0.9794115216 0.09029720961 0.05619181356
1214 0.9794115216 0.09538553123 0.05773021128
1215 0.9794115216 0.1113105487 0.06077375302
1216 0.9794115216 0.1395854126 0.0695370952
1217 0.9794115216 0.1153650083 0.05967157253
1218 0.9794115216 0.1137126537 0.06557319788
1219 0.9794115216 0.0987571417 0.05226533254
1220 0.9794115216 0.1021903798 0.05562630738
1221 0.9794115216 0.1116044359 0.0569505601
1222 0.9794115216 0.1179628979 0.06373423235
1223 0.9794115216 0.1367125987 0.07424775659
1224 0.9794115216 0.1023455952 0.05419044514
1225 0.9794115216 0.1053473681 0.05413434437
1226 0.9794115216 0.1220955915 0.07266107025
1227 0.9794115216 0.0923496654 0.05121599813
1228 0.9794115216 0.1042273451 0.05977495776
1229 0.9794115216 0.1194093713 0.06676053596
1230 0.9794115216 0.1229735735 0.06297777204
1231 0.9794115216 0.09619529849 0.05608985633
1232 0.9794115216 0.1188523137 0.07674511162
1233 0.9794115216 0.1080045769 0.0654048584
1234 0.9794115216 0.1244054874 0.06658470397
1235 0.9794115216 0.09969797249 0.05239756233
1236 0.9794115216 0.1004783015 0.05866022432
1237 0.9794115216 0.1016471442 0.05675291874
1238 0.9794115216 0.09764609577 0.05131548715
1239 0.9794115216 0.1073584383 0.06839521763
1240 0.9794115216 0.1253537085 0.06798694735
1241 0.9794115216 0.104520097 0.05526994495
1242 0.9794115216 0.1071635607 0.05721429607
1243 0.9794115216 0.1252541719 0.06128965094
1244 0.9794115216 0.1378278712 0.06648989878
1245 0.9794115216 0.1013518343 0.06222441732
1246 0.9794115216 0.0963899585 0.05355661628
1247 0.9794115216 0.1042767955 0.05249532883
1248 0.9794115216 0.1195261466 0.06432224344
1249 0.9794115216 0.1278661381 0.06161645706
1250 0.9794115216 0.1538869435 0.07666708649
1251 0.9794115216 0.1282672997 0.06781397926
1252 0.9794115216 0.1088066438 0.06274345535
1253 0.9794115216 0.1436390349 0.08112941401
1254 0.9794115216 0.1395091693 0.07371953149
1255 0.9794115216 0.09685460653 0.05449113146
1256 0.9794115216 0.1096673247 0.0661956307
1257 0.9794115216 0.1060925729 0.05910937544
1258 0.9794115216 0.1228571626 0.06983584672
1259 0.9794115216 0.1184537588 0.06914576879
1260 0.9794115216 0.1352526006 0.07508690031
1261 0.9794115216 0.1305178262 0.07642004563
1262 0.9794115216 0.1108498701 0.05399684036
1263 0.9794115216 0.1179168604 0.06378212506
1264 0.9803388639 0.1281875851 0.06331455372
1265 0.9803388639 0.1158504312 0.06178678051
1266 0.9803388639 0.1333756821 0.06747803404
1267 0.9803388639 0.1154908586 0.06035778817
1268 0.9803388639 0.1205329979 0.05914483171
1269 0.9803388639 0.1268180582 0.06057275281
1270 0.9803388639 0.1184477661 0.06631644188
1271 0.9803388639 0.1170014715 0.06620606731
1272 0.9803388639 0.1141102513 0.06882264327
1273 0.9803388639 0.1165610851 0.05662484228
1274 0.9803388639 0.1221865969 0.06431130708
1275 0.9803388639 0.1451620305 0.07972599856
1276 0.9803388639 0.1363011527 0.07089225062
1277 0.9803388639 0.1003714018 0.06401343408
1278 0.9803388639 0.1171890711 0.06523480019
1279 0.9803388639 0.09702447357 0.05571393656
1280 0.9803388639 0.1350839054 0.07246086144
1281 0.9803388639 0.1094965171 0.06943473622
1282 0.9803388639 0.1152878164 0.06678199133
1283 0.9803388639 0.1198546978 0.06129804492
1284 0.9803388639 0.1413570124 0.07041790948
1285 0.9803388639 0.1579989226 0.08139819172
1286 0.9803388639 0.1174498238 0.06306786487
1287 0.9803388639 0.1270196392 0.07221863918
1288 0.9803388639 0.1259902593 0.07501307234
1289 0.9803388639 0.1177052266 0.06124058739
1290 0.9803388639 0.1057191071 0.0498654864
1291 0.9803388639 0.1176176425 0.063762707
1292 0.9803388639 0.09808628875 0.05391938267
1293 0.9803388639 0.1078621084 0.06076769164
1294 0.9803388639 0.1055709315 0.0606679156
1295 0.9803388639 0.1081465138 0.06068201686
1296 0.9803388639 0.1122296829 0.06073432204
1297 0.9803388639 0.1373692633 0.07394871195
1298 0.9803388639 0.09573965798 0.0490105568
1299 0.9803388639 0.1022836841 0.05862983142
1300 0.9803388639 0.1334785871 0.07952036813
1301 0.9803388639 0.1342316417 0.07502124736
1302 0.9803388639 0.1309017135 0.0780114842
1303 0.9803388639 0.1270082983 0.06607061076
1304 0.9803388639 0.1006801494 0.0562608486
1305 0.9803388639 0.104734571 0.06618040534
1306 0.9803388639 0.103844965 0.06394105425
1307 0.9803388639 0.1037175303 0.06652277001
1308 0.9803388639 0.09622229372 0.05449597587
1309 0.9803388639 0.1247366263 0.06699136532
1310 0.9803388639 0.1353855967 0.06762174538
1311 0.9803388639 0.1354072538 0.06788169215
1312 0.9803388639 0.1257809457 0.06627772918
1313 0.9803388639 0.1428896979 0.07490377344
1314 0.9803388639 0.1286767841 0.06995383059
1315 0.9803388639 0.1248332153 0.0681831961
1316 0.9803388639 0.1125839841 0.06452997061
1317 0.9803388639 0.1032348465 0.05674080798
1318 0.9803388639 0.1420982545 0.0706469409
1319 0.9803388639 0.1365222728 0.07260760432
1320 0.9803388639 0.07508913229 0.04965431021
1321 0.9803388639 0.1068475305 0.071953801
1322 0.9803388639 0.1022777366 0.06374644042
1323 0.9803388639 0.1083484479 0.06369755867
1324 0.9803388639 0.10879785 0.06292381995
1325 0.9803388639 0.1122732055 0.05900243546
1326 0.9803388639 0.1477129524 0.08074114444
1327 0.9803388639 0.1469071016 0.07500678115
1328 0.9803388639 0.1258055887 0.06856913262
1329 0.9803388639 0.1361009613 0.06939311217
1330 0.9803388639 0.1224453505 0.06723660721
1331 0.9803388639 0.1198963145 0.06363645333
1332 0.9803388639 0.1095284663 0.06511212137
1333 0.9803388639 0.1039080019 0.05349486687
1334 0.9803388639 0.1304482295 0.06482951476
1335 0.9803388639 0.1466167831 0.06990718044
1336 0.9803388639 0.1610501977 0.07326620511
1337 0.9803388639 0.12254346 0.05776934983
1338 0.9803388639 0.1140635371 0.05914220818
1339 0.9803388639 0.1313254458 0.07059241874
1340 0.9803388639 0.1123845791 0.05957569261
1341 0.9803388639 0.1229021204 0.06850428844
1342 0.9803388639 0.1061318349 0.06850568887
1343 0.9803388639 0.1119973255 0.06866237059
1344 0.9803388639 0.1285872458 0.07148687588
1345 0.9803388639 0.1298186728 0.06769021565
1346 0.9803388639 0.1261925376 0.07367471978
1347 0.9803388639 0.105984826 0.06768446754
1348 0.9803388639 0.09313356332 0.05715577489
1349 0.9803388639 0.1095612121 0.0610278279
1350 0.9803388639 0.08626922025 0.05140468172
1351 0.9803388639 0.0805432215 0.05093221816
1352 0.9803388639 0.09486377865 0.05640709651
1353 0.9803388639 0.0857527621 0.05156248215
1354 0.9803388639 0.09415744282 0.0531655631
1355 0.9803388639 0.09811404645 0.05228597674
1356 0.9803388639 0.08614144785 0.0513806591
1357 0.9803388639 0.0900475555 0.05232296942
1358 0.9803388639 0.08021108876 0.04576645708
1359 0.9803388639 0.08305522938 0.05205395554
1360 0.9803388639 0.1001407446 0.05770997437
1361 0.9803388639 0.1160396396 0.06709212114
1362 0.9803388639 0.1027856603 0.05586614247
1363 0.9803388639 0.1151196689 0.06762191853
1364 0.9803388639 0.1082031226 0.05762013665
1365 0.9803388639 0.1183207931 0.0622019445
1366 0.9811488801 0.1224226862 0.06891475115
1367 0.9811488801 0.1326754985 0.07305006024
1368 0.9811488801 0.136058315 0.06958545897
1369 0.9811488801 0.1566796245 0.08418504908
1370 0.9811488801 0.1501319338 0.07461324179
1371 0.9811488801 0.1636502388 0.06832292346
1372 0.9811488801 0.1361830174 0.07770054407
1373 0.9811488801 0.1051706027 0.06236638669
1374 0.9811488801 0.1224349813 0.06950450937
1375 0.9811488801 0.1066456637 0.06441109352
1376 0.9811488801 0.1040979247 0.06021157443
1377 0.9811488801 0.1096286039 0.06362818665
1378 0.9811488801 0.09171823793 0.05143164416
1379 0.9811488801 0.08493505317 0.0497590678
1380 0.9811488801 0.08258241367 0.05098844967
1381 0.9811488801 0.1010622979 0.06732694679
1382 0.9811488801 0.1013220369 0.0618752479
1383 0.9811488801 0.1159582867 0.07463656117
1384 0.9811488801 0.1060517677 0.06328570756
1385 0.9811488801 0.1131841507 0.06472928303
1386 0.9811488801 0.1042697463 0.06548185972
1387 0.9811488801 0.1220496624 0.06135676204
1388 0.9811488801 0.1511078345 0.07842135266
1389 0.9811488801 0.1037143454 0.05164492446
1390 0.9811488801 0.1080693959 0.05587454761
1391 0.9811488801 0.1140325773 0.05456188356
1392 0.9811488801 0.08969395653 0.04860758224
1393 0.9811488801 0.1242087284 0.07752129746
1394 0.9811488801 0.136725909 0.07476840995
1395 0.9811488801 0.1131987189 0.06537401018
1396 0.9811488801 0.0961947316 0.05129410486
1397 0.9811488801 0.1122455411 0.06177859038
1398 0.9811488801 0.103579045 0.06846895613
1399 0.9811488801 0.1330097822 0.07535585054
1400 0.9811488801 0.1267148078 0.0737404769
1401 0.9811488801 0.1064495155 0.06071551293
1402 0.9811488801 0.1098215069 0.06022721053
1403 0.9811488801 0.1073918184 0.0591653495
1404 0.9811488801 0.1066505372 0.07112506027
1405 0.9811488801 0.1075482647 0.06499654556
1406 0.9811488801 0.117809567 0.07291992965
1407 0.9811488801 0.1255011718 0.07193247517
1408 0.9811488801 0.1412810441 0.0732139739
1409 0.9811488801 0.1079370281 0.05952945196
1410 0.9811488801 0.1059084522 0.05491075515
1411 0.9811488801 0.1282203227 0.06603507179
1412 0.9811488801 0.1354492148 0.07250560419
1413 0.9811488801 0.1207492756 0.0635694685
1414 0.9811488801 0.1301665943 0.07245648233
1415 0.9811488801 0.1083314594 0.05756539935
1416 0.9811488801 0.1011225573 0.06009756305
1417 0.9811488801 0.1044259535 0.05931627521
1418 0.9811488801 0.1070484357 0.05912887262
1419 0.9811488801 0.1326884456 0.07736073349
1420 0.9811488801 0.1216904886 0.06390300031
1421 0.9811488801 0.1139995226 0.05925392857
1422 0.9811488801 0.136783483 0.06632748433
1423 0.9811488801 0.112434088 0.05852054106
1424 0.9811488801 0.1430561528 0.07294160905
1425 0.9811488801 0.1313352382 0.07480934507
1426 0.9811488801 0.1206240771 0.06372419808
1427 0.9811488801 0.1332911555 0.07189617531
1428 0.9811488801 0.1327778467 0.07018697665
1429 0.9811488801 0.1530707938 0.08445789793
1430 0.9811488801 0.126752799 0.07619146603
1431 0.9811488801 0.1246499017 0.07234212986
1432 0.9811488801 0.1409687765 0.07347777904
1433 0.9811488801 0.1513138886 0.08521046459
1434 0.9811488801 0.1236776224 0.06994343462
1435 0.9811488801 0.1241249631 0.07067174818
1436 0.9811488801 0.118420865 0.0672137154
1437 0.9811488801 0.1124453549 0.0583364779
1438 0.9811488801 0.128750658 0.06648359999
1439 0.9811488801 0.1215089622 0.0674806919
1440 0.9811488801 0.109299819 0.06169322091
1441 0.9811488801 0.111763924 0.06007646384
1442 0.9811488801 0.1242859315 0.06868141398
1443 0.9811488801 0.1183671677 0.07464551491
1444 0.9811488801 0.104178208 0.06375613235
1445 0.9811488801 0.1369164044 0.08316758683
1446 0.9811488801 0.1129551555 0.06437634351
1447 0.9816221826 0.1213931687 0.07340677596
1448 0.9816221826 0.1464315052 0.07768267823
1449 0.9816221826 0.1332810005 0.06405971192
1450 0.9816221826 0.1236349973 0.06707323911
1451 0.9816221826 0.1158316182 0.06009543663
1452 0.9816221826 0.1392615571 0.07144678902
1453 0.9816221826 0.1064890069 0.06069971787
1454 0.9816221826 0.1301438204 0.07008901771
1455 0.9816221826 0.1481752428 0.07768433113
1456 0.9816221826 0.1003344728 0.05170103942
1457 0.9816221826 0.07738693307 0.04450050559
1458 0.9816221826 0.1019158821 0.05749559941
1459 0.9816221826 0.1187412032 0.06810379034
1460 0.9816221826 0.1425841835 0.07673161488
1461 0.9816221826 0.131016066 0.06619422383
1462 0.9816221826 0.1468633118 0.07134380439
1463 0.9816221826 0.1197738234 0.06212927346
1464 0.9816221826 0.09375464555 0.05221622917
1465 0.9816221826 0.1030757265 0.06047003103
1466 0.9816221826 0.1003262888 0.0584169979
1467 0.9906333742 0.1033146247 0.05578625279
1468 0.9906333742 0.1209960618 0.06349348688
1469 0.9906333742 0.1281133652 0.07216025396
1470 0.9906333742 0.12058965 0.06118737323
1471 0.9906333742 0.1073816083 0.0608187352
1472 0.9906333742 0.1067131289 0.05919031607
1473 0.9906333742 0.09854204326 0.05596031206
1474 0.9906333742 0.1098894729 0.06088381166
1475 0.9906333742 0.09137742162 0.04960627183
1476 0.9906333742 0.09425116452 0.05016009058
1477 0.9906333742 0.1147635269 0.06997876298
1478 0.9906333742 0.145691216 0.07703232189
1479 0.9906333742 0.1431852638 0.07178129188
1480 0.9906333742 0.1328966496 0.06855209703
1481 0.9906333742 0.1285907755 0.06289913718
1482 0.9906333742 0.1357909189 0.06385493815
1483 0.9906333742 0.1495346761 0.07138584034
1484 0.9906333742 0.1284480151 0.06071902343
1485 0.9906333742 0.1246224491 0.06087833171
1486 0.9906333742 0.1105896382 0.0503632457
1487 0.9906333742 0.09825617395 0.05379450774
1488 0.9906333742 0.09830763207 0.0573476037
1489 0.9906333742 0.119400293 0.06517669084
1490 0.9906333742 0.1062495408 0.06212455561
1491 0.9906333742 0.1352227341 0.06603438816
1492 0.9906333742 0.1597964113 0.07723206611
1493 0.9906333742 0.123060447 0.06453567953
1494 0.9906333742 0.1260572171 0.06639448432
1495 0.9906333742 0.1605678696 0.07139188982
1496 0.9919289467 0.158546932 0.07872783621
1497 0.9919289467 0.137950378 0.07292118136
1498 0.9919289467 0.1571630069 0.08734368175
1499 0.9919289467 0.1008366114 0.06276978163
1500 0.9919289467 0.110538978 0.06177223559
1501 0.9919289467 0.1165619061 0.06252347242
1502 0.9919289467 0.1082493355 0.05688548552
1503 0.9919289467 0.1244272684 0.07019089093
1504 0.9919289467 0.1115677652 0.0586405406
1505 0.9919289467 0.1159612799 0.06405899732
1506 0.9919289467 0.1220182685 0.06267012229
1507 0.9919289467 0.1371604429 0.06814452543
1508 0.9919289467 0.1415449501 0.07245817159
1509 0.9919289467 0.1488465383 0.07576113773
1510 0.9919289467 0.1653671699 0.08259191037
1511 0.9919289467 0.1491963826 0.06909285218
1512 0.9919289467 0.1766778952 0.07454255436
1513 0.9919289467 0.1586974513 0.06852857769
1514 0.9919289467 0.1535236471 0.07447750064
1515 0.9919289467 0.1567529458 0.07909756793
1516 0.9919289467 0.1469235838 0.06505487425
1517 0.9919289467 0.1335480582 0.06253338192
1518 0.9919289467 0.167195019 0.07653134488
1519 0.9919289467 0.1236868709 0.06343487234
1520 0.9919289467 0.1304137254 0.06795082644
1521 0.9919289467 0.1287097883 0.07094754545
1522 0.9919289467 0.1178641126 0.07197673089
1523 0.9919289467 0.1054925142 0.06213805918
1524 0.9919289467 0.09722510792 0.05476223413
1525 0.9919289467 0.1430365356 0.08709039826
1526 0.9919289467 0.1223894354 0.06640722806
1527 0.9919289467 0.1130271096 0.06996425792
1528 0.9919289467 0.1028585037 0.06793745144
1529 0.9919289467 0.09807958991 0.05363940311
1530 0.9919289467 0.1158036 0.05816551257
1531 0.9919289467 0.1438272967 0.08102147654
1532 0.9919289467 0.1469666223 0.07618735621
1533 0.9919289467 0.1267611649 0.06431263625
1534 0.9919289467 0.1260379204 0.06464851252
1535 0.9919289467 0.1212214812 0.06165085343
1536 0.9919289467 0.1571179659 0.08550726615
1537 0.9919289467 0.1623950269 0.08807473236
1538 0.9919289467 0.1503991051 0.06967112325
1539 0.9919289467 0.11833054 0.05849717617
1540 0.9919289467 0.1190983681 0.0566746241
1541 0.9919289467 0.1107825084 0.06485828607
1542 0.9919289467 0.1451084923 0.07566022711
1543 0.9919289467 0.1550086062 0.0723180922
1544 0.9919289467 0.1466187292 0.07418976727
1545 0.9919289467 0.1428477875 0.07900620005
1546 0.9919289467 0.1280313588 0.06723119956
1547 0.9919289467 0.1082558318 0.06679301798
1548 0.9919289467 0.106090219 0.05744620669
1549 0.9919289467 0.1081605976 0.06435063408
1550 0.9919289467 0.09962293641 0.06427174442
1551 0.9919289467 0.1055439934 0.06173396833
1552 0.9919289467 0.1239640705 0.07397725593
1553 0.9919289467 0.1240215823 0.06657347447
1554 0.9919289467 0.1365646002 0.07935659017
1555 0.9919289467 0.102316653 0.05524058707
1556 0.993115744 0.11779373 0.0664887735
1557 0.993115744 0.1127593339 0.06591929455
1558 0.993115744 0.1121449648 0.06517488372
1559 0.993115744 0.1257450926 0.06864227379
1560 0.993115744 0.1372455389 0.07682134191
1561 0.993115744 0.1146505822 0.06497125861
1562 0.993115744 0.131312038 0.07003099924
1563 0.993115744 0.1314782301 0.06580949725
1564 0.993115744 0.1272540866 0.06443317999
1565 0.993115744 0.1334869058 0.06894371369
1566 0.993115744 0.1115581654 0.06242834425
1567 0.993115744 0.1257060563 0.07011089084
1568 0.993115744 0.115575927 0.05906253218
1569 0.993115744 0.1142540262 0.0666883257
1570 0.993115744 0.1290903673 0.06792751032
1571 0.993115744 0.1636035067 0.08312543368
1572 0.993115744 0.1383429095 0.07076962577
1573 0.993115744 0.1208137656 0.06062811753
1574 0.993115744 0.1412508325 0.06515281947
1575 0.993115744 0.1419543841 0.06167342355
1576 0.993115744 0.1248968546 0.06998279482
1577 0.993115744 0.1068385079 0.06562369494
1578 0.993115744 0.1101920765 0.06173741963
1579 0.993115744 0.1112127572 0.06405852958
1580 0.993115744 0.09795807395 0.05762729719
1581 0.993115744 0.1023564549 0.06058299534
1582 0.993115744 0.1149848478 0.06463786028
1583 0.993115744 0.11550917 0.07040374359
1584 0.993115744 0.1114137984 0.07195442107
1585 0.993115744 0.1070734877 0.06737852447
1586 0.993115744 0.08875905659 0.05662943972
1587 0.993115744 0.1066980082 0.06453302497
1588 0.993115744 0.1160657807 0.07126777182
1589 0.993115744 0.1177130795 0.07550630341
1590 0.993115744 0.1127487966 0.06369743038
1591 0.993115744 0.1108956116 0.06630917173
1592 0.993115744 0.1074260831 0.0631028759
1593 0.993115744 0.1018464644 0.0614991475
1594 0.993115744 0.07794257656 0.04998752292
1595 0.993115744 0.09098843424 0.05272953382
1596 0.993115744 0.1211243761 0.07223164274
1597 0.993115744 0.1078656165 0.06869186873
1598 0.993115744 0.08570681093 0.04915849972
1599 0.993115744 0.1046423368 0.05983531535
1600 0.993115744 0.0826166375 0.05474338283
1601 0.993115744 0.07635454531 0.05351237067
1602 0.993115744 0.08509826877 0.05505550455
1603 0.993115744 0.09310792146 0.05800822366
1604 0.993115744 0.08028313611 0.05359954322
1605 0.993115744 0.09462172322 0.05186432962
1606 0.993115744 0.1016479067 0.058701851
1607 0.993115744 0.1262588293 0.06937189858
1608 0.993115744 0.1124235804 0.05468354484
1609 0.993115744 0.09881392654 0.05978615429
1610 0.993115744 0.101991822 0.05942424691
1611 0.993115744 0.1026290507 0.06198354877
1612 0.993115744 0.1115990269 0.06414811557
1613 0.9931989557 0.1189819262 0.06781864467
1614 0.9936876806 0.1357075408 0.08031301256
1615 0.9936876806 0.1332358346 0.07689126136
1616 0.9936876806 0.129030756 0.068934124
1617 0.9936876806 0.1412434937 0.06712361093
1618 0.9936876806 0.1334902741 0.06670234986
1619 0.9936876806 0.1420081562 0.07744161637
1620 0.9938317172 0.1037205927 0.06388804886
1621 0.9938317172 0.1112788032 0.06914506791
1622 0.9938317172 0.1052953447 0.05835568679
1623 0.9938317172 0.1102427742 0.07143022675
1624 0.9938317172 0.1153330893 0.0623215574
1625 0.9938317172 0.1181531342 0.06937607612
1626 0.9938317172 0.120118541 0.06857397877
1627 0.9938317172 0.1258058876 0.06710363538
1628 0.9938317172 0.09465675299 0.05661379295
1629 0.9938317172 0.09556075932 0.06526648104
1630 0.9938317172 0.09697313388 0.05834025527
1631 0.9938317172 0.09121530308 0.05730279665
1632 0.9938317172 0.09862285203 0.06000674628
1633 0.9938317172 0.1254230585 0.06935683544
1634 0.9938317172 0.09115644399 0.05373983449
1635 0.9938317172 0.09586727962 0.05728820142
1636 0.9938317172 0.1271105749 0.06880562625
1637 0.9938317172 0.1134322223 0.06493626462
1638 0.9938317172 0.1039404134 0.06632042691
1639 0.9938317172 0.1002175917 0.06792486244
1640 0.9938317172 0.1078851569 0.06959990138
1641 0.9938317172 0.1064031673 0.06597448272
1642 0.9938317172 0.1070373932 0.05927261764
1643 0.9938317172 0.1065553594 0.05886349874
1644 0.9938317172 0.1145550002 0.05705761747
1645 0.9938317172 0.1028256219 0.06087744456
1646 0.9938317172 0.1350892873 0.07260440464
1647 0.9938317172 0.1222499823 0.06261399198
1648 0.9938317172 0.1276737196 0.06980606041
1649 0.9938317172 0.106351738 0.05760597227
1650 0.9938317172 0.08701069227 0.05382615983
1651 0.9938317172 0.1059958591 0.06076681535
1652 0.9938317172 0.1300557525 0.0806404786
1653 0.9938317172 0.1322261483 0.07941248012
1654 0.9938317172 0.1135912208 0.06158697273
1655 0.9938317172 0.1201261645 0.06657921603
1656 0.9938317172 0.1270710198 0.0707908054
1657 0.9977311463 0.1145246916 0.06304106287
1658 0.9977311463 0.1366989033 0.07303768988
1659 0.9977311463 0.1424401796 0.07475386696
1660 0.9977311463 0.1603698641 0.07528281217
1661 0.9977311463 0.1600461543 0.07223506629
1662 0.999159801 0.1679077709 0.08258849408
1663 0.999159801 0.1665434564 0.07800970872
1664 0.999159801 0.155523661 0.07396195798
1665 0.999159801 0.1666761386 0.07155693472
1666 0.999159801 0.1600620256 0.07509531671
1667 0.999159801 0.1330102681 0.07268798376
1668 0.999159801 0.1500849282 0.0774368005
1669 0.999159801 0.1410011975 0.07589338769
1670 0.999159801 0.143100339 0.07306901539
1671 0.999159801 0.1376704278 0.06899141984
1672 0.999159801 0.13896906 0.06974643368
1673 0.999159801 0.1268617915 0.06499969572
1674 0.999159801 0.1279272696 0.06486741463
1675 0.999159801 0.1134027024 0.06229037789
1676 0.999159801 0.1027290133 0.06437779112
1677 0.999159801 0.1079480412 0.05594203076
1678 0.999159801 0.1128152875 0.0640201506
1679 0.999159801 0.09744119881 0.05419449683
1680 0.999159801 0.1024260655 0.06205029435
1681 0.999159801 0.1073762835 0.06808539906
1682 0.999159801 0.1209353161 0.07104781085
1683 0.999159801 0.1282595068 0.08009916243
1684 0.999159801 0.1054750447 0.06231665628
1685 0.999159801 0.1078579361 0.06927060683
1686 0.999159801 0.1030722422 0.06146586039
1687 0.999159801 0.1067317405 0.07124812165
1688 0.999159801 0.08809284629 0.05576679145
1689 0.999159801 0.111897519 0.06877737103
1690 0.999159801 0.09637815307 0.06070056937
1691 0.999159801 0.09451977681 0.06320946915
1692 0.999159801 0.1115610452 0.0711287405
1693 0.999159801 0.1052211862 0.06528054719
1694 0.9992161365 0.1201809966 0.08061799838
1695 0.9992161365 0.1154281844 0.06085383316
1696 0.9992161365 0.142727448 0.07723570289
1697 0.9992161365 0.1381324131 0.07346481044
1698 0.9992161365 0.1116397531 0.06210106697
1699 0.9992161365 0.1208495632 0.07129892325
1700 0.9992161365 0.09846717546 0.050185622
1701 0.9992161365 0.1242655069 0.07447906922
1702 0.9992161365 0.1302421491 0.0778291826
1703 0.9992161365 0.085130728 0.05138911228
1704 0.9992161365 0.1084378464 0.06530899774
1705 0.9992161365 0.09748493781 0.05500969695
1706 0.9992161365 0.1107500581 0.06325013866
1707 0.9992161365 0.09438121006 0.04898915438
1708 0.9992161365 0.09796789046 0.05630874568
1709 0.9992161365 0.1199077595 0.0643098095
1710 0.9992161365 0.1036110594 0.05295405946
1711 0.9992161365 0.1041000828 0.06363196788
1712 0.9992161365 0.1248936415 0.06809849515
1713 0.9992246629 0.1186465959 0.06132237669
1714 0.9992246629 0.1240821562 0.06504220375
1715 0.9992246629 0.1340453487 0.07545278319
1716 0.9992246629 0.1076029858 0.0596774148
1717 0.9992246629 0.09234066008 0.05375676275
1718 0.9992246629 0.08718592296 0.04933365701
1719 0.9992246629 0.09283992152 0.05159632269
1720 0.9992246629 0.09867270232 0.06162812435
1721 0.9992246629 0.09732795009 0.05457286405
1722 0.9992246629 0.1091971591 0.06485084797
1723 0.9992246629 0.1090316442 0.06737099827
1724 0.9992246629 0.1108770868 0.05885622478
1725 0.9992246629 0.09519093736 0.06131090305
1726 0.9992246629 0.1237090972 0.0690598482
1727 0.9992246629 0.1352177671 0.07132131322
1728 0.9992246629 0.1417420825 0.08731727182
1729 0.9992246629 0.1178156273 0.07072298014
1730 0.9992246629 0.1184842519 0.06732693657
1731 0.9992246629 0.1139003139 0.06199978663
1732 0.9992246629 0.1429974486 0.06796531536
1733 0.9992246629 0.106725825 0.06062674107
1734 0.9992246629 0.1144452937 0.06533736289
1735 0.9992246629 0.09452624566 0.05881524686
1736 0.9992246629 0.1233839069 0.07221282586
1737 0.9992246629 0.136894151 0.07391481337
1738 0.9992246629 0.1251811926 0.06644562915
1739 0.9992246629 0.1144682337 0.06441081425
1740 0.9992275654 0.1328004264 0.06844320964
1741 0.9992275654 0.1174336422 0.06865454613
1742 0.9992275654 0.1328774634 0.08095811068
1743 0.9992275654 0.1154486839 0.06815657134
1744 0.9992275654 0.08551437997 0.05363481696
1745 0.9992275654 0.0869406444 0.0529944689
1746 0.9992275654 0.1026259342 0.0636565936
1747 0.9992275654 0.104096537 0.0620400232
1748 0.9992275654 0.1025377828 0.06515977689
1749 0.9992275654 0.07240590768 0.04771207472
1750 0.9992275654 0.06902731318 0.04573821926
1751 0.9992275654 0.09488049127 0.05985074313
1752 0.9992275654 0.1090698363 0.06341228991
1753 0.9992275654 0.08752847217 0.05295861119
1754 0.9992275654 0.109213143 0.05358190895
1755 0.9992275654 0.08984049569 0.05770546651
1756 0.9992275654 0.1082322219 0.06696769831
1757 0.9992275654 0.09088787116 0.05377614246
1758 0.9992275654 0.08937082486 0.05662888751
1759 0.9992275654 0.1058352605 0.0689148719
1760 0.9992275654 0.1002989522 0.06174795332
1761 0.9992275654 0.1427618436 0.08395556154
1762 0.9992275654 0.1425566794 0.08436891915
1763 0.9992275654 0.1102017165 0.05750737737
1764 0.9992275654 0.1022948322 0.05686606501
1765 0.9992275654 0.09208728377 0.0522266545
1766 0.9992275654 0.1043031341 0.06286013373
1767 0.9992275654 0.1253912262 0.07065484245
1768 0.9992275654 0.1186066214 0.06461856581
1769 0.9992275654 0.1144280399 0.05753336383
1770 0.9992275654 0.1125677381 0.06312718999
1771 0.9992275654 0.1239591478 0.059966606
1772 0.9992275654 0.1108183496 0.05523978253
1773 0.9992275654 0.1179179815 0.06904392002
1774 0.9992275654 0.122073544 0.06153136365
1775 0.9992275654 0.1378826602 0.0745888585
1776 0.9992275654 0.1335213128 0.06973196059
1777 0.9992275654 0.1151800095 0.06075518632
1778 0.9992275654 0.09796253159 0.05429991896
1779 0.9992275654 0.1095097955 0.06163255549
1780 0.9992275654 0.1090136937 0.0657287885
1781 0.9992275654 0.1264552849 0.07994313928
1782 0.9992275654 0.117204894 0.05880571282
1783 0.9992275654 0.1302379653 0.07354821611
1784 0.9992275654 0.1119003055 0.05872744622
1785 0.9992275654 0.1154539143 0.06326112664
1786 0.9992275654 0.1017582994 0.05892633053
1787 0.9992275654 0.1035832946 0.05899926243
1788 0.9992275654 0.1024478718 0.06234321105
1789 0.9992275654 0.1362035799 0.07970586272
1790 0.9992275654 0.128345766 0.07960659886
1791 0.9992275654 0.1065534917 0.05674999935
1792 0.9992275654 0.1145215747 0.05661094413
1793 0.9992275654 0.1579485983 0.07225849236
1794 0.9992275654 0.1635298815 0.07185804036
1795 0.9992275654 0.1362741102 0.06069240925
1796 0.9992275654 0.1483166757 0.06875203089
1797 0.9992275654 0.1395487321 0.07092842141
1798 0.9992275654 0.1268588208 0.06215718952
1799 0.9992275654 0.1117320459 0.05726082333
1800 0.9992275654 0.1641191762 0.08221268479
1801 0.9992275654 0.1262302918 0.05984543314
1802 0.9992275654 0.08968263406 0.04910736559
1803 0.9992275654 0.1008602672 0.05363072259
1804 0.9992275654 0.09163004444 0.0473899741
1805 0.9992275654 0.1014761664 0.05992161121
1806 0.9992275654 0.1098538701 0.05976006894
1807 0.9992275654 0.08595074603 0.0539348121
1808 0.9992275654 0.1151628645 0.06619644137
1809 0.9992275654 0.1091146074 0.06062234549
1810 0.9992275654 0.08608333954 0.05251462855
1811 0.9992275654 0.09284492803 0.05821984618
1812 0.9992275654 0.08674356694 0.0533670542
1813 0.9992275654 0.1200569251 0.06904765015
1814 0.9992275654 0.1115162849 0.065913268
1815 0.9992275654 0.1369692266 0.0767866352
1816 0.9992275654 0.1382806716 0.07614212691
1817 0.9992275654 0.1442378973 0.07461008042
1818 0.9992275654 0.119515782 0.06449100443
1819 0.9992275654 0.1417262322 0.08384694519
1820 0.9992275654 0.1261780214 0.07735401932
1821 0.9992275654 0.1215351366 0.07774902707
1822 0.9992275654 0.1148203815 0.06981342814
1823 0.9992275654 0.09813643794 0.05947381588
1824 0.9992275654 0.1000476494 0.0585557668
1825 0.9992275654 0.0932857562 0.06157222239
1826 0.9992275654 0.09147177043 0.05871808476
1827 0.9992275654 0.08651425041 0.05405288383
1828 0.9992275654 0.09079699334 0.05747370021
1829 0.9992275654 0.09130019097 0.05649680559
1830 0.9992275654 0.1041788801 0.05722513532
1831 0.999232561 0.121896267 0.07085662327
1832 0.999232561 0.1348571149 0.07045276238
1833 0.999232561 0.1133478868 0.06089325273
1834 0.999232561 0.1064553499 0.05999287872
1835 0.999232561 0.1187201551 0.06375972002
1836 0.999232561 0.126807582 0.06810039199
1837 0.999232561 0.1200285957 0.06662799744
1838 0.999232561 0.1163361695 0.05988353356
1839 0.999232561 0.1242311622 0.07229814318
1840 0.999232561 0.1143341811 0.06034158864
1841 0.999232561 0.1145594796 0.06484454514
1842 0.999232561 0.1158444054 0.07480001009
1843 0.999232561 0.143415058 0.080963463
1844 0.999232561 0.1311141994 0.07213364018
1845 0.999232561 0.1083959124 0.05593279047
1846 0.999232561 0.119342283 0.06391372916
1847 0.999232561 0.1270410908 0.0730399724
1848 0.999232561 0.1175892806 0.0689380873
1849 0.999232561 0.1359070576 0.08383939732
1850 0.999232561 0.09772877397 0.05973194091
1851 0.999232561 0.1020530107 0.06287472118
1852 0.999232561 0.1065896466 0.06235646294
1853 0.999232561 0.102820741 0.05885624488
1854 0.999232561 0.1089731416 0.07151379635
1855 0.999232561 0.08482896118 0.0600337577
1856 0.999232561 0.07944434033 0.0495744508
1857 0.999232561 0.129248056 0.07372238336
1858 0.999232561 0.1234143096 0.06821609355
1859 0.999232561 0.1170750073 0.07216248577
1860 0.999232561 0.0965333312 0.05750997557
1861 0.999232561 0.08425953994 0.04841748823
1862 0.999232561 0.1037982237 0.06109965419
1863 0.999232561 0.1048671806 0.06600644779
1864 0.999232561 0.1031963383 0.05665984528
1865 0.999232561 0.1138044098 0.06435652699
1866 0.999232561 0.1184318203 0.06935770837
1867 0.999232561 0.09813754868 0.06280807829
1868 0.999232561 0.1015554189 0.06428803631
1869 0.999232561 0.1024128205 0.05720694019
1870 0.999232561 0.09626378169 0.06290556299
1871 0.999232561 0.107102089 0.06763417408
1872 0.999232561 0.1118325279 0.07279191682
1873 0.999232561 0.09715111112 0.0660560976
1874 0.999232561 0.09999979494 0.06202325425
1875 0.999232561 0.07501126305 0.04961384044
1876 0.999232561 0.07026727863 0.04748153796
1877 0.999232561 0.09972849781 0.06254125364
1878 0.999232561 0.1013592037 0.06472469484
1879 0.999232561 0.1009912684 0.06777224938
1880 0.999232561 0.1178627675 0.06650592947
1881 0.999232561 0.114461932 0.06760499865
1882 0.999232561 0.09557914175 0.05525044081
1883 0.999232561 0.08307232572 0.04512514925
1884 0.999232561 0.0927068078 0.05499109752
1885 0.999232561 0.07753105093 0.04861815915
1886 0.999232561 0.0867614832 0.05395554718
1887 0.999232561 0.1121596931 0.06943127627
1888 0.999232561 0.1040356327 0.06401281733
1889 0.999232561 0.0871576958 0.04960542829
1890 0.999232561 0.1369094922 0.0805413936
1891 0.999232561 0.1550835721 0.09244038069
1892 0.999232561 0.1369287071 0.07741620072
1893 0.999232561 0.124330594 0.06880123541
1894 0.999232561 0.1246281201 0.07378900224
1895 0.999232561 0.1162481096 0.06380008013
1896 0.999232561 0.1125600062 0.06781039127
1897 0.999232561 0.1091176717 0.05896685483
1898 0.999232561 0.1399400076 0.07762650185
1899 0.999232561 0.1482329825 0.08248037204
1900 0.999232561 0.1181291193 0.07214907437
1901 0.999232561 0.1012165403 0.05889644708
1902 0.999232561 0.1137207159 0.06752352429
1903 0.999232561 0.1214969191 0.07574887529
1904 0.999232561 0.1071430518 0.05999642264
1905 0.999232561 0.1026974857 0.05695386547
1906 0.999232561 0.1349484026 0.05922809552
1907 0.999232561 0.1534052061 0.07689230092
1908 0.999232561 0.1389110768 0.07086084843
1909 0.999232561 0.1406344221 0.07541439975
1910 0.999232561 0.1445745341 0.07313671727
1911 0.999232561 0.1398333349 0.07542242332
1912 0.999232561 0.1326987177 0.07412418264
1913 0.999232561 0.1006649079 0.0572775229
1914 0.999232561 0.09600123184 0.05497991359
1915 0.999232561 0.09796576402 0.05333430668
1916 0.999232561 0.1164926086 0.06493975087
1917 0.999232561 0.1179634773 0.06332186189
1918 0.999232561 0.1326505725 0.0731191925
1919 0.999232561 0.1417291997 0.08079966212
1920 0.999232561 0.1408423433 0.07577667501
1921 0.999232561 0.1583528871 0.0806671285
1922 0.999232561 0.1565950713 0.07239132094
1923 0.999232561 0.1718501877 0.07950370246
1924 0.999232561 0.1642362237 0.07547627802
1925 0.999232561 0.1350202762 0.06735053276
1926 0.999232561 0.1277270959 0.08210700942
1927 0.999232561 0.1327461023 0.0698784755
1928 0.999232561 0.1148613996 0.05528035632
1929 0.999232561 0.1295926091 0.07416399699
1930 0.999232561 0.1087050941 0.06415021445
1931 0.999232561 0.1186743962 0.06869944274
1932 0.999232561 0.1220739026 0.068625235
1933 0.999232561 0.08711528728 0.05039275175
1934 0.999232561 0.1077603341 0.06218087412
1935 0.999232561 0.1108909754 0.07637423263
1936 0.999232561 0.1051109242 0.06254364983
1937 0.999232561 0.09578136007 0.06083880056
1938 0.999232561 0.1081866097 0.06460047445
1939 0.999232561 0.1056583782 0.06287651226
1940 0.999232561 0.06490339019 0.04126923521
1941 0.999232561 0.0925204305 0.05575549728
1942 0.999232561 0.08676448712 0.05181106116
1943 0.999232561 0.08026625911 0.04676993436
1944 0.999232561 0.08603284426 0.05317170223
1945 0.999232561 0.1013500417 0.067014902
1946 0.999232561 0.1018316922 0.06437367781
1947 0.999232561 0.08206640255 0.05123574178
1948 0.999232561 0.1208201731 0.07123631806
1949 0.999232561 0.09161886932 0.05277519181
1950 0.999232561 0.1260887653 0.06948540181
1951 0.999232561 0.1240243107 0.06920453743
1952 0.999232561 0.1376249077 0.07638952074
1953 0.999232561 0.1068076462 0.05856452851
1954 0.999232561 0.1151726697 0.06484544021
1955 0.999232561 0.1511757984 0.08097378647
1956 0.999232561 0.139333476 0.07156853862
1957 0.999232561 0.1250124002 0.06329114592
1958 0.999232561 0.1672950188 0.08531830877
1959 0.999232561 0.1176273127 0.05954208597
1960 0.999232561 0.1166829419 0.05862921054
1961 0.999232561 0.1189490975 0.06123776936
1962 0.999232561 0.1257032697 0.0689165631
1963 0.999232561 0.1018506486 0.05663657607
1964 0.999232561 0.128199028 0.07254865158
1965 0.999232561 0.1104666953 0.0612509234
1966 0.999232561 0.1255437284 0.07031973487
1967 0.999232561 0.1079201207 0.05598612242
1968 0.999232561 0.1038440801 0.06380544832
1969 0.999232561 0.1034646329 0.06879691299
1970 0.999232561 0.1330368047 0.07174486944
1971 0.999232561 0.1135130357 0.06457297986
1972 0.999232561 0.1458274163 0.0719884761
1973 0.999232561 0.1410185828 0.07172686153
1974 0.999232561 0.1197694067 0.06416323828
1975 0.999232561 0.1414703526 0.06935023872
1976 0.999232561 0.157057256 0.08417965194
1977 0.999232561 0.1343691276 0.06806558825
1978 0.999232561 0.1302075372 0.07589871541
1979 0.999232561 0.12702046 0.0704837
1980 0.999232561 0.1222388965 0.06891000452
1981 0.999232561 0.1281788336 0.08261416883
1982 0.999232561 0.1360472006 0.07427454315
1983 0.999232561 0.1394715617 0.06686533253
1984 0.999232561 0.1433154802 0.07991842307
1985 0.999232561 0.1426405006 0.0767199142
1986 0.999232561 0.1371772607 0.06737088148
1987 0.999232561 0.1284440197 0.07009048095
1988 0.999232561 0.1135791265 0.05375747185
1989 0.999232561 0.1547059631 0.0809612203
1990 0.999232561 0.120787759 0.06505188546
1991 0.999232561 0.1423490382 0.06949258953
1992 0.999232561 0.1319103846 0.06566475348
1993 0.999232561 0.1545028205 0.07360902611
1994 0.999232561 0.148413328 0.07035635082
1995 0.999232561 0.1360792539 0.06333195502
1996 0.999232561 0.1018401472 0.05829170228
1997 0.999232561 0.1167394768 0.06400897009
1998 0.999232561 0.1132307194 0.05739917235
1999 0.999232561 0.1047758016 0.05187861999
2000 0.9992365533 0.1117821739 0.07755852769
