0 0 0 0
1 0 0 0
2 0 0 0
3 0 0 0
4 0 0 0
5 0 0 0
6 0 0 0
7 0 0 0
8 0 0 0
9 0 0 0
10 0 0 0
11 0 0 0
12 0 0 0
13 0 0 0
14 0.003239285738 3.239285738e-05 1.049297209e-07
15 0.003466576563 6.705862301e-05 2.228327199e-07
16 0.003466576563 0.0001360204165 4.488779278e-07
17 0.003466576563 0.0001779289489 5.182734198e-07
18 0.003466576563 0.0002152253474 5.911036048e-07
19 0.004232336271 0.0001984338889 6.294658918e-07
20 0.006561354475 0.000302846534 1.320114633e-06
21 0.006561354475 0.0003404537654 1.45623042e-06
22 0.006561354475 0.0003521724674 1.585224424e-06
23 0.008389491764 0.0003728636829 1.96828843e-06
24 0.008389491764 0.0004771860555 2.57099371e-06
25 0.009131421637 0.000427780232 2.826824834e-06
26 0.00986212272 0.000422363857 3.232421482e-06
27 0.00986212272 0.0005295065437 3.904099536e-06
28 0.01145285596 0.0006809156909 6.167069589e-06
29 0.01693641014 0.0008978919891 8.863948198e-06
30 0.01966483667 0.00113680852 1.435505581e-05
31 0.01966483667 0.001275284235 1.700671963e-05
32 0.0561066518 0.002181042541 5.300573784e-05
33 0.0561066518 0.002600890232 7.442021229e-05
34 0.08439444603 0.003151605995 0.0001433463485
35 0.08439444603 0.004710590477 0.0002370924006
36 0.08439444603 0.005583948564 0.0003168294425
37 0.08439444603 0.005483770288 0.0002988393225
38 0.08439444603 0.005861652289 0.0003231833741
39 0.08439444603 0.00493051995 0.0002889219745
40 0.08439444603 0.004247851975 0.0002825303838
41 0.09004600044 0.005553873134 0.0003696452359
42 0.09004600044 0.005853135553 0.0003925075932
43 0.1067278428 0.007175256828 0.0004904506039
44 0.1067278428 0.007847654339 0.0005734387908
45 0.1067278428 0.008455042241 0.0006431501719
46 0.121509561 0.006973147927 0.0005749781827
47 0.121509561 0.008030689565 0.0006861218659
48 0.547083535 0.01465897676 0.003718261424
49 0.547083535 0.01280160225 0.003518820086
50 0.547083535 0.01159344299 0.003460669403
51 0.5925930611 0.01752285178 0.006806034353
52 0.5963574657 0.0215896178 0.01006243659
53 0.5963574657 0.03401092584 0.01520975718
54 0.5963574657 0.04098344518 0.01851472482
55 0.5963574657 0.04883563978 0.0211025924
56 0.5963574657 0.04715023007 0.02217794803
57 0.5963574657 0.0562327028 0.02452766909
58 0.5963574657 0.05598792535 0.02434383447
59 0.5963574657 0.07020871588 0.02652875387
60 0.6076719464 0.06401028498 0.02558709273
61 0.6454612619 0.07759910234 0.03137678678
62 0.6454612619 0.07006045309 0.02791978772
63 0.6454612619 0.05960992868 0.02110972241
64 0.6726847489 0.07296481043 0.02624915401
65 0.6726847489 0.07920225691 0.03062264312
66 0.6726847489 0.07507867367 0.02515634563
67 0.6726847489 0.08345722097 0.02686943348
68 0.6726847489 0.07182552335 0.0249027598
69 0.7483761954 0.08838124943 0.03586842618
70 0.7501756813 0.1042239668 0.04100297139
71 0.978819585 0.1163176255 0.05857201603
72 0.978819585 0.09400313685 0.05316101273
73 0.978819585 0.1104490086 0.05963086624
74 0.9844692963 0.1297471191 0.07367926833
75 0.9844692963 0.1208920477 0.06891930008
76 0.9844692963 0.1420903385 0.07352860877
77 0.9844692963 0.1205083951 0.060603791
78 0.9906442258 0.1276679111 0.0698406653
78 0.0281844781 0.001315926081 1.888373072e-05
79 0.0281844781 0.00154373828 2.610627045e-05
80 0.0321724971 0.002282978031 4.412387039e-05
81 0.0321724971 0.001992103279 3.842653065e-05
82 0.0321724971 0.002116289008 4.37157326e-05
83 0.0321724971 0.00190084529 3.801675021e-05
84 0.0321724971 0.002662441717 5.340162235e-05
85 0.0321724971 0.002659507258 5.99529803e-05
86 0.04435468098 0.003009362318 6.341470127e-05
87 0.04435468098 0.003109888179 6.500005346e-05
88 0.04435468098 0.003385722918 7.520749409e-05
89 0.05615759914 0.004391131232 0.0001363595977
90 0.05615759914 0.003892250498 0.0001262200788
91 0.05735851966 0.004669909207 0.0001653447748
92 0.07086511007 0.006689916907 0.0002220703329
93 0.1045765408 0.006733943725 0.0002915382416
94 0.145755046 0.009203425172 0.0005207255108
95 0.145755046 0.0107270396 0.0006701793974
96 0.1626796363 0.01303307811 0.001121183973
97 0.1821828651 0.0148868117 0.001349196551
98 0.1821828651 0.01608948701 0.001459500391
99 0.1821828651 0.01504745305 0.001326897516
100 0.1872856301 0.01784989166 0.001718603737
101 0.1903914977 0.02158490382 0.002159251257
102 0.1925663236 0.02458448873 0.002470722128
103 0.2667972501 0.02829936155 0.003147412799
104 0.2667972501 0.03380955827 0.004332100647
105 0.2667972501 0.03082886684 0.004227224452
106 0.2667972501 0.0297198961 0.003596993284
107 0.2667972501 0.02859440778 0.003594749601
108 0.2930759059 0.03368093951 0.005129032348
109 0.3156685108 0.04057675376 0.006549663306
110 0.3156685108 0.03605864907 0.005895557426
111 0.3565535542 0.03694229493 0.006259837032
112 0.3565535542 0.03706525549 0.005562943145
113 0.3565535542 0.03693780736 0.00609561883
114 0.3565535542 0.0496126155 0.008341399786
115 0.4093610993 0.04919620951 0.009559146533
116 0.529366173 0.04216903446 0.01000088447
117 0.529366173 0.03839028024 0.009723055479
118 0.529366173 0.04727330257 0.01216526427
119 0.529366173 0.039669547 0.01013777174
120 0.529366173 0.04187476623 0.01033130958
121 0.529366173 0.04084832132 0.0103752547
122 0.529366173 0.04212761761 0.01000447642
123 0.529366173 0.05255116869 0.01159986027
124 0.5561246139 0.06099911103 0.01534543569
125 0.5561246139 0.06734327499 0.01663196121
126 0.5561246139 0.0583564761 0.01332829202
127 0.5635307975 0.06526493191 0.01743490917
128 0.5635307975 0.0724086648 0.0224425171
129 0.7645238387 0.08435511864 0.02686475633
130 0.7645238387 0.07199482455 0.02387441759
131 0.7645238387 0.08515022456 0.02918230692
132 0.7645238387 0.09046264006 0.03161733473
133 0.7765410085 0.1098562083 0.04106415415
134 0.7765410085 0.08288684013 0.03364748006
135 0.7765410085 0.09043498263 0.03696208409
136 0.7765410085 0.08015944709 0.03093866703
137 0.7765410085 0.09201036513 0.03433939589
138 0.7765410085 0.0960452817 0.03818324173
139 0.7765410085 0.08306323457 0.03113605417
140 0.7765410085 0.07916172293 0.02826372712
141 0.7765410085 0.09294673491 0.03383590266
142 0.7765410085 0.0958273273 0.03806293428
143 0.7839354228 0.1136768706 0.04494122076
144 0.7839354228 0.1136340093 0.0422579519
145 0.7839354228 0.1268225291 0.04708517309
146 0.7839354228 0.09856529995 0.03411850992
147 0.7839354228 0.1167667625 0.04165715
148 0.8305725526 0.1289813111 0.05190786059
149 0.8305725526 0.1251425099 0.05046356564
150 0.8305725526 0.1016207811 0.03614011164
151 0.8305725526 0.1113921164 0.04071185739
152 0.8305725526 0.1108618399 0.0376600686
153 0.8305725526 0.1142951396 0.03927994009
154 0.8305725526 0.1023706958 0.03295045462
155 0.8305725526 0.1115646491 0.03742008353
156 0.8305725526 0.1209119353 0.03856500358
157 0.8305725526 0.1223364239 0.04703442226
158 0.8305725526 0.1323489759 0.04688232258
159 0.8305725526 0.1405583699 0.04256905387
160 0.8305725526 0.1115394971 0.0365329784
161 0.8305725526 0.1296244851 0.04247326571
162 0.8305725526 0.131886345 0.04871276519
163 0.8305725526 0.1507166873 0.05460461936
164 0.8305725526 0.1403277015 0.05012669916
165 0.8305725526 0.1624392079 0.05658503034
166 0.8305725526 0.144229526 0.04897833262
167 0.8305725526 0.1501545461 0.04640064871
168 0.8305725526 0.1695088999 0.05693297041
169 0.8305725526 0.1728969527 0.05976934614
170 0.8305725526 0.1953733493 0.06239738221
171 0.8305725526 0.1586595547 0.05086129246
172 0.8305725526 0.1485922843 0.05076653354
173 0.8305725526 0.1459375112 0.04739321929
174 0.8305725526 0.1233854741 0.04183945085
175 0.8305725526 0.1600968752 0.04518786464
176 0.8305725526 0.1444121076 0.04838248894
177 0.8305725526 0.1284048116 0.04007823818
178 0.8305725526 0.138793627 0.04229871602
179 0.8305725526 0.1504284725 0.05742026049
180 0.8864383013 0.160391489 0.06182761538
181 0.8864383013 0.1592445593 0.0537540586
182 0.8864383013 0.1599769021 0.05221561761
183 0.8864383013 0.188130566 0.05988312002
184 0.8989534222 0.2048267788 0.0618800513
185 0.8989534222 0.2080247476 0.06471411711
186 0.9085524599 0.1847502322 0.05507078162
187 0.9085524599 0.199543859 0.06029035968
188 0.9085524599 0.1986524425 0.0633854482
189 0.9092737976 0.1795418582 0.06506968301
190 0.9092737976 0.1718865196 0.06655397797
191 0.9092737976 0.1658238975 0.05644610192
192 0.9092737976 0.1584483885 0.06806780718
193 0.9092737976 0.1784625532 0.06832040514
194 0.9092737976 0.1443927108 0.05304372284
195 0.9092737976 0.1533411712 0.05648890093
196 0.9092737976 0.1463217622 0.05482033753
197 0.9092737976 0.1454613671 0.05433775381
198 0.9092737976 0.1383346211 0.04496523308
199 0.9092737976 0.1551963604 0.06160941929
200 0.9149908012 0.1638964499 0.06341395181
201 0.9149908012 0.1404891312 0.05329771815
202 0.9149908012 0.1137008048 0.04110283906
203 0.9304935597 0.151515557 0.05656873166
204 0.9304935597 0.1433253399 0.05696939542
205 0.9304935597 0.1554522974 0.06080352488
206 0.9304935597 0.1340187024 0.05615870739
207 0.9304935597 0.1254640763 0.05701536128
208 0.9486410917 0.1127989869 0.05068848248
209 0.9486410917 0.1270954818 0.049526123
210 0.9486410917 0.1205749212 0.04602332955
211 0.9486410917 0.1424279319 0.06074021368
212 0.9486410917 0.1426470181 0.06335839254
213 0.9486410917 0.1442025588 0.05991587085
214 0.9486410917 0.1419917742 0.05872531726
215 0.9486410917 0.1534289823 0.07387931597
216 0.9486410917 0.1458754347 0.05869439758
217 0.95657497 0.1345879286 0.05998718791
218 0.95657497 0.1195398209 0.05528513488
219 0.9814580333 0.1464813342 0.07151661146
220 0.9814580333 0.15243575 0.06771688245
221 0.9814580333 0.157772161 0.07223100555
222 0.9814580333 0.1905045411 0.08271820804
223 0.9814580333 0.1963423497 0.08151102595
224 0.9814580333 0.1549145151 0.06347043857
225 0.9814580333 0.1538229329 0.06286066615
226 0.9814580333 0.1791882087 0.07778659849
227 0.9814580333 0.1663957148 0.07769414993
228 0.9814580333 0.161236528 0.07154725556
229 0.9814580333 0.1800298525 0.08273057779
230 0.9814580333 0.1627678022 0.07212302258
231 0.9814580333 0.1579205492 0.06348619497
232 0.9814580333 0.1570323194 0.06035080429
233 0.9975657109 0.1915171971 0.0845704401
234 0.9975657109 0.2052558791 0.09184203529
235 0.9975657109 0.1866785885 0.07215045042
236 0.9975657109 0.200380089 0.0843235749
237 0.9975657109 0.1729584004 0.06804134572
238 0.9975657109 0.2011221774 0.07344761245
239 0.9975657109 0.186023466 0.06986291814
240 0.9975657109 0.1848670122 0.07018222227
241 0.9975657109 0.1791393274 0.07795450515
242 0.9975657109 0.1401520519 0.05428871744
243 0.9975657109 0.1413128559 0.06197432361
244 0.9975657109 0.1303903508 0.06118034986
245 0.9975657109 0.1204649331 0.06274310334
246 0.9975657109 0.1467483803 0.07209231859
247 0.9975657109 0.1423203186 0.06795228602
248 0.9975657109 0.1200395926 0.06262645065
249 0.9975657109 0.1361128675 0.06206352265
250 0.9975657109 0.1331271266 0.05523813605
251 0.9975657109 0.1439316606 0.0622258806
252 0.9975657109 0.143388647 0.06661489097
253 0.9975657109 0.1661696521 0.0733556348
254 0.9975657109 0.1652004741 0.07510436242
255 0.9975657109 0.1777734651 0.08266561485
256 0.9975657109 0.1537994578 0.06880546506
257 0.9975657109 0.1849525192 0.08087308666
258 0.9975657109 0.1374006955 0.06181429962
259 0.9975657109 0.139600861 0.05862606785
260 0.9975657109 0.1372848802 0.063778839
261 0.9975657109 0.1612954884 0.07363026004
262 0.997982091 0.2050728596 0.09120474808
263 0.997982091 0.1965656329 0.07356193173
264 0.997982091 0.1866192724 0.06731010041
265 0.997982091 0.1524352586 0.06644656606
266 0.997982091 0.1622435091 0.06696707533
267 0.997982091 0.1964250566 0.06914275986
268 0.997982091 0.1767356988 0.07113489731
269 0.997982091 0.2110807545 0.08359932361
270 0.997982091 0.2035119837 0.08224710823
271 0.997982091 0.1781366873 0.0759711547
272 0.997982091 0.198121713 0.0854209235
273 0.997982091 0.2181558903 0.08878727252
274 0.997982091 0.20069203 0.08525706557
275 0.997982091 0.1652700032 0.06727878011
276 0.997982091 0.1949239304 0.08094371962
277 0.997982091 0.1784106129 0.07444821853
278 0.997982091 0.1909944693 0.09048725865
279 0.997982091 0.1645044654 0.07388266328
280 0.997982091 0.1704977365 0.06947436261
281 0.997982091 0.2018588679 0.07907131979
282 0.997982091 0.1825975718 0.07445358673
283 0.997982091 0.2043162231 0.07753021985
284 0.997982091 0.2088861328 0.08166646744
285 0.997982091 0.1944055548 0.07980974029
286 0.997982091 0.1848820971 0.07927863406
287 0.997982091 0.1839931908 0.08057962234
288 0.997982091 0.1812025308 0.07645047613
289 0.997982091 0.2033863694 0.08077214392
290 0.997982091 0.2138305352 0.08234936937
291 0.997982091 0.1891424552 0.0796082374
292 0.997982091 0.1802950764 0.07758200045
293 0.997982091 0.1990456327 0.08403659031
294 0.997982091 0.2146099393 0.08674850879
295 0.997982091 0.1841639577 0.07761832148
296 0.997982091 0.1770553282 0.07817845086
297 0.997982091 0.1753217793 0.07831343486
298 0.997982091 0.1561121081 0.06284221242
299 0.997982091 0.1759294519 0.07658715553
300 0.997982091 0.1610710945 0.06657782498
301 0.997982091 0.1805515314 0.07799415042
302 0.997982091 0.2089910513 0.08848403653
303 0.997982091 0.2064036599 0.07991444955
304 0.997982091 0.2005009984 0.08379306099
305 0.997982091 0.1712968948 0.07405153258
306 0.997982091 0.170705506 0.07638307544
307 0.997982091 0.1424243594 0.05940222592
308 0.997982091 0.1883226988 0.08093835345
309 0.997982091 0.1834412927 0.07943826989
310 0.997982091 0.1807539822 0.06949779521
311 0.997982091 0.192749466 0.07545006695
312 0.997982091 0.1765652643 0.07070236981
313 0.997982091 0.1816448992 0.07609256887
314 0.997982091 0.1738939383 0.06030995296
315 0.997982091 0.216848662 0.08045492125
316 0.997982091 0.1805570223 0.07339527182
317 0.997982091 0.1626221563 0.07497271635
318 0.997982091 0.1832467847 0.07603032165
319 0.997982091 0.1584636684 0.06311875756
320 0.997982091 0.1766542108 0.07123005018
321 0.997982091 0.1730507412 0.06790420989
322 0.997982091 0.2046952333 0.084629995
323 0.997982091 0.1999960661 0.08958088667
324 0.997982091 0.1793288414 0.08297511809
325 0.997982091 0.1671264949 0.06925817641
326 0.997982091 0.1901068698 0.08774900854
327 0.997982091 0.1864257071 0.08154390227
328 0.997982091 0.1874567704 0.09031931142
329 0.997982091 0.183135706 0.0804807249
330 0.997982091 0.16295243 0.07143539452
331 0.997982091 0.1633241909 0.07918499275
332 0.997982091 0.1684496593 0.08193314559
333 0.997982091 0.15647238 0.07262630705
334 0.997982091 0.1850954426 0.08971124437
335 0.997982091 0.1749109732 0.07806838942
336 0.997982091 0.1490258149 0.06824750569
337 0.997982091 0.162797351 0.07270827093
338 0.997982091 0.1814171258 0.0853680009
339 0.997982091 0.1709605101 0.07314653293
340 0.997982091 0.1828599033 0.07436693751
341 0.997982091 0.1762830013 0.07229162655
342 0.997982091 0.2003297116 0.07990579328
343 0.997982091 0.2156716363 0.08709382748
344 0.997982091 0.2565151932 0.1054532638
345 0.997982091 0.2344155381 0.09161194341
346 0.997982091 0.2070211648 0.07390960779
347 0.997982091 0.2016082669 0.07856343503
348 0.997982091 0.2006094152 0.07704429664
349 0.997982091 0.191438955 0.07588337494
350 0.997982091 0.1708559415 0.06910446084
351 0.997982091 0.2115877827 0.08859204932
352 0.997982091 0.1949323379 0.08996083442
353 0.997982091 0.1557229456 0.07266837791
354 0.997982091 0.1620338148 0.06963185347
355 0.997982091 0.1813152805 0.08364258233
356 0.997982091 0.1709752868 0.07142485657
357 0.997982091 0.1619813632 0.07053078613
358 0.997982091 0.1344066843 0.0681266311
359 0.997982091 0.137891481 0.06644686655
360 0.997982091 0.139240975 0.06186693746
361 0.997982091 0.1552477926 0.07181864296
362 0.997982091 0.1840827171 0.07424788124
363 0.997982091 0.1906795269 0.08176642738
364 0.997982091 0.2113876917 0.08555108145
365 0.997982091 0.1975829673 0.08566250792
366 0.997982091 0.1852556548 0.08108748623
367 0.997982091 0.1850512927 0.08107771286
368 0.997982091 0.2069264816 0.09206890532
369 0.997982091 0.1865913166 0.08422210556
370 0.997982091 0.2060326861 0.08556976754
371 0.997982091 0.1670503562 0.06907796734
372 0.997982091 0.1997631893 0.08022888863
373 0.997982091 0.1867311656 0.0749484334
374 0.997982091 0.1915137507 0.07219431309
375 0.997982091 0.2198242602 0.09079121899
376 0.997982091 0.2229677001 0.08449386077
377 0.997982091 0.2350771916 0.08551260546
378 0.997982091 0.1968895994 0.06970214697
379 0.997982091 0.2018197881 0.0812737557
380 0.997982091 0.1939361304 0.06926116784
381 0.997982091 0.2232330303 0.09270517672
382 0.997982091 0.2065278639 0.07760531399
383 0.997982091 0.2159881583 0.08477473706
384 0.997982091 0.1767070908 0.06886964844
385 0.997982091 0.1792008383 0.07382357972
386 0.997982091 0.235979495 0.0864588507
387 0.997982091 0.2347575492 0.0798476887
388 0.997982091 0.2187129032 0.06843766204
389 0.997982091 0.2487683557 0.07892216985
390 0.997982091 0.3080121442 0.0843406855
391 0.997982091 0.2697761564 0.08278723893
392 0.997982091 0.2685287856 0.07328037012
393 0.997982091 0.2592781945 0.07317973904
394 0.997982091 0.2670865831 0.08352438816
395 0.997982091 0.2558964438 0.07780833884
396 0.997982091 0.2600981348 0.08056378666
397 0.997982091 0.2686444246 0.09744462946
398 0.997982091 0.2679556472 0.09231933711
399 0.997982091 0.2629804901 0.08083220929
400 0.997982091 0.2452167447 0.08221983098
401 0.997982091 0.2698188688 0.08525438332
402 0.997982091 0.2585418803 0.07034907833
403 0.997982091 0.2180223019 0.07743983459
404 0.997982091 0.2436004157 0.08580906509
405 0.997982091 0.2270211347 0.08156914095
406 0.997982091 0.1907730356 0.06314050656
407 0.997982091 0.2282187598 0.08015775709
408 0.997982091 0.2538318222 0.08477655351
409 0.997982091 0.2500822139 0.08921174081
410 0.997982091 0.2744828544 0.08416557928
411 0.997982091 0.2556720795 0.08889411823
412 0.997982091 0.2498490057 0.07892088246
413 0.997982091 0.2211073785 0.06419249472
414 0.997982091 0.2247382147 0.07408610446
415 0.997982091 0.2309363698 0.07910156368
416 0.997982091 0.2563872647 0.08578702777
417 0.997982091 0.2225631806 0.08575397897
418 0.997982091 0.2109569168 0.07279024198
419 0.997982091 0.2063188839 0.08500648359
420 0.997982091 0.2031551551 0.07950786879
421 0.997982091 0.1827078975 0.06962230064
422 0.997982091 0.2266227582 0.08810152019
423 0.997982091 0.212971856 0.07699532047
424 0.997982091 0.2244293368 0.08313389395
425 0.997982091 0.2580861227 0.09527817634
426 0.997982091 0.2174187548 0.08302945403
427 0.997982091 0.2143298989 0.08289641344
428 0.997982091 0.2388209624 0.08769136598
429 0.997982091 0.2422985417 0.09635729467
430 0.997982091 0.2411535769 0.08854317759
431 0.997982091 0.2235621963 0.08999239491
432 0.997982091 0.2114246726 0.07540770975
433 0.997982091 0.2184946883 0.07888139648
434 0.997982091 0.2097166087 0.07738069941
435 0.997982091 0.2107124738 0.06976132422
436 0.997982091 0.2014348299 0.08267646699
437 0.997982091 0.2128072981 0.08251895567
438 0.997982091 0.2162119049 0.08219223037
439 0.997982091 0.2300362874 0.08156905631
440 0.997982091 0.2357292852 0.09172361753
441 0.997982091 0.2121220175 0.08251620686
442 0.997982091 0.2006346364 0.08021497263
443 0.997982091 0.2139763543 0.08782794456
444 0.997982091 0.1982568734 0.08189998612
445 0.997982091 0.1916848553 0.07824412877
446 0.997982091 0.1749695736 0.06757190001
447 0.997982091 0.1939116896 0.07404224478
448 0.997982091 0.2064211412 0.08449173863
449 0.997982091 0.2005217652 0.07521887129
450 0.997982091 0.1918239727 0.06939856623
451 0.997982091 0.2086691612 0.08891026612
452 0.997982091 0.1823076128 0.08713524117
453 0.997982091 0.156379293 0.07159880554
454 0.997982091 0.2274904956 0.08771173824
455 0.997982091 0.2081689356 0.08426870374
456 0.997982091 0.2276409057 0.0886429495
457 0.997982091 0.2371923505 0.09527812146
458 0.997982091 0.2217807194 0.08541001282
459 0.997982091 0.219025465 0.08907949233
460 0.997982091 0.2094476323 0.07675326445
461 0.997982091 0.1843301435 0.06883550047
462 0.997982091 0.2084270706 0.07060443609
463 0.997982091 0.2124258056 0.07664650666
464 0.997982091 0.2007441924 0.07575213971
465 0.997982091 0.2084351645 0.0751676915
466 0.997982091 0.2343345866 0.08878888309
467 0.997982091 0.2144080257 0.08347246228
468 0.997982091 0.21122497 0.08022086796
469 0.997982091 0.2244854947 0.07334292637
470 0.997982091 0.2360985886 0.08299082476
471 0.997982091 0.2191670497 0.06490924336
472 0.997982091 0.2108455652 0.08428403154
473 0.997982091 0.2386105552 0.08181307053
474 0.997982091 0.2367700883 0.08065910284
475 0.997982091 0.1928014965 0.07899144134
476 0.997982091 0.2036595891 0.08207951155
477 0.997982091 0.2153843148 0.08962760222
478 0.997982091 0.2279083034 0.08052755537
479 0.997982091 0.2338591591 0.07228134767
480 0.997982091 0.2490519554 0.08778175837
481 0.997982091 0.2459160673 0.08511509346
482 0.997982091 0.2367465928 0.07641331998
483 0.997982091 0.2586978023 0.08148661088
484 0.997982091 0.2217182897 0.07870644267
485 0.997982091 0.2210190468 0.0833361117
486 0.997982091 0.2067889768 0.07474317614
487 0.997982091 0.2104538051 0.07146137254
488 0.997982091 0.2162305468 0.08771716998
489 0.997982091 0.1930925842 0.06888096319
490 0.997982091 0.1884263807 0.07114691074
491 0.997982091 0.1935127164 0.07670493785
492 0.997982091 0.1861562998 0.0730750142
493 0.997982091 0.1595216134 0.06352997302
494 0.997982091 0.1560123913 0.06220981535
495 0.997982091 0.1733356033 0.08274588012
496 0.997982091 0.1806198976 0.07934205109
497 0.997982091 0.182632451 0.07490783347
498 0.997982091 0.1830864895 0.08798641584
499 0.997982091 0.1814141132 0.07598796889
500 0.997982091 0.1585884287 0.06519273396
501 0.997982091 0.1639160566 0.06910982596
502 0.997982091 0.2239882293 0.08346831951
503 0.997982091 0.2102679383 0.07551425828
504 0.997982091 0.1840855924 0.06906018464
505 0.997982091 0.1760119537 0.06678778496
506 0.997982091 0.1957639476 0.07654294454
507 0.997982091 0.2130290807 0.07556552574
508 0.997982091 0.233233198 0.0828289341
509 0.997982091 0.2362608517 0.08059855565
510 0.997982091 0.2183930737 0.08865777057
511 0.997982091 0.241633701 0.08569009037
512 0.997982091 0.2296869774 0.08592566495
513 0.997982091 0.2225352189 0.08911895685
514 0.997982091 0.2203983471 0.07825238916
515 0.997982091 0.2295149439 0.08527065594
516 0.997982091 0.2161637154 0.08099324639
517 0.997982091 0.2294989179 0.07547467564
518 0.997982091 0.238219407 0.07603084344
519 0.997982091 0.2567047729 0.08866175708
520 0.997982091 0.2676583931 0.07695803904
521 0.9996123729 0.2576213282 0.08435675247
522 0.9996123729 0.221494576 0.0781704399
523 0.9996123729 0.1875229216 0.06278979695
524 0.9996123729 0.1842220569 0.07155423143
525 0.9996123729 0.1949465727 0.08162210436
526 0.9996123729 0.1938754205 0.08587912628
527 0.9996123729 0.1907141382 0.07203596992
528 0.9996123729 0.187869258 0.06499419414
529 0.9996123729 0.1835050984 0.07843065995
530 0.9996123729 0.2052186005 0.08004274095
531 0.9996123729 0.2056483742 0.09050598571
532 0.9996123729 0.2112052934 0.08502809757
533 0.9996123729 0.2162184315 0.08627557153
534 0.9996123729 0.2225283767 0.07919063936
535 0.9996123729 0.206819333 0.07870215078
536 0.9996123729 0.2110198134 0.08098030178
537 0.9996123729 0.2110638738 0.07404712873
538 0.9996123729 0.2292186259 0.07394796668
539 0.9996123729 0.2179795099 0.07799972906
540 0.9996123729 0.2134544137 0.07292411679
541 0.9996123729 0.198797605 0.06804139907
542 0.9996123729 0.1994947451 0.07438428091
543 0.9996123729 0.1865087645 0.07949550423
544 0.9996123729 0.1940861013 0.07455977403
545 0.9996123729 0.1755141737 0.05983984815
546 0.9996123729 0.1747149522 0.06456925492
547 0.9996123729 0.1910355826 0.07443195232
548 0.9996123729 0.2153803391 0.07887698487
549 0.9996123729 0.1752034134 0.06727100253
550 0.9996123729 0.1814176488 0.08225171413
551 0.9996123729 0.1921137606 0.08368972278
552 0.9996123729 0.1965891614 0.0761249908
553 0.9996123729 0.2179194152 0.08410413143
554 0.9996123729 0.200597014 0.07377627434
555 0.9996123729 0.2048737177 0.07632919342
556 0.9996123729 0.2191508106 0.07615713694
557 0.9996123729 0.222908562 0.08435576196
558 0.9996123729 0.2069249668 0.08117743134
559 0.9996123729 0.2193233892 0.08785607091
560 0.9996123729 0.2014571054 0.07331028235
561 0.9996123729 0.1826428307 0.06652287047
562 0.9996123729 0.2033902188 0.07270452956
563 0.9996123729 0.2002884069 0.07103078285
564 0.9996123729 0.2473414783 0.07824885692
565 0.9996123729 0.2126102184 0.07160271799
566 0.9996123729 0.2328710352 0.07703831674
567 0.9996123729 0.1992354239 0.06845904897
568 0.9996123729 0.2232082199 0.08203488145
569 0.9996123729 0.2223157312 0.08122127578
570 0.9996123729 0.2016829642 0.07456186942
571 0.9996123729 0.1974983932 0.07650716295
572 0.9996123729 0.1796032751 0.06789756482
573 0.9996123729 0.2016743127 0.07905157778
574 0.9996123729 0.2030478028 0.07392062795
575 0.9996123729 0.2203655278 0.08412518024
576 0.9996123729 0.2497273268 0.09626784023
577 0.9996123729 0.2547441263 0.09323588162
578 0.9996123729 0.2677392808 0.08748088951
579 0.9996123729 0.2345568951 0.07941572346
580 0.9996123729 0.2418592068 0.078759797
581 0.9996123729 0.2121708152 0.07374596679
582 0.9996123729 0.2195423613 0.0726479896
583 0.9996123729 0.229943511 0.06890168396
584 0.9996123729 0.2314630754 0.07510249872
585 0.9996123729 0.2092197025 0.07198695086
586 0.9996123729 0.2122786738 0.07951048013
587 0.9996123729 0.2333702997 0.08203906895
588 0.9996123729 0.2007844605 0.08050957273
589 0.9996123729 0.2402475333 0.08916848908
590 0.9996123729 0.2251028163 0.07558754688
591 0.9996123729 0.2213217759 0.06562598047
592 0.9996123729 0.2228271624 0.08055296177
593 0.9996123729 0.2048523576 0.08326106228
594 0.9996123729 0.2134633544 0.07110137767
595 0.9996123729 0.1865280448 0.06784352114
596 0.9996123729 0.213190011 0.06833511332
597 0.9996123729 0.2110122211 0.07522110394
598 0.9996123729 0.1509128663 0.0633316884
599 0.9996123729 0.1785265278 0.07430176328
600 0.9996123729 0.1994914981 0.08406619661
601 0.9996123729 0.1966073462 0.08063923104
602 0.9996123729 0.1954346422 0.07475938697
603 0.9996123729 0.2073034872 0.08458205967
604 0.9996123729 0.2175139629 0.08758543173
605 0.9996123729 0.2175094546 0.08164044586
606 0.9996123729 0.213898652 0.08180783963
607 0.9996123729 0.2080838731 0.08496302991
608 0.9996123729 0.1821659008 0.0628738563
609 0.9996123729 0.1682127317 0.06873402246
610 0.9996123729 0.1679996761 0.070177361
611 0.9996123729 0.1771667696 0.07702559536
612 0.9996123729 0.1560479578 0.06298389462
613 0.9996123729 0.1434988937 0.05711841754
614 0.9996123729 0.1613580769 0.0700160139
615 0.9996123729 0.1891700212 0.08094994141
616 0.9996123729 0.1842524005 0.08250549142
617 0.9996123729 0.2063210511 0.08874934903
618 0.9996123729 0.1914288198 0.08018303068
619 0.9996123729 0.2159796032 0.07953839746
620 0.9996123729 0.190077083 0.0741016083
621 0.9996123729 0.2232947911 0.08547775324
622 0.9996123729 0.2174537572 0.08020874019
623 0.9996123729 0.161228859 0.06413892798
624 0.9996123729 0.1574094919 0.06967501434
625 0.9996123729 0.1555399605 0.07221843331
626 0.9996123729 0.1520514203 0.06544472833
627 0.9996123729 0.1534081061 0.06529825926
628 0.9996123729 0.1549761216 0.07656820067
629 0.9996123729 0.1460569249 0.06700163771
630 0.9996123729 0.1317959001 0.07140589651
631 0.9996123729 0.1263056257 0.07194515639
632 0.9996123729 0.1247695494 0.07138047685
633 0.9996123729 0.1486026373 0.06908720969
634 0.9996123729 0.1450142166 0.0707218433
635 0.9996123729 0.139778603 0.06496583156
636 0.9996123729 0.1538633266 0.07139352811
637 0.9996123729 0.1612420845 0.07049275711
638 0.9996123729 0.1502842165 0.07620920866
639 0.9996123729 0.1539129598 0.07766110816
640 0.9996123729 0.1278317927 0.06022608225
641 0.9996123729 0.1471988441 0.06890603081
642 0.9996123729 0.1317447049 0.0600063299
643 0.9996123729 0.1401569655 0.07384870175
644 0.9996123729 0.1366209009 0.07322588669
645 0.9996123729 0.1112545565 0.05718169794
646 0.9996123729 0.118453163 0.06839756838
647 0.9996123729 0.1328955541 0.06982792917
648 0.9996123729 0.1437125198 0.06371792629
649 0.9996123729 0.1258359372 0.05673221916
650 0.9996123729 0.1330308526 0.06433430593
651 0.9996123729 0.1293353654 0.05647327609
652 0.9996123729 0.1456780238 0.06095499869
653 0.9996123729 0.1403323898 0.06257284647
654 0.9996123729 0.1533279936 0.07191393342
655 0.9996123729 0.1579463376 0.07106636943
656 0.9996123729 0.1703409478 0.06937429048
657 0.9996123729 0.171054601 0.06917604207
658 0.9996123729 0.1834637661 0.08345237145
659 0.9996123729 0.2025600367 0.07526126108
660 0.9996123729 0.2201697733 0.07631955299
661 0.9996123729 0.20326832 0.07494516008
662 0.9996123729 0.2210923619 0.07891847731
663 0.9996123729 0.1835116095 0.07435692026
664 0.9996123729 0.1725756862 0.06863937413
665 0.9996123729 0.176793106 0.07495104952
666 0.9996123729 0.1865181528 0.07509087653
667 0.9996123729 0.1852827065 0.07644327045
668 0.9996123729 0.1875080743 0.07919260135
669 0.9996123729 0.231112253 0.09103190321
670 0.9996123729 0.1867082368 0.07231295255
671 0.9996123729 0.185326817 0.06948114724
672 0.9996123729 0.1991507833 0.086272377
673 0.9996123729 0.1804313741 0.07532657608
674 0.9996123729 0.1712236467 0.0612870084
675 0.9996123729 0.1730329446 0.06536655723
676 0.9996123729 0.1768107789 0.07278165993
677 0.9996123729 0.1661147076 0.07491085001
678 0.9996123729 0.1783266953 0.0790908488
679 0.9996123729 0.1742780483 0.06789760181
680 0.9996123729 0.1685333771 0.06922262423
681 0.9996123729 0.1751376519 0.07030188073
682 0.9996123729 0.1867264205 0.0730488197
683 0.9996123729 0.1635403532 0.07147684404
684 0.9996123729 0.1644911072 0.07024131552
685 0.9996123729 0.1549057967 0.06753355502
686 0.9996123729 0.1502202796 0.06027255366
687 0.9996123729 0.1754772236 0.06986644623
688 0.9996123729 0.1651165409 0.07357110373
689 0.9996123729 0.174287274 0.07819142066
690 0.9996123729 0.1890752932 0.08205135516
691 0.9996123729 0.1699468973 0.06700115544
692 0.9996123729 0.1691635495 0.06876229572
693 0.9996123729 0.1669466736 0.06502535101
694 0.9996123729 0.1679424835 0.07625275449
695 0.9996123729 0.1600681491 0.06877790122
696 0.9996123729 0.1675040029 0.0693847576
697 0.9996123729 0.1818898714 0.06968597936
698 0.9996123729 0.1975526935 0.07150813679
699 0.9996123729 0.1852588433 0.07151740007
700 0.9996123729 0.2094850716 0.0762075441
701 0.9996123729 0.1678394853 0.070891427
702 0.9996123729 0.1903117904 0.07201231074
703 0.9996123729 0.1896082511 0.07761890739
704 0.9996123729 0.1844143991 0.07131063475
705 0.9996123729 0.1886383742 0.07058626896
706 0.9996123729 0.1761687282 0.07085538641
707 0.9996123729 0.2184550154 0.08350760737
708 0.9996123729 0.2076567943 0.07898311788
709 0.9996123729 0.2078374813 0.07652120702
710 0.9996123729 0.2365007619 0.08715071579
711 0.9996123729 0.2119579514 0.0719662998
712 0.9996123729 0.2238788899 0.08136122588
713 0.9996123729 0.2144367219 0.0780738344
714 0.9996123729 0.2144974816 0.07035837915
715 0.9996123729 0.1975098727 0.06780410834
716 0.9996123729 0.2073187237 0.06755259936
717 0.9996123729 0.2066042793 0.07538746669
718 0.9996123729 0.1722787316 0.06691888787
719 0.9996123729 0.2311777066 0.0879654053
720 0.9996123729 0.2200405176 0.08311894578
721 0.9996123729 0.2294497541 0.08893500659
722 0.9996123729 0.2226141592 0.08160747094
723 0.9996123729 0.2191696813 0.08179732544
724 0.9997508251 0.1888402903 0.07768425905
725 0.9997508251 0.1922898414 0.07790034773
726 0.9997508251 0.1796975811 0.07050771376
727 0.9997508251 0.1601905228 0.06269541662
728 0.9997508251 0.1854771042 0.07473815349
729 0.9997508251 0.2026994751 0.08724826386
730 0.9997508251 0.2172005564 0.09158297464
731 0.9997508251 0.217578551 0.08251287919
732 0.9997508251 0.2142330985 0.08476797297
733 0.9997508251 0.1957982784 0.07328982184
734 0.9997508251 0.1936767165 0.07142805081
735 0.9997508251 0.2129489718 0.08850343576
736 0.9997508251 0.2067054723 0.07404703036
737 0.9997508251 0.2198688727 0.08080687692
738 0.9997508251 0.1974760314 0.06373864546
739 0.9997508251 0.2134431506 0.07541825186
740 0.9997508251 0.2323151054 0.07850112759
741 0.9997508251 0.2249569573 0.08129169167
742 0.9997508251 0.2236421151 0.08335524946
743 0.9997508251 0.2100909648 0.08040855883
744 0.9997508251 0.2190078453 0.07468750813
745 0.9997508251 0.2151698254 0.08558669508
746 0.9997508251 0.2247663841 0.08004262912
747 0.9997508251 0.2308279001 0.08102445926
748 0.9997508251 0.2195497812 0.07152171451
749 0.9997508251 0.2127474198 0.07011498834
750 0.9997508251 0.2251054724 0.07369832693
751 0.9997508251 0.2114910468 0.06649052933
752 0.9997508251 0.2171878587 0.07195206343
753 0.9997508251 0.2365840759 0.08553337505
754 0.9997508251 0.2548098722 0.0891314384
755 0.9998722365 0.2884771899 0.09086111601
756 0.9998722365 0.2456476634 0.08798340455
757 0.9998722365 0.2632262256 0.08328287685
758 0.9998722365 0.2226749291 0.08710723577
759 0.9998722365 0.2345989584 0.09153522894
760 0.9998722365 0.2199478043 0.08414545067
761 0.9998722365 0.1666146823 0.06506501141
762 0.9998722365 0.2141908117 0.07623321498
763 0.9998722365 0.1837626415 0.06412915488
764 0.9998722365 0.1843125294 0.06822331573
765 0.9998722365 0.2023716208 0.08561437551
766 0.9998722365 0.2016082407 0.06697506874
767 0.9998722365 0.2110314797 0.08057731865
768 0.9998722365 0.2172103778 0.08236190536
769 0.9998722365 0.2440574621 0.09906175845
770 0.9998722365 0.2143966879 0.08711249459
771 0.9998722365 0.2254919197 0.09215807462
772 0.9998722365 0.2149073821 0.09073504532
773 0.9998722365 0.1957806664 0.08336702755
774 0.9998722365 0.1942169226 0.07109687546
775 0.9998722365 0.2220060825 0.08588815353
776 0.9998722365 0.2094838504 0.09764306781
777 0.9998722365 0.1738128608 0.08560407177
778 0.9998722365 0.1824017809 0.08900784073
779 0.9998722365 0.1918700141 0.0986180193
780 0.9998722365 0.1894534032 0.0926162367
781 0.9998722365 0.182820004 0.07568248936
782 0.9998722365 0.1832637199 0.07591955155
783 0.9998722365 0.2178216424 0.09110331804
784 0.9998722365 0.191492631 0.08354837895
785 0.9998722365 0.153247336 0.06544755484
786 0.9998722365 0.1408558802 0.06334161411
787 0.9998722365 0.1520447425 0.07487180094
788 0.9998722365 0.155152557 0.06117696862
789 0.9998722365 0.1515108877 0.06442840991
790 0.9998722365 0.1647336597 0.07276311357
791 0.9998722365 0.1952208224 0.07338257425
792 0.9998722365 0.2076935301 0.07616125345
793 0.9998722365 0.1609025928 0.06381152764
794 0.9998722365 0.165299551 0.06802389737
795 0.9998722365 0.1607192839 0.06949963762
796 0.9998722365 0.1691358597 0.06863163265
797 0.9998722365 0.1839336476 0.07820866629
798 0.9998722365 0.1621375295 0.07596379574
799 0.9998722365 0.1874741865 0.07760704666
800 0.9998722365 0.1949186672 0.08317260158
801 0.9998722365 0.1819642369 0.0702483473
802 0.9998722365 0.1885866981 0.0714491701
803 0.9998722365 0.1888273243 0.07356890244
804 0.9998722365 0.1904978986 0.07614134965
805 0.9998722365 0.1956871045 0.07771984736
806 0.9998722365 0.2146557837 0.09004278679
807 0.9998722365 0.2120199108 0.08972231397
808 0.9998722365 0.1935411052 0.07201598938
809 0.9998722365 0.1965740471 0.0793194287
810 0.9998722365 0.2040558045 0.08285719472
811 0.9998722365 0.1799459935 0.07743612433
812 0.9998722365 0.1926896356 0.08113098057
813 0.9998722365 0.2102803098 0.08367356295
814 0.9998722365 0.2285383049 0.09806601521
815 0.9998722365 0.1957729972 0.07338061467
816 0.9998722365 0.166730321 0.06660494111
817 0.9998722365 0.1517626514 0.05805547844
818 0.9998722365 0.1774870329 0.07204096943
819 0.9998722365 0.1639376736 0.07197452336
820 0.9998722365 0.1819230859 0.08560881046
821 0.9998722365 0.1779010623 0.08783580314
822 0.9998722365 0.1825422134 0.07790068393
823 0.9998842018 0.1744744065 0.07253841912
824 0.9998842018 0.1975167503 0.08674668292
825 0.9998842018 0.209910527 0.09174890966
826 0.9998842018 0.2198107637 0.0944689573
827 0.9998842018 0.2117863026 0.08885562664
828 0.9998842018 0.1798553123 0.07816038725
829 0.9998842018 0.1587644512 0.06755227129
830 0.9998842018 0.158386466 0.05962223713
831 0.9998842018 0.1668176214 0.07621876032
832 0.9998842018 0.1657389388 0.07402165191
833 0.9998842018 0.1591197409 0.07340900847
834 0.9998842018 0.1641765326 0.07407536709
835 0.9998842018 0.1803399808 0.08269101125
836 0.9998842018 0.1769078651 0.08262829004
837 0.9998842018 0.169949845 0.07349809202
838 0.9998842018 0.1647180975 0.06856720171
839 0.9998842018 0.1692955615 0.07254238342
840 0.9998842018 0.1682620542 0.07025035452
841 0.9998842018 0.1936357903 0.07993595617
842 0.9998842018 0.176781527 0.07209669248
843 0.9998842018 0.1961983711 0.07050934136
844 0.9998842018 0.1944113446 0.07074294877
845 0.9998842018 0.2115674902 0.07965801679
846 0.9998842018 0.2158129725 0.08522658464
847 0.9998842018 0.2153238075 0.08526310179
848 0.9998842018 0.201992145 0.08141620208
849 0.9998842018 0.2200350163 0.09018422772
850 0.9998846813 0.2037376403 0.07447215537
851 0.9998846813 0.1921019253 0.06982744052
852 0.9998846813 0.2166390338 0.08143695232
853 0.9998846813 0.2416545195 0.09042799978
854 0.9998846813 0.2055466863 0.06492697945
855 0.9998846813 0.2029824206 0.07194257536
856 0.9998846813 0.2482831501 0.08487386642
857 0.9998846813 0.2287469723 0.08624173882
858 0.9998846813 0.2191353584 0.08161330706
859 0.9998846813 0.225350584 0.07484994353
860 0.9998846813 0.2475500662 0.08601783843
861 0.9998846813 0.2535307679 0.09188103463
862 0.9998846813 0.2439877787 0.09124548583
863 0.9998846813 0.2230061927 0.07950255098
864 0.9998846813 0.195995603 0.07658158081
865 0.9998846813 0.2341650718 0.08315269838
866 0.9998846813 0.2525753644 0.09890686682
867 0.9998846813 0.257093396 0.08799320793
868 0.9998846813 0.2177461383 0.07509482257
869 0.9998846813 0.2221049559 0.08175256714
870 0.9998846813 0.1878387849 0.06528432663
871 0.9998846813 0.1879623908 0.07829566398
872 0.9998846813 0.2152062333 0.09087059342
873 0.9998846813 0.2036819895 0.08922910783
874 0.9998846813 0.2078180477 0.08646950048
875 0.9998846813 0.2010195028 0.08201358853
876 0.9998846813 0.1791489456 0.06556898322
877 0.9998846813 0.202530059 0.0823467694
878 0.9998846813 0.1835290796 0.07261677679
879 0.9998846813 0.1908497042 0.07569714435
880 0.9998846813 0.2153164941 0.07622366886
881 0.9998846813 0.2553148508 0.09385082639
882 0.9998846813 0.2092299399 0.07348360761
883 0.9998846813 0.2643150066 0.09400883799
884 0.9998846813 0.2453922207 0.09043949622
885 0.9998846813 0.2535423472 0.08937779034
886 0.9998846813 0.2856170503 0.09102686651
887 0.9998846813 0.2743438209 0.08806361345
888 0.9999104961 0.2337158977 0.09926298835
889 0.9999104961 0.1927898221 0.08068497776
890 0.9999104961 0.1761165378 0.06727718449
891 0.9999104961 0.185509712 0.07116045416
892 0.9999104961 0.1700566366 0.07356271234
893 0.9999104961 0.1707446987 0.07072282058
894 0.9999104961 0.1715484088 0.06931990231
895 0.9999104961 0.2046067024 0.08449216988
896 0.9999104961 0.1941317458 0.077096097
897 0.9999104961 0.2169229214 0.08500930981
898 0.9999104961 0.2360626795 0.08266794883
899 0.9999104961 0.2418827661 0.08891596021
900 0.9999104961 0.2623027259 0.08182710955
901 0.9999104961 0.2496690461 0.09098489419
902 0.9999104961 0.2397709324 0.08503174843
903 0.9999104961 0.2282706155 0.07940651764
904 0.9999104961 0.2364866094 0.07884704294
905 0.9999104961 0.2196538728 0.08402153243
906 0.9999104961 0.2261435743 0.07340426753
907 0.9999104961 0.2068064347 0.07285161892
908 0.9999104961 0.2126587699 0.07243925464
909 0.9999104961 0.2223684524 0.07076166128
910 0.9999104961 0.2263697003 0.07968920068
911 0.9999104961 0.229634556 0.06575196523
912 0.9999104961 0.218150115 0.07234428075
913 0.9999104961 0.2230826483 0.07872147945
914 0.9999104961 0.2524547992 0.09620236785
915 0.9999104961 0.2310465774 0.08660745076
916 0.9999104961 0.2223959077 0.08680314529
917 0.9999104961 0.2215529594 0.09975963305
918 0.9999104961 0.2084347754 0.08866791897
919 0.9999104961 0.2126767555 0.08280833088
920 0.9999104961 0.1931462653 0.0794023469
921 0.9999104961 0.1872949063 0.0809482087
922 0.9999104961 0.201921907 0.0868444647
923 0.9999104961 0.2112615891 0.08475969637
924 0.9999104961 0.1567289649 0.0585017679
925 0.9999104961 0.167017144 0.06665737091
926 0.9999104961 0.1632992898 0.06524397965
927 0.9999104961 0.1799963153 0.07322708269
928 0.9999104961 0.1967016306 0.07462718373
929 0.9999104961 0.1890636566 0.07578214439
930 0.9999104961 0.1745385679 0.07042955856
931 0.9999104961 0.2019762948 0.07503402982
932 0.9999104961 0.2056893682 0.07674657146
933 0.9999104961 0.1970458524 0.07411818148
934 0.9999104961 0.1947660226 0.08160152654
935 0.9999104961 0.1979693421 0.07626828468
936 0.9999104961 0.1961334085 0.08528255385
937 0.9999104961 0.1957013533 0.08076654071
938 0.9999104961 0.2014276737 0.08036920714
939 0.9999104961 0.2118521221 0.08612352658
940 0.9999104961 0.2205458427 0.08652549941
941 0.9999104961 0.207422246 0.09058445713
942 0.9999104961 0.1966905881 0.07531138445
943 0.9999104961 0.1777710335 0.07728582106
944 0.9999104961 0.1876207882 0.08067553424
945 0.9999104961 0.1803945801 0.06703820597
946 0.9999104961 0.1881993535 0.06790530253
947 0.9999104961 0.1774268311 0.05302038421
948 0.9999104961 0.1795462397 0.05626191248
949 0.9999104961 0.1918243108 0.06802850762
950 0.9999104961 0.2036059194 0.07107204239
951 0.9999104961 0.2259503908 0.08468214196
952 0.9999104961 0.2466953183 0.09387949933
953 0.9999104961 0.212287822 0.08428791717
954 0.9999104961 0.1998861381 0.08199946506
955 0.9999104961 0.1831374041 0.07711278952
956 0.9999104961 0.1461896248 0.06018409403
957 0.9999104961 0.1656557721 0.07221344334
958 0.9999104961 0.202940208 0.08137732441
959 0.9999104961 0.2095559333 0.08708980715
960 0.9999104961 0.2056494401 0.08635037838
961 0.9999104961 0.212631962 0.08558026832
962 0.9999104961 0.1829510396 0.07340190345
963 0.9999104961 0.1765788966 0.07140289023
964 0.9999104961 0.1691579865 0.07280290155
965 0.9999104961 0.1893831362 0.07370838215
966 0.9999104961 0.2118920981 0.0850799664
967 0.9999104961 0.2025361248 0.08074797768
968 0.9999104961 0.2065531537 0.07539139351
969 0.9999104961 0.1854527076 0.07607963902
970 0.9999104961 0.1786533822 0.07292811122
971 0.9999104961 0.192985804 0.06949668364
972 0.9999104961 0.1928007765 0.07583007388
973 0.9999104961 0.1774418868 0.07045610408
974 0.9999104961 0.1808343474 0.07444767368
975 0.9999104961 0.1597787311 0.06380897877
976 0.9999104961 0.1768440831 0.06658201408
977 0.9999104961 0.1836847103 0.07551706892
978 0.9999104961 0.153165356 0.06306727696
979 0.9999104961 0.1485868895 0.0660815433
980 0.9999104961 0.1525489738 0.0705793242
981 0.9999104961 0.1713618686 0.07818634399
982 0.9999104961 0.1818177784 0.08072590185
983 0.9999104961 0.1730834241 0.07930992063
984 0.9999104961 0.1418375434 0.06515601997
985 0.9999104961 0.152282252 0.07703554981
986 0.9999104961 0.1202679432 0.05712249812
987 0.9999104961 0.1365781054 0.06921069069
988 0.9999104961 0.1761222281 0.08182916776
989 0.9999104961 0.2000411493 0.09423670774
990 0.9999104961 0.1836505065 0.08151078891
991 0.9999104961 0.1886406318 0.07052814617
992 0.9999104961 0.164607644 0.06648171671
993 0.9999104961 0.1809555702 0.07321233782
994 0.9999104961 0.1802725509 0.07887293434
995 0.9999104961 0.1533360327 0.06011254179
996 0.9999104961 0.1686964455 0.07534215167
997 0.9999104961 0.1581898187 0.06584962521
998 0.9999104961 0.1515429375 0.06732475342
999 0.9999104961 0.1639474277 0.06807881223
1000 0.9999104961 0.1751726668 0.07654695476
1001 0.9999104961 0.1902697066 0.07835912502
1002 0.9999104961 0.2165554726 0.08563998891
1003 0.9999104961 0.1845159457 0.07721245739
1004 0.9999104961 0.2065506907 0.09187771012
1005 0.9999104961 0.1966807432 0.08760913024
1006 0.9999104961 0.1788860934 0.07564692142
1007 0.9999104961 0.1796641208 0.08020795885
1008 0.9999104961 0.1799851418 0.07019865195
1009 0.9999104961 0.2090512911 0.07953415056
1010 0.9999104961 0.2113991183 0.07096418027
1011 0.9999104961 0.2137486231 0.07991381845
1012 0.9999104961 0.1961898441 0.06806168596
1013 0.9999104961 0.1874426482 0.06565182722
1014 0.9999104961 0.1971140467 0.07302254001
1015 0.9999104961 0.1830578268 0.0796780201
1016 0.9999104961 0.2010330822 0.08656286222
1017 0.9999104961 0.249966294 0.1028550557
1018 0.9999104961 0.2408191613 0.09797893554
1019 0.9999104961 0.2168405847 0.0923486932
1020 0.9999104961 0.201030842 0.08236522167
1021 0.9999104961 0.1749682712 0.07162978666
1022 0.9999104961 0.190880301 0.07334291943
1023 0.9999104961 0.1911399984 0.07749266078
1024 0.9999104961 0.1949358183 0.08519770462
1025 0.9999104961 0.1589426647 0.07117513124
1026 0.9999104961 0.1628849727 0.06910244151
1027 0.9999104961 0.1745537681 0.07353647793
1028 0.9999104961 0.1682170751 0.0761048369
1029 0.9999104961 0.1884116624 0.07947581557
1030 0.9999104961 0.1904143926 0.07235321272
1031 0.9999104961 0.1877508238 0.07849502601
1032 0.9999104961 0.1986676103 0.07783012814
1033 0.9999104961 0.1821854165 0.0787780517
1034 0.9999104961 0.2026405361 0.07856389117
1035 0.9999104961 0.2025121187 0.07698805646
1036 0.9999104961 0.2253420305 0.08715245524
1037 0.9999104961 0.1947116908 0.07967734941
1038 0.9999104961 0.1882501509 0.06483820434
1039 0.9999104961 0.197096383 0.07375491504
1040 0.9999104961 0.2217005495 0.0867757839
1041 0.9999104961 0.2510605101 0.08569017068
1042 0.9999104961 0.2190429806 0.07665222788
1043 0.9999104961 0.2290857115 0.07891420456
1044 0.9999104961 0.2132083076 0.07700351
1045 0.9999104961 0.215765225 0.07565237562
1046 0.9999104961 0.2134847263 0.08396485612
1047 0.9999104961 0.2272262804 0.08795331852
1048 0.9999104961 0.2173236621 0.08076843783
1049 0.9999104961 0.2068938933 0.0800289282
1050 0.9999104961 0.2069220973 0.07953955978
1051 0.9999104961 0.2310640574 0.083053362
1052 0.9999104961 0.2238803075 0.08673287525
1053 0.9999104961 0.2226298359 0.0779730486
1054 0.9999104961 0.2121550217 0.0770387886
1055 0.9999104961 0.2041114927 0.07960394304
1056 0.9999104961 0.2004335191 0.07948999537
1057 0.9999104961 0.2173325217 0.0823497145
1058 0.9999104961 0.2131198887 0.08012252977
1059 0.9999104961 0.1729746224 0.07309953766
1060 0.9999104961 0.1777900904 0.07876896885
1061 0.9999104961 0.1717358883 0.08429822769
1062 0.9999104961 0.2130258061 0.09867505928
1063 0.9999104961 0.169845223 0.06898979862
1064 0.9999104961 0.184360168 0.07683338218
1065 0.9999104961 0.176481651 0.07219198737
1066 0.9999104961 0.154934345 0.06937773684
1067 0.9999104961 0.1806247199 0.07617911041
1068 0.9999104961 0.1784987833 0.07071704709
1069 0.9999104961 0.1669756945 0.06517132515
1070 0.9999104961 0.2068619922 0.08718347444
1071 0.9999104961 0.2002872532 0.07546423569
1072 0.9999104961 0.1707559905 0.06630729087
1073 0.9999104961 0.1587069944 0.06471740733
1074 0.9999104961 0.222375335 0.07829425868
1075 0.9999104961 0.1942370076 0.07222949808
1076 0.9999104961 0.1902168233 0.0684091381
1077 0.9999104961 0.1836917982 0.07450121536
1078 0.9999104961 0.1635116404 0.05843122619
1079 0.9999104961 0.1761683817 0.0678323305
1080 0.9999104961 0.1712487495 0.06418657283
1081 0.9999104961 0.1711034543 0.0757787094
1082 0.9999104961 0.1876009207 0.08892431354
1083 0.9999104961 0.2061114993 0.09295452067
1084 0.9999104961 0.2142114794 0.09758999667
1085 0.9999104961 0.2172023824 0.09796791147
1086 0.9999104961 0.1954288554 0.0862703523
1087 0.9999104961 0.207445625 0.08753832445
1088 0.9999104961 0.19698006 0.06958874291
1089 0.9999104961 0.1951351383 0.07120117764
1090 0.9999104961 0.2117385411 0.08411518261
1091 0.9999104961 0.1909876228 0.08614400056
1092 0.9999104961 0.1539835078 0.0647906399
1093 0.9999104961 0.1705084403 0.0769868677
1094 0.9999104961 0.1860691574 0.07795630578
1095 0.9999104961 0.2125377742 0.08985568965
1096 0.9999104961 0.2104401316 0.09130395552
1097 0.9999104961 0.2075983337 0.1013682803
1098 0.9999104961 0.2028413243 0.08972216766
1099 0.9999104961 0.16590632 0.06904887504
1100 0.9999104961 0.202592115 0.08814464845
1101 0.9999104961 0.2111056222 0.08252712038
1102 0.9999104961 0.2069243149 0.0884876068
1103 0.9999104961 0.1627589391 0.06871868401
1104 0.9999104961 0.1665122614 0.07370822704
1105 0.9999104961 0.1849825939 0.07983959921
1106 0.9999104961 0.1910197275 0.07762658158
1107 0.9999104961 0.1603836001 0.06313381467
1108 0.9999104961 0.1560366304 0.06277133866
1109 0.9999104961 0.1604076724 0.07549474497
1110 0.9999104961 0.1470748004 0.06626589864
1111 0.9999104961 0.137233427 0.06460876689
1112 0.9999104961 0.1649500633 0.07979254009
1113 0.9999104961 0.1745381229 0.07672490562
1114 0.9999104961 0.1433814265 0.06043322839
1115 0.9999104961 0.1234998463 0.05566499935
1116 0.9999104961 0.1406657287 0.06392179834
1117 0.9999104961 0.1787963949 0.07759764952
1118 0.9999104961 0.1599068879 0.06561633661
1119 0.9999104961 0.1840947168 0.07404282344
1120 0.9999104961 0.1824836207 0.06964951942
1121 0.9999104961 0.1736682942 0.07025909955
1122 0.9999104961 0.1618587826 0.06824092101
1123 0.9999104961 0.1784477947 0.07090819411
1124 0.9999104961 0.1671697056 0.07027328262
1125 0.9999104961 0.1808869751 0.06891082495
1126 0.9999104961 0.178298524 0.06728450315
1127 0.9999104961 0.197129063 0.07232885457
1128 0.9999104961 0.177201567 0.07489078388
1129 0.9999104961 0.1773257741 0.0699305871
1130 0.9999104961 0.1813143407 0.0675730239
1131 0.9999104961 0.2246883741 0.0924397011
1132 0.9999104961 0.2176132999 0.08154670147
1133 0.9999104961 0.1899745914 0.0840211758
1134 0.9999104961 0.1988864555 0.07499332857
1135 0.9999104961 0.1966268032 0.07144233613
1136 0.9999104961 0.1809611252 0.068318133
1137 0.9999104961 0.1728628246 0.06998734364
1138 0.9999104961 0.2148232859 0.08702663271
1139 0.9999104961 0.1810544052 0.08084443573
1140 0.9999104961 0.1975866375 0.07876765407
1141 0.9999104961 0.1808532087 0.06790869961
1142 0.9999104961 0.1986865711 0.07855547358
1143 0.9999104961 0.1761812623 0.07677347186
1144 0.9999104961 0.1755172035 0.08409870142
1145 0.9999104961 0.1845633106 0.07680933846
1146 0.9999104961 0.1640403419 0.06916935197
1147 0.9999104961 0.1838254451 0.07374450718
1148 0.9999104961 0.1655498881 0.06887897742
1149 0.9999104961 0.1536358191 0.06280077303
1150 0.9999104961 0.1532534937 0.07065615355
1151 0.9999104961 0.1729471542 0.07836363288
1152 0.9999104961 0.1985144712 0.08398032697
1153 0.9999104961 0.1665266137 0.07375088428
1154 0.9999104961 0.2156149934 0.09851879999
1155 0.9999104961 0.2028210876 0.08272130057
1156 0.9999104961 0.2114194844 0.08005808636
1157 0.9999104961 0.2162818749 0.07461106349
1158 0.9999104961 0.1689727893 0.06948533468
1159 0.9999104961 0.1749292031 0.06480549905
1160 0.9999104961 0.1654735868 0.06526883005
1161 0.9999104961 0.1644480006 0.05422005435
1162 0.9999104961 0.1829638666 0.07159352454
1163 0.9999104961 0.2168952072 0.08162940951
1164 0.9999104961 0.1668183967 0.06269288703
1165 0.9999104961 0.1819655386 0.07785257643
1166 0.9999104961 0.2118203433 0.07645522165
1167 0.9999104961 0.1827423401 0.06598649267
1168 0.9999104961 0.1618171881 0.0665190352
1169 0.9999104961 0.1798263465 0.0770341977
1170 0.9999104961 0.1899798059 0.08182262072
1171 0.9999104961 0.1717078085 0.06640613108
1172 0.9999104961 0.1615010681 0.07969997251
1173 0.9999104961 0.1667582543 0.07843169236
1174 0.9999104961 0.1573572017 0.06920686852
1175 0.9999104961 0.1414265663 0.06356281692
1176 0.9999104961 0.1549320605 0.06495693005
1177 0.9999104961 0.1183425119 0.05078681096
1178 0.9999104961 0.1563852021 0.07113343064
1179 0.9999104961 0.1560900382 0.07460450805
1180 0.9999104961 0.1469939003 0.06260291688
1181 0.9999104961 0.1286319664 0.05517603101
1182 0.9999104961 0.1661965141 0.07532259684
1183 0.9999104961 0.1817157623 0.08638715932
1184 0.9999104961 0.153402431 0.06546961116
1185 0.9999104961 0.1733678001 0.07689528702
1186 0.9999104961 0.1732947585 0.06567603859
1187 0.9999104961 0.176782737 0.07012981201
1188 0.9999104961 0.1866468591 0.07907469215
1189 0.9999104961 0.1994412727 0.08395240636
1190 0.9999104961 0.1982862309 0.08045943918
1191 0.9999104961 0.2359405918 0.08591721941
1192 0.9999104961 0.2275059043 0.08190933535
1193 0.9999104961 0.1855362409 0.07012524178
1194 0.9999104961 0.2050001791 0.08172181415
1195 0.9999104961 0.2037912342 0.08939646921
1196 0.9999104961 0.2339766907 0.09611424047
1197 0.9999104961 0.2345603517 0.0863901374
1198 0.9999104961 0.2301056246 0.08156047048
1199 0.9999104961 0.230234486 0.08226095567
1200 0.9999104961 0.2197255701 0.08742640029
1201 0.9999104961 0.223042961 0.08705207713
1202 0.9999104961 0.2034033062 0.07722613444
1203 0.9999104961 0.2207519289 0.09238507417
1204 0.9999104961 0.2160673257 0.08987750119
1205 0.9999104961 0.223965408 0.07188595576
1206 0.9999104961 0.2360458862 0.08353984843
1207 0.9999104961 0.2443246273 0.08257930439
1208 0.9999104961 0.2559404689 0.08518155333
1209 0.9999104961 0.2196384991 0.07121008578
1210 0.9999104961 0.2284510337 0.08219658982
1211 0.9999104961 0.1961801095 0.07224235749
1212 0.9999104961 0.2070090679 0.07552477851
1213 0.9999104961 0.1706586229 0.06692358939
1214 0.9999104961 0.1513752975 0.05561269264
1215 0.9999104961 0.1723251031 0.06310568219
1216 0.9999104961 0.1720181306 0.05821117399
1217 0.9999104961 0.1905979054 0.07950676369
1218 0.9999104961 0.1994505892 0.07795308112
1219 0.9999104961 0.1943747719 0.07185804784
1220 0.9999104961 0.2119186017 0.07380990439
1221 0.9999104961 0.2186714875 0.07497712658
1222 0.9999104961 0.2013862023 0.06663896565
1223 0.9999104961 0.2039757894 0.06955507408
1224 0.9999104961 0.1940753285 0.07105864405
1225 0.9999104961 0.1956065669 0.07669020507
1226 0.9999104961 0.2147922203 0.07541433552
1227 0.9999104961 0.1779671533 0.06981835718
1228 0.9999104961 0.1495694976 0.06273393733
1229 0.9999104961 0.1591218426 0.06290227212
1230 0.9999104961 0.1900417055 0.07697832077
1231 0.9999104961 0.2075365346 0.07095850348
1232 0.9999104961 0.1993457457 0.07385071005
1233 0.9999104961 0.2148152429 0.08249595524
1234 0.9999104961 0.2040087156 0.08418726814
1235 0.9999104961 0.1924968251 0.08212045017
1236 0.9999104961 0.1735513309 0.07460017493
1237 0.9999104961 0.1959549714 0.07620610277
1238 0.9999104961 0.2311658088 0.07555516133
1239 0.9999104961 0.231358897 0.07720896733
1240 0.9999104961 0.2024653155 0.06934084907
1241 0.9999104961 0.1930282359 0.06097659705
1242 0.9999104961 0.200228938 0.07514505095
1243 0.9999104961 0.1982813182 0.06904960057
1244 0.9999104961 0.2099037803 0.07336717353
1245 0.9999104961 0.2482368019 0.08014242908
1246 0.9999104961 0.1974916841 0.07504800189
1247 0.9999104961 0.2137895356 0.07469333021
1248 0.9999104961 0.1955722661 0.0703642594
1249 0.9999104961 0.1982998789 0.06720451145
1250 0.9999104961 0.1936640741 0.06724829055
1251 0.9999104961 0.1864418969 0.06422670533
1252 0.9999104961 0.1971892707 0.06971079231
1253 0.9999104961 0.1966612858 0.06916727861
1254 0.9999104961 0.2189993164 0.08372612444
1255 0.9999104961 0.2135355199 0.08402472583
1256 0.9999104961 0.2300121201 0.09063825858
1257 0.9999104961 0.2458447231 0.08329758669
1258 0.9999104961 0.2410719356 0.08232495787
1259 0.9999104961 0.2388001147 0.07504768568
1260 0.9999104961 0.220137445 0.08378927306
1261 0.9999104961 0.2166215762 0.07500519152
1262 0.9999104961 0.246308646 0.08575712705
1263 0.9999104961 0.2503670183 0.08619814873
1264 0.9999104961 0.2323232642 0.08058064605
1265 0.9999104961 0.2151604672 0.08043395198
1266 0.9999104961 0.2206264888 0.08594552419
1267 0.9999104961 0.273146282 0.1004455012
1268 0.9999104961 0.2482362065 0.08459483915
1269 0.9999104961 0.2358979941 0.07710210759
1270 0.9999104961 0.2394712508 0.08471192019
1271 0.9999104961 0.2416569445 0.08774669251
1272 0.9999104961 0.2235767078 0.08721261004
1273 0.9999104961 0.2144029594 0.08462911202
1274 0.9999104961 0.2010111389 0.0815428946
1275 0.9999104961 0.2290322515 0.09110561647
1276 0.9999104961 0.2216355875 0.07637099349
1277 0.9999104961 0.2020454311 0.07725615135
1278 0.9999104961 0.1956065476 0.08313072074
1279 0.9999104961 0.2006599279 0.07957651842
1280 0.9999104961 0.232097425 0.09295043234
1281 0.9999104961 0.2379131903 0.08318389003
1282 0.9999268947 0.2704882208 0.09199352488
1283 0.9999268947 0.2649018278 0.08851991266
1284 0.9999268947 0.2238167145 0.08734038504
1285 0.9999268947 0.2545826595 0.1011964245
1286 0.9999268947 0.2459753405 0.09244868577
1287 0.9999268947 0.25853691 0.09638711356
1288 0.9999268947 0.2258722275 0.08366265491
1289 0.9999268947 0.2309382364 0.0921881626
1290 0.9999268947 0.2320482169 0.08342155151
1291 0.9999268947 0.2160513223 0.07810420694
1292 0.9999268947 0.2027501102 0.07747747345
1293 0.9999268947 0.2120561783 0.08746374323
1294 0.9999268947 0.1977304466 0.08684127602
1295 0.9999268947 0.2174420339 0.08416864997
1296 0.9999268947 0.2108296638 0.07996687136
1297 0.9999268947 0.2070009042 0.08210229547
1298 0.9999268947 0.2143930344 0.09328230267
1299 0.9999268947 0.2075978606 0.08148553051
1300 0.9999268947 0.2053916343 0.07975669901
1301 0.9999268947 0.181760603 0.08563730436
1302 0.9999268947 0.1916670521 0.08070712958
1303 0.9999268947 0.191229974 0.08328507203
1304 0.9999268947 0.1673348767 0.07179641851
1305 0.9999268947 0.1678073404 0.06544157883
1306 0.9999268947 0.18528246 0.07449625799
1307 0.9999268947 0.148890276 0.07098533112
1308 0.9999268947 0.1447577995 0.07054770165
1309 0.9999268947 0.16771643 0.07682907962
1310 0.9999268947 0.1751605883 0.07240248817
1311 0.9999268947 0.1742086085 0.07047078949
1312 0.9999268947 0.1786584241 0.07558120828
1313 0.9999268947 0.1618507288 0.07131022946
1314 0.9999268947 0.1484156966 0.06454293489
1315 0.9999268947 0.1771079299 0.07400870757
1316 0.9999268947 0.2023696915 0.07581242592
1317 0.9999268947 0.2171204382 0.08050594421
1318 0.9999268947 0.2199037899 0.08194114445
1319 0.9999268947 0.1857927891 0.06701770126
1320 0.9999268947 0.2122982533 0.08449170749
1321 0.9999268947 0.2164869709 0.07221917437
1322 0.9999268947 0.2629933734 0.08390350592
1323 0.9999268947 0.2335502023 0.07347801178
1324 0.9999268947 0.2537390672 0.08642308133
1325 0.9999268947 0.251196947 0.08516157915
1326 0.9999268947 0.2337411006 0.07884308354
1327 0.9999268947 0.2276551861 0.08296531296
1328 0.9999268947 0.235053337 0.08445913499
1329 0.9999268947 0.2334302089 0.08868811034
1330 0.9999268947 0.195173689 0.07460885893
1331 0.9999268947 0.2026666736 0.07161649523
1332 0.9999268947 0.2253407971 0.08746834078
1333 0.9999268947 0.2252025136 0.08643185371
1334 0.9999268947 0.2110555529 0.07217929469
1335 0.9999268947 0.192480841 0.07605253606
1336 0.9999268947 0.1900228279 0.06794561722
1337 0.9999268947 0.1996256918 0.07229494255
1338 0.9999268947 0.1922225245 0.07286651603
1339 0.9999268947 0.1988277762 0.06928820971
1340 0.9999268947 0.2078366539 0.07627336095
1341 0.9999268947 0.18679454 0.07858150534
1342 0.9999268947 0.2284598746 0.07875480603
1343 0.9999268947 0.218111724 0.0712573539
1344 0.9999268947 0.2046261624 0.07108266531
1345 0.9999268947 0.2037108647 0.07951807417
1346 0.9999268947 0.2006170961 0.07134630571
1347 0.9999268947 0.2096527071 0.0843656399
1348 0.9999268947 0.2029320178 0.08783693259
1349 0.9999268947 0.1874759986 0.08547030454
1350 0.9999268947 0.1848400759 0.07210820156
1351 0.9999268947 0.1831128589 0.07624450551
1352 0.9999268947 0.1847560639 0.0793987474
1353 0.9999268947 0.2150944221 0.08865782617
1354 0.9999268947 0.2170049115 0.08335134673
1355 0.9999268947 0.1991835374 0.07219231445
1356 0.9999268947 0.2040462942 0.08604333469
1357 0.9999268947 0.1788635177 0.07095389733
1358 0.9999268947 0.170170919 0.06075678665
1359 0.9999268947 0.1905459133 0.07725586015
1360 0.9999268947 0.1823812232 0.0622218584
1361 0.9999268947 0.1760006046 0.07119393556
1362 0.9999268947 0.186140841 0.07210980293
1363 0.9999268947 0.1877093294 0.0807265197
1364 0.9999268947 0.1886221576 0.08009394601
1365 0.9999268947 0.1846597715 0.06904387017
1366 0.9999268947 0.1855548814 0.07212599111
1367 0.9999268947 0.1573633511 0.06648646087
1368 0.9999268947 0.1686409968 0.06945155847
1369 0.9999268947 0.1800806286 0.06890170447
1370 0.9999268947 0.1377108903 0.06718486635
1371 0.9999268947 0.1464476302 0.06745793711
1372 0.9999268947 0.154743394 0.07283307079
1373 0.9999268947 0.1461318939 0.06977377725
1374 0.9999268947 0.169764523 0.06582072362
1375 0.9999268947 0.167728443 0.06413936944
1376 0.9999268947 0.1955692927 0.0788494994
1377 0.9999268947 0.1976302375 0.08011649312
1378 0.9999268947 0.2023544759 0.07958611031
1379 0.9999268947 0.181745606 0.0688865555
1380 0.9999268947 0.1731688767 0.06625784094
1381 0.9999268947 0.1350767112 0.05370858941
1382 0.9999268947 0.1308149531 0.06286183748
1383 0.9999268947 0.1325064563 0.06797079703
1384 0.9999268947 0.1413168303 0.06237218936
1385 0.9999268947 0.1488058744 0.06285950189
1386 0.9999268947 0.16228446 0.06786291305
1387 0.9999268947 0.1749531165 0.09192189489
1388 0.9999268947 0.1600749629 0.07073742661
1389 0.9999268947 0.1722857662 0.07602727538
1390 0.9999268947 0.1918765579 0.08843762399
1391 0.9999268947 0.208012453 0.09081437238
1392 0.9999268947 0.1740833155 0.07734621989
1393 0.9999268947 0.1976179654 0.08642650766
1394 0.9999268947 0.1735385829 0.07666925359
1395 0.9999268947 0.1774579912 0.07786011444
1396 0.9999268947 0.1901098997 0.08387858771
1397 0.9999268947 0.1905935002 0.08214376883
1398 0.9999268947 0.1959084837 0.09282608755
1399 0.9999268947 0.2076951027 0.08953948148
1400 0.9999268947 0.2001363158 0.09347739145
1401 0.9999268947 0.17700298 0.08033194657
1402 0.9999268947 0.1745445418 0.07102508432
1403 0.9999268947 0.1923514762 0.08084341982
1404 0.9999268947 0.2028009129 0.07538733639
1405 0.9999268947 0.1935791454 0.07433550334
1406 0.9999268947 0.1904473005 0.07306983007
1407 0.9999268947 0.1694977235 0.06935660873
1408 0.9999268947 0.1768790712 0.06752795238
1409 0.9999268947 0.1762248283 0.06920860766
1410 0.9999268947 0.1870809294 0.075039605
1411 0.9999268947 0.2033240994 0.08001623853
1412 0.9999268947 0.2227803204 0.0884317945
1413 0.9999268947 0.2631772401 0.08891245954
1414 0.9999268947 0.2559337114 0.09170457543
1415 0.9999268947 0.2421483943 0.08876797685
1416 0.9999268947 0.2541461846 0.09389649144
1417 0.9999268947 0.2647875631 0.08535859756
1418 0.9999268947 0.2518882448 0.08171246143
1419 0.9999268947 0.2790070628 0.0927814504
1420 0.9999268947 0.2609255188 0.08616576218
1421 0.9999268947 0.2499840638 0.08620392652
1422 0.9999268947 0.2492864345 0.08771267221
1423 0.9999268947 0.2555045734 0.08965504393
1424 0.9999268947 0.2583538598 0.0954281542
1425 0.9999268947 0.2887704444 0.1012590091
1426 0.9999268947 0.2524419172 0.08198132356
1427 0.9999268947 0.2364149504 0.08621358195
1428 0.9999268947 0.2376033727 0.08291477989
1429 0.9999268947 0.2196889857 0.08424755224
1430 0.9999268947 0.1843882998 0.07071771978
1431 0.9999268947 0.1771372233 0.07124133938
1432 0.9999268947 0.1923669034 0.07734766112
1433 0.9999268947 0.1898533527 0.08154963299
1434 0.9999268947 0.1971394793 0.07638232046
1435 0.9999268947 0.1927671828 0.07148900915
1436 0.9999268947 0.1971013106 0.07889227194
1437 0.9999268947 0.2158907703 0.0882397436
1438 0.9999268947 0.2094687868 0.08474875008
1439 0.9999268947 0.2050150598 0.08026319296
1440 0.9999268947 0.2297820326 0.09698990811
1441 0.9999268947 0.2316450152 0.08920004076
1442 0.9999268947 0.2291206613 0.08720709143
1443 0.9999268947 0.1808878835 0.07575550869
1444 0.9999268947 0.1942068309 0.08029514948
1445 0.9999268947 0.1641282338 0.07639470479
1446 0.9999268947 0.1544568726 0.07202609888
1447 0.9999268947 0.1423284114 0.05797322341
1448 0.9999268947 0.1607343881 0.06534297065
1449 0.9999268947 0.1695971893 0.0672748491
1450 0.9999268947 0.1841057808 0.07129621431
1451 0.9999268947 0.2071934651 0.08274385662
1452 0.9999268947 0.1783174663 0.0776303237
1453 0.9999268947 0.1656560526 0.06547489604
1454 0.9999268947 0.1655524728 0.06466139647
1455 0.9999268947 0.1875485387 0.07736249415
1456 0.9999268947 0.1975894769 0.0781689591
1457 0.9999268947 0.2089863063 0.07780073726
1458 0.9999268947 0.2097650989 0.08280604113
1459 0.9999268947 0.2115952696 0.08205138773
1460 0.9999268947 0.2204215044 0.0834544365
1461 0.9999268947 0.18917916 0.07381637566
1462 0.9999268947 0.2010365224 0.07034344781
1463 0.9999268947 0.1908037005 0.06449812802
1464 0.9999268947 0.2070185712 0.07459872911
1465 0.9999268947 0.2141760603 0.07557216115
1466 0.9999268947 0.1977816812 0.07499573782
1467 0.9999268947 0.1965497058 0.0754031566
1468 0.9999268947 0.1883999302 0.06666411369
1469 0.9999268947 0.1821097135 0.07329245619
1470 0.9999268947 0.1820054221 0.0789978458
1471 0.9999268947 0.1872622511 0.07986765249
1472 0.9999268947 0.1880275357 0.07176439245
1473 0.9999268947 0.2103590714 0.07836072349
1474 0.9999268947 0.2109524933 0.08149679395
1475 0.9999268947 0.1864999897 0.07086433127
1476 0.9999268947 0.2050033512 0.0679044525
1477 0.9999268947 0.2105705417 0.07549505027
1478 0.9999268947 0.2095955597 0.07486945004
1479 0.9999268947 0.1966643364 0.07262484884
1480 0.9999268947 0.201876438 0.07785515727
1481 0.9999268947 0.1954407426 0.07075325491
1482 0.9999268947 0.2130588985 0.07325168299
1483 0.9999268947 0.2008711107 0.07410846802
1484 0.9999268947 0.2197732782 0.07466104627
1485 0.9999268947 0.2210637577 0.07406369042
1486 0.9999268947 0.2310820468 0.07404475084
1487 0.9999268947 0.1676268554 0.05776983372
1488 0.9999268947 0.212407362 0.07922328283
1489 0.9999268947 0.2193652817 0.09014985008
1490 0.9999268947 0.2087389156 0.07295862387
1491 0.9999268947 0.2254489265 0.0915610807
1492 0.9999268947 0.2404401193 0.0936916778
1493 0.9999268947 0.2375716874 0.08981347815
1494 0.9999268947 0.2331236965 0.08680510249
1495 0.9999268947 0.1938465174 0.0707322382
1496 0.9999268947 0.2061033389 0.07448650962
1497 0.9999268947 0.2135179299 0.0694270676
1498 0.9999268947 0.2378799447 0.07926188705
1499 0.9999268947 0.2386708891 0.0704090445
1500 0.9999268947 0.2428501 0.07524139367
1501 0.9999268947 0.2406677458 0.08793483484
1502 0.9999268947 0.217084293 0.07522236857
1503 0.9999268947 0.2108886253 0.07447780751
1504 0.9999268947 0.1999742644 0.06488302671
1505 0.9999268947 0.2094616178 0.07730936797
1506 0.9999268947 0.1868250634 0.07161166174
1507 0.9999268947 0.2147695449 0.088360048
1508 0.9999268947 0.1861300243 0.07268968211
1509 0.9999268947 0.2064686031 0.08879121639
1510 0.9999268947 0.2247893857 0.08639715779
1511 0.9999268947 0.1958948994 0.07840568044
1512 0.9999268947 0.2107328108 0.08123669155
1513 0.9999268947 0.2431499553 0.09151209375
1514 0.9999268947 0.2074951488 0.08255106105
1515 0.9999268947 0.2160478002 0.0924805598
1516 0.9999268947 0.2310502447 0.09396466758
1517 0.9999268947 0.2188479517 0.08936729356
1518 0.9999268947 0.2010619818 0.08264723658
1519 0.9999268947 0.2131770971 0.09018632937
1520 0.9999268947 0.2160322063 0.08843360868
1521 0.9999268947 0.222461785 0.08432951046
1522 0.9999268947 0.2311264809 0.07984486565
1523 0.9999268947 0.2192082747 0.0786103631
1524 0.9999268947 0.2066861751 0.07888434514
1525 0.9999268947 0.18085515 0.07880506993
1526 0.9999268947 0.1949293487 0.08400863531
1527 0.9999268947 0.1705796437 0.06780915816
1528 0.9999268947 0.1946179637 0.07172052573
1529 0.9999268947 0.1889565898 0.0712062728
1530 0.9999268947 0.1783688221 0.07227958745
1531 0.9999268947 0.1898871283 0.07601209481
1532 0.9999268947 0.1695732632 0.07031487765
1533 0.9999268947 0.1620933682 0.07005963149
1534 0.9999268947 0.2229434969 0.09837441446
1535 0.9999268947 0.1880662187 0.0765160405
1536 0.9999268947 0.2084644962 0.07106401437
1537 0.9999268947 0.1769765828 0.06833697311
1538 0.9999268947 0.2110885505 0.07761728853
1539 0.9999268947 0.2222971156 0.08908275412
1540 0.9999268947 0.2320319211 0.0838257849
1541 0.9999268947 0.2404491768 0.08444608145
1542 0.9999268947 0.2339256067 0.1024742265
1543 0.9999268947 0.2280894249 0.0801367604
1544 0.9999268947 0.2296399168 0.080078409
1545 0.9999268947 0.2456585407 0.09702176316
1546 0.9999268947 0.2241948329 0.08730649851
1547 0.9999268947 0.2038702049 0.07941134966
1548 0.9999268947 0.1969004506 0.08671153875
1549 0.9999268947 0.2107498999 0.09281943891
1550 0.9999268947 0.1842088409 0.08102754466
1551 0.9999268947 0.2119336885 0.09721130046
1552 0.9999268947 0.1997712711 0.0881424676
1553 0.9999268947 0.2240581203 0.09039274773
1554 0.9999268947 0.2173300396 0.08841493011
1555 0.9999268947 0.1975172264 0.0826205182
1556 0.9999268947 0.2140140804 0.08753774272
1557 0.9999268947 0.2283812101 0.08410023418
1558 0.9999268947 0.2211499093 0.07742226756
1559 0.9999268947 0.1962979521 0.07497250816
1560 0.9999268947 0.1814848791 0.07748826222
1561 0.9999268947 0.1779978406 0.0729747256
1562 0.9999268947 0.1850587992 0.07030664963
1563 0.9999268947 0.2109555333 0.08671256106
1564 0.9999268947 0.1973898778 0.07920465719
1565 0.9999268947 0.192482807 0.07851936813
1566 0.9999268947 0.1902554457 0.07959977877
1567 0.9999268947 0.180364605 0.07541002853
1568 0.9999268947 0.1986742061 0.07220731061
1569 0.9999268947 0.1811311854 0.06898612948
1570 0.9999268947 0.1455515588 0.06494229578
1571 0.9999268947 0.1891499374 0.08381534923
1572 0.9999268947 0.2088440866 0.09371339872
1573 0.9999268947 0.1893007059 0.08063054648
1574 0.9999268947 0.1953149512 0.08300037979
1575 0.9999268947 0.2002128959 0.0717453933
1576 0.9999268947 0.2035713898 0.07583289763
1577 0.9999268947 0.2508517265 0.09190587674
1578 0.9999268947 0.2118871247 0.08187522572
1579 0.9999268947 0.2219685347 0.07565386335
1580 0.9999268947 0.2012294396 0.07796441776
1581 0.9999268947 0.1774660426 0.06584820962
1582 0.9999268947 0.2001911469 0.06887298262
1583 0.9999268947 0.1812730755 0.06733811091
1584 0.9999268947 0.2162466277 0.07455688636
1585 0.9999268947 0.2202473421 0.07565888876
1586 0.9999268947 0.2233511865 0.0780602514
1587 0.9999268947 0.2388233158 0.08307279785
1588 0.9999268947 0.2111788247 0.07490030307
1589 0.9999268947 0.2179696133 0.08488361769
1590 0.9999268947 0.2234540065 0.08384725426
1591 0.9999268947 0.2200801125 0.08877142228
1592 0.9999268947 0.2111517753 0.07156621775
1593 0.9999268947 0.2022165996 0.0744417768
1594 0.9999268947 0.1746364045 0.07840180808
1595 0.9999268947 0.2002716708 0.09070978826
1596 0.9999268947 0.2008569497 0.09102139168
1597 0.9999268947 0.1820161675 0.07945041909
1598 0.9999268947 0.1901337374 0.08588438221
1599 0.9999268947 0.2078588696 0.08812854224
1600 0.9999268947 0.2049256185 0.08057947477
1601 0.9999268947 0.2069439469 0.07976658356
1602 0.9999268947 0.2157277597 0.08185829189
1603 0.9999268947 0.2007524459 0.07100556486
1604 0.9999268947 0.1904458858 0.07554229027
1605 0.9999268947 0.1641908114 0.06640790054
1606 0.9999268947 0.2195152303 0.08412136687
1607 0.9999268947 0.2172320266 0.0853040188
1608 0.9999268947 0.2107808254 0.08317734279
1609 0.9999268947 0.1876058137 0.0793512176
1610 0.9999268947 0.1714324731 0.06759682655
1611 0.999926977 0.1761031519 0.07040938282
1612 0.999926977 0.1722983692 0.06668454902
1613 0.999926977 0.1665170777 0.07209115273
1614 0.999926977 0.1872594357 0.07115389688
1615 0.999926977 0.2040129072 0.08359436863
1616 0.999926977 0.203916195 0.08429852326
1617 0.999926977 0.2004594506 0.08000376668
1618 0.999926977 0.1812002516 0.07032333598
1619 0.999926977 0.2128653728 0.07684805127
1620 0.999926977 0.218573535 0.0875072195
1621 0.999926977 0.2222452765 0.08553536651
1622 0.999926977 0.1806064852 0.07948079669
1623 0.999926977 0.2122453601 0.09017012502
1624 0.999926977 0.2251089816 0.08926576631
1625 0.999926977 0.2113963461 0.07924618663
1626 0.999926977 0.232433894 0.09571391833
1627 0.999926977 0.2598643727 0.08296944515
1628 0.999926977 0.229496922 0.07050225852
1629 0.999926977 0.2174228238 0.07583901841
1630 0.999926977 0.2240890031 0.07094338453
1631 0.999926977 0.2268859757 0.06913576671
1632 0.999926977 0.2522802758 0.08185563225
1633 0.999926977 0.2183496849 0.07242396654
1634 0.999926977 0.2230574901 0.07371284779
1635 0.999926977 0.2314000853 0.08838330098
1636 0.999926977 0.2364450458 0.08396397443
1637 0.999926977 0.2295077647 0.08393790809
1638 0.999926977 0.219471192 0.08368067159
1639 0.999926977 0.2035272308 0.07100407118
1640 0.999926977 0.1986041237 0.07248555834
1641 0.999926977 0.1963511613 0.08338797821
1642 0.999926977 0.2011247673 0.08277890726
1643 0.999926977 0.2489097686 0.09153682156
1644 0.999926977 0.2586165811 0.08656931131
1645 0.999926977 0.2649931788 0.09254033261
1646 0.999926977 0.2514227117 0.08433851246
1647 0.999926977 0.2381668574 0.08402340265
1648 0.999926977 0.1925542249 0.0814003119
1649 0.999926977 0.2315016229 0.09439895688
1650 0.999926977 0.1924247716 0.07258028404
1651 0.999926977 0.197836321 0.07033344572
1652 0.999926977 0.2289627539 0.08814713652
1653 0.999926977 0.2010990149 0.08171841844
1654 0.999926977 0.1476681227 0.0613423048
1655 0.999926977 0.1460458918 0.06066459065
1656 0.999926977 0.1489121259 0.06055884163
1657 0.999926977 0.1781996895 0.0779858221
1658 0.999926977 0.178703491 0.07063256533
1659 0.999926977 0.1807716906 0.06836416721
1660 0.999926977 0.1755065187 0.07493779645
1661 0.999926977 0.1547500341 0.05930945296
1662 0.999926977 0.1919459041 0.08417402782
1663 0.999926977 0.1673205666 0.08062236008
1664 0.999926977 0.1752525453 0.06918830823
1665 0.999926977 0.1658600066 0.06158167184
1666 0.999926977 0.1778814853 0.06907819935
1667 0.999926977 0.1850198127 0.07221644528
1668 0.999926977 0.1594532547 0.06539393787
1669 0.999926977 0.1612868959 0.06625556388
1670 0.999926977 0.1877682388 0.07358244516
1671 0.999926977 0.1550254007 0.07354948129
1672 0.999926977 0.1554269304 0.07215187976
1673 0.999926977 0.1566196422 0.06596965734
1674 0.999926977 0.1839181067 0.08952056756
1675 0.999926977 0.1785783606 0.07408068374
1676 0.999926977 0.1825533606 0.07715085684
1677 0.999926977 0.1827491876 0.0779235859
1678 0.999926977 0.1912073119 0.0816796215
1679 0.999926977 0.1850624497 0.07859665119
1680 0.999926977 0.1591763761 0.0711473309
1681 0.999926977 0.158288789 0.07621945098
1682 0.999926977 0.1442627599 0.06892317629
1683 0.999926977 0.1423396272 0.06710664508
1684 0.999926977 0.1633764125 0.07026336182
1685 0.999926977 0.2007806139 0.09135635805
1686 0.999926977 0.1912769988 0.07900814026
1687 0.999926977 0.1485706215 0.06327437692
1688 0.999926977 0.1792740176 0.06783318231
1689 0.999926977 0.2080137576 0.07928409843
1690 0.999926977 0.2042307695 0.07821058553
1691 0.999926977 0.1935571649 0.07034529115
1692 0.999926977 0.2034147603 0.08292090537
1693 0.999926977 0.1820169859 0.07404849507
1694 0.999926977 0.1817961071 0.07161288276
1695 0.999926977 0.1770594549 0.06962442439
1696 0.999926977 0.1842749739 0.07091038931
1697 0.999926977 0.174259077 0.07258859434
1698 0.999926977 0.1787266424 0.0674394654
1699 0.999926977 0.1763937681 0.06426330499
1700 0.999926977 0.2013610425 0.07627448007
1701 0.999926977 0.2128213343 0.08309122244
1702 0.999926977 0.231528149 0.0723664219
1703 0.999926977 0.2368355 0.0737647341
1704 0.999926977 0.2059267683 0.07367679317
1705 0.999926977 0.1972338241 0.05519158327
1706 0.999926977 0.201251825 0.06769804025
1707 0.999926977 0.2064140167 0.08412967207
1708 0.999926977 0.2178270005 0.07043172173
1709 0.999926977 0.1999411007 0.06944511405
1710 0.999926977 0.1922456108 0.07329858179
1711 0.999926977 0.1838160626 0.07086648886
1712 0.999926977 0.1663298495 0.06274909922
1713 0.999926977 0.1873727437 0.07723281693
1714 0.999926977 0.1885046801 0.08790775724
1715 0.999926977 0.221921511 0.08705917313
1716 0.999926977 0.1671622812 0.06373946985
1717 0.999926977 0.165297174 0.06631928694
1718 0.999926977 0.164345251 0.0630942964
1719 0.999926977 0.1826209166 0.07139270501
1720 0.999926977 0.1807742212 0.07553840796
1721 0.999926977 0.1931079793 0.08787425129
1722 0.999926977 0.1949427063 0.07341159629
1723 0.999926977 0.1999656663 0.07267080742
1724 0.999926977 0.212490464 0.08592348786
1725 0.999926977 0.2142644921 0.09089251787
1726 0.999926977 0.2391864646 0.08330915804
1727 0.999926977 0.2320164504 0.08355721054
1728 0.999926977 0.2211804096 0.08640855645
1729 0.999926977 0.2056348577 0.07540743458
1730 0.999926977 0.1952646761 0.0861342349
1731 0.999926977 0.2149023042 0.09626626369
1732 0.999926977 0.2208102081 0.09435484654
1733 0.999926977 0.1968563813 0.07349972778
1734 0.999926977 0.2004428474 0.07755925368
1735 0.999926977 0.1947203843 0.07269051382
1736 0.999926977 0.1696966146 0.06337050519
1737 0.999926977 0.1867394351 0.07591638539
1738 0.999926977 0.1588004076 0.0604007104
1739 0.999926977 0.1639719233 0.06470731606
1740 0.999926977 0.1943374608 0.08085714824
1741 0.999926977 0.1752114325 0.07253357451
1742 0.999926977 0.1651456453 0.06986506555
1743 0.999926977 0.1513963316 0.0618742447
1744 0.999926977 0.1501612085 0.0667172784
1745 0.999926977 0.1153702733 0.05066860611
1746 0.999926977 0.1517002734 0.0668117718
1747 0.999926977 0.1588108135 0.06301705847
1748 0.999926977 0.1775625345 0.06943156617
1749 0.999926977 0.1739682447 0.07538195068
1750 0.999926977 0.1710964671 0.07515941343
1751 0.999926977 0.1828616728 0.06902227591
1752 0.999926977 0.1779664268 0.06928557551
1753 0.999926977 0.174393578 0.07965405814
1754 0.999926977 0.1607046937 0.0757438276
1755 0.999926977 0.1766602972 0.0841190604
1756 0.999926977 0.2097221563 0.09208333871
1757 0.999926977 0.2373324778 0.08989598532
1758 0.999926977 0.2465322634 0.1047889917
1759 0.999926977 0.2305320164 0.09256152006
1760 0.999926977 0.2167175351 0.09249154116
1761 0.999926977 0.1945028 0.08234590264
1762 0.999926977 0.202481231 0.08441783831
1763 0.999926977 0.1917966036 0.07955393458
1764 0.999926977 0.1956988147 0.0826591865
1765 0.999926977 0.1966059044 0.08487108337
1766 0.999926977 0.1881923889 0.07741061931
1767 0.999926977 0.1763649218 0.08226507671
1768 0.999926977 0.1859952485 0.07177965257
1769 0.999926977 0.1614225286 0.06954370102
1770 0.999926977 0.2123668468 0.08195941959
1771 0.999926977 0.2119365501 0.0834366575
1772 0.999926977 0.1824689417 0.07372339231
1773 0.999926977 0.1896666681 0.07527139375
1774 0.999926977 0.1787253659 0.07692418454
1775 0.999926977 0.2075264343 0.08603588044
1776 0.999926977 0.1644902118 0.07169144747
1777 0.999926977 0.1469530737 0.06409648935
1778 0.999926977 0.1439931906 0.05882285488
1779 0.999926977 0.176142612 0.08432289811
1780 0.999926977 0.1930822661 0.07332922776
1781 0.999926977 0.1766350439 0.07559725267
1782 0.999926977 0.2048844448 0.08784261346
1783 0.999926977 0.2121623413 0.09038692381
1784 0.999926977 0.2029124929 0.08131184014
1785 0.999926977 0.1882782083 0.07077987186
1786 0.999926977 0.212878121 0.08825380904
1787 0.999926977 0.2353086073 0.1040503459
1788 0.999926977 0.1893833972 0.07220572812
1789 0.999926977 0.20419314 0.07721923472
1790 0.999926977 0.2217625596 0.08309596887
1791 0.999926977 0.2027364045 0.07656852673
1792 0.999926977 0.2071937935 0.09123982133
1793 0.999926977 0.2169910436 0.0895890084
1794 0.999926977 0.2124420231 0.08246651223
1795 0.999926977 0.2172731802 0.08330451636
1796 0.999926977 0.2171102435 0.07613333021
1797 0.999926977 0.193716843 0.07682024046
1798 0.999926977 0.2525523808 0.08330694925
1799 0.999926977 0.1923130143 0.06978346182
1800 0.999926977 0.1892906283 0.0769001124
1801 0.999926977 0.1585189604 0.07198518399
1802 0.999926977 0.1849604364 0.07974109751
1803 0.999926977 0.1747874465 0.08299825676
1804 0.999926977 0.1848044248 0.09644329876
1805 0.999926977 0.2112910301 0.1028785001
1806 0.999926977 0.1818962976 0.08164258932
1807 0.999926977 0.1956566896 0.09089613796
1808 0.999926977 0.1858955668 0.08371785467
1809 0.999926977 0.1788251657 0.08118383803
1810 0.999926977 0.1918108028 0.08935131589
1811 0.999926977 0.2071688425 0.09505186956
1812 0.999926977 0.2091152141 0.0860589181
1813 0.999926977 0.1922946424 0.08579153431
1814 0.999926977 0.1972257345 0.08740565866
1815 0.999926977 0.223776227 0.09350942176
1816 0.999926977 0.1771232901 0.06019201514
1817 0.999926977 0.1788957092 0.08073465793
1818 0.999926977 0.1992508441 0.08229560722
1819 0.999926977 0.1868745888 0.07332122907
1820 0.999926977 0.1760143536 0.07444078832
1821 0.999926977 0.1813836443 0.07283555318
1822 0.999926977 0.2047468064 0.09620858853
1823 0.999926977 0.2331215876 0.09198353468
1824 0.999926977 0.1793551534 0.07063150648
1825 0.999926977 0.1896965628 0.07576664236
1826 0.999926977 0.1874990274 0.08007257396
1827 0.999926977 0.2170689072 0.09084447856
1828 0.999926977 0.2420782044 0.09466391823
1829 0.999926977 0.2100048386 0.09319456588
1830 0.999926977 0.1999897736 0.08698449537
1831 0.999926977 0.1886736216 0.08463757533
1832 0.999926977 0.2069813387 0.08642569174
1833 0.999926977 0.1960808759 0.08192068341
1834 0.999926977 0.183654778 0.08218300975
1835 0.999926977 0.2001560743 0.07472201308
1836 0.999926977 0.1853959315 0.07612318301
1837 0.999926977 0.1985310424 0.07090150441
1838 0.999926977 0.1987286503 0.08206556857
1839 0.999926977 0.168733186 0.05761496395
1840 0.999926977 0.2028475284 0.08491769736
1841 0.999926977 0.2203469252 0.08563834182
1842 0.999926977 0.2483066084 0.101061652
1843 0.999926977 0.2153567246 0.08477657883
1844 0.999926977 0.2175409521 0.09149173604
1845 0.999926977 0.1998732197 0.08420504759
1846 0.999926977 0.2015957376 0.07846087525
1847 0.999926977 0.2034647092 0.07800892567
1848 0.999926977 0.1466840415 0.05547553172
1849 0.999926977 0.152775674 0.06201504516
1850 0.999926977 0.1771810093 0.0778573884
1851 0.999926977 0.1765333862 0.08029995243
1852 0.999926977 0.1707262431 0.0765450855
1853 0.999926977 0.1868305493 0.07560440141
1854 0.999926977 0.1960697139 0.06995675483
1855 0.999926977 0.2054898713 0.07809112417
1856 0.999926977 0.169598842 0.06734466783
1857 0.999926977 0.207256525 0.08619675068
1858 0.999926977 0.2708451736 0.1051629203
1859 0.999926977 0.2710652919 0.1015369503
1860 0.999926977 0.2104655669 0.08710277511
1861 0.999926977 0.2029204205 0.08646128073
1862 0.999926977 0.1911467514 0.07811136939
1863 0.999926977 0.2044507125 0.08205337332
1864 0.999926977 0.1814679101 0.07769256908
1865 0.999926977 0.1633054887 0.07155535355
1866 0.999926977 0.1826620755 0.07974613227
1867 0.999926977 0.1889834771 0.08707752226
1868 0.999926977 0.234580107 0.1038044896
1869 0.999926977 0.1919091238 0.08318948679
1870 0.999926977 0.1841525634 0.08110461513
1871 0.999926977 0.1688515684 0.07297657177
1872 0.999926977 0.1701222732 0.06675508522
1873 0.999926977 0.1758020851 0.07965444266
1874 0.999926977 0.1886389291 0.07695515869
1875 0.999926977 0.1892602362 0.08156739481
1876 0.999926977 0.1693386697 0.06555702
1877 0.999926977 0.195704137 0.06785211806
1878 0.999926977 0.2024086091 0.06783628528
1879 0.999926977 0.1978514411 0.07446892363
1880 0.999926977 0.2255351126 0.08755080994
1881 0.999926977 0.1820745991 0.06924179185
1882 0.999926977 0.1895183371 0.08241758752
1883 0.999926977 0.1964371922 0.08636366799
1884 0.999926977 0.1737193643 0.07324132973
1885 0.999926977 0.189800296 0.07531939285
1886 0.999926977 0.1818876283 0.06415740279
1887 0.999926977 0.2085101572 0.08284050835
1888 0.999926977 0.1988712558 0.0772516702
1889 0.999926977 0.1918263195 0.07163851278
1890 0.999926977 0.198879334 0.07587099996
1891 0.999926977 0.1995667948 0.07777881979
1892 0.999926977 0.1972227052 0.08110475362
1893 0.999926977 0.1913225396 0.07650678252
1894 0.999926977 0.1948993393 0.08153581662
1895 0.999926977 0.1949497657 0.0801822643
1896 0.999926977 0.2219819435 0.08710315368
1897 0.999926977 0.1939152503 0.06938189088
1898 0.999926977 0.1920376475 0.07737650476
1899 0.999926977 0.2114212097 0.07890287762
1900 0.999926977 0.1752622874 0.06659054273
1901 0.999926977 0.1896623606 0.06776538253
1902 0.999926977 0.2114369004 0.07131007732
1903 0.999926977 0.2288613202 0.08469871725
1904 0.999926977 0.2264200128 0.07596706075
1905 0.999926977 0.2178596634 0.07104887706
1906 0.999926977 0.1895488566 0.07083415306
1907 0.999926977 0.2013196313 0.07839648408
1908 0.999926977 0.1701877764 0.07021983628
1909 0.999926977 0.1913007172 0.07668100081
1910 0.999926977 0.2108847271 0.08516985607
1911 0.999926977 0.2101799358 0.0815833402
1912 0.999926977 0.2125385768 0.08238902499
1913 0.999926977 0.2173412661 0.08525160666
1914 0.999926977 0.2104674225 0.09116221725
1915 0.999926977 0.2010714032 0.07319037678
1916 0.999926977 0.1745352528 0.06624115912
1917 0.999926977 0.1384389182 0.05493811025
1918 0.999926977 0.1549148902 0.06110309557
1919 0.999926977 0.1627112801 0.06464542363
1920 0.999926977 0.15694197 0.06251278359
1921 0.999926977 0.1620123799 0.07587161162
1922 0.999926977 0.1688085228 0.0758731219
1923 0.999926977 0.1736567771 0.0683195568
1924 0.999926977 0.1822663696 0.07333439719
1925 0.999926977 0.1887651629 0.08063637298
1926 0.999926977 0.1790103345 0.07468682853
1927 0.999926977 0.1704310803 0.06859983874
1928 0.999926977 0.1914853713 0.07186991428
1929 0.999926977 0.1570759447 0.06927469307
1930 0.999926977 0.1648475409 0.06899040147
1931 0.999926977 0.1787679316 0.0763871199
1932 0.999926977 0.1456375193 0.0618617101
1933 0.999926977 0.1659456998 0.07351722663
1934 0.999926977 0.1592574871 0.06938501542
1935 0.999926977 0.1549754347 0.07098948175
1936 0.999926977 0.1861167791 0.08290932706
1937 0.999926977 0.1840391296 0.07864223622
1938 0.999926977 0.185810167 0.07253546192
1939 0.999926977 0.1639238672 0.06662427281
1940 0.999926977 0.1522361898 0.06762029508
1941 0.999926977 0.157875187 0.06011420411
1942 0.999926977 0.1798274889 0.07010225157
1943 0.999926977 0.1583331928 0.06337141154
1944 0.999926977 0.1955904147 0.09344663038
1945 0.999926977 0.1702228683 0.0646366354
1946 0.999926977 0.1801315236 0.07489979019
1947 0.999926977 0.1996838151 0.07729114633
1948 0.999926977 0.167270149 0.07502496396
1949 0.999926977 0.1583755225 0.07429430485
1950 0.999926977 0.1644011183 0.07344081634
1951 0.999926977 0.1564337497 0.06939090876
1952 0.999926977 0.1648043089 0.06540172517
1953 0.999926977 0.1653179684 0.07436366297
1954 0.999926977 0.1614771117 0.06546720047
1955 0.999926977 0.1506347777 0.06592721944
1956 0.999926977 0.1645948296 0.07494829432
1957 0.999926977 0.1379353075 0.05844251165
1958 0.999926977 0.1536650168 0.0633841237
1959 0.999926977 0.1816954124 0.07724990364
1960 0.999926977 0.162449645 0.06553657153
1961 0.999926977 0.2083601168 0.08135327225
1962 0.999926977 0.1830100573 0.07761289115
1963 0.999926977 0.1724347105 0.06758644214
1964 0.999926977 0.180379785 0.06665387222
1965 0.999926977 0.2001090813 0.08276696887
1966 0.999926977 0.2024807392 0.07237976669
1967 0.999926977 0.2314648158 0.08529226286
1968 0.999926977 0.2071151413 0.07757885466
1969 0.999926977 0.2138726351 0.08679350408
1970 0.999926977 0.1913606156 0.07246351962
1971 0.999926977 0.1999413659 0.08386080167
1972 0.999926977 0.1665144005 0.07205952165
1973 0.999926977 0.1368917907 0.06228374625
1974 0.999926977 0.1650708303 0.07014447452
1975 0.999926977 0.1681952039 0.07526603564
1976 0.999926977 0.1786394577 0.08761782931
1977 0.999926977 0.1599779129 0.06786069022
1978 0.999926977 0.1557760703 0.0702653644
1979 0.999926977 0.1660107761 0.07567116922
1980 0.999926977 0.1929754412 0.08417911923
1981 0.999926977 0.1900805513 0.08178258668
1982 0.999926977 0.2088181931 0.08236345474
1983 0.999926977 0.2597219143 0.09298068724
1984 0.999926977 0.2781624327 0.09567027531
1985 0.999926977 0.2768998676 0.08971809161
1986 0.999926977 0.2268373561 0.08165520338
1987 0.999926977 0.227438614 0.08249308321
1988 0.999926977 0.2164599096 0.0713623716
1989 0.999926977 0.1901920991 0.07663597397
1990 0.999926977 0.1859891156 0.07675992043
1991 0.999926977 0.2012821911 0.07995081434
1992 0.999926977 0.1890522137 0.07264771344
1993 0.999926977 0.185572118 0.07523100432
1994 0.999926977 0.1754355638 0.06781110171
1995 0.999926977 0.193482446 0.06973487449
1996 0.999926977 0.1642063117 0.05979938932
1997 0.999926977 0.1734096032 0.06894297641
1998 0.999926977 0.1839559217 0.06941714244
1999 0.999926977 0.1823588647 0.07489924833
2000 0.999926977 0.1788502973 0.07997829837
