1.378649999999999876e-01 1.147660000000000069e-01 1.614190000000000069e-01 1.294130000000000003e-01 1.279490000000000072e-01 1.811460000000000015e-01 1.667269999999999863e-01 2.916320000000000023e-01
9.839520000000000211e-02 1.542229999999999990e-01 1.464509999999999978e-01 1.382750000000000090e-01 1.360069999999999890e-01 1.598449999999999871e-01 1.596160000000000079e-01 3.046360000000000179e-01
1.394309999999999994e-01 1.647280000000000133e-01 1.473939999999999972e-01 1.448470000000000035e-01 1.411209999999999964e-01 1.211809999999999971e-01 1.243240000000000040e-01 1.379170000000000118e-01
1.540390000000000092e-01 1.643320000000000058e-01 1.467400000000000093e-01 1.191669999999999952e-01 1.184589999999999949e-01 1.645649999999999891e-01 1.383399999999999908e-01 1.763720000000000010e-01
1.333789999999999976e-01 1.229110000000000064e-01 1.392150000000000054e-01 1.521260000000000112e-01 1.781830000000000080e-01 1.514969999999999928e-01 1.470940000000000025e-01 1.244590000000000002e-01
1.234529999999999933e-01 2.022319999999999951e-01 1.621350000000000013e-01 1.190589999999999982e-01 1.423889999999999878e-01 1.483569999999999889e-01 1.627629999999999910e-01 1.390240000000000087e-01
1.505650000000000044e-01 1.286329999999999973e-01 1.464610000000000078e-01 2.000500000000000056e-01 1.321269999999999945e-01 1.289569999999999883e-01 2.183360000000000023e-01 1.247270000000000045e-01
1.193840000000000040e-01 1.264369999999999938e-01 1.845110000000000083e-01 2.867589999999999861e-01 1.244679999999999953e-01 1.327629999999999921e-01 1.236540000000000000e-01 1.837129999999999874e-01
1.832529999999999992e-01 1.098979999999999957e-01 1.663900000000000101e-01 1.682750000000000079e-01 1.811979999999999980e-01 1.154069999999999957e-01 1.382309999999999928e-01 1.399600000000000011e-01
1.366499999999999937e-01 1.947250000000000092e-01 1.741360000000000130e-01 1.574240000000000084e-01 1.547910000000000119e-01 1.463740000000000041e-01 1.364120000000000055e-01 1.420919999999999961e-01
1.218950000000000033e-01 2.384090000000000098e-01 1.861450000000000049e-01 1.817410000000000136e-01 1.289200000000000068e-01 1.717730000000000090e-01 1.749950000000000117e-01 1.264589999999999881e-01
1.667740000000000056e-01 1.439729999999999899e-01 1.537479999999999958e-01 1.696169999999999900e-01 1.470120000000000038e-01 1.737150000000000083e-01 1.513100000000000001e-01 1.243670000000000053e-01
1.643390000000000128e-01 1.405160000000000020e-01 1.979470000000000118e-01 1.938799999999999968e-01 1.653360000000000107e-01 1.293100000000000083e-01 1.220549999999999968e-01 1.434680000000000122e-01
1.548910000000000009e-01 1.277089999999999892e-01 1.279430000000000012e-01 1.503879999999999939e-01 1.464189999999999936e-01 1.878859999999999975e-01 2.578280000000000016e-01 1.740539999999999865e-01
1.421040000000000081e-01 1.638169999999999904e-01 1.451429999999999942e-01 1.560549999999999993e-01 1.864810000000000079e-01 1.155970000000000053e-01 1.698510000000000020e-01 1.392230000000000134e-01
1.693350000000000133e-01 1.593700000000000117e-01 1.426659999999999873e-01 1.606710000000000083e-01 1.457279999999999964e-01 1.264369999999999938e-01 1.799370000000000136e-01 1.647109999999999963e-01
1.861430000000000029e-01 1.704199999999999882e-01 1.364869999999999972e-01 1.398230000000000028e-01 1.857139999999999902e-01 1.331730000000000136e-01 1.381479999999999930e-01 1.970919999999999894e-01
1.738830000000000098e-01 1.248589999999999978e-01 1.781669999999999920e-01 1.839030000000000109e-01 1.152090000000000058e-01 1.395699999999999996e-01 1.426060000000000105e-01 1.056089999999999945e-01
1.263640000000000041e-01 1.389680000000000082e-01 1.186930000000000068e-01 2.345899999999999930e-01 1.770930000000000004e-01 1.304970000000000019e-01 1.575910000000000089e-01 1.401459999999999928e-01
1.406799999999999995e-01 1.154170000000000057e-01 1.699650000000000050e-01 1.578690000000000093e-01 1.371549999999999991e-01 1.505299999999999971e-01 1.320109999999999895e-01 1.247560000000000058e-01
1.641400000000000081e-01 1.455559999999999909e-01 1.382529999999999870e-01 1.251680000000000015e-01 1.148369999999999946e-01 1.475339999999999985e-01 1.399980000000000113e-01 1.347490000000000077e-01
1.648209999999999953e-01 1.230200000000000043e-01 1.273720000000000130e-01 1.366140000000000132e-01 1.684720000000000106e-01 1.680300000000000127e-01 1.682410000000000017e-01 1.400629999999999931e-01
1.580789999999999973e-01 8.411839999999999595e-02 1.411239999999999994e-01 1.318590000000000040e-01 1.489659999999999873e-01 1.808639999999999970e-01 2.450569999999999971e-01 1.959700000000000053e-01
1.518609999999999960e-01 1.895940000000000125e-01 1.927159999999999984e-01 1.896170000000000078e-01 1.406600000000000072e-01 1.845509999999999928e-01 1.426219999999999988e-01 1.419660000000000089e-01
1.389579999999999982e-01 2.083190000000000042e-01 1.644380000000000008e-01 1.952879999999999894e-01 1.540900000000000047e-01 2.287740000000000051e-01 1.273620000000000030e-01 1.292119999999999935e-01
1.150510000000000005e-01 1.377629999999999966e-01 1.914089999999999958e-01 1.761179999999999968e-01 1.307770000000000044e-01 1.600789999999999991e-01 1.407420000000000060e-01 1.994110000000000049e-01
1.313910000000000078e-01 1.576980000000000048e-01 1.999410000000000076e-01 1.481989999999999974e-01 1.280860000000000054e-01 1.224569999999999964e-01 2.035629999999999939e-01 1.065979999999999983e-01
1.207160000000000039e-01 1.188280000000000031e-01 1.541659999999999975e-01 1.606009999999999938e-01 1.320639999999999870e-01 1.428989999999999982e-01 1.381699999999999873e-01 1.295379999999999865e-01
2.108240000000000114e-01 1.804649999999999865e-01 2.005210000000000048e-01 2.060539999999999872e-01 2.004720000000000113e-01 1.577250000000000041e-01 1.892429999999999946e-01 1.403139999999999943e-01
2.084719999999999906e-01 2.257560000000000122e-01 1.392120000000000024e-01 1.152890000000000026e-01 1.311130000000000073e-01 1.724009999999999987e-01 1.341749999999999887e-01 1.755069999999999963e-01
1.676900000000000057e-01 1.269289999999999863e-01 1.755249999999999866e-01 2.198330000000000006e-01 1.427440000000000098e-01 1.203160000000000063e-01 1.168099999999999972e-01 1.295240000000000002e-01
1.953310000000000046e-01 1.129150000000000015e-01 1.318300000000000027e-01 1.366719999999999879e-01 1.849709999999999965e-01 1.529860000000000109e-01 1.699489999999999890e-01 2.313050000000000106e-01
1.445150000000000046e-01 1.691840000000000011e-01 1.170380000000000031e-01 1.265689999999999871e-01 1.284399999999999986e-01 1.649460000000000093e-01 1.583809999999999940e-01 1.020479999999999998e-01
1.889740000000000031e-01 1.717349999999999988e-01 1.939450000000000063e-01 1.603040000000000020e-01 1.403510000000000035e-01 1.974059999999999981e-01 2.138500000000000123e-01 1.316070000000000018e-01
1.433840000000000114e-01 1.545980000000000132e-01 2.488190000000000124e-01 2.028739999999999988e-01 1.399759999999999893e-01 1.733089999999999908e-01 1.374110000000000054e-01 1.461689999999999934e-01
1.415490000000000081e-01 2.068709999999999993e-01 1.469729999999999925e-01 1.285380000000000134e-01 1.512070000000000081e-01 1.368689999999999907e-01 1.238650000000000029e-01 1.161330000000000001e-01
1.263400000000000079e-01 1.684680000000000066e-01 2.035079999999999945e-01 1.599990000000000023e-01 1.933300000000000018e-01 2.307919999999999972e-01 1.346819999999999962e-01 1.130769999999999970e-01
1.372569999999999901e-01 1.281210000000000127e-01 1.281150000000000067e-01 2.705839999999999912e-01 1.753669999999999951e-01 1.547580000000000067e-01 1.283519999999999939e-01 2.112739999999999896e-01
1.674869999999999970e-01 1.821609999999999896e-01 1.797860000000000014e-01 1.450069999999999970e-01 1.200250000000000067e-01 1.640369999999999884e-01 1.912689999999999946e-01 1.347069999999999934e-01
1.300090000000000134e-01 1.188659999999999994e-01 1.367549999999999877e-01 2.206500000000000128e-01 1.183320000000000066e-01 1.376159999999999883e-01 1.533259999999999901e-01 1.120239999999999986e-01
2.064030000000000031e-01 1.869470000000000021e-01 1.491180000000000005e-01 1.111479999999999968e-01 2.072539999999999938e-01 1.685349999999999904e-01 1.274520000000000097e-01 1.539760000000000018e-01
1.587399999999999922e-01 1.465789999999999871e-01 1.455839999999999912e-01 1.052260000000000001e-01 1.384990000000000110e-01 1.594969999999999999e-01 1.072540000000000021e-01 1.341009999999999980e-01
1.549169999999999991e-01 1.524020000000000097e-01 1.304430000000000034e-01 1.177659999999999957e-01 1.151879999999999987e-01 1.630419999999999925e-01 1.388590000000000102e-01 1.395730000000000026e-01
2.041109999999999869e-01 2.040480000000000071e-01 1.328930000000000111e-01 1.707359999999999989e-01 1.578690000000000093e-01 1.338650000000000118e-01 1.320500000000000007e-01 1.299029999999999907e-01
1.203000000000000042e-01 2.030649999999999955e-01 1.132569999999999966e-01 1.647240000000000093e-01 1.609150000000000025e-01 1.771369999999999889e-01 1.448579999999999868e-01 1.607030000000000125e-01
1.407980000000000065e-01 2.013659999999999894e-01 1.570680000000000132e-01 1.614700000000000024e-01 2.400819999999999899e-01 1.890060000000000073e-01 1.846550000000000136e-01 2.289100000000000024e-01
1.374519999999999909e-01 2.171289999999999887e-01 1.861549999999999871e-01 1.583410000000000095e-01 1.385029999999999872e-01 1.463679999999999981e-01 1.457199999999999884e-01 1.189260000000000039e-01
1.270300000000000040e-01 1.879089999999999927e-01 9.402820000000000622e-02 1.493359999999999965e-01 1.595219999999999971e-01 1.449940000000000118e-01 1.362079999999999957e-01 1.827830000000000010e-01
1.568920000000000037e-01 1.421479999999999966e-01 1.795370000000000021e-01 1.316180000000000128e-01 1.611229999999999885e-01 1.977829999999999866e-01 1.354519999999999891e-01 1.534220000000000028e-01
1.301549999999999929e-01 1.370979999999999976e-01 1.211109999999999964e-01 1.612719999999999987e-01 1.444249999999999978e-01 1.237410000000000038e-01 1.212749999999999939e-01 1.380319999999999880e-01
1.242719999999999936e-01 2.197840000000000071e-01 1.687079999999999969e-01 1.879979999999999984e-01 1.390170000000000017e-01 1.201399999999999968e-01 1.255320000000000047e-01 2.626089999999999813e-01
1.966410000000000102e-01 1.497660000000000102e-01 1.043369999999999992e-01 1.407589999999999952e-01 1.569540000000000102e-01 1.498869999999999925e-01 1.248409999999999936e-01 1.326529999999999931e-01
1.488579999999999903e-01 1.755240000000000133e-01 1.726250000000000007e-01 1.284480000000000066e-01 1.262409999999999921e-01 1.661090000000000066e-01 1.132620000000000016e-01 1.811260000000000092e-01
1.477169999999999872e-01 3.041099999999999914e-01 1.384890000000000010e-01 1.192170000000000035e-01 1.143450000000000022e-01 2.861899999999999999e-01 1.522890000000000077e-01 1.393780000000000019e-01
1.372529999999999861e-01 1.605870000000000075e-01 1.271990000000000065e-01 1.452839999999999965e-01 2.645270000000000121e-01 1.533380000000000021e-01 1.921710000000000085e-01 1.275799999999999990e-01
1.433480000000000032e-01 1.455980000000000052e-01 1.420119999999999993e-01 1.184960000000000041e-01 1.274649999999999950e-01 1.422499999999999876e-01 1.294540000000000135e-01 1.350409999999999944e-01
2.088419999999999999e-01 1.406959999999999877e-01 1.544290000000000107e-01 2.352799999999999891e-01 1.783039999999999903e-01 1.516780000000000073e-01 1.407160000000000077e-01 2.034910000000000052e-01
1.610959999999999892e-01 2.326000000000000012e-01 1.464610000000000078e-01 1.463379999999999959e-01 1.671030000000000015e-01 1.185640000000000027e-01 1.268179999999999863e-01 1.233319999999999972e-01
1.961579999999999990e-01 2.040889999999999926e-01 2.106409999999999949e-01 1.423449999999999993e-01 2.169520000000000060e-01 3.019319999999999782e-01 1.265969999999999873e-01 1.685879999999999879e-01
1.492209999999999925e-01 1.870259999999999978e-01 1.722720000000000085e-01 1.308279999999999998e-01 1.290010000000000046e-01 8.329169999999999630e-02 1.200480000000000019e-01 1.154759999999999953e-01
1.422029999999999961e-01 1.513940000000000008e-01 2.939089999999999758e-01 1.278459999999999874e-01 1.268450000000000133e-01 2.085839999999999916e-01 1.477030000000000010e-01 1.182089999999999946e-01
1.441389999999999894e-01 1.160319999999999963e-01 2.064330000000000054e-01 1.933159999999999878e-01 1.691809999999999981e-01 1.672589999999999910e-01 1.831659999999999955e-01 1.306470000000000131e-01
1.682400000000000007e-01 1.316289999999999960e-01 1.680399999999999949e-01 1.382130000000000025e-01 1.924289999999999889e-01 1.111410000000000037e-01 1.356940000000000091e-01 1.294720000000000037e-01
1.021070000000000033e-01 1.055870000000000003e-01 1.539880000000000138e-01 1.761300000000000088e-01 2.099139999999999895e-01 1.554629999999999901e-01 1.509000000000000064e-01 1.200169999999999987e-01
1.213159999999999933e-01 1.209410000000000068e-01 1.877189999999999970e-01 1.248299999999999965e-01 1.603700000000000125e-01 1.588859999999999995e-01 1.017119999999999969e-01 1.268789999999999918e-01
1.975240000000000051e-01 1.069829999999999948e-01 1.700750000000000040e-01 1.455289999999999917e-01 1.609490000000000087e-01 1.803819999999999868e-01 1.772070000000000034e-01 1.287979999999999958e-01
1.648000000000000020e-01 1.300669999999999882e-01 1.298110000000000097e-01 1.277610000000000134e-01 2.466129999999999989e-01 1.637849999999999862e-01 1.731729999999999936e-01 2.955450000000000021e-01
1.420740000000000058e-01 2.719570000000000043e-01 2.053119999999999945e-01 1.802650000000000086e-01 1.539089999999999903e-01 1.728470000000000006e-01 1.867900000000000116e-01 8.602120000000000599e-02
1.102910000000000001e-01 2.025260000000000116e-01 1.127449999999999980e-01 1.440909999999999969e-01 1.379920000000000035e-01 1.027290000000000009e-01 1.500199999999999867e-01 1.797040000000000026e-01
1.516319999999999890e-01 1.761350000000000138e-01 1.505259999999999931e-01 1.211919999999999942e-01 1.406040000000000068e-01 1.481099999999999917e-01 6.659039999999999404e-02 1.468389999999999973e-01
1.226249999999999979e-01 1.896100000000000008e-01 1.364400000000000057e-01 1.570209999999999939e-01 3.166289999999999938e-01 1.810680000000000067e-01 1.862169999999999936e-01 1.229429999999999967e-01
1.236609999999999931e-01 1.707180000000000086e-01 1.659180000000000099e-01 1.377800000000000136e-01 1.372500000000000109e-01 1.793549999999999867e-01 1.176750000000000018e-01 1.389239999999999919e-01
1.259669999999999956e-01 9.627620000000000622e-02 1.420009999999999883e-01 1.540970000000000117e-01 1.361209999999999920e-01 2.188360000000000027e-01 1.312010000000000121e-01 1.587119999999999920e-01
1.287260000000000071e-01 1.247420000000000057e-01 1.197809999999999986e-01 1.327969999999999984e-01 1.194520000000000026e-01 1.936579999999999968e-01 1.643820000000000003e-01 2.027950000000000030e-01
1.341449999999999865e-01 2.056669999999999887e-01 1.385220000000000062e-01 1.304349999999999954e-01 1.926740000000000119e-01 1.262359999999999871e-01 1.640179999999999971e-01 1.240399999999999975e-01
1.441800000000000026e-01 1.804429999999999923e-01 1.242459999999999953e-01 1.306289999999999951e-01 1.431969999999999910e-01 1.274440000000000017e-01 1.977329999999999921e-01 1.467809999999999948e-01
2.080380000000000007e-01 1.369319999999999982e-01 1.374279999999999946e-01 1.620199999999999974e-01 1.656239999999999934e-01 1.762340000000000018e-01 1.847799999999999998e-01 1.066379999999999967e-01
1.814369999999999872e-01 1.269750000000000045e-01 1.270229999999999970e-01 2.236200000000000132e-01 1.790210000000000135e-01 1.435710000000000042e-01 1.707650000000000001e-01 1.408810000000000062e-01
1.183590000000000059e-01 2.280590000000000117e-01 1.211770000000000069e-01 1.563180000000000125e-01 1.389670000000000072e-01 1.108589999999999992e-01 1.478269999999999862e-01 1.461069999999999869e-01
1.412579999999999947e-01 1.409400000000000097e-01 1.733349999999999891e-01 1.363240000000000007e-01 1.318789999999999962e-01 1.768359999999999932e-01 2.149169999999999969e-01 2.039110000000000089e-01
1.819679999999999909e-01 1.502310000000000034e-01 1.376630000000000076e-01 1.547409999999999897e-01 1.270260000000000000e-01 1.260779999999999956e-01 1.317570000000000130e-01 1.893529999999999935e-01
1.475650000000000017e-01 1.511720000000000008e-01 1.441790000000000016e-01 1.528380000000000016e-01 2.139949999999999908e-01 1.485249999999999904e-01 1.116800000000000015e-01 1.474239999999999995e-01
1.645429999999999948e-01 1.715099999999999958e-01 1.982629999999999948e-01 1.956479999999999886e-01 1.515529999999999933e-01 1.868680000000000063e-01 2.142910000000000093e-01 1.721519999999999995e-01
1.292119999999999935e-01 1.174869999999999942e-01 2.057960000000000067e-01 1.644589999999999941e-01 1.332309999999999883e-01 1.883720000000000117e-01 2.223160000000000136e-01 1.939309999999999923e-01
1.204220000000000013e-01 1.501979999999999982e-01 1.458480000000000054e-01 1.254010000000000125e-01 1.324649999999999994e-01 1.221379999999999966e-01 1.293860000000000010e-01 1.414880000000000027e-01
1.966440000000000132e-01 1.662690000000000001e-01 1.446320000000000106e-01 1.052499999999999963e-01 1.478730000000000044e-01 1.594170000000000031e-01 1.683219999999999994e-01 1.054609999999999992e-01
1.819880000000000109e-01 1.479389999999999872e-01 1.282429999999999959e-01 1.392369999999999997e-01 2.375230000000000119e-01 1.263680000000000081e-01 1.896049999999999958e-01 1.632139999999999980e-01
1.386429999999999885e-01 1.627089999999999925e-01 2.684690000000000132e-01 1.308459999999999901e-01 1.526019999999999877e-01 2.422989999999999866e-01 1.755889999999999951e-01 1.937470000000000026e-01
1.568009999999999959e-01 1.563670000000000060e-01 1.379589999999999983e-01 1.379519999999999913e-01 1.036500000000000060e-01 1.196720000000000006e-01 1.390699999999999992e-01 1.351169999999999871e-01
1.486059999999999881e-01 1.358030000000000070e-01 1.975800000000000056e-01 1.636739999999999862e-01 1.581500000000000128e-01 1.841599999999999904e-01 1.388620000000000132e-01 1.453109999999999957e-01
1.232369999999999993e-01 1.545539999999999969e-01 1.432670000000000055e-01 1.543920000000000015e-01 1.519270000000000065e-01 1.291440000000000088e-01 1.621489999999999876e-01 1.782130000000000103e-01
2.054030000000000022e-01 1.132640000000000036e-01 1.410279999999999867e-01 1.516160000000000008e-01 1.601579999999999948e-01 1.615439999999999932e-01 1.572220000000000006e-01 1.572129999999999916e-01
1.876899999999999957e-01 1.590399999999999869e-01 1.743389999999999940e-01 1.536420000000000008e-01 2.073579999999999868e-01 1.422740000000000116e-01 1.292820000000000080e-01 2.212290000000000090e-01
1.090489999999999932e-01 1.501490000000000047e-01 1.352879999999999916e-01 1.524349999999999872e-01 1.496550000000000102e-01 1.904129999999999989e-01 1.695689999999999975e-01 1.323529999999999984e-01
1.936529999999999918e-01 1.534570000000000101e-01 1.843940000000000023e-01 1.297580000000000122e-01 1.541279999999999872e-01 1.861599999999999921e-01 1.474969999999999892e-01 1.302490000000000037e-01
1.752549999999999941e-01 1.475690000000000057e-01 1.219829999999999942e-01 1.400750000000000051e-01 1.139740000000000059e-01 1.200449999999999989e-01 1.857340000000000102e-01 1.598630000000000051e-01
1.118119999999999947e-01 1.643370000000000108e-01 1.297300000000000120e-01 1.464759999999999951e-01 1.169219999999999982e-01 1.223010000000000069e-01 1.225350000000000050e-01 1.106970000000000037e-01
1.167890000000000039e-01 1.232729999999999937e-01 1.470239999999999880e-01 1.622359999999999913e-01 1.469080000000000108e-01 1.850849999999999995e-01 1.328610000000000069e-01 1.172129999999999977e-01
1.712440000000000073e-01 1.406840000000000035e-01 1.499689999999999912e-01 1.227909999999999974e-01 1.351930000000000076e-01 2.300310000000000132e-01 1.723010000000000097e-01 1.659110000000000029e-01
1.747130000000000072e-01 1.255429999999999879e-01 1.109770000000000062e-01 1.325320000000000109e-01 1.382220000000000115e-01 2.332190000000000096e-01 1.243829999999999936e-01 1.437920000000000031e-01
1.955919999999999881e-01 1.388989999999999947e-01 1.289480000000000071e-01 1.262169999999999959e-01 1.586049999999999960e-01 1.326380000000000059e-01 1.946990000000000109e-01 1.649029999999999940e-01
1.162129999999999969e-01 1.604109999999999980e-01 1.533370000000000011e-01 1.263630000000000031e-01 1.930469999999999964e-01 1.341970000000000107e-01 1.382420000000000038e-01 1.945240000000000025e-01
2.380970000000000031e-01 1.488879999999999926e-01 1.416840000000000044e-01 1.503899999999999959e-01 1.651040000000000008e-01 1.331239999999999923e-01 2.407120000000000093e-01 1.683769999999999989e-01
1.343419999999999892e-01 1.538740000000000108e-01 1.258360000000000034e-01 1.480150000000000077e-01 1.782019999999999993e-01 1.976539999999999964e-01 1.461659999999999904e-01 1.473440000000000027e-01
1.551250000000000129e-01 9.854119999999999546e-02 1.340330000000000132e-01 1.372690000000000021e-01 1.209439999999999960e-01 1.134610000000000063e-01 1.814359999999999862e-01 1.157360000000000055e-01
1.329740000000000089e-01 1.125229999999999980e-01 1.849989999999999968e-01 2.064040000000000041e-01 1.386390000000000122e-01 1.184540000000000037e-01 1.244129999999999958e-01 1.672510000000000108e-01
1.649100000000000010e-01 7.854269999999999308e-02 1.695049999999999890e-01 1.889570000000000138e-01 1.879879999999999884e-01 1.391310000000000047e-01 1.606190000000000118e-01 1.273420000000000107e-01
1.542310000000000070e-01 1.221740000000000048e-01 2.257210000000000050e-01 2.122010000000000007e-01 1.430369999999999975e-01 1.851849999999999885e-01 1.529260000000000064e-01 1.444370000000000098e-01
1.383199999999999985e-01 1.495090000000000030e-01 1.347099999999999964e-01 1.122510000000000036e-01 1.401199999999999946e-01 1.814870000000000094e-01 2.010480000000000045e-01 1.201060000000000044e-01
1.515819999999999945e-01 1.279790000000000094e-01 2.017680000000000029e-01 1.170059999999999989e-01 1.607389999999999930e-01 1.609859999999999902e-01 1.179879999999999957e-01 1.449429999999999885e-01
1.377549999999999886e-01 1.208339999999999970e-01 1.171869999999999995e-01 1.413359999999999894e-01 1.813659999999999994e-01 2.012329999999999952e-01 1.539520000000000055e-01 1.412420000000000064e-01
1.321829999999999949e-01 2.202679999999999916e-01 1.106120000000000020e-01 1.624710000000000043e-01 1.542250000000000010e-01 1.473039999999999905e-01 1.745950000000000002e-01 1.788760000000000072e-01
1.526470000000000049e-01 1.467920000000000058e-01 1.481790000000000052e-01 1.182949999999999974e-01 1.414060000000000039e-01 1.495190000000000130e-01 1.382140000000000035e-01 1.151879999999999987e-01
1.246369999999999978e-01 1.312810000000000088e-01 1.549419999999999964e-01 1.530519999999999936e-01 1.496109999999999940e-01 1.384319999999999995e-01 1.229159999999999975e-01 2.513250000000000206e-01
1.454020000000000035e-01 1.727930000000000021e-01 1.119399999999999978e-01 1.272500000000000020e-01 1.932869999999999866e-01 9.690029999999999477e-02 1.189670000000000033e-01 1.572109999999999896e-01
7.671210000000000528e-02 1.589919999999999944e-01 1.628969999999999863e-01 1.730659999999999976e-01 1.278370000000000062e-01 1.390710000000000002e-01 1.395609999999999906e-01 1.244519999999999932e-01
1.221700000000000008e-01 1.229620000000000019e-01 1.762050000000000005e-01 1.641400000000000081e-01 1.621630000000000016e-01 8.784849999999999604e-02 1.098179999999999990e-01 1.119620000000000060e-01
1.465269999999999906e-01 1.681960000000000122e-01 1.593749999999999889e-01 1.268299999999999983e-01 1.260330000000000061e-01 1.569709999999999994e-01 1.133269999999999972e-01 1.395299999999999874e-01
1.322909999999999919e-01 1.140919999999999990e-01 1.491899999999999893e-01 2.046540000000000026e-01 1.212550000000000017e-01 1.845999999999999863e-01 1.578009999999999968e-01 1.179069999999999979e-01
1.518230000000000135e-01 1.282339999999999869e-01 1.636759999999999882e-01 1.381090000000000095e-01 1.187549999999999994e-01 1.305379999999999874e-01 1.567910000000000137e-01 1.946460000000000135e-01
1.335709999999999953e-01 1.635550000000000059e-01 1.880910000000000082e-01 2.485429999999999862e-01 1.106469999999999954e-01 1.677049999999999930e-01 1.180780000000000024e-01 1.857290000000000052e-01
1.499099999999999877e-01 1.667510000000000103e-01 1.287840000000000096e-01 1.551980000000000026e-01 1.524270000000000069e-01 1.463260000000000116e-01 1.585469999999999935e-01 1.301609999999999989e-01
1.657109999999999972e-01 1.695919999999999928e-01 1.590840000000000032e-01 1.496800000000000075e-01 1.313429999999999875e-01 1.462549999999999961e-01 1.182070000000000065e-01 1.268390000000000073e-01
1.405689999999999995e-01 1.240919999999999940e-01 1.799620000000000108e-01 1.310499999999999998e-01 1.904139999999999999e-01 1.795180000000000109e-01 1.251790000000000125e-01 1.689100000000000046e-01
1.196590000000000015e-01 1.355500000000000038e-01 1.610280000000000045e-01 2.165070000000000050e-01 2.039140000000000119e-01 1.674900000000000000e-01 2.602019999999999889e-01 1.970210000000000017e-01
1.451610000000000122e-01 1.446260000000000046e-01 1.617510000000000059e-01 2.053760000000000030e-01 2.177860000000000074e-01 1.350790000000000046e-01 1.481079999999999897e-01 1.876710000000000045e-01
1.371570000000000011e-01 1.420720000000000038e-01 1.251819999999999877e-01 2.701279999999999792e-01 1.501540000000000097e-01 1.852719999999999922e-01 1.667359999999999953e-01 2.236499999999999877e-01
1.289009999999999878e-01 1.080850000000000005e-01 1.441830000000000056e-01 1.804949999999999888e-01 1.653530000000000000e-01 1.706529999999999991e-01 1.818659999999999999e-01 1.255850000000000022e-01
1.350629999999999886e-01 1.709789999999999921e-01 1.975329999999999864e-01 1.681169999999999887e-01 1.189830000000000054e-01 1.821770000000000056e-01 1.644249999999999878e-01 1.369910000000000017e-01
1.432279999999999942e-01 1.979039999999999966e-01 1.619009999999999894e-01 1.481220000000000037e-01 2.275919999999999888e-01 2.033300000000000107e-01 1.584049999999999903e-01 1.199869999999999964e-01
2.996460000000000234e-01 1.281229999999999869e-01 3.112519999999999731e-01 1.372539999999999871e-01 1.729870000000000019e-01 1.360570000000000113e-01 1.565259999999999985e-01 1.651630000000000043e-01
1.709209999999999896e-01 2.060980000000000034e-01 1.434040000000000037e-01 1.332510000000000083e-01 2.071590000000000098e-01 1.668250000000000011e-01 1.433860000000000134e-01 2.661789999999999989e-01
1.837360000000000104e-01 1.825309999999999988e-01 1.558430000000000093e-01 1.414910000000000057e-01 1.165420000000000067e-01 1.425240000000000118e-01 1.110710000000000031e-01 1.373769999999999991e-01
2.396270000000000067e-01 1.444199999999999928e-01 1.089669999999999944e-01 2.126170000000000004e-01 1.413369999999999904e-01 1.639269999999999894e-01 1.157060000000000033e-01 1.450490000000000113e-01
1.182789999999999953e-01 1.808470000000000077e-01 1.331559999999999966e-01 1.806919999999999915e-01 1.626279999999999948e-01 1.693240000000000023e-01 1.427229999999999888e-01 1.379440000000000111e-01
1.414120000000000099e-01 1.568350000000000022e-01 1.509719999999999951e-01 2.076510000000000022e-01 1.163020000000000026e-01 1.524679999999999924e-01 1.211020000000000013e-01 1.052519999999999983e-01
1.822940000000000116e-01 1.745180000000000065e-01 1.220470000000000027e-01 2.049610000000000043e-01 1.055129999999999957e-01 1.669619999999999993e-01 1.828039999999999943e-01 1.467420000000000113e-01
1.643350000000000088e-01 1.290650000000000130e-01 1.927329999999999877e-01 1.243719999999999964e-01 1.348880000000000079e-01 1.877659999999999885e-01 1.867129999999999901e-01 1.477279999999999982e-01
1.272580000000000100e-01 2.300290000000000112e-01 1.696850000000000025e-01 1.580390000000000128e-01 1.275159999999999905e-01 1.925350000000000117e-01 1.614269999999999872e-01 1.214920000000000028e-01
1.576750000000000096e-01 1.958399999999999863e-01 1.193369999999999986e-01 1.283990000000000131e-01 1.726540000000000019e-01 1.685810000000000086e-01 1.363310000000000077e-01 1.293739999999999890e-01
1.939599999999999935e-01 2.049749999999999905e-01 1.407289999999999930e-01 1.767549999999999955e-01 1.574510000000000076e-01 1.417740000000000111e-01 1.258299999999999974e-01 1.321039999999999992e-01
1.508750000000000091e-01 1.275840000000000030e-01 1.917939999999999923e-01 1.396129999999999871e-01 1.324380000000000002e-01 1.249569999999999986e-01 1.502630000000000077e-01 1.210809999999999942e-01
1.990599999999999870e-01 1.419839999999999991e-01 1.794880000000000086e-01 1.424350000000000060e-01 1.303960000000000119e-01 1.389279999999999959e-01 1.856520000000000115e-01 2.130569999999999964e-01
1.335189999999999988e-01 1.561589999999999923e-01 1.594059999999999921e-01 1.514359999999999873e-01 1.981439999999999868e-01 1.462350000000000039e-01 1.419169999999999876e-01 1.540910000000000057e-01
1.350369999999999904e-01 1.262389999999999901e-01 1.591279999999999917e-01 2.133859999999999923e-01 2.007420000000000038e-01 1.518849999999999922e-01 1.096110000000000001e-01 1.283479999999999899e-01
1.345399999999999929e-01 1.544949999999999934e-01 1.884810000000000096e-01 1.378830000000000056e-01 1.976930000000000076e-01 1.402019999999999933e-01 1.352649999999999963e-01 1.185080000000000022e-01
1.400899999999999923e-01 2.123450000000000060e-01 1.463000000000000134e-01 1.274220000000000075e-01 1.810410000000000075e-01 1.219380000000000047e-01 1.205109999999999931e-01 1.580110000000000126e-01
1.868019999999999958e-01 1.979829999999999923e-01 2.040879999999999916e-01 1.475930000000000020e-01 1.984619999999999995e-01 1.242820000000000036e-01 2.488950000000000051e-01 1.086329999999999935e-01
1.924859999999999904e-01 1.403399999999999925e-01 1.981159999999999866e-01 1.803339999999999943e-01 1.190049999999999997e-01 1.576879999999999948e-01 2.837069999999999870e-01 1.415079999999999949e-01
1.928519999999999956e-01 1.421020000000000061e-01 2.292480000000000073e-01 1.429829999999999990e-01 2.113039999999999918e-01 1.889039999999999886e-01 1.291140000000000065e-01 1.517070000000000085e-01
1.443099999999999938e-01 2.416760000000000019e-01 2.082539999999999947e-01 1.894079999999999930e-01 1.883950000000000069e-01 1.961950000000000083e-01 1.319919999999999982e-01 2.002460000000000073e-01
1.792400000000000104e-01 1.373089999999999866e-01 1.372859999999999914e-01 1.449179999999999913e-01 1.827300000000000035e-01 1.238930000000000031e-01 1.647450000000000025e-01 1.574959999999999971e-01
1.341789999999999927e-01 1.611930000000000029e-01 1.291069999999999995e-01 1.471580000000000110e-01 1.242840000000000056e-01 1.880419999999999869e-01 2.576760000000000161e-01 1.552729999999999944e-01
1.542610000000000092e-01 1.522300000000000042e-01 1.376999999999999891e-01 1.365740000000000010e-01 2.656609999999999805e-01 1.982659999999999978e-01 1.204329999999999984e-01 1.472100000000000075e-01
1.486979999999999968e-01 1.384120000000000072e-01 1.473980000000000012e-01 1.694319999999999993e-01 1.479139999999999899e-01 1.247019999999999934e-01 1.618350000000000066e-01 1.717480000000000118e-01
2.343929999999999902e-01 1.449759999999999938e-01 1.505110000000000059e-01 1.426699999999999913e-01 1.710079999999999933e-01 2.017680000000000029e-01 1.556230000000000113e-01 1.653940000000000132e-01
1.358129999999999893e-01 1.460809999999999886e-01 1.475009999999999932e-01 1.316539999999999933e-01 1.701010000000000022e-01 1.366279999999999994e-01 1.589689999999999992e-01 1.322709999999999997e-01
1.444120000000000126e-01 1.616180000000000117e-01 1.431920000000000137e-01 1.320330000000000115e-01 1.977599999999999913e-01 1.567240000000000022e-01 2.282299999999999884e-01 1.903769999999999907e-01
1.960199999999999998e-01 1.582199999999999995e-01 2.507869999999999822e-01 1.311759999999999871e-01 1.199169999999999958e-01 1.247879999999999961e-01 1.765130000000000032e-01 1.485279999999999934e-01
1.903870000000000007e-01 2.168559999999999932e-01 1.345679999999999932e-01 1.644440000000000068e-01 1.493720000000000048e-01 1.218439999999999940e-01 1.366429999999999867e-01 1.436659999999999882e-01
1.497360000000000080e-01 1.844679999999999931e-01 1.186829999999999968e-01 1.113429999999999975e-01 1.284679999999999989e-01 2.040359999999999951e-01 1.523470000000000102e-01 1.542370000000000130e-01
1.614639999999999964e-01 1.482150000000000134e-01 1.913569999999999993e-01 1.922679999999999945e-01 1.413919999999999899e-01 1.004580000000000056e-01 1.303010000000000002e-01 1.560040000000000038e-01
1.863680000000000059e-01 1.122510000000000036e-01 1.507419999999999871e-01 2.022569999999999923e-01 1.209670000000000051e-01 1.713989999999999958e-01 1.846230000000000093e-01 1.364940000000000042e-01
1.708840000000000081e-01 1.296710000000000085e-01 1.158460000000000045e-01 1.166179999999999994e-01 1.266279999999999906e-01 1.795350000000000001e-01 1.267570000000000086e-01 2.364400000000000113e-01
1.550570000000000004e-01 1.224500000000000033e-01 1.109470000000000039e-01 1.201750000000000040e-01 1.528839999999999921e-01 1.986799999999999955e-01 1.296269999999999922e-01 1.502749999999999919e-01
1.342000000000000137e-01 2.232780000000000042e-01 1.334819999999999895e-01 2.948999999999999955e-01 1.118040000000000006e-01 1.895199999999999940e-01 1.440990000000000049e-01 1.166780000000000039e-01
1.934899999999999953e-01 1.681999999999999884e-01 1.760680000000000023e-01 1.467380000000000073e-01 1.516810000000000103e-01 1.315409999999999913e-01 1.387660000000000005e-01 1.998340000000000116e-01
1.491820000000000090e-01 1.435049999999999937e-01 1.495160000000000100e-01 1.525910000000000044e-01 1.399320000000000008e-01 1.265239999999999976e-01 2.251350000000000018e-01 1.058899999999999980e-01
1.183150000000000035e-01 1.554979999999999973e-01 1.313189999999999913e-01 2.046689999999999898e-01 1.420579999999999898e-01 1.185699999999999948e-01 1.568680000000000074e-01 1.791870000000000129e-01
1.139020000000000032e-01 1.396219999999999961e-01 2.100980000000000070e-01 1.453689999999999982e-01 1.498569999999999902e-01 1.369150000000000089e-01 1.455809999999999882e-01 1.319089999999999985e-01
1.960540000000000060e-01 1.222690000000000027e-01 1.510970000000000091e-01 1.286200000000000121e-01 1.407079999999999997e-01 1.479610000000000092e-01 1.323799999999999977e-01 1.407400000000000040e-01
1.823750000000000093e-01 1.388349999999999862e-01 1.151670000000000055e-01 1.127859999999999974e-01 1.370030000000000137e-01 1.787199999999999900e-01 1.401979999999999893e-01 1.748780000000000057e-01
1.505130000000000079e-01 1.329349999999999976e-01 1.478430000000000022e-01 1.948479999999999934e-01 2.012049999999999950e-01 1.511879999999999891e-01 1.622389999999999943e-01 1.844810000000000061e-01
1.186539999999999956e-01 1.800400000000000056e-01 2.168130000000000057e-01 2.036560000000000037e-01 2.466830000000000134e-01 1.651199999999999890e-01 1.507689999999999864e-01 1.137689999999999951e-01
1.363149999999999917e-01 1.283370000000000066e-01 1.278350000000000042e-01 1.616350000000000009e-01 1.301740000000000119e-01 1.229269999999999946e-01 1.788190000000000057e-01 1.971870000000000012e-01
1.822149999999999881e-01 1.547149999999999914e-01 1.820489999999999886e-01 1.527209999999999956e-01 1.272820000000000062e-01 1.626299999999999968e-01 2.012619999999999965e-01 1.654799999999999882e-01
1.351310000000000011e-01 1.342730000000000035e-01 1.197050000000000058e-01 1.278320000000000012e-01 1.221850000000000019e-01 2.197479999999999989e-01 1.848960000000000048e-01 1.875010000000000010e-01
1.590000000000000024e-01 1.757259999999999933e-01 1.853039999999999965e-01 1.922830000000000095e-01 1.160769999999999996e-01 1.625159999999999938e-01 1.427960000000000063e-01 2.008739999999999970e-01
1.199380000000000029e-01 2.159089999999999898e-01 1.410420000000000007e-01 1.394150000000000111e-01 1.795829999999999926e-01 1.522759999999999947e-01 1.657700000000000007e-01 1.522820000000000007e-01
1.253060000000000007e-01 1.579329999999999901e-01 1.203700000000000048e-01 1.467499999999999916e-01 1.747400000000000064e-01 1.934839999999999893e-01 1.567260000000000042e-01 8.599410000000000387e-02
1.369360000000000022e-01 1.522630000000000094e-01 1.404080000000000050e-01 2.217330000000000134e-01 1.419410000000000116e-01 1.271170000000000078e-01 1.405589999999999895e-01 1.976940000000000086e-01
1.719990000000000130e-01 1.422859999999999958e-01 1.501210000000000044e-01 1.473480000000000067e-01 1.346940000000000082e-01 1.437670000000000059e-01 1.288660000000000083e-01 1.440130000000000021e-01
1.958370000000000111e-01 1.258130000000000082e-01 1.263579999999999981e-01 1.726600000000000079e-01 9.592119999999999813e-02 1.442740000000000133e-01 1.575040000000000051e-01 1.903529999999999944e-01
1.507010000000000016e-01 1.657869999999999899e-01 1.506290000000000129e-01 1.401060000000000083e-01 1.326489999999999891e-01 2.904140000000000055e-01 1.543180000000000107e-01 1.390109999999999957e-01
2.114640000000000131e-01 2.253459999999999908e-01 1.365300000000000125e-01 1.237380000000000008e-01 1.778210000000000068e-01 1.912919999999999898e-01 1.637450000000000017e-01 1.550610000000000044e-01
1.226890000000000064e-01 1.298789999999999945e-01 1.655030000000000112e-01 1.030930000000000041e-01 1.648270000000000013e-01 1.703919999999999879e-01 1.575169999999999904e-01 1.426429999999999920e-01
1.752029999999999976e-01 1.548910000000000009e-01 1.753089999999999926e-01 1.770509999999999862e-01 1.892890000000000128e-01 1.647770000000000068e-01 1.323360000000000092e-01 9.973060000000000258e-02
2.036900000000000099e-01 1.393709999999999949e-01 1.337119999999999975e-01 1.855159999999999865e-01 1.111240000000000006e-01 1.299639999999999962e-01 1.721920000000000117e-01 1.639299999999999924e-01
1.678689999999999904e-01 1.385019999999999862e-01 1.316229999999999900e-01 1.570000000000000007e-01 1.513239999999999863e-01 1.566130000000000022e-01 1.223970000000000058e-01 1.572590000000000099e-01
1.351499999999999924e-01 1.804560000000000053e-01 2.062869999999999981e-01 1.997839999999999894e-01 1.346360000000000057e-01 2.077660000000000062e-01 1.904450000000000032e-01 1.322180000000000022e-01
1.318779999999999952e-01 1.218059999999999976e-01 1.502350000000000074e-01 1.965449999999999975e-01 7.441050000000000442e-02 1.574909999999999921e-01 1.433500000000000052e-01 1.198570000000000052e-01
2.096020000000000105e-01 1.492050000000000043e-01 1.123129999999999962e-01 1.831389999999999962e-01 1.416040000000000076e-01 1.200559999999999961e-01 1.952470000000000039e-01 2.147689999999999877e-01
1.170739999999999975e-01 1.702799999999999869e-01 1.395919999999999939e-01 1.500940000000000052e-01 1.068700000000000067e-01 1.732970000000000066e-01 1.742569999999999952e-01 8.553230000000000555e-02
1.272870000000000112e-01 1.482050000000000034e-01 1.936360000000000026e-01 1.418709999999999971e-01 1.369450000000000112e-01 1.214380000000000043e-01 1.703320000000000112e-01 1.609839999999999882e-01
1.479030000000000067e-01 1.539649999999999908e-01 1.254859999999999864e-01 1.897929999999999895e-01 2.442300000000000026e-01 1.294230000000000103e-01 1.692819999999999880e-01 1.759010000000000018e-01
1.567129999999999912e-01 1.687069999999999959e-01 1.541520000000000112e-01 1.527429999999999899e-01 1.316690000000000083e-01 1.329529999999999879e-01 2.080349999999999977e-01 1.676189999999999902e-01
1.441759999999999986e-01 1.466240000000000043e-01 1.280880000000000074e-01 1.185459999999999986e-01 2.015869999999999884e-01 1.581299999999999928e-01 1.134129999999999999e-01 1.335850000000000093e-01
1.547890000000000099e-01 1.554810000000000081e-01 1.454989999999999895e-01 1.333209999999999951e-01 1.979269999999999918e-01 1.597880000000000134e-01 8.128660000000000052e-02 1.411840000000000039e-01
1.588310000000000000e-01 1.885950000000000126e-01 1.261619999999999964e-01 1.507249999999999979e-01 1.435819999999999874e-01 1.816349999999999909e-01 1.443560000000000121e-01 1.408899999999999875e-01
1.371920000000000084e-01 1.801719999999999988e-01 2.029859999999999998e-01 2.869160000000000044e-01 1.501399999999999957e-01 2.336969999999999881e-01 2.108150000000000024e-01 1.764900000000000080e-01
1.686999999999999889e-01 1.303979999999999861e-01 1.228319999999999967e-01 1.568710000000000104e-01 1.847610000000000086e-01 1.371699999999999864e-01 1.940389999999999893e-01 1.349920000000000009e-01
1.384060000000000012e-01 2.369380000000000097e-01 1.456399999999999917e-01 1.209960000000000063e-01 1.482970000000000121e-01 1.681850000000000012e-01 1.663070000000000104e-01 1.442430000000000101e-01
1.133610000000000034e-01 2.037589999999999957e-01 1.817719999999999891e-01 1.121889999999999971e-01 1.694890000000000008e-01 1.219859999999999972e-01 1.753510000000000069e-01 1.387839999999999907e-01
1.238410000000000066e-01 1.221489999999999937e-01 1.244770000000000043e-01 1.486699999999999966e-01 1.631330000000000002e-01 1.262659999999999894e-01 2.440680000000000072e-01 8.126930000000000265e-02
1.480650000000000022e-01 1.223299999999999943e-01 1.439340000000000064e-01 1.234989999999999977e-01 1.889119999999999966e-01 1.400750000000000051e-01 1.509050000000000114e-01 2.482530000000000014e-01
1.413290000000000102e-01 1.352879999999999916e-01 2.088959999999999984e-01 1.817179999999999906e-01 1.200200000000000017e-01 1.582830000000000070e-01 1.445899999999999963e-01 1.427120000000000055e-01
1.852050000000000085e-01 1.481439999999999979e-01 1.141920000000000018e-01 1.313459999999999905e-01 1.235910000000000064e-01 2.236319999999999975e-01 1.402329999999999965e-01 1.320419999999999927e-01
1.219309999999999977e-01 1.114099999999999951e-01 1.930310000000000081e-01 1.675490000000000035e-01 1.972109999999999974e-01 1.260330000000000061e-01 1.534999999999999976e-01 1.899859999999999882e-01
1.705969999999999986e-01 2.256690000000000085e-01 1.289520000000000111e-01 1.259029999999999871e-01 1.898710000000000120e-01 1.324809999999999877e-01 2.102930000000000077e-01 1.130059999999999953e-01
1.271750000000000103e-01 1.368520000000000014e-01 8.936879999999999824e-02 1.446230000000000016e-01 1.779449999999999921e-01 1.955159999999999954e-01 1.217310000000000059e-01 1.404940000000000078e-01
1.104929999999999940e-01 1.382899999999999963e-01 1.371719999999999884e-01 1.184420000000000056e-01 1.395280000000000131e-01 1.517129999999999868e-01 1.640030000000000099e-01 1.242800000000000016e-01
2.436240000000000072e-01 1.588739999999999875e-01 1.550080000000000069e-01 1.234679999999999944e-01 1.483309999999999906e-01 1.389970000000000094e-01 1.288150000000000128e-01 1.236069999999999947e-01
1.039250000000000035e-01 1.985899999999999888e-01 1.619099999999999984e-01 1.839050000000000129e-01 1.397319999999999951e-01 1.953840000000000021e-01 1.147900000000000031e-01 1.598590000000000011e-01
1.351410000000000111e-01 1.319379999999999997e-01 1.500990000000000102e-01 2.081510000000000027e-01 1.207460000000000061e-01 1.134369999999999962e-01 1.637029999999999874e-01 1.456600000000000117e-01
1.959440000000000071e-01 1.799580000000000068e-01 1.908539999999999959e-01 1.571460000000000079e-01 2.105090000000000017e-01 2.030939999999999968e-01 8.498999999999999611e-02 1.085959999999999981e-01
1.463129999999999986e-01 1.245909999999999934e-01 1.116179999999999950e-01 1.379589999999999983e-01 1.985439999999999983e-01 1.829880000000000118e-01 1.639609999999999956e-01 1.335540000000000060e-01
3.093650000000000011e-01 1.305499999999999994e-01 1.656859999999999999e-01 1.947500000000000064e-01 1.384640000000000037e-01 1.725929999999999964e-01 1.719269999999999965e-01 1.901960000000000039e-01
1.391509999999999969e-01 1.257729999999999959e-01 1.332520000000000093e-01 1.930360000000000131e-01 2.956900000000000084e-01 1.528309999999999946e-01 1.488059999999999938e-01 1.931209999999999871e-01
1.492519999999999958e-01 1.305749999999999966e-01 1.430200000000000082e-01 2.102779999999999927e-01 1.273650000000000060e-01 1.552040000000000086e-01 1.861990000000000034e-01 1.942840000000000122e-01
1.224029999999999979e-01 1.245040000000000036e-01 1.387790000000000135e-01 1.282790000000000041e-01 1.319450000000000067e-01 1.603590000000000015e-01 1.375240000000000073e-01 1.384499999999999897e-01
2.129040000000000099e-01 1.538490000000000135e-01 1.163359999999999950e-01 1.227800000000000002e-01 1.664430000000000076e-01 1.330099999999999894e-01 1.465200000000000113e-01 1.410770000000000080e-01
1.419900000000000051e-01 1.208169999999999938e-01 2.677649999999999753e-01 1.600759999999999961e-01 1.493669999999999998e-01 1.066570000000000018e-01 1.261889999999999956e-01 2.650919999999999943e-01
1.475309999999999955e-01 1.146800000000000042e-01 1.742340000000000000e-01 1.267600000000000116e-01 1.244549999999999962e-01 2.298810000000000020e-01 1.618350000000000066e-01 2.282800000000000107e-01
1.177170000000000022e-01 1.375210000000000043e-01 1.614230000000000109e-01 2.047070000000000001e-01 1.736580000000000068e-01 1.816029999999999867e-01 1.713119999999999921e-01 2.808840000000000225e-01
1.446989999999999943e-01 1.427579999999999960e-01 1.282500000000000029e-01 1.653060000000000085e-01 1.442799999999999916e-01 1.333129999999999871e-01 2.599540000000000184e-01 1.350939999999999919e-01
1.207789999999999975e-01 1.255209999999999937e-01 1.864939999999999931e-01 1.437430000000000097e-01 1.208469999999999961e-01 1.593849999999999989e-01 1.223899999999999988e-01 2.042080000000000006e-01
2.312299999999999911e-01 1.440549999999999886e-01 1.193000000000000033e-01 1.853190000000000115e-01 1.661839999999999984e-01 1.517650000000000110e-01 1.796030000000000126e-01 1.324559999999999904e-01
1.416580000000000061e-01 1.269780000000000075e-01 1.420960000000000001e-01 1.182730000000000031e-01 1.158809999999999979e-01 1.642569999999999864e-01 1.321769999999999889e-01 1.333149999999999891e-01
1.393669999999999909e-01 1.414090000000000069e-01 1.504060000000000119e-01 2.145620000000000027e-01 1.834050000000000125e-01 1.476649999999999907e-01 1.313789999999999958e-01 2.017639999999999989e-01
3.119419999999999971e-01 1.367909999999999959e-01 1.204039999999999971e-01 1.416479999999999961e-01 1.421530000000000016e-01 2.136730000000000018e-01 1.196279999999999982e-01 2.499659999999999938e-01
1.278420000000000112e-01 1.387100000000000000e-01 1.543370000000000020e-01 1.283549999999999969e-01 1.942840000000000122e-01 1.127890000000000004e-01 1.437130000000000074e-01 1.574139999999999984e-01
1.456540000000000057e-01 1.351749999999999896e-01 2.010490000000000055e-01 1.281990000000000074e-01 1.495029999999999970e-01 1.883970000000000089e-01 1.490370000000000028e-01 1.209540000000000060e-01
3.109219999999999762e-01 1.704670000000000074e-01 1.674160000000000093e-01 1.533599999999999963e-01 1.278920000000000057e-01 1.419870000000000021e-01 1.971920000000000062e-01 1.616289999999999949e-01
1.346799999999999942e-01 1.341279999999999972e-01 1.348050000000000082e-01 1.451230000000000020e-01 2.549009999999999887e-01 1.920679999999999887e-01 1.289339999999999931e-01 1.284599999999999909e-01
1.882880000000000109e-01 1.784630000000000105e-01 1.814169999999999949e-01 1.417400000000000049e-01 1.363759999999999972e-01 2.209460000000000035e-01 1.693070000000000130e-01 1.116980000000000056e-01
1.455289999999999917e-01 1.599470000000000058e-01 1.684400000000000064e-01 1.556269999999999876e-01 1.113149999999999973e-01 1.370939999999999936e-01 1.590969999999999884e-01 1.438010000000000121e-01
1.854139999999999955e-01 1.542199999999999960e-01 1.379360000000000031e-01 1.480460000000000109e-01 1.910940000000000139e-01 1.835179999999999867e-01 1.538319999999999965e-01 1.575330000000000064e-01
1.171060000000000018e-01 2.271370000000000056e-01 1.417760000000000131e-01 1.298090000000000077e-01 1.322369999999999934e-01 1.656910000000000049e-01 2.001870000000000038e-01 1.888509999999999911e-01
1.870640000000000081e-01 1.227990000000000054e-01 1.132490000000000024e-01 1.049230000000000024e-01 1.595070000000000099e-01 1.639740000000000086e-01 9.210179999999999756e-02 1.410770000000000080e-01
1.059429999999999955e-01 1.691519999999999968e-01 1.426739999999999953e-01 1.586879999999999957e-01 1.287560000000000093e-01 1.392079999999999984e-01 1.295080000000000120e-01 1.476530000000000065e-01
1.716189999999999938e-01 1.458210000000000062e-01 1.210029999999999994e-01 2.029110000000000080e-01 1.802829999999999988e-01 1.289869999999999906e-01 1.881569999999999909e-01 1.444689999999999863e-01
1.138880000000000031e-01 1.221649999999999958e-01 2.188879999999999992e-01 1.087130000000000041e-01 1.791030000000000122e-01 3.206600000000000006e-01 1.573400000000000076e-01 2.062249999999999917e-01
1.396670000000000134e-01 2.423410000000000009e-01 1.584639999999999938e-01 1.327160000000000006e-01 1.230929999999999941e-01 1.089109999999999939e-01 1.831289999999999862e-01 1.418609999999999871e-01
1.441230000000000011e-01 1.369309999999999972e-01 1.135270000000000029e-01 1.814639999999999864e-01 1.258789999999999909e-01 1.851770000000000083e-01 1.399080000000000046e-01 1.407420000000000060e-01
2.014060000000000017e-01 1.061119999999999980e-01 1.330020000000000091e-01 2.014789999999999914e-01 1.701739999999999919e-01 1.625260000000000038e-01 1.572439999999999949e-01 1.311890000000000001e-01
2.822049999999999836e-01 2.111689999999999956e-01 1.895360000000000100e-01 1.837219999999999964e-01 1.282339999999999869e-01 1.740710000000000035e-01 1.366340000000000054e-01 1.866240000000000121e-01
1.229640000000000039e-01 1.652899999999999925e-01 1.399789999999999923e-01 2.120849999999999957e-01 1.392629999999999979e-01 1.995039999999999869e-01 1.251440000000000052e-01 1.324819999999999887e-01
1.202669999999999989e-01 1.642830000000000124e-01 1.704239999999999922e-01 1.269619999999999915e-01 1.938640000000000085e-01 1.494850000000000068e-01 1.356269999999999976e-01 1.786810000000000065e-01
1.524030000000000107e-01 1.379549999999999943e-01 2.586149999999999838e-01 1.424539999999999973e-01 1.456389999999999907e-01 1.806959999999999955e-01 3.087929999999999842e-01 1.554760000000000031e-01
1.759600000000000053e-01 1.266069999999999973e-01 1.557939999999999880e-01 1.828349999999999975e-01 1.510019999999999973e-01 1.581559999999999910e-01 1.403820000000000068e-01 1.146139999999999937e-01
1.237010000000000054e-01 1.911100000000000021e-01 1.836490000000000067e-01 1.586410000000000042e-01 1.395500000000000074e-01 1.742470000000000130e-01 1.575539999999999996e-01 1.093660000000000049e-01
1.872340000000000115e-01 1.240669999999999967e-01 1.633219999999999950e-01 1.743220000000000047e-01 1.904710000000000014e-01 1.220360000000000056e-01 1.793059999999999932e-01 1.312609999999999888e-01
1.642349999999999921e-01 1.802630000000000066e-01 1.199609999999999982e-01 1.407819999999999905e-01 1.429890000000000050e-01 1.405530000000000113e-01 1.746099999999999874e-01 2.052809999999999913e-01
1.739829999999999988e-01 1.415250000000000119e-01 1.161930000000000046e-01 1.366499999999999937e-01 1.456429999999999947e-01 1.773119999999999974e-01 1.990919999999999912e-01 1.620030000000000081e-01
1.252630000000000132e-01 1.869290000000000118e-01 1.268839999999999968e-01 1.265560000000000018e-01 1.660050000000000137e-01 1.827219999999999955e-01 1.180260000000000059e-01 1.295850000000000057e-01
1.300300000000000067e-01 1.597870000000000124e-01 1.504560000000000064e-01 1.147119999999999945e-01 2.035899999999999932e-01 1.749900000000000067e-01 1.359499999999999875e-01 1.470019999999999938e-01
1.225220000000000059e-01 1.226499999999999951e-01 1.638560000000000016e-01 1.110020000000000034e-01 1.508150000000000046e-01 1.648650000000000115e-01 1.957480000000000053e-01 1.171949999999999936e-01
1.251730000000000065e-01 1.256150000000000044e-01 1.621370000000000033e-01 1.253380000000000050e-01 1.345639999999999892e-01 1.811159999999999992e-01 1.313390000000000113e-01 1.901079999999999992e-01
2.284710000000000074e-01 1.524979999999999947e-01 1.278459999999999874e-01 1.390200000000000047e-01 2.012100000000000000e-01 9.547300000000000231e-02 1.261899999999999966e-01 2.043139999999999956e-01
1.606950000000000045e-01 1.428220000000000045e-01 1.674599999999999977e-01 1.873209999999999875e-01 1.274289999999999867e-01 2.039430000000000132e-01 1.108679999999999943e-01 1.874300000000000133e-01
1.488609999999999933e-01 1.200259999999999938e-01 1.338670000000000138e-01 1.570489999999999942e-01 1.373540000000000039e-01 2.028890000000000138e-01 1.542789999999999995e-01 1.474689999999999890e-01
1.591509999999999869e-01 1.713189999999999991e-01 1.544760000000000022e-01 1.636859999999999982e-01 1.489860000000000073e-01 1.016910000000000036e-01 1.700800000000000090e-01 2.555330000000000101e-01
2.296809999999999963e-01 1.892379999999999896e-01 1.444580000000000031e-01 1.335820000000000063e-01 1.297429999999999972e-01 1.775480000000000114e-01 1.025059999999999999e-01 2.094550000000000023e-01
1.220669999999999950e-01 1.755140000000000033e-01 1.611509999999999887e-01 1.514359999999999873e-01 1.278910000000000047e-01 1.375540000000000096e-01 1.502469999999999917e-01 1.398490000000000011e-01
1.357829999999999870e-01 1.382839999999999903e-01 1.633960000000000135e-01 1.346150000000000124e-01 1.171100000000000058e-01 1.174010000000000054e-01 1.485090000000000021e-01 1.600679999999999881e-01
1.075060000000000043e-01 2.070909999999999973e-01 1.676819999999999977e-01 8.791609999999999703e-02 1.501669999999999949e-01 2.037080000000000002e-01 1.250380000000000102e-01 1.646080000000000043e-01
1.271309999999999940e-01 1.225399999999999961e-01 1.701219999999999954e-01 1.314089999999999980e-01 1.501949999999999952e-01 1.289500000000000091e-01 1.989319999999999977e-01 1.536260000000000125e-01
1.681620000000000059e-01 1.684029999999999971e-01 1.342559999999999865e-01 2.027799999999999880e-01 1.460289999999999921e-01 1.764280000000000015e-01 1.452819999999999945e-01 1.240959999999999980e-01
1.264200000000000046e-01 1.351870000000000016e-01 2.091929999999999901e-01 2.133249999999999869e-01 1.426090000000000135e-01 1.793099999999999972e-01 1.477489999999999915e-01 1.482159999999999866e-01
1.888789999999999913e-01 1.149960000000000010e-01 1.271930000000000005e-01 1.986539999999999973e-01 1.437319999999999987e-01 1.297300000000000120e-01 1.445450000000000068e-01 1.272030000000000105e-01
1.370580000000000132e-01 1.169929999999999998e-01 1.661209999999999909e-01 1.603569999999999995e-01 2.385390000000000010e-01 1.493539999999999868e-01 1.718270000000000075e-01 1.370520000000000072e-01
1.334960000000000035e-01 1.614210000000000089e-01 1.412760000000000127e-01 1.160169999999999951e-01 1.853809999999999902e-01 1.381259999999999988e-01 1.503440000000000054e-01 1.804250000000000020e-01
1.303789999999999949e-01 7.130709999999999826e-02 1.797330000000000039e-01 1.472469999999999890e-01 1.370139999999999969e-01 1.422940000000000038e-01 1.769360000000000099e-01 1.999499999999999889e-01
1.984750000000000125e-01 1.284299999999999886e-01 1.935610000000000108e-01 1.697410000000000030e-01 1.963719999999999910e-01 1.498849999999999905e-01 1.357299999999999895e-01 1.661809999999999954e-01
1.348999999999999921e-01 1.297979999999999967e-01 1.299849999999999894e-01 1.651189999999999880e-01 1.286599999999999966e-01 1.544310000000000127e-01 1.966900000000000037e-01 1.422750000000000126e-01
1.238029999999999964e-01 1.786600000000000132e-01 1.341019999999999990e-01 1.494779999999999998e-01 1.886490000000000111e-01 1.097479999999999983e-01 1.443109999999999948e-01 9.812099999999999989e-02
2.038959999999999939e-01 1.255999999999999894e-01 1.842399999999999871e-01 1.650169999999999970e-01 1.623749999999999916e-01 1.094370000000000065e-01 1.165749999999999981e-01 1.607010000000000105e-01
1.648080000000000100e-01 1.792779999999999929e-01 1.934740000000000071e-01 8.613060000000000160e-02 1.437160000000000104e-01 1.729090000000000071e-01 1.553549999999999931e-01 1.484310000000000074e-01
1.469499999999999973e-01 1.407130000000000047e-01 1.561800000000000133e-01 1.876249999999999862e-01 1.632810000000000095e-01 1.520529999999999937e-01 8.045370000000000299e-02 1.449469999999999925e-01
2.039660000000000084e-01 1.896909999999999985e-01 1.424150000000000138e-01 2.059469999999999912e-01 1.244060000000000027e-01 2.102219999999999922e-01 1.932999999999999996e-01 1.466600000000000126e-01
1.238979999999999942e-01 1.673610000000000098e-01 1.366279999999999994e-01 1.657140000000000002e-01 2.896830000000000238e-01 1.335540000000000060e-01 1.269240000000000090e-01 1.111680000000000029e-01
1.274589999999999890e-01 1.928489999999999926e-01 2.689070000000000071e-01 1.398459999999999981e-01 1.473099999999999965e-01 1.549129999999999951e-01 1.407799999999999885e-01 1.656769999999999909e-01
1.516129999999999978e-01 1.662569999999999881e-01 1.650099999999999900e-01 1.260709999999999886e-01 2.122829999999999995e-01 1.528110000000000024e-01 1.623390000000000111e-01 1.584689999999999988e-01
1.487449999999999883e-01 1.920860000000000067e-01 1.995260000000000089e-01 2.014739999999999864e-01 1.970600000000000129e-01 1.829719999999999958e-01 1.700429999999999997e-01 1.525990000000000124e-01
1.920040000000000080e-01 1.460239999999999871e-01 1.799360000000000126e-01 1.397450000000000081e-01 1.293640000000000068e-01 1.059760000000000008e-01 2.701500000000000012e-01 1.317170000000000007e-01
1.262659999999999894e-01 1.187929999999999958e-01 1.476490000000000025e-01 1.089939999999999937e-01 1.494379999999999875e-01 1.413500000000000034e-01 1.592949999999999922e-01 1.042330000000000062e-01
1.645020000000000093e-01 1.703010000000000079e-01 1.436030000000000084e-01 1.739989999999999870e-01 1.723600000000000132e-01 1.676090000000000080e-01 2.623039999999999816e-01 1.160329999999999973e-01
1.387339999999999962e-01 1.743550000000000100e-01 1.469840000000000035e-01 1.232449999999999934e-01 1.852880000000000082e-01 1.449090000000000100e-01 1.638259999999999994e-01 2.534100000000000241e-01
1.145130000000000037e-01 1.564540000000000097e-01 1.715420000000000000e-01 1.423339999999999883e-01 1.971199999999999897e-01 1.865140000000000131e-01 1.471939999999999915e-01 1.212759999999999949e-01
1.361940000000000095e-01 1.686600000000000044e-01 1.988030000000000075e-01 1.651060000000000028e-01 1.216290000000000010e-01 1.652299999999999880e-01 1.611619999999999997e-01 2.158589999999999953e-01
1.516589999999999883e-01 1.187720000000000026e-01 1.340629999999999877e-01 1.648399999999999865e-01 1.854480000000000017e-01 1.157920000000000060e-01 2.244730000000000059e-01 1.375840000000000118e-01
1.426219999999999988e-01 1.554790000000000061e-01 1.810869999999999980e-01 1.434020000000000017e-01 2.026100000000000123e-01 3.134689999999999976e-01 1.352329999999999921e-01 1.895129999999999870e-01
1.979960000000000053e-01 1.368860000000000077e-01 1.829739999999999978e-01 1.968040000000000067e-01 1.646330000000000016e-01 1.231769999999999948e-01 1.606750000000000123e-01 1.743510000000000060e-01
1.198929999999999996e-01 1.845930000000000071e-01 1.128109999999999946e-01 1.490660000000000041e-01 1.225979999999999986e-01 1.855710000000000137e-01 1.084660000000000069e-01 1.800309999999999966e-01
1.248409999999999936e-01 1.717519999999999880e-01 1.648930000000000118e-01 1.831619999999999915e-01 1.920479999999999965e-01 1.388709999999999944e-01 1.528410000000000046e-01 1.366759999999999919e-01
1.364869999999999972e-01 1.243780000000000024e-01 1.534929999999999906e-01 1.563180000000000125e-01 1.484840000000000049e-01 1.049189999999999984e-01 1.183789999999999981e-01 2.152930000000000121e-01
1.991120000000000112e-01 1.185260000000000064e-01 2.383059999999999901e-01 1.080549999999999983e-01 1.530680000000000096e-01 1.307699999999999974e-01 1.450770000000000115e-01 1.822159999999999891e-01
2.064900000000000069e-01 1.982240000000000113e-01 1.722920000000000007e-01 1.613130000000000119e-01 1.482850000000000001e-01 1.759749999999999925e-01 1.205679999999999946e-01 1.553019999999999956e-01
1.481300000000000117e-01 1.325349999999999862e-01 1.445559999999999901e-01 1.369319999999999982e-01 1.512509999999999966e-01 1.469090000000000118e-01 1.268130000000000090e-01 1.483369999999999966e-01
1.441719999999999946e-01 1.520620000000000027e-01 1.427420000000000078e-01 1.888070000000000026e-01 1.236939999999999984e-01 1.368109999999999882e-01 1.747809999999999919e-01 1.370730000000000004e-01
1.280129999999999879e-01 1.571329999999999949e-01 2.080059999999999965e-01 1.647699999999999998e-01 1.479219999999999979e-01 1.826899999999999913e-01 1.336320000000000008e-01 1.879629999999999912e-01
2.590919999999999890e-01 1.865269999999999984e-01 1.326080000000000036e-01 1.197280000000000011e-01 1.600389999999999868e-01 2.981219999999999981e-01 1.407390000000000030e-01 1.448720000000000008e-01
1.714160000000000128e-01 1.784979999999999900e-01 1.953050000000000064e-01 1.107069999999999999e-01 1.385599999999999887e-01 2.230159999999999920e-01 1.472199999999999898e-01 1.184130000000000044e-01
1.301559999999999939e-01 2.465499999999999914e-01 1.461129999999999929e-01 1.363729999999999942e-01 1.348959999999999881e-01 1.346819999999999962e-01 2.099000000000000032e-01 2.035810000000000120e-01
1.663189999999999946e-01 1.631599999999999995e-01 1.988679999999999892e-01 1.960500000000000020e-01 1.727219999999999867e-01 1.666680000000000106e-01 1.917959999999999943e-01 1.768119999999999969e-01
1.946579999999999977e-01 1.424400000000000110e-01 1.146520000000000039e-01 1.589329999999999909e-01 1.193329999999999946e-01 1.244969999999999966e-01 1.477100000000000080e-01 1.467279999999999973e-01
1.418020000000000114e-01 1.291859999999999953e-01 1.931249999999999911e-01 1.137709999999999971e-01 1.744140000000000135e-01 2.014100000000000057e-01 2.391429999999999945e-01 1.344249999999999889e-01
1.552389999999999881e-01 1.319110000000000005e-01 1.345449999999999979e-01 1.941150000000000098e-01 1.404690000000000105e-01 1.402079999999999993e-01 1.541319999999999912e-01 1.327909999999999924e-01
1.770069999999999977e-01 1.191519999999999940e-01 1.158980000000000010e-01 1.608080000000000065e-01 1.741050000000000098e-01 9.860900000000000221e-02 9.274590000000000611e-02 2.551780000000000159e-01
1.962520000000000098e-01 1.210449999999999998e-01 1.837550000000000017e-01 1.694110000000000060e-01 1.306799999999999906e-01 1.270809999999999995e-01 1.983439999999999925e-01 1.445740000000000081e-01
1.757130000000000081e-01 2.000429999999999986e-01 1.211139999999999994e-01 1.554939999999999933e-01 1.237449999999999939e-01 1.583229999999999915e-01 2.079670000000000130e-01 1.386090000000000100e-01
1.511109999999999953e-01 1.339609999999999967e-01 1.424370000000000080e-01 1.455750000000000099e-01 1.218849999999999933e-01 1.358659999999999868e-01 1.873269999999999935e-01 1.302470000000000017e-01
1.386129999999999862e-01 1.349490000000000134e-01 1.278110000000000079e-01 1.966759999999999897e-01 1.441189999999999971e-01 1.093589999999999979e-01 1.612709999999999977e-01 1.330260000000000054e-01
1.699330000000000007e-01 1.123429999999999984e-01 1.631620000000000015e-01 1.521160000000000012e-01 1.460039999999999949e-01 1.391570000000000029e-01 1.816510000000000069e-01 1.112149999999999944e-01
1.495759999999999867e-01 1.416459999999999941e-01 1.550239999999999951e-01 1.732480000000000131e-01 1.275159999999999905e-01 1.441580000000000084e-01 1.545789999999999942e-01 1.737750000000000128e-01
1.390810000000000102e-01 1.917200000000000015e-01 1.640290000000000081e-01 1.220890000000000031e-01 1.588440000000000130e-01 1.596069999999999989e-01 1.373300000000000076e-01 1.642460000000000031e-01
3.059620000000000117e-01 1.384400000000000075e-01 1.225949999999999956e-01 1.282459999999999989e-01 1.315939999999999888e-01 1.285469999999999946e-01 1.301440000000000097e-01 1.751350000000000129e-01
1.990689999999999960e-01 1.548930000000000029e-01 1.423379999999999923e-01 1.477789999999999937e-01 1.347569999999999879e-01 1.987549999999999872e-01 1.799240000000000006e-01 1.478460000000000052e-01
1.485150000000000081e-01 1.647129999999999983e-01 1.617010000000000114e-01 1.255100000000000104e-01 1.280139999999999889e-01 1.218390000000000029e-01 1.129519999999999968e-01 1.520249999999999935e-01
1.433850000000000124e-01 1.390119999999999967e-01 1.555499999999999938e-01 1.421159999999999923e-01 1.536760000000000070e-01 1.930969999999999909e-01 1.116800000000000015e-01 1.468629999999999936e-01
1.480130000000000057e-01 1.334239999999999871e-01 1.901170000000000082e-01 1.257500000000000007e-01 1.760730000000000073e-01 1.475839999999999930e-01 2.126589999999999869e-01 1.490900000000000003e-01
1.370389999999999942e-01 1.248220000000000024e-01 1.210289999999999977e-01 9.966339999999999921e-02 1.126920000000000005e-01 1.251089999999999980e-01 1.742819999999999925e-01 1.343010000000000037e-01
1.361110000000000098e-01 1.202970000000000012e-01 1.573499999999999899e-01 1.340699999999999947e-01 1.691449999999999898e-01 1.649720000000000075e-01 1.353030000000000066e-01 1.681660000000000099e-01
1.396709999999999896e-01 1.347359999999999947e-01 1.554439999999999988e-01 1.298249999999999960e-01 1.281249999999999889e-01 1.410760000000000070e-01 1.461679999999999924e-01 1.149229999999999974e-01
1.434010000000000007e-01 2.740349999999999731e-01 1.463230000000000086e-01 1.561039999999999928e-01 2.609279999999999933e-01 1.362919999999999965e-01 1.304170000000000051e-01 1.943469999999999920e-01
1.653519999999999990e-01 1.685589999999999866e-01 1.729580000000000006e-01 1.863440000000000096e-01 1.682919999999999972e-01 1.312079999999999913e-01 1.212759999999999949e-01 1.571619999999999961e-01
1.408359999999999890e-01 1.575590000000000046e-01 1.327619999999999911e-01 1.270249999999999990e-01 1.412219999999999864e-01 2.030480000000000063e-01 2.359570000000000001e-01 1.180960000000000065e-01
1.534699999999999953e-01 1.211919999999999942e-01 1.611859999999999959e-01 1.272060000000000135e-01 1.515640000000000043e-01 2.351439999999999919e-01 1.481649999999999912e-01 1.335919999999999885e-01
1.285820000000000018e-01 1.405349999999999933e-01 1.539119999999999933e-01 1.452180000000000137e-01 1.926980000000000082e-01 2.183920000000000028e-01 1.460130000000000039e-01 1.914599999999999913e-01
1.376269999999999993e-01 1.299919999999999964e-01 1.475730000000000097e-01 1.725409999999999999e-01 2.171160000000000034e-01 1.964069999999999983e-01 2.677399999999999780e-01 1.391989999999999894e-01
1.895699999999999885e-01 1.985429999999999973e-01 2.179919999999999913e-01 1.707150000000000056e-01 1.531000000000000139e-01 1.298130000000000117e-01 1.166599999999999998e-01 1.531530000000000113e-01
1.774119999999999864e-01 1.561490000000000100e-01 2.020170000000000021e-01 1.327389999999999959e-01 1.584889999999999910e-01 1.101020000000000054e-01 1.388620000000000132e-01 1.257310000000000094e-01
1.257179999999999964e-01 1.108989999999999976e-01 1.282220000000000026e-01 1.348590000000000066e-01 1.520269999999999955e-01 1.462160000000000126e-01 2.806669999999999998e-01 1.661749999999999894e-01
1.268009999999999970e-01 1.121530000000000027e-01 1.253499999999999892e-01 1.430079999999999962e-01 1.380260000000000098e-01 1.401509999999999978e-01 8.197379999999999944e-02 1.747019999999999962e-01
1.475920000000000010e-01 2.018270000000000064e-01 9.690419999999999590e-02 1.292020000000000113e-01 1.326080000000000036e-01 1.582389999999999908e-01 1.176750000000000018e-01 1.386179999999999912e-01
1.273839999999999972e-01 1.247889999999999971e-01 1.936599999999999988e-01 1.527040000000000064e-01 9.917570000000000552e-02 1.927020000000000122e-01 2.013000000000000067e-01 1.155719999999999942e-01
1.249730000000000008e-01 1.175479999999999997e-01 1.411880000000000079e-01 1.918509999999999938e-01 1.279919999999999947e-01 1.455930000000000002e-01 1.619329999999999936e-01 1.224530000000000063e-01
9.265769999999999562e-02 1.396090000000000109e-01 1.803589999999999915e-01 1.483399999999999996e-01 1.407889999999999975e-01 1.585660000000000125e-01 1.954930000000000001e-01 1.146640000000000020e-01
1.091150000000000037e-01 1.333759999999999946e-01 1.361429999999999862e-01 1.408270000000000077e-01 1.308840000000000003e-01 1.099699999999999983e-01 1.228149999999999936e-01 1.106929999999999997e-01
2.066340000000000121e-01 2.177620000000000111e-01 1.968890000000000085e-01 1.361980000000000135e-01 1.427480000000000138e-01 1.285010000000000041e-01 1.584810000000000108e-01 1.269830000000000125e-01
1.585640000000000105e-01 1.695969999999999978e-01 1.902649999999999897e-01 1.181090000000000056e-01 1.348209999999999964e-01 1.386280000000000012e-01 1.319480000000000097e-01 1.741830000000000045e-01
1.358820000000000028e-01 1.380409999999999970e-01 1.463659999999999961e-01 2.032889999999999975e-01 1.369740000000000124e-01 1.528819999999999901e-01 1.432299999999999962e-01 2.489979999999999971e-01
1.877010000000000067e-01 1.443119999999999958e-01 1.692730000000000068e-01 1.810249999999999915e-01 1.597899999999999876e-01 1.487729999999999886e-01 1.820170000000000121e-01 1.123490000000000044e-01
1.623989999999999878e-01 1.899830000000000130e-01 1.583410000000000095e-01 1.660699999999999954e-01 1.644690000000000041e-01 1.922899999999999887e-01 1.416459999999999941e-01 2.000609999999999888e-01
1.337679999999999980e-01 1.177669999999999967e-01 8.263669999999999349e-02 1.214019999999999960e-01 1.418780000000000041e-01 1.573789999999999911e-01 2.070269999999999888e-01 1.329790000000000139e-01
1.273130000000000095e-01 1.349899999999999989e-01 2.040220000000000089e-01 1.664239999999999886e-01 1.502799999999999969e-01 1.985959999999999948e-01 1.157310000000000005e-01 1.557699999999999918e-01
1.790819999999999912e-01 9.075600000000000334e-02 1.695929999999999938e-01 1.587610000000000132e-01 1.617169999999999996e-01 1.501159999999999994e-01 1.315769999999999995e-01 1.805259999999999920e-01
1.638499999999999956e-01 1.486089999999999911e-01 1.517769999999999953e-01 1.286930000000000018e-01 6.857180000000000220e-02 2.004890000000000005e-01 1.801870000000000138e-01 1.285820000000000018e-01
1.148419999999999996e-01 1.228709999999999941e-01 1.544629999999999892e-01 1.950479999999999992e-01 1.895850000000000035e-01 1.615520000000000012e-01 1.661219999999999919e-01 1.421850000000000058e-01
2.032589999999999952e-01 1.549530000000000074e-01 1.372140000000000026e-01 1.178680000000000005e-01 1.653129999999999877e-01 1.637790000000000079e-01 1.353040000000000076e-01 1.417859999999999954e-01
1.838730000000000087e-01 1.914279999999999871e-01 2.073959999999999970e-01 2.066129999999999911e-01 1.141199999999999992e-01 1.364900000000000002e-01 1.549290000000000112e-01 1.452410000000000090e-01
1.752199999999999869e-01 1.479419999999999902e-01 1.688369999999999871e-01 1.216929999999999956e-01 1.336209999999999898e-01 2.236140000000000072e-01 1.440369999999999984e-01 1.842139999999999889e-01
1.290090000000000126e-01 1.441010000000000069e-01 1.690200000000000036e-01 2.120370000000000033e-01 1.877240000000000020e-01 1.515110000000000068e-01 1.359589999999999965e-01 1.385879999999999890e-01
1.456689999999999929e-01 1.372450000000000059e-01 1.802410000000000123e-01 1.465049999999999963e-01 1.359680000000000055e-01 1.494459999999999955e-01 1.921549999999999925e-01 1.353570000000000051e-01
1.290739999999999943e-01 1.684559999999999946e-01 1.932550000000000101e-01 1.178369999999999973e-01 1.832199999999999940e-01 1.539629999999999888e-01 1.505630000000000024e-01 1.446729999999999960e-01
1.411109999999999864e-01 1.573670000000000069e-01 1.420510000000000106e-01 2.257329999999999892e-01 1.093169999999999975e-01 2.087900000000000034e-01 1.662579999999999891e-01 1.170039999999999969e-01
1.621450000000000113e-01 1.398739999999999983e-01 1.048449999999999938e-01 1.461989999999999956e-01 1.617580000000000129e-01 1.289770000000000083e-01 1.107370000000000021e-01 1.362669999999999992e-01
1.285469999999999946e-01 1.580070000000000086e-01 1.329470000000000096e-01 1.260759999999999936e-01 1.896680000000000033e-01 1.373350000000000126e-01 1.402440000000000075e-01 1.030709999999999960e-01
1.501200000000000034e-01 1.712589999999999946e-01 1.443820000000000103e-01 1.345059999999999867e-01 1.466830000000000078e-01 1.128839999999999982e-01 1.885600000000000054e-01 1.867610000000000103e-01
1.519260000000000055e-01 1.563049999999999995e-01 1.282240000000000046e-01 1.304259999999999864e-01 1.466220000000000023e-01 1.938239999999999963e-01 1.529480000000000006e-01 1.784090000000000120e-01
1.918430000000000135e-01 1.293300000000000005e-01 1.505410000000000081e-01 1.577659999999999896e-01 1.484179999999999944e-01 1.853120000000000045e-01 1.486490000000000034e-01 1.390460000000000029e-01
1.369680000000000064e-01 1.599849999999999883e-01 1.521540000000000115e-01 2.846839999999999926e-01 1.143430000000000002e-01 1.108149999999999968e-01 1.734169999999999878e-01 1.696900000000000075e-01
1.206939999999999957e-01 1.685260000000000091e-01 1.244669999999999943e-01 1.381139999999999868e-01 1.676709999999999867e-01 1.070949999999999958e-01 1.872060000000000113e-01 1.242290000000000061e-01
2.021640000000000104e-01 1.526720000000000022e-01 1.385850000000000137e-01 1.355139999999999956e-01 1.405089999999999950e-01 1.525449999999999862e-01 2.504049999999999887e-01 1.361120000000000108e-01
1.350770000000000026e-01 1.105929999999999969e-01 2.001940000000000108e-01 1.515209999999999890e-01 1.826689999999999980e-01 1.731650000000000134e-01 1.283999999999999864e-01 1.336690000000000100e-01
1.518970000000000042e-01 1.158239999999999964e-01 1.266420000000000046e-01 1.372259999999999869e-01 1.217459999999999931e-01 1.487870000000000026e-01 1.282129999999999936e-01 1.232789999999999997e-01
1.538150000000000073e-01 1.667990000000000028e-01 2.118720000000000048e-01 1.722549999999999915e-01 1.708340000000000136e-01 1.808770000000000100e-01 1.194400000000000045e-01 1.204719999999999958e-01
1.259339999999999904e-01 1.428270000000000095e-01 1.680689999999999962e-01 1.111179999999999946e-01 1.347490000000000077e-01 1.403230000000000033e-01 1.356660000000000088e-01 2.333010000000000084e-01
1.856949999999999990e-01 1.880570000000000019e-01 1.300830000000000042e-01 1.617669999999999941e-01 1.398139999999999938e-01 1.713089999999999891e-01 1.317200000000000037e-01 1.199410000000000059e-01
2.209069999999999923e-01 1.489479999999999971e-01 1.767990000000000117e-01 1.551359999999999961e-01 1.518839999999999912e-01 1.385280000000000122e-01 1.771469999999999989e-01 2.368190000000000017e-01
1.470360000000000000e-01 1.310540000000000038e-01 1.882570000000000077e-01 1.842129999999999879e-01 1.589919999999999944e-01 1.170899999999999996e-01 1.453359999999999930e-01 1.647750000000000048e-01
1.293340000000000045e-01 1.994279999999999942e-01 1.362819999999999865e-01 1.628529999999999978e-01 1.281039999999999957e-01 1.770889999999999964e-01 1.353109999999999868e-01 1.266380000000000006e-01
1.571990000000000054e-01 1.234750000000000014e-01 1.528329999999999966e-01 1.494669999999999888e-01 1.514429999999999943e-01 1.555989999999999873e-01 1.365740000000000010e-01 1.571730000000000071e-01
1.275810000000000000e-01 1.729279999999999984e-01 1.558529999999999915e-01 2.645489999999999786e-01 1.697410000000000030e-01 1.838319999999999954e-01 1.822100000000000108e-01 1.258029999999999982e-01
2.338349999999999873e-01 1.512769999999999948e-01 1.599659999999999971e-01 1.961900000000000033e-01 1.362389999999999990e-01 1.081740000000000063e-01 1.268660000000000065e-01 1.581049999999999955e-01
1.242000000000000048e-01 2.099060000000000092e-01 1.382059999999999955e-01 1.917220000000000035e-01 1.924190000000000067e-01 1.844459999999999988e-01 1.621700000000000086e-01 1.374750000000000139e-01
1.524439999999999962e-01 1.419420000000000126e-01 1.383620000000000128e-01 1.923980000000000135e-01 2.072410000000000085e-01 1.447789999999999910e-01 2.096189999999999998e-01 1.135459999999999942e-01
1.457360000000000044e-01 1.601269999999999916e-01 1.828819999999999890e-01 1.331569999999999976e-01 2.284599999999999964e-01 1.408099999999999907e-01 1.440899999999999959e-01 1.558680000000000065e-01
1.567699999999999927e-01 1.950270000000000059e-01 1.094839999999999980e-01 1.529850000000000099e-01 1.234289999999999971e-01 1.557850000000000068e-01 1.653669999999999862e-01 1.679990000000000094e-01
1.765410000000000035e-01 1.840690000000000104e-01 1.024090000000000000e-01 1.764699999999999880e-01 2.605120000000000213e-01 1.430770000000000097e-01 1.704060000000000019e-01 1.202939999999999982e-01
1.415750000000000064e-01 1.724479999999999902e-01 2.066699999999999926e-01 2.800139999999999851e-01 1.596940000000000026e-01 1.361100000000000088e-01 1.184899999999999981e-01 2.295200000000000018e-01
1.783710000000000018e-01 1.821389999999999953e-01 1.214549999999999935e-01 1.609669999999999990e-01 1.524369999999999892e-01 1.531260000000000121e-01 1.460349999999999981e-01 1.292389999999999928e-01
1.476179999999999992e-01 1.313709999999999878e-01 1.734090000000000076e-01 1.164749999999999952e-01 1.300189999999999957e-01 1.270040000000000058e-01 1.180419999999999942e-01 1.732350000000000001e-01
1.179719999999999935e-01 1.401030000000000053e-01 1.114910000000000068e-01 1.272850000000000092e-01 1.916769999999999863e-01 1.357530000000000125e-01 9.689720000000000277e-02 2.640480000000000049e-01
1.271249999999999880e-01 1.784620000000000095e-01 1.558859999999999968e-01 1.275840000000000030e-01 1.154089999999999977e-01 1.397720000000000073e-01 1.270529999999999993e-01 1.762769999999999893e-01
1.233849999999999947e-01 1.150390000000000024e-01 1.370750000000000024e-01 1.406850000000000045e-01 1.630739999999999967e-01 1.616640000000000021e-01 1.311720000000000108e-01 1.762589999999999990e-01
1.323060000000000069e-01 1.421580000000000066e-01 1.163890000000000063e-01 1.484719999999999929e-01 1.466010000000000091e-01 1.326070000000000026e-01 1.537600000000000078e-01 1.715480000000000060e-01
1.768260000000000109e-01 7.615379999999999372e-02 1.316170000000000118e-01 1.572580000000000089e-01 1.404350000000000043e-01 1.294730000000000047e-01 1.337830000000000130e-01 1.233589999999999964e-01
1.221470000000000056e-01 1.297850000000000115e-01 1.487410000000000121e-01 1.526190000000000047e-01 1.693919999999999870e-01 1.432239999999999902e-01 1.092370000000000008e-01 1.551089999999999969e-01
1.828869999999999940e-01 1.304079999999999961e-01 1.373340000000000116e-01 2.050160000000000038e-01 1.434539999999999982e-01 1.657039999999999902e-01 1.657599999999999907e-01 1.121290000000000064e-01
1.234610000000000013e-01 1.325230000000000019e-01 1.577719999999999956e-01 1.529119999999999924e-01 1.945409999999999917e-01 1.260660000000000114e-01 1.553539999999999921e-01 1.189100000000000018e-01
1.578130000000000088e-01 1.332399999999999973e-01 1.448579999999999868e-01 1.865999999999999881e-01 1.518069999999999975e-01 1.493440000000000045e-01 1.385220000000000062e-01 1.271559999999999913e-01
2.000139999999999973e-01 1.859689999999999954e-01 1.200920000000000043e-01 2.009239999999999915e-01 1.409920000000000062e-01 1.391199999999999937e-01 1.392539999999999889e-01 1.393189999999999984e-01
1.162870000000000015e-01 1.308219999999999938e-01 1.320949999999999902e-01 1.408909999999999885e-01 1.624529999999999863e-01 1.812449999999999894e-01 1.244040000000000007e-01 1.908120000000000094e-01
1.429930000000000090e-01 1.648850000000000038e-01 1.381239999999999968e-01 1.950419999999999932e-01 1.532570000000000043e-01 1.891950000000000021e-01 1.638529999999999986e-01 2.406719999999999970e-01
1.499659999999999882e-01 1.521740000000000037e-01 1.623380000000000101e-01 1.650610000000000133e-01 2.507800000000000029e-01 1.889190000000000036e-01 1.726800000000000002e-01 2.004430000000000101e-01
1.459650000000000114e-01 1.342700000000000005e-01 1.156739999999999990e-01 1.467789999999999928e-01 2.912469999999999781e-01 1.188349999999999962e-01 1.809949999999999892e-01 1.435730000000000062e-01
1.356459999999999888e-01 1.405889999999999918e-01 1.189909999999999995e-01 1.471349999999999880e-01 1.912439999999999973e-01 1.545100000000000084e-01 1.372569999999999901e-01 1.612639999999999907e-01
1.462779999999999914e-01 1.396799999999999986e-01 2.193170000000000119e-01 1.353439999999999921e-01 1.831029999999999880e-01 1.363729999999999942e-01 1.461890000000000134e-01 1.778180000000000038e-01
1.493460000000000065e-01 1.899569999999999870e-01 2.599210000000000131e-01 1.680149999999999977e-01 1.532000000000000028e-01 1.210180000000000006e-01 1.603620000000000045e-01 1.437160000000000104e-01
1.331600000000000006e-01 1.353250000000000008e-01 1.626690000000000080e-01 1.897830000000000072e-01 2.362889999999999990e-01 1.652409999999999990e-01 1.703439999999999954e-01 1.276990000000000069e-01
1.179540000000000033e-01 1.091460000000000069e-01 1.162220000000000059e-01 1.442469999999999863e-01 1.221109999999999973e-01 1.083650000000000030e-01 1.978330000000000088e-01 2.448740000000000083e-01
1.492300000000000015e-01 1.468150000000000011e-01 1.499759999999999982e-01 1.442630000000000023e-01 1.185910000000000020e-01 1.607129999999999947e-01 1.686090000000000089e-01 1.248849999999999960e-01
1.412039999999999962e-01 2.018439999999999956e-01 1.397799999999999876e-01 1.574409999999999976e-01 1.441649999999999876e-01 1.319990000000000052e-01 1.328100000000000114e-01 1.670379999999999920e-01
1.377549999999999886e-01 2.482479999999999964e-01 1.963830000000000020e-01 1.736790000000000000e-01 1.162060000000000037e-01 1.901919999999999999e-01 1.458160000000000012e-01 1.656549999999999967e-01
1.526569999999999871e-01 1.550330000000000041e-01 1.287770000000000026e-01 1.550080000000000069e-01 1.661719999999999864e-01 1.327849999999999864e-01 1.172360000000000069e-01 1.080080000000000068e-01
1.347879999999999912e-01 1.397919999999999996e-01 1.458170000000000022e-01 1.936350000000000016e-01 1.258440000000000114e-01 1.462940000000000074e-01 1.525829999999999964e-01 1.207880000000000065e-01
1.326360000000000039e-01 1.595890000000000086e-01 1.500819999999999932e-01 1.582429999999999948e-01 1.435269999999999879e-01 1.910320000000000074e-01 1.129440000000000027e-01 1.675300000000000122e-01
1.297490000000000032e-01 1.299240000000000117e-01 1.550670000000000104e-01 1.267620000000000136e-01 1.824169999999999958e-01 1.983709999999999918e-01 2.008379999999999888e-01 2.135009999999999963e-01
1.277089999999999892e-01 1.410480000000000067e-01 1.307470000000000021e-01 2.029030000000000000e-01 1.659829999999999917e-01 1.543450000000000100e-01 1.393719999999999959e-01 3.098299999999999943e-01
1.539989999999999970e-01 1.333050000000000068e-01 1.247810000000000030e-01 1.559129999999999960e-01 1.862030000000000074e-01 1.457940000000000069e-01 1.296209999999999862e-01 1.709209999999999896e-01
2.157429999999999903e-01 1.187030000000000030e-01 1.424999999999999878e-01 1.726890000000000092e-01 1.833289999999999920e-01 1.277649999999999897e-01 1.361400000000000110e-01 1.797989999999999866e-01
1.551559999999999884e-01 1.416999999999999926e-01 1.468140000000000001e-01 1.613300000000000012e-01 1.327760000000000051e-01 1.696130000000000138e-01 1.099190000000000028e-01 9.527779999999999583e-02
1.231860000000000038e-01 1.261210000000000109e-01 1.257530000000000037e-01 1.539629999999999888e-01 1.610769999999999980e-01 1.289059999999999928e-01 1.407259999999999900e-01 1.184879999999999961e-01
2.008169999999999955e-01 1.618380000000000096e-01 1.756159999999999943e-01 1.370860000000000134e-01 1.225429999999999992e-01 1.833460000000000090e-01 1.990310000000000135e-01 1.562810000000000032e-01
1.522459999999999924e-01 1.353620000000000101e-01 1.825539999999999941e-01 2.542749999999999733e-01 1.273100000000000065e-01 1.155299999999999938e-01 1.385339999999999905e-01 1.584190000000000043e-01
1.729630000000000056e-01 1.599919999999999953e-01 1.328689999999999871e-01 1.792940000000000089e-01 2.008330000000000115e-01 2.296630000000000060e-01 1.580779999999999963e-01 1.520539999999999947e-01
1.157929999999999932e-01 1.289319999999999911e-01 1.551810000000000134e-01 1.207400000000000001e-01 2.212760000000000005e-01 1.578320000000000001e-01 1.229949999999999932e-01 1.435069999999999957e-01
1.385790000000000077e-01 1.329200000000000104e-01 2.068730000000000013e-01 1.469880000000000075e-01 1.788270000000000137e-01 1.195289999999999964e-01 1.554030000000000133e-01 1.615600000000000092e-01
1.051580000000000015e-01 1.291160000000000085e-01 1.495960000000000067e-01 1.360049999999999870e-01 1.842709999999999904e-01 2.017500000000000127e-01 8.614209999999999923e-02 1.509679999999999911e-01
1.530509999999999926e-01 2.023959999999999926e-01 1.274669999999999970e-01 1.187829999999999997e-01 1.180589999999999973e-01 1.534179999999999988e-01 1.453000000000000125e-01 1.180340000000000000e-01
1.386960000000000137e-01 1.464380000000000126e-01 1.310000000000000053e-01 1.283060000000000034e-01 1.283140000000000114e-01 1.281960000000000044e-01 1.704630000000000034e-01 1.865970000000000129e-01
1.144160000000000038e-01 1.192020000000000024e-01 1.460220000000000129e-01 1.862989999999999924e-01 1.525189999999999879e-01 1.373109999999999886e-01 2.704929999999999835e-01 1.345310000000000117e-01
1.254579999999999862e-01 1.407430000000000070e-01 1.102540000000000048e-01 1.720420000000000005e-01 2.338369999999999893e-01 1.176449999999999996e-01 1.802539999999999976e-01 2.551309999999999967e-01
1.355119999999999936e-01 1.325209999999999999e-01 1.622520000000000073e-01 1.043229999999999991e-01 1.680550000000000099e-01 1.232810000000000017e-01 1.741870000000000085e-01 1.331110000000000071e-01
1.341819999999999957e-01 1.610550000000000037e-01 2.088200000000000056e-01 1.913439999999999863e-01 1.949549999999999894e-01 1.571539999999999881e-01 1.899240000000000095e-01 1.282899999999999874e-01
1.421689999999999898e-01 1.586629999999999985e-01 1.426010000000000055e-01 9.310519999999999907e-02 1.863750000000000129e-01 1.617629999999999901e-01 1.345119999999999927e-01 1.203769999999999979e-01
1.211450000000000027e-01 1.496369999999999922e-01 1.528220000000000134e-01 1.278849999999999987e-01 1.212680000000000008e-01 1.778879999999999906e-01 1.286569999999999936e-01 1.191139999999999977e-01
1.971100000000000074e-01 1.385280000000000122e-01 1.848829999999999918e-01 2.345959999999999990e-01 1.961249999999999938e-01 1.499270000000000047e-01 1.312850000000000128e-01 1.450200000000000100e-01
1.175950000000000051e-01 1.432680000000000065e-01 1.218650000000000011e-01 1.280090000000000117e-01 1.328989999999999894e-01 1.626589999999999980e-01 1.921430000000000082e-01 1.516270000000000118e-01
1.982269999999999865e-01 1.528249999999999886e-01 1.186969999999999970e-01 1.108529999999999932e-01 1.374120000000000064e-01 1.494600000000000095e-01 2.282810000000000117e-01 1.440649999999999986e-01
1.830509999999999915e-01 8.963359999999999383e-02 1.161439999999999972e-01 1.532560000000000033e-01 1.236789999999999973e-01 1.525960000000000094e-01 1.845189999999999886e-01 1.591670000000000029e-01
1.258140000000000092e-01 1.300810000000000022e-01 1.483740000000000059e-01 1.803309999999999913e-01 1.468160000000000021e-01 1.811220000000000052e-01 1.486879999999999868e-01 1.388699999999999934e-01
1.266710000000000058e-01 1.609720000000000040e-01 1.430150000000000032e-01 1.531329999999999913e-01 1.326829999999999954e-01 1.402599999999999958e-01 1.835269999999999957e-01 1.737889999999999990e-01
1.541460000000000052e-01 1.587890000000000135e-01 1.198990000000000056e-01 9.387059999999999849e-02 1.357339999999999935e-01 1.281470000000000109e-01 2.034729999999999872e-01 1.546039999999999914e-01
1.602300000000000113e-01 1.317609999999999892e-01 1.723619999999999874e-01 2.136889999999999901e-01 1.465410000000000046e-01 1.444130000000000136e-01 1.577590000000000103e-01 1.684849999999999959e-01
1.459129999999999872e-01 1.496750000000000025e-01 1.386139999999999872e-01 1.339370000000000005e-01 1.327460000000000029e-01 1.397049999999999959e-01 1.888489999999999891e-01 2.113619999999999943e-01
1.274889999999999912e-01 1.187069999999999931e-01 1.593720000000000137e-01 1.905910000000000104e-01 2.450400000000000078e-01 1.614089999999999969e-01 1.527249999999999996e-01 1.539240000000000053e-01
1.722710000000000075e-01 1.434549999999999992e-01 1.518670000000000020e-01 1.615620000000000112e-01 1.557159999999999933e-01 2.954820000000000224e-01 1.285300000000000054e-01 1.369479999999999864e-01
1.803649999999999975e-01 1.488579999999999903e-01 1.337419999999999998e-01 1.728480000000000016e-01 2.055140000000000022e-01 1.359080000000000010e-01 1.562949999999999895e-01 1.246840000000000032e-01
1.382829999999999893e-01 1.412349999999999994e-01 1.280479999999999952e-01 1.597159999999999969e-01 1.173690000000000011e-01 1.652869999999999895e-01 1.611690000000000067e-01 1.301070000000000004e-01
