5.378040000000000164e-04 5.918619999999999654e-04 5.273320000000000394e-04 5.342530000000000499e-04 5.577860000000000023e-04 5.174199999999999893e-04 5.689819999999999947e-04 6.054530000000000458e-04
5.890770000000000251e-04 5.108820000000000461e-04 5.738549999999999597e-04 5.350529999999999609e-04 5.958339999999999470e-04 5.715969999999999688e-04 5.391799999999999978e-04 5.593469999999999692e-04
5.746660000000000440e-04 6.214190000000000078e-04 5.900789999999999725e-04 5.259719999999999847e-04 5.888020000000000320e-04 5.079420000000000506e-04 6.271020000000000413e-04 5.463510000000000415e-04
5.691259999999999852e-04 5.322130000000000220e-04 3.743290000000000137e-04 5.495660000000000302e-04 3.780489999999999849e-04 3.995480000000000038e-04 5.264150000000000209e-04 4.230389999999999997e-04
3.756699999999999861e-04 2.601200000000000235e-04 3.384549999999999842e-04 5.567839999999999465e-04 5.523499999999999547e-04 6.476859999999999649e-04 5.180200000000000039e-04 4.213740000000000215e-04
1.822209999999999889e-04 4.960369999999999537e-04 2.486640000000000031e-04 3.671510000000000225e-04 2.262529999999999901e-04 1.775640000000000096e-04 4.012379999999999961e-04 4.720239999999999788e-04
2.022389999999999995e-04 2.923830000000000092e-04 4.906409999999999938e-04 4.310240000000000122e-04 2.745180000000000168e-04 3.806680000000000220e-04 2.183379999999999956e-04 1.948739999999999912e-04
2.043070000000000075e-04 3.685149999999999776e-04 2.990299999999999881e-04 2.209950000000000076e-04 3.633239999999999929e-04 3.227039999999999922e-04 3.345269999999999906e-04 4.371290000000000223e-04
5.373580000000000023e-01 6.097609999999999975e-01 5.502780000000000449e-01 6.062840000000000451e-01 5.569439999999999946e-01 5.028669999999999529e-01 5.511749999999999705e-01 5.123149999999999649e-01
8.801949999999999497e-01 8.719390000000000196e-01 8.923309999999999853e-01 8.695829999999999949e-01 8.783279999999999976e-01 9.008599999999999941e-01 8.917230000000000434e-01 8.844429999999999792e-01
7.456279999999999575e-01 7.413779999999999815e-01 7.412699999999999845e-01 7.459109999999999907e-01 7.407280000000000530e-01 7.437570000000000014e-01 7.397799999999999931e-01 7.396500000000000297e-01
4.756520000000000192e-01 4.763879999999999781e-01 4.753459999999999908e-01 4.780209999999999737e-01 4.767219999999999791e-01 4.773859999999999770e-01 4.766929999999999779e-01 4.785769999999999746e-01
2.156079999999999941e-01 2.160529999999999951e-01 2.127040000000000042e-01 2.153990000000000071e-01 2.132630000000000081e-01 2.144639999999999880e-01 2.144399999999999917e-01 2.129780000000000006e-01
9.955849999999999422e-02 9.974449999999999983e-02 9.954580000000000373e-02 9.948650000000000548e-02 9.957349999999999535e-02 9.942779999999999674e-02 9.976359999999999395e-02 9.998020000000000518e-02
1.091710000000000041e-01 1.095580000000000026e-01 1.094839999999999980e-01 1.086389999999999995e-01 1.088670000000000054e-01 1.099529999999999952e-01 1.100229999999999958e-01 1.093620000000000009e-01
5.923280000000000212e-02 5.876390000000000086e-02 6.025769999999999738e-02 5.966280000000000194e-02 6.061570000000000152e-02 6.065940000000000221e-02 6.069730000000000264e-02 6.069059999999999733e-02
2.929580000000000031e-02 2.752610000000000126e-02 3.125780000000000225e-02 3.062770000000000076e-02 2.987139999999999934e-02 2.941169999999999896e-02 2.893309999999999979e-02 3.099359999999999962e-02
2.031749999999999876e-02 1.931099999999999831e-02 1.883150000000000102e-02 2.036229999999999984e-02 2.034299999999999997e-02 1.987780000000000102e-02 2.080610000000000098e-02 2.040900000000000006e-02
-2.343130000000000126e-03 -2.567760000000000094e-03 -1.331219999999999929e-03 -1.069290000000000084e-03 -2.868859999999999986e-03 -4.813470000000000248e-04 -2.322330000000000054e-03 -1.373239999999999964e-03
-8.779740000000000070e-04 -4.146040000000000034e-04 4.478600000000000116e-05 -1.245499999999999917e-04 -8.157270000000000319e-04 -1.196959999999999951e-03 -9.950609999999999924e-04 -1.117509999999999944e-03
8.803039999999999823e-03 4.858320000000000173e-03 7.272879999999999796e-03 8.878520000000000856e-03 7.347089999999999697e-03 7.693779999999999890e-03 8.053789999999999907e-03 8.880809999999999399e-03
5.313969999999999675e-04 5.836110000000000473e-04 6.423380000000000018e-04 5.253039999999999836e-04 6.044639999999999779e-04 5.686149999999999625e-04 5.232179999999999904e-04 5.863440000000000362e-04
5.604919999999999998e-04 5.468509999999999994e-04 5.574549999999999948e-04 5.681749999999999735e-04 5.892550000000000088e-04 5.550999999999999945e-04 5.830399999999999472e-04 5.403709999999999937e-04
5.089790000000000069e-04 5.320309999999999753e-04 7.483709999999999538e-04 5.460219999999999570e-04 5.088879999999999836e-04 5.422549999999999506e-04 6.123640000000000073e-04 5.428790000000000178e-04
3.054919999999999814e-04 5.266789999999999493e-04 5.453419999999999839e-04 4.228510000000000211e-04 3.313389999999999933e-04 5.035289999999999558e-04 6.265210000000000007e-04 6.412590000000000347e-04
4.382689999999999741e-04 4.938399999999999474e-04 3.513750000000000163e-04 3.416830000000000149e-04 5.784419999999999753e-04 2.592989999999999987e-04 4.115680000000000141e-04 5.218420000000000090e-04
3.754949999999999954e-04 5.105679999999999811e-04 3.229360000000000130e-04 1.845580000000000039e-04 3.955410000000000132e-04 2.607080000000000118e-04 3.748889999999999948e-04 2.196260000000000009e-04
2.214159999999999956e-04 2.516090000000000232e-04 3.599650000000000137e-04 3.277229999999999792e-04 1.692960000000000135e-04 5.282349999999999459e-04 2.121459999999999980e-04 2.892220000000000034e-04
1.524809999999999924e-04 2.501930000000000083e-04 2.135279999999999925e-04 3.621720000000000148e-04 2.269929999999999864e-04 3.882669999999999741e-04 3.119840000000000135e-04 4.283959999999999960e-04
5.597739999999999938e-01 5.046960000000000335e-01 5.428250000000000020e-01 5.518999999999999462e-01 5.587839999999999474e-01 5.194539999999999713e-01 5.455879999999999619e-01 6.251269999999999882e-01
8.813299999999999468e-01 8.878049999999999553e-01 8.678869999999999640e-01 8.739059999999999606e-01 8.745859999999999745e-01 8.769040000000000168e-01 8.806559999999999944e-01 8.804250000000000131e-01
7.442720000000000447e-01 7.388139999999999707e-01 7.415119999999999489e-01 7.402959999999999541e-01 7.463469999999999827e-01 7.420870000000000521e-01 7.414330000000000087e-01 7.417939999999999534e-01
4.768729999999999913e-01 4.755980000000000207e-01 4.772779999999999800e-01 4.803239999999999732e-01 4.765900000000000136e-01 4.785800000000000054e-01 4.777319999999999900e-01 4.755639999999999867e-01
2.133539999999999881e-01 2.144830000000000070e-01 2.155569999999999986e-01 2.149389999999999912e-01 2.149689999999999934e-01 2.159010000000000096e-01 2.131079999999999919e-01 2.160769999999999913e-01
9.976830000000000420e-02 9.975530000000000508e-02 1.002230000000000065e-01 9.954449999999999410e-02 1.000500000000000000e-01 9.971069999999999933e-02 9.951619999999999910e-02 9.881320000000000381e-02
1.094989999999999991e-01 1.091929999999999984e-01 1.096000000000000030e-01 1.087260000000000032e-01 1.099370000000000069e-01 1.088589999999999974e-01 1.094799999999999940e-01 1.105000000000000010e-01
5.936740000000000073e-02 5.944859999999999728e-02 5.971510000000000012e-02 6.045269999999999810e-02 5.917780000000000262e-02 6.103999999999999704e-02 6.050830000000000097e-02 6.050710000000000116e-02
3.056189999999999948e-02 3.050020000000000162e-02 3.115590000000000026e-02 3.007719999999999838e-02 2.930380000000000137e-02 2.866109999999999838e-02 2.976809999999999873e-02 2.945570000000000133e-02
1.964020000000000002e-02 1.869250000000000078e-02 1.948619999999999866e-02 1.830659999999999926e-02 1.944660000000000138e-02 2.076920000000000155e-02 1.902190000000000131e-02 1.931700000000000084e-02
-1.203279999999999931e-03 -2.230470000000000022e-03 -2.526769999999999797e-03 -1.326979999999999956e-03 -1.507770000000000074e-03 -1.053729999999999901e-03 -1.106980000000000030e-03 -9.031539999999999794e-04
-2.512680000000000208e-04 -9.303830000000000129e-04 -1.433140000000000065e-03 -1.469779999999999958e-03 -1.566560000000000044e-03 -1.577740000000000002e-03 -8.335449999999999891e-04 -1.016030000000000015e-03
7.355079999999999951e-03 7.037129999999999948e-03 5.548449999999999910e-03 7.253520000000000280e-03 9.846819999999999184e-03 7.358720000000000018e-03 7.302649999999999940e-03 6.909420000000000318e-03
5.926889999999999763e-04 5.234359999999999534e-04 6.521269999999999584e-04 5.459339999999999809e-04 5.324779999999999661e-04 5.369809999999999601e-04 5.262039999999999513e-04 5.841660000000000038e-04
6.277639999999999479e-04 5.532000000000000025e-04 5.982570000000000422e-04 5.738419999999999719e-04 5.694240000000000152e-04 5.429470000000000043e-04 6.057070000000000336e-04 5.102270000000000329e-04
5.159980000000000426e-04 6.383959999999999505e-04 5.338190000000000469e-04 5.624360000000000340e-04 5.494830000000000244e-04 5.609459999999999924e-04 5.490589999999999620e-04 5.280779999999999676e-04
3.968020000000000271e-04 4.360359999999999974e-04 3.800300000000000054e-04 5.710959999999999951e-04 3.383759999999999871e-04 2.939870000000000027e-04 4.917110000000000361e-04 5.121830000000000393e-04
5.221520000000000111e-04 5.666049999999999733e-04 3.744779999999999745e-04 5.569849999999999671e-04 2.559449999999999898e-04 3.985099999999999775e-04 5.283809999999999679e-04 3.499579999999999857e-04
4.825960000000000124e-04 4.627429999999999976e-04 4.710110000000000208e-04 2.420180000000000128e-04 3.953200000000000030e-04 2.961740000000000141e-04 3.611409999999999902e-04 3.398119999999999917e-04
1.930690000000000043e-04 2.709689999999999733e-04 4.725910000000000158e-04 2.106049999999999936e-04 3.513230000000000107e-04 3.322469999999999785e-04 4.075519999999999902e-04 2.589070000000000065e-04
2.416870000000000053e-04 1.488089999999999910e-04 2.355620000000000055e-04 1.510310000000000114e-04 2.683319999999999781e-04 3.742800000000000011e-04 1.883210000000000016e-04 2.499150000000000221e-04
5.485879999999999646e-01 5.367239999999999789e-01 6.093570000000000375e-01 5.495179999999999509e-01 5.494930000000000092e-01 5.478530000000000344e-01 5.694489999999999830e-01 5.640209999999999946e-01
8.852740000000000054e-01 8.743490000000000428e-01 8.948110000000000230e-01 8.780700000000000172e-01 8.869679999999999787e-01 8.885830000000000117e-01 8.721619999999999928e-01 8.756610000000000227e-01
7.417620000000000324e-01 7.414119999999999600e-01 7.436150000000000260e-01 7.398709999999999454e-01 7.410689999999999777e-01 7.398090000000000499e-01 7.400759999999999561e-01 7.414800000000000280e-01
4.768549999999999733e-01 4.770220000000000016e-01 4.771830000000000238e-01 4.786650000000000071e-01 4.778109999999999857e-01 4.784720000000000084e-01 4.774269999999999903e-01 4.786839999999999984e-01
2.156019999999999881e-01 2.133410000000000029e-01 2.133170000000000066e-01 2.156919999999999948e-01 2.136109999999999953e-01 2.133929999999999993e-01 2.156009999999999871e-01 2.152020000000000044e-01
9.949909999999999310e-02 9.951790000000000636e-02 9.942929999999999824e-02 9.859930000000000083e-02 9.952189999999999648e-02 9.954849999999999810e-02 1.000510000000000010e-01 9.997040000000000093e-02
1.100089999999999957e-01 1.095590000000000036e-01 1.096550000000000025e-01 1.096319999999999933e-01 1.099910000000000054e-01 1.087850000000000067e-01 1.092159999999999936e-01 1.091049999999999937e-01
6.009450000000000208e-02 6.064880000000000271e-02 5.897879999999999789e-02 6.112349999999999728e-02 6.115439999999999765e-02 5.920009999999999856e-02 6.079020000000000257e-02 6.034670000000000312e-02
3.037629999999999844e-02 2.945259999999999892e-02 2.924150000000000013e-02 2.897479999999999847e-02 2.842259999999999925e-02 2.809330000000000160e-02 2.997599999999999917e-02 3.029280000000000167e-02
1.988890000000000102e-02 2.040449999999999903e-02 1.973360000000000045e-02 1.975839999999999888e-02 1.897400000000000128e-02 1.952129999999999838e-02 2.052750000000000061e-02 1.914300000000000029e-02
-9.701809999999999731e-04 -8.823729999999999898e-04 -5.691230000000000464e-04 -1.191870000000000039e-03 -7.534780000000000253e-04 -5.201820000000000012e-04 -8.061849999999999529e-04 -8.184149999999999628e-04
-8.454289999999999722e-04 -8.679080000000000258e-04 -8.540699999999999594e-04 -1.397929999999999919e-03 -8.705539999999999459e-04 -1.498840000000000036e-04 -1.208529999999999978e-03 -1.615200000000000012e-03
7.647100000000000425e-03 7.324109999999999995e-03 8.249309999999999282e-03 6.895580000000000112e-03 7.879189999999999458e-03 1.001140000000000016e-02 7.607189999999999785e-03 7.879159999999999636e-03
5.504089999999999677e-04 5.519099999999999657e-04 5.278820000000000257e-04 5.812019999999999556e-04 5.587329999999999510e-04 5.380730000000000235e-04 5.453860000000000261e-04 5.351769999999999618e-04
5.769220000000000034e-04 5.411669999999999502e-04 5.813669999999999515e-04 5.566009999999999925e-04 5.646930000000000092e-04 5.508740000000000251e-04 5.711969999999999591e-04 5.953360000000000206e-04
5.326659999999999989e-04 5.863119999999999660e-04 5.577499999999999776e-04 4.994840000000000174e-04 5.679759999999999844e-04 5.861850000000000263e-04 5.671279999999999681e-04 5.318760000000000284e-04
5.016340000000000425e-04 3.768530000000000187e-04 5.629139999999999708e-04 5.599570000000000328e-04 5.226939999999999798e-04 5.077070000000000367e-04 6.011019999999999515e-04 3.619110000000000252e-04
5.710100000000000505e-04 4.431740000000000093e-04 3.033180000000000121e-04 4.420970000000000195e-04 4.026370000000000144e-04 3.295770000000000058e-04 2.898269999999999883e-04 5.898610000000000094e-04
2.305089999999999982e-04 2.485899999999999764e-04 2.952140000000000233e-04 4.028279999999999860e-04 1.840769999999999928e-04 4.191870000000000101e-04 3.821410000000000128e-04 2.448509999999999771e-04
3.704809999999999787e-04 2.906009999999999778e-04 3.485890000000000061e-04 3.440469999999999943e-04 4.359079999999999878e-04 4.228200000000000209e-04 3.111090000000000058e-04 3.716340000000000268e-04
3.061340000000000068e-04 2.346609999999999950e-04 2.650209999999999957e-04 2.039180000000000083e-04 3.829009999999999987e-04 2.929850000000000011e-04 2.678110000000000148e-04 1.958680000000000024e-04
5.692789999999999795e-01 5.484740000000000171e-01 5.420949999999999935e-01 5.491939999999999600e-01 5.512590000000000545e-01 5.951149999999999496e-01 5.829670000000000130e-01 5.519530000000000269e-01
8.895859999999999879e-01 8.773220000000000462e-01 8.763349999999999751e-01 8.701349999999999918e-01 8.706949999999999967e-01 8.737730000000000219e-01 8.837650000000000228e-01 8.896180000000000199e-01
7.401259999999999506e-01 7.424560000000000048e-01 7.459949999999999637e-01 7.399179999999999646e-01 7.420240000000000169e-01 7.400200000000000111e-01 7.385800000000000143e-01 7.394450000000000189e-01
4.788109999999999866e-01 4.748589999999999756e-01 4.768459999999999921e-01 4.768530000000000268e-01 4.754650000000000265e-01 4.812040000000000206e-01 4.786619999999999764e-01 4.768270000000000008e-01
2.156430000000000013e-01 2.159959999999999936e-01 2.143819999999999892e-01 2.142880000000000063e-01 2.159339999999999871e-01 2.130980000000000096e-01 2.157000000000000028e-01 2.132660000000000111e-01
9.971040000000000458e-02 9.960249999999999659e-02 9.955550000000000510e-02 9.977919999999999845e-02 1.001169999999999977e-01 1.000479999999999980e-01 9.956779999999999797e-02 9.956660000000000510e-02
1.092000000000000054e-01 1.088729999999999976e-01 1.091909999999999964e-01 1.093930000000000041e-01 1.097790000000000016e-01 1.095679999999999987e-01 1.097810000000000036e-01 1.095990000000000020e-01
6.063459999999999683e-02 6.069530000000000064e-02 6.066239999999999827e-02 6.026839999999999975e-02 6.066450000000000314e-02 6.016180000000000139e-02 6.114370000000000221e-02 6.005239999999999884e-02
3.086540000000000117e-02 2.902019999999999947e-02 3.028509999999999883e-02 2.913050000000000014e-02 2.897020000000000151e-02 2.687269999999999937e-02 2.951530000000000126e-02 3.015220000000000053e-02
1.928770000000000137e-02 1.911339999999999914e-02 2.038579999999999906e-02 2.086529999999999982e-02 1.990979999999999833e-02 1.969809999999999964e-02 1.969200000000000117e-02 1.983199999999999893e-02
-1.892819999999999919e-03 -2.138000000000000143e-03 -2.444589999999999957e-03 -4.047939999999999872e-04 -1.202939999999999999e-03 -1.636740000000000026e-03 -1.324590000000000056e-03 -2.313770000000000149e-03
-2.064330000000000071e-03 -1.661809999999999893e-03 -1.036639999999999914e-03 -9.222129999999999607e-04 -1.735650000000000040e-03 -1.556529999999999980e-03 -2.465699999999999923e-04 -1.531950000000000022e-03
8.336569999999999744e-03 7.450799999999999611e-03 7.188650000000000422e-03 6.084400000000000225e-03 7.358980000000000209e-03 7.772659999999999812e-03 7.381450000000000337e-03 7.602710000000000370e-03
5.765539999999999554e-04 5.459119999999999598e-04 5.582369999999999477e-04 5.672039999999999721e-04 4.914789999999999610e-04 5.749999999999999903e-04 5.364350000000000368e-04 5.468839999999999769e-04
5.178199999999999990e-04 5.736339999999999495e-04 6.028280000000000227e-04 5.794739999999999613e-04 5.174799999999999582e-04 5.552579999999999886e-04 6.273389999999999782e-04 5.640890000000000400e-04
5.105930000000000494e-04 5.575089999999999777e-04 4.926299999999999776e-04 3.936899999999999796e-04 5.621340000000000494e-04 5.628220000000000401e-04 5.769819999999999723e-04 6.102749999999999668e-04
5.388669999999999485e-04 5.792840000000000055e-04 3.542800000000000029e-04 5.521459999999999953e-04 5.268780000000000468e-04 5.464719999999999951e-04 5.384670000000000472e-04 3.479660000000000088e-04
2.652159999999999761e-04 3.140400000000000223e-04 3.631449999999999934e-04 3.096980000000000154e-04 2.958249999999999942e-04 4.447569999999999974e-04 3.042349999999999764e-04 3.120929999999999950e-04
3.154300000000000073e-04 4.040529999999999751e-04 2.442979999999999978e-04 3.389770000000000174e-04 4.174639999999999861e-04 1.717990000000000131e-04 2.423419999999999914e-04 5.574659999999999511e-04
2.184079999999999865e-04 2.607269999999999857e-04 3.164950000000000250e-04 2.931470000000000039e-04 3.008609999999999778e-04 2.201170000000000069e-04 4.741340000000000246e-04 3.662389999999999743e-04
3.566190000000000223e-04 1.842620000000000054e-04 3.600850000000000058e-04 2.317049999999999915e-04 3.681930000000000034e-04 3.909280000000000220e-04 1.812349999999999953e-04 3.302299999999999875e-04
6.175399999999999778e-01 5.473249999999999504e-01 5.934899999999999620e-01 5.525830000000000464e-01 5.652409999999999934e-01 5.521920000000000162e-01 5.566360000000000197e-01 5.771060000000000079e-01
9.014879999999999560e-01 9.035969999999999835e-01 8.782539999999999791e-01 8.933250000000000357e-01 8.848260000000000014e-01 8.699710000000000498e-01 8.851670000000000371e-01 8.795100000000000140e-01
7.401790000000000314e-01 7.415599999999999969e-01 7.421919999999999629e-01 7.393680000000000252e-01 7.404990000000000183e-01 7.437629999999999519e-01 7.466800000000000104e-01 7.467660000000000409e-01
4.749360000000000248e-01 4.752589999999999870e-01 4.778780000000000250e-01 4.772449999999999748e-01 4.753800000000000248e-01 4.761449999999999849e-01 4.778959999999999875e-01 4.772299999999999875e-01
2.132100000000000106e-01 2.163589999999999958e-01 2.130289999999999961e-01 2.153730000000000089e-01 2.146520000000000095e-01 2.138410000000000033e-01 2.136270000000000113e-01 2.155169999999999864e-01
9.943970000000000586e-02 9.962880000000000347e-02 9.869079999999999520e-02 9.988539999999999919e-02 1.002050000000000024e-01 9.813539999999999763e-02 9.906879999999999853e-02 9.949249999999999761e-02
1.091109999999999997e-01 1.089790000000000064e-01 1.093549999999999939e-01 1.101469999999999949e-01 1.093469999999999998e-01 1.093640000000000029e-01 1.099659999999999943e-01 1.099839999999999984e-01
6.070169999999999733e-02 6.015870000000000245e-02 6.071909999999999807e-02 6.086520000000000125e-02 6.062059999999999671e-02 6.016749999999999876e-02 6.099729999999999736e-02 6.031099999999999656e-02
3.070410000000000153e-02 3.090479999999999963e-02 2.998680000000000095e-02 2.994350000000000137e-02 2.955019999999999869e-02 2.898929999999999910e-02 2.851669999999999899e-02 2.965980000000000005e-02
2.064109999999999903e-02 2.008710000000000009e-02 1.878909999999999955e-02 2.015060000000000115e-02 1.907210000000000155e-02 1.944620000000000029e-02 1.931870000000000115e-02 1.975750000000000076e-02
-1.789299999999999962e-03 -1.825819999999999917e-03 -1.888029999999999960e-03 -1.452399999999999958e-03 -6.230580000000000103e-04 -1.424460000000000006e-03 -1.453590000000000047e-03 -4.584729999999999860e-04
-5.094750000000000103e-04 -1.398890000000000073e-03 -1.598790000000000107e-03 -2.967569999999999778e-04 -1.354409999999999902e-03 -7.093769999999999677e-04 -1.957729999999999974e-03 -1.591809999999999926e-03
5.800630000000000196e-03 9.243070000000000799e-03 4.917679999999999794e-03 7.786300000000000339e-03 7.519460000000000380e-03 7.824740000000000167e-03 7.098909999999999942e-03 7.192660000000000026e-03
5.621919999999999869e-04 5.623670000000000318e-04 5.874030000000000137e-04 5.476069999999999766e-04 6.017999999999999912e-04 5.298360000000000005e-04 5.303979999999999589e-04 5.569010000000000540e-04
5.352749999999999869e-04 6.537339999999999991e-04 6.397539999999999737e-04 5.726330000000000179e-04 5.122489999999999943e-04 5.071550000000000190e-04 5.577769999999999690e-04 5.672319999999999793e-04
5.400420000000000177e-04 6.311869999999999590e-04 5.463889999999999893e-04 6.105179999999999982e-04 5.177040000000000157e-04 5.704170000000000377e-04 5.885849999999999763e-04 6.016010000000000021e-04
4.275579999999999745e-04 2.987989999999999830e-04 5.460200000000000340e-04 5.772219999999999565e-04 5.421560000000000181e-04 3.707310000000000119e-04 5.527919999999999752e-04 3.671659999999999876e-04
4.104620000000000013e-04 3.522709999999999752e-04 4.773140000000000043e-04 3.515379999999999807e-04 4.668890000000000084e-04 2.632520000000000064e-04 3.371749999999999964e-04 5.823309999999999511e-04
4.859609999999999776e-04 3.003580000000000269e-04 3.407659999999999964e-04 2.822430000000000013e-04 3.872600000000000022e-04 5.067780000000000461e-04 3.554319999999999810e-04 1.676889999999999999e-04
3.917759999999999841e-04 2.528650000000000125e-04 3.307110000000000258e-04 2.569860000000000091e-04 3.628039999999999911e-04 1.917029999999999906e-04 2.665550000000000254e-04 3.453530000000000120e-04
3.234949999999999783e-04 3.318969999999999971e-04 3.086650000000000136e-04 3.423100000000000209e-04 2.978699999999999924e-04 4.071529999999999963e-04 3.552939999999999766e-04 3.068270000000000220e-04
5.911710000000000020e-01 5.528939999999999966e-01 5.577290000000000303e-01 5.489079999999999515e-01 5.500350000000000517e-01 5.601009999999999600e-01 4.676009999999999889e-01 5.479979999999999851e-01
8.801820000000000199e-01 9.038350000000000550e-01 8.783260000000000511e-01 8.816140000000000088e-01 8.755089999999999817e-01 8.689740000000000242e-01 8.987270000000000536e-01 8.986640000000000184e-01
7.458580000000000210e-01 7.398970000000000269e-01 7.395350000000000534e-01 7.398369999999999669e-01 7.396850000000000369e-01 7.419689999999999896e-01 7.449010000000000353e-01 7.451210000000000333e-01
4.750460000000000238e-01 4.770610000000000128e-01 4.769510000000000138e-01 4.782959999999999989e-01 4.774669999999999748e-01 4.770269999999999788e-01 4.774900000000000255e-01 4.748539999999999983e-01
2.153090000000000004e-01 2.161849999999999883e-01 2.139479999999999993e-01 2.126490000000000047e-01 2.160920000000000063e-01 2.154540000000000066e-01 2.128760000000000097e-01 2.146990000000000010e-01
9.963389999999999747e-02 1.001750000000000002e-01 9.904649999999999566e-02 9.951169999999999460e-02 1.000970000000000054e-01 9.944189999999999974e-02 1.001630000000000020e-01 1.001459999999999989e-01
1.102169999999999955e-01 1.093969999999999942e-01 1.095060000000000061e-01 1.096079999999999971e-01 1.099600000000000022e-01 1.092550000000000049e-01 1.104770000000000058e-01 1.099770000000000053e-01
6.088059999999999999e-02 6.062239999999999990e-02 5.992329999999999879e-02 5.989880000000000204e-02 6.070239999999999664e-02 6.037800000000000111e-02 6.073200000000000126e-02 5.925949999999999968e-02
2.977820000000000120e-02 3.116050000000000070e-02 3.085330000000000017e-02 3.049790000000000140e-02 3.040860000000000091e-02 2.891830000000000095e-02 2.902230000000000087e-02 2.894609999999999891e-02
1.950239999999999960e-02 1.914230000000000098e-02 2.092439999999999925e-02 2.083399999999999835e-02 1.950179999999999969e-02 1.908479999999999899e-02 1.925330000000000097e-02 1.806409999999999960e-02
-1.284930000000000100e-03 -1.530389999999999962e-03 -1.134140000000000061e-03 -1.006420000000000058e-03 -2.463250000000000162e-03 -1.393410000000000091e-03 -1.285770000000000099e-03 -2.178219999999999809e-03
-1.400830000000000044e-03 -1.337220000000000075e-03 -8.477639999999999829e-04 -8.446839999999999514e-04 -9.076000000000000517e-04 -5.791530000000000029e-04 -8.275379999999999498e-04 -4.459639999999999741e-04
6.681389999999999725e-03 6.960189999999999780e-03 7.385140000000000107e-03 7.173640000000000225e-03 6.657210000000000211e-03 6.974010000000000105e-03 5.506350000000000133e-03 8.143920000000000672e-03
5.629940000000000378e-04 5.570010000000000022e-04 6.063810000000000207e-04 5.470510000000000043e-04 5.679040000000000433e-04 5.307009999999999592e-04 6.213009999999999930e-04 5.664860000000000511e-04
5.078689999999999854e-04 5.739869999999999781e-04 5.861269999999999805e-04 5.850690000000000187e-04 5.816670000000000130e-04 5.785189999999999950e-04 5.139059999999999549e-04 5.690229999999999897e-04
5.536599999999999812e-04 5.766280000000000364e-04 5.250149999999999869e-04 5.972100000000000368e-04 5.065000000000000058e-04 5.563130000000000115e-04 5.303639999999999657e-04 5.388899999999999853e-04
6.029040000000000267e-04 4.990939999999999483e-04 3.196380000000000185e-04 5.672220000000000387e-04 3.616189999999999813e-04 3.562579999999999762e-04 5.339239999999999655e-04 5.538830000000000229e-04
5.257610000000000235e-04 3.009940000000000120e-04 5.276770000000000505e-04 2.969059999999999928e-04 3.646909999999999952e-04 2.104259999999999941e-04 4.542799999999999941e-04 5.153199999999999925e-04
1.941140000000000053e-04 3.749439999999999934e-04 3.471279999999999873e-04 3.093880000000000133e-04 5.531540000000000372e-04 2.719770000000000152e-04 2.467589999999999866e-04 3.015599999999999791e-04
2.738810000000000159e-04 2.226990000000000035e-04 2.185359999999999961e-04 3.098700000000000131e-04 2.428359999999999904e-04 3.055180000000000114e-04 4.124379999999999973e-04 1.933600000000000054e-04
2.207900000000000054e-04 4.841210000000000088e-04 2.480490000000000234e-04 1.647560000000000062e-04 2.950459999999999802e-04 3.060119999999999832e-04 1.987170000000000017e-04 2.159619999999999899e-04
5.509389999999999565e-01 5.471949999999999870e-01 5.486119999999999886e-01 5.639159999999999728e-01 5.445990000000000553e-01 5.753049999999999553e-01 5.432630000000000514e-01 5.538809999999999567e-01
8.762419999999999654e-01 9.006159999999999721e-01 8.938920000000000199e-01 8.777329999999999854e-01 8.742720000000000491e-01 8.921170000000000488e-01 8.789569999999999883e-01 8.748430000000000373e-01
7.415169999999999817e-01 7.396260000000000057e-01 7.459750000000000547e-01 7.405350000000000543e-01 7.463889999999999691e-01 7.418400000000000549e-01 7.425979999999999803e-01 7.392030000000000545e-01
4.799109999999999765e-01 4.781989999999999852e-01 4.754300000000000193e-01 4.775449999999999973e-01 4.777660000000000240e-01 4.781969999999999832e-01 4.762060000000000182e-01 4.796329999999999760e-01
2.144060000000000132e-01 2.158360000000000001e-01 2.128549999999999887e-01 2.127419999999999867e-01 2.175300000000000011e-01 2.129630000000000134e-01 2.127600000000000047e-01 2.154310000000000114e-01
9.956049999999999622e-02 9.842760000000000398e-02 9.977949999999999320e-02 1.002019999999999994e-01 9.982870000000000632e-02 9.964009999999999534e-02 9.884110000000000118e-02 9.938479999999999537e-02
1.094730000000000009e-01 1.098080000000000028e-01 1.087530000000000024e-01 1.093989999999999962e-01 1.100399999999999989e-01 1.099770000000000053e-01 1.088879999999999987e-01 1.092390000000000028e-01
6.125499999999999695e-02 6.002040000000000153e-02 6.047050000000000342e-02 6.071590000000000320e-02 6.056070000000000203e-02 5.926050000000000068e-02 6.068049999999999833e-02 5.947720000000000090e-02
3.018909999999999996e-02 3.053370000000000042e-02 3.177109999999999657e-02 3.056779999999999914e-02 2.956819999999999934e-02 2.925039999999999932e-02 2.817659999999999956e-02 2.998369999999999855e-02
1.914549999999999932e-02 1.927419999999999828e-02 2.092700000000000116e-02 1.912519999999999845e-02 1.972540000000000057e-02 2.063720000000000138e-02 2.108799999999999911e-02 1.888060000000000085e-02
-5.178029999999999482e-04 -1.749930000000000018e-03 -5.166329999999999577e-04 -2.125119999999999874e-03 -1.333060000000000061e-03 -1.358749999999999932e-03 -1.489920000000000046e-03 -2.205780000000000067e-03
-9.754260000000000491e-04 -9.887150000000000365e-04 -1.668480000000000126e-04 -9.160320000000000008e-04 -1.807859999999999892e-03 -2.297899999999999856e-03 -9.611739999999999694e-04 -1.113520000000000005e-04
5.257460000000000258e-03 5.662730000000000367e-03 6.678589999999999874e-03 7.592770000000000422e-03 7.650200000000000229e-03 7.292800000000000324e-03 7.334030000000000063e-03 6.676569999999999727e-03
5.978039999999999569e-04 6.164719999999999618e-04 5.226329999999999951e-04 5.617099999999999871e-04 5.566119999999999488e-04 5.544529999999999988e-04 5.149630000000000093e-04 5.437159999999999693e-04
5.417939999999999562e-04 5.375889999999999922e-04 5.389740000000000069e-04 5.501539999999999642e-04 5.504769999999999542e-04 5.922160000000000098e-04 5.730779999999999772e-04 5.897250000000000365e-04
5.589940000000000490e-04 5.713959999999999482e-04 5.727199999999999782e-04 5.345929999999999823e-04 5.344739999999999517e-04 5.196229999999999816e-04 5.580150000000000301e-04 5.488929999999999504e-04
5.802560000000000226e-04 2.841109999999999773e-04 5.190639999999999621e-04 5.323640000000000143e-04 4.842150000000000252e-04 3.373629999999999750e-04 4.144209999999999951e-04 4.661450000000000034e-04
3.105129999999999999e-04 3.894689999999999806e-04 4.324549999999999922e-04 4.294410000000000241e-04 4.093060000000000144e-04 3.739109999999999916e-04 5.203939999999999781e-04 4.529490000000000165e-04
2.309149999999999940e-04 5.628020000000000505e-04 4.645620000000000153e-04 3.422739999999999962e-04 3.181130000000000221e-04 2.987409999999999914e-04 3.020659999999999773e-04 3.291859999999999752e-04
2.995979999999999867e-04 4.586409999999999749e-04 3.667230000000000056e-04 2.274199999999999876e-04 3.522360000000000204e-04 3.848599999999999981e-04 3.285569999999999919e-04 2.518889999999999866e-04
2.525930000000000124e-04 2.819240000000000201e-04 1.734609999999999982e-04 2.431230000000000099e-04 2.137739999999999899e-04 1.771780000000000035e-04 1.865939999999999960e-04 3.110939999999999864e-04
5.834380000000000122e-01 5.937580000000000080e-01 6.151360000000000161e-01 5.500850000000000461e-01 5.467229999999999590e-01 6.214570000000000372e-01 5.505309999999999926e-01 5.244490000000000540e-01
8.960839999999999916e-01 8.959620000000000362e-01 8.789649999999999963e-01 8.683779999999999832e-01 8.838620000000000365e-01 8.906089999999999840e-01 8.779320000000000457e-01 8.819120000000000292e-01
7.433760000000000367e-01 7.402339999999999476e-01 7.464830000000000076e-01 7.408179999999999765e-01 7.436509999999999510e-01 7.409409999999999608e-01 7.446340000000000181e-01 7.449109999999999898e-01
4.771029999999999993e-01 4.780200000000000005e-01 4.784559999999999924e-01 4.776560000000000250e-01 4.760570000000000079e-01 4.773399999999999865e-01 4.779490000000000127e-01 4.758809999999999985e-01
2.127070000000000072e-01 2.168259999999999910e-01 2.152940000000000131e-01 2.155050000000000021e-01 2.152560000000000029e-01 2.164729999999999988e-01 2.132330000000000059e-01 2.133819999999999883e-01
9.974539999999999795e-02 9.816790000000000238e-02 9.955479999999999885e-02 9.940939999999999499e-02 9.965620000000000034e-02 1.000700000000000062e-01 9.928879999999999650e-02 9.975799999999999945e-02
1.103940000000000060e-01 1.095850000000000019e-01 1.088729999999999976e-01 1.096739999999999937e-01 1.099170000000000008e-01 1.091170000000000057e-01 1.091420000000000029e-01 1.087609999999999966e-01
5.948389999999999928e-02 5.945750000000000340e-02 5.930889999999999773e-02 5.934960000000000235e-02 5.923370000000000024e-02 6.119279999999999858e-02 6.031849999999999712e-02 5.985089999999999855e-02
2.966099999999999987e-02 2.901209999999999900e-02 3.076910000000000062e-02 2.961950000000000000e-02 2.843129999999999963e-02 2.889850000000000058e-02 3.031570000000000098e-02 2.915130000000000152e-02
1.971830000000000110e-02 2.076429999999999942e-02 1.910629999999999967e-02 2.005140000000000047e-02 2.051530000000000020e-02 2.083269999999999914e-02 1.893699999999999897e-02 1.950309999999999891e-02
-4.874890000000000213e-04 -9.608470000000000249e-04 -1.302390000000000058e-03 -2.359149999999999962e-03 -8.113789999999999848e-04 -9.601429999999999991e-04 -1.304360000000000068e-03 -7.881970000000000295e-04
-1.979700000000000036e-04 -1.621840000000000044e-03 -4.088529999999999834e-04 -1.247089999999999961e-03 -1.283440000000000058e-03 -1.637860000000000097e-03 -1.633279999999999975e-03 -1.753800000000000020e-03
8.985810000000000325e-03 7.859609999999999513e-03 7.729230000000000128e-03 7.042009999999999589e-03 5.041620000000000129e-03 6.937780000000000162e-03 7.193599999999999647e-03 8.097810000000000424e-03
5.457959999999999765e-04 5.269419999999999703e-04 5.545040000000000429e-04 6.196500000000000185e-04 5.374559999999999581e-04 6.137939999999999716e-04 5.739970000000000272e-04 5.736310000000000107e-04
6.079739999999999494e-04 6.008769999999999866e-04 6.128079999999999508e-04 5.881200000000000273e-04 5.063020000000000324e-04 5.917529999999999839e-04 6.094510000000000031e-04 5.329280000000000041e-04
5.274089999999999508e-04 5.148400000000000242e-04 5.638320000000000051e-04 5.114790000000000135e-04 5.616790000000000411e-04 5.228760000000000265e-04 5.898410000000000198e-04 5.288870000000000203e-04
4.818029999999999947e-04 5.370140000000000460e-04 5.261740000000000210e-04 3.382559999999999950e-04 5.494329999999999960e-04 3.985190000000000108e-04 6.440229999999999696e-04 5.687710000000000335e-04
3.530590000000000226e-04 3.654560000000000057e-04 5.651989999999999532e-04 3.471869999999999947e-04 6.133869999999999600e-04 2.855949999999999787e-04 5.699249999999999889e-04 2.785090000000000265e-04
3.146480000000000002e-04 3.229059999999999743e-04 1.488940000000000012e-04 4.222949999999999946e-04 3.237310000000000079e-04 3.720020000000000206e-04 2.206390000000000131e-04 4.229789999999999765e-04
3.026789999999999797e-04 2.372970000000000016e-04 2.477630000000000197e-04 2.259800000000000014e-04 3.314910000000000014e-04 4.104220000000000220e-04 3.174779999999999985e-04 2.570280000000000199e-04
2.442790000000000239e-04 1.896690000000000030e-04 2.526060000000000002e-04 2.719730000000000064e-04 3.577839999999999883e-04 2.135030000000000055e-04 1.873040000000000078e-04 2.215750000000000055e-04
5.743979999999999642e-01 5.827259999999999662e-01 5.518680000000000252e-01 5.672949999999999937e-01 5.653169999999999584e-01 5.527980000000000116e-01 6.054100000000000037e-01 5.763160000000000505e-01
8.975729999999999542e-01 8.724250000000000060e-01 8.862769999999999815e-01 8.716439999999999744e-01 8.700900000000000301e-01 8.766279999999999628e-01 8.705490000000000173e-01 8.537970000000000281e-01
7.390179999999999527e-01 7.402269999999999683e-01 7.422370000000000356e-01 7.465300000000000269e-01 7.466279999999999584e-01 7.408979999999999455e-01 7.398219999999999796e-01 7.436399999999999677e-01
4.753180000000000183e-01 4.772120000000000251e-01 4.752149999999999985e-01 4.801650000000000085e-01 4.819599999999999995e-01 4.761000000000000232e-01 4.775360000000000160e-01 4.798839999999999772e-01
2.150170000000000137e-01 2.131280000000000119e-01 2.156150000000000011e-01 2.129320000000000102e-01 2.129389999999999894e-01 2.132670000000000121e-01 2.155289999999999984e-01 2.130209999999999881e-01
1.001380000000000048e-01 9.989069999999999894e-02 9.958880000000000510e-02 9.982109999999999594e-02 9.876160000000000494e-02 9.981260000000000132e-02 1.002299999999999996e-01 9.953829999999999623e-02
1.087999999999999939e-01 1.098319999999999991e-01 1.099119999999999958e-01 1.104519999999999946e-01 1.098660000000000053e-01 1.087950000000000028e-01 1.089100000000000068e-01 1.094929999999999931e-01
6.045640000000000042e-02 6.148180000000000311e-02 6.105850000000000166e-02 6.045589999999999992e-02 6.047469999999999929e-02 6.001089999999999897e-02 5.987440000000000123e-02 6.107749999999999985e-02
2.804819999999999883e-02 2.936029999999999890e-02 2.915600000000000136e-02 2.793119999999999978e-02 3.058999999999999914e-02 2.930429999999999841e-02 2.863989999999999939e-02 2.968530000000000127e-02
2.069669999999999843e-02 2.024739999999999873e-02 1.906199999999999908e-02 2.007520000000000138e-02 2.070620000000000099e-02 1.917239999999999917e-02 1.876119999999999871e-02 2.115710000000000160e-02
-1.413280000000000048e-03 -1.347410000000000057e-03 -2.732560000000000197e-03 -1.309940000000000106e-03 -1.491010000000000078e-03 -1.377809999999999929e-03 -1.771790000000000084e-03 -3.372529999999999777e-04
-1.013830000000000070e-03 -1.917920000000000041e-03 -1.531470000000000053e-03 -3.699010000000000080e-04 -8.023229999999999685e-04 -1.555780000000000097e-03 -9.423899999999999812e-04 -1.051019999999999949e-03
7.946589999999999904e-03 6.511519999999999808e-03 7.455419999999999929e-03 4.950040000000000169e-03 7.656330000000000253e-03 7.951830000000000009e-03 7.702810000000000039e-03 7.362210000000000108e-03
5.302510000000000296e-04 5.465999999999999505e-04 6.650059999999999956e-04 5.668230000000000447e-04 5.443779999999999843e-04 5.056729999999999949e-04 5.323129999999999702e-04 5.282260000000000210e-04
5.971929999999999860e-04 5.978370000000000429e-04 5.435890000000000296e-04 5.235300000000000240e-04 5.040329999999999767e-04 5.829090000000000530e-04 5.420569999999999772e-04 5.706539999999999746e-04
5.364880000000000039e-04 5.142690000000000325e-04 5.643409999999999963e-04 5.907160000000000275e-04 5.931590000000000040e-04 5.856369999999999632e-04 5.764880000000000004e-04 5.919449999999999712e-04
4.854810000000000093e-04 2.648770000000000052e-04 5.030170000000000257e-04 5.324970000000000484e-04 3.303760000000000095e-04 5.296409999999999660e-04 5.284250000000000102e-04 5.650950000000000504e-04
3.595569999999999864e-04 4.367379999999999917e-04 3.026810000000000112e-04 3.959969999999999831e-04 4.225070000000000258e-04 4.400939999999999778e-04 3.176869999999999824e-04 5.410229999999999597e-04
2.875139999999999987e-04 3.826410000000000249e-04 2.353749999999999885e-04 4.023210000000000263e-04 4.023830000000000267e-04 2.716330000000000198e-04 2.187269999999999948e-04 1.647990000000000056e-04
2.521509999999999919e-04 2.946059999999999911e-04 2.496299999999999799e-04 4.158729999999999805e-04 3.171690000000000121e-04 2.763670000000000189e-04 3.020780000000000036e-04 4.191560000000000099e-04
2.950380000000000168e-04 1.719810000000000056e-04 2.431090000000000063e-04 1.974769999999999933e-04 2.779859999999999775e-04 1.813709999999999953e-04 3.943439999999999771e-04 2.555929999999999769e-04
5.554820000000000313e-01 5.365379999999999594e-01 5.516769999999999730e-01 5.502329999999999721e-01 5.550939999999999763e-01 5.357020000000000115e-01 5.445619999999999905e-01 6.248629999999999463e-01
8.839249999999999607e-01 8.970810000000000173e-01 9.010569999999999968e-01 8.955899999999999972e-01 8.925009999999999888e-01 8.761379999999999724e-01 8.700470000000000148e-01 8.823790000000000244e-01
7.467749999999999666e-01 7.423009999999999886e-01 7.463699999999999779e-01 7.395460000000000367e-01 7.420080000000000009e-01 7.393389999999999684e-01 7.469240000000000324e-01 7.414739999999999664e-01
4.782159999999999744e-01 4.772080000000000211e-01 4.792279999999999873e-01 4.788370000000000126e-01 4.786880000000000024e-01 4.781090000000000062e-01 4.776859999999999995e-01 4.753979999999999873e-01
2.161599999999999910e-01 2.154040000000000121e-01 2.131149999999999989e-01 2.132570000000000021e-01 2.134079999999999866e-01 2.138049999999999951e-01 2.146869999999999890e-01 2.133680000000000021e-01
9.853209999999999746e-02 9.889900000000000080e-02 1.001969999999999944e-01 9.966150000000000009e-02 9.954739999999999422e-02 9.953159999999999785e-02 9.972029999999999783e-02 9.863520000000000620e-02
1.094829999999999970e-01 1.102039999999999964e-01 1.088549999999999934e-01 1.092930000000000013e-01 1.094839999999999980e-01 1.095970000000000000e-01 1.094330000000000025e-01 1.101850000000000052e-01
5.949270000000000252e-02 6.013029999999999764e-02 6.032900000000000068e-02 6.107429999999999803e-02 5.987089999999999773e-02 6.047980000000000023e-02 5.961539999999999895e-02 6.002670000000000228e-02
2.988060000000000022e-02 2.980170000000000041e-02 2.896090000000000123e-02 2.787359999999999838e-02 3.049069999999999905e-02 2.946640000000000023e-02 3.084069999999999867e-02 3.099369999999999903e-02
1.904399999999999843e-02 1.789210000000000106e-02 1.806579999999999991e-02 1.990919999999999843e-02 2.047670000000000046e-02 1.855990000000000070e-02 2.145230000000000053e-02 1.928059999999999843e-02
-1.413570000000000061e-03 -1.992009999999999788e-03 -5.027760000000000258e-04 -2.431669999999999925e-03 -2.158160000000000113e-03 -5.992950000000000143e-04 -1.765560000000000003e-03 -9.803730000000000951e-04
-9.583260000000000129e-04 -1.592689999999999904e-03 -1.631840000000000070e-03 -1.087539999999999904e-03 -1.529769999999999958e-03 -1.540759999999999959e-03 -1.056499999999999930e-03 -8.213829999999999927e-05
7.691299999999999873e-03 4.666260000000000199e-03 9.082289999999999808e-03 6.904010000000000355e-03 5.635629999999999980e-03 6.699840000000000309e-03 6.577679999999999812e-03 6.877639999999999969e-03
5.468089999999999886e-04 5.465910000000000256e-04 5.435179999999999959e-04 6.262589999999999954e-04 5.808709999999999481e-04 6.038820000000000299e-04 5.259470000000000247e-04 5.634519999999999850e-04
5.305229999999999755e-04 5.415329999999999666e-04 5.308560000000000145e-04 5.712469999999999874e-04 5.131940000000000199e-04 5.364159999999999545e-04 5.625330000000000434e-04 5.705629999999999513e-04
6.123969999999999848e-04 6.175850000000000306e-04 5.491810000000000398e-04 5.816960000000000360e-04 5.775679999999999833e-04 5.010000000000000347e-04 5.409469999999999557e-04 5.280960000000000341e-04
4.474650000000000264e-04 4.541670000000000039e-04 3.793329999999999814e-04 4.012929999999999948e-04 5.797670000000000210e-04 3.317940000000000017e-04 5.498810000000000026e-04 5.537670000000000396e-04
5.539730000000000305e-04 3.298689999999999956e-04 3.413290000000000247e-04 3.926199999999999916e-04 3.126359999999999795e-04 4.574150000000000243e-04 5.280830000000000463e-04 3.768360000000000221e-04
2.437759999999999916e-04 3.388089999999999743e-04 3.497250000000000033e-04 4.017900000000000139e-04 1.749809999999999972e-04 3.541209999999999931e-04 1.844419999999999935e-04 3.115460000000000017e-04
3.363589999999999961e-04 2.344779999999999868e-04 2.700989999999999901e-04 5.224630000000000290e-04 2.693360000000000112e-04 2.417979999999999912e-04 3.092519999999999861e-04 1.996889999999999917e-04
2.752569999999999973e-04 3.329000000000000145e-04 3.867100000000000160e-04 2.620620000000000263e-04 2.538080000000000067e-04 2.960230000000000218e-04 2.448269999999999787e-04 4.087539999999999967e-04
5.533010000000000428e-01 5.269319999999999560e-01 5.496039999999999814e-01 5.498589999999999867e-01 5.776419999999999888e-01 5.750049999999999883e-01 5.514700000000000157e-01 5.726689999999999836e-01
8.757099999999999884e-01 8.683359999999999967e-01 8.708010000000000472e-01 8.728000000000000203e-01 8.742729999999999668e-01 8.896760000000000224e-01 8.697770000000000223e-01 8.759749999999999481e-01
7.419430000000000192e-01 7.462720000000000464e-01 7.389869999999999495e-01 7.401539999999999786e-01 7.417810000000000237e-01 7.397460000000000147e-01 7.463610000000000522e-01 7.400889999999999969e-01
4.764510000000000134e-01 4.782529999999999837e-01 4.766969999999999819e-01 4.780710000000000237e-01 4.762370000000000214e-01 4.792799999999999838e-01 4.778029999999999777e-01 4.755179999999999962e-01
2.129169999999999952e-01 2.128299999999999914e-01 2.150410000000000099e-01 2.155080000000000051e-01 2.155360000000000054e-01 2.155400000000000094e-01 2.149590000000000112e-01 2.127469999999999917e-01
9.953839999999999910e-02 9.954390000000000460e-02 9.955500000000000460e-02 9.966990000000000571e-02 9.990480000000000194e-02 9.933530000000000137e-02 9.970779999999999921e-02 9.953420000000000323e-02
1.095359999999999945e-01 1.091219999999999968e-01 1.092719999999999941e-01 1.104910000000000059e-01 1.087589999999999946e-01 1.091619999999999951e-01 1.088670000000000054e-01 1.100430000000000019e-01
6.040229999999999905e-02 5.986840000000000217e-02 5.944560000000000122e-02 5.870940000000000186e-02 6.056799999999999684e-02 5.995330000000000104e-02 6.086079999999999962e-02 6.091560000000000030e-02
3.052840000000000067e-02 2.898819999999999869e-02 2.828920000000000046e-02 3.074980000000000074e-02 3.117939999999999948e-02 2.789080000000000031e-02 2.884400000000000158e-02 3.022620000000000168e-02
1.938609999999999986e-02 2.127429999999999946e-02 2.014049999999999868e-02 1.986150000000000068e-02 2.030420000000000141e-02 2.087510000000000060e-02 1.915009999999999976e-02 1.953070000000000153e-02
-5.178160000000000445e-04 -1.369379999999999903e-03 -2.244020000000000216e-03 -1.330620000000000023e-03 -1.671839999999999958e-03 -1.054580000000000057e-03 -5.155659999999999627e-04 -7.720249999999999682e-04
-5.943949999999999494e-04 -8.618119999999999947e-04 -1.049199999999999916e-03 -1.134459999999999896e-03 -1.629550000000000009e-03 -1.274490000000000085e-03 -1.582620000000000077e-03 -2.341489999999999891e-03
6.773450000000000304e-03 6.676220000000000071e-03 7.383250000000000056e-03 5.806140000000000433e-03 7.475790000000000386e-03 7.371970000000000259e-03 8.685260000000000202e-03 7.911559999999999773e-03
5.460270000000000358e-04 5.565680000000000150e-04 5.589090000000000117e-04 5.153589999999999560e-04 6.217800000000000540e-04 5.829550000000000183e-04 5.737220000000000340e-04 5.974500000000000210e-04
6.158970000000000156e-04 5.269540000000000508e-04 6.262800000000000008e-04 5.346539999999999669e-04 5.844249999999999619e-04 5.383449999999999694e-04 5.798980000000000237e-04 5.907860000000000455e-04
5.575890000000000447e-04 6.750179999999999939e-04 5.977960000000000478e-04 6.118849999999999463e-04 5.400589999999999601e-04 5.663969999999999509e-04 4.231889999999999762e-04 5.448859999999999598e-04
5.439639999999999710e-04 5.589300000000000171e-04 5.153729999999999596e-04 4.371430000000000259e-04 4.071300000000000136e-04 5.393169999999999865e-04 3.558610000000000137e-04 3.392339999999999982e-04
4.562209999999999811e-04 4.809799999999999926e-04 3.068650000000000240e-04 3.431539999999999742e-04 2.456790000000000037e-04 3.231309999999999933e-04 3.209989999999999805e-04 3.208020000000000229e-04
3.677169999999999896e-04 3.115710000000000159e-04 2.820039999999999786e-04 2.920849999999999792e-04 3.183799999999999976e-04 4.537729999999999802e-04 3.265969999999999767e-04 1.636270000000000107e-04
2.798200000000000145e-04 3.000410000000000230e-04 2.353389999999999909e-04 1.720369999999999929e-04 4.912200000000000030e-04 2.398880000000000044e-04 4.674640000000000089e-04 3.714170000000000253e-04
1.951260000000000017e-04 2.127250000000000072e-04 1.698960000000000010e-04 2.319090000000000051e-04 2.173909999999999927e-04 3.482460000000000265e-04 3.144849999999999816e-04 2.543360000000000260e-04
5.518539999999999557e-01 5.442479999999999540e-01 5.687140000000000528e-01 5.523850000000000149e-01 5.486119999999999886e-01 6.377119999999999456e-01 5.423499999999999988e-01 6.046880000000000033e-01
8.885199999999999765e-01 8.704830000000000068e-01 8.785619999999999541e-01 8.686800000000000077e-01 8.816260000000000208e-01 8.929190000000000182e-01 8.727000000000000313e-01 8.728289999999999660e-01
7.405629999999999713e-01 7.469170000000000531e-01 7.411680000000000490e-01 7.414920000000000400e-01 7.469369999999999621e-01 7.414450000000000207e-01 7.390670000000000295e-01 7.396639999999999882e-01
4.786000000000000254e-01 4.775240000000000040e-01 4.790900000000000158e-01 4.779129999999999767e-01 4.778169999999999917e-01 4.789289999999999936e-01 4.761610000000000009e-01 4.778760000000000230e-01
2.129240000000000022e-01 2.129659999999999886e-01 2.146319999999999895e-01 2.166579999999999895e-01 2.128800000000000137e-01 2.156039999999999901e-01 2.128170000000000062e-01 2.129659999999999886e-01
9.955909999999999760e-02 9.842120000000000035e-02 9.904730000000000478e-02 9.969429999999999958e-02 9.961470000000000047e-02 9.943710000000000049e-02 9.880840000000000456e-02 9.870349999999999957e-02
1.100109999999999977e-01 1.099709999999999993e-01 1.092349999999999988e-01 1.091040000000000065e-01 1.091779999999999973e-01 1.097849999999999937e-01 1.097800000000000026e-01 1.083940000000000042e-01
6.062800000000000133e-02 6.077269999999999894e-02 5.994469999999999660e-02 6.073250000000000176e-02 5.908109999999999751e-02 5.961600000000000232e-02 6.123780000000000195e-02 6.056399999999999978e-02
2.827340000000000061e-02 2.935340000000000171e-02 2.948359999999999870e-02 2.977170000000000163e-02 2.997910000000000158e-02 2.992430000000000090e-02 2.943149999999999933e-02 3.034020000000000120e-02
1.882560000000000136e-02 2.016480000000000009e-02 2.049420000000000061e-02 1.882630000000000067e-02 2.042199999999999918e-02 1.965590000000000045e-02 1.916359999999999938e-02 1.787870000000000084e-02
-1.308259999999999892e-03 -6.256290000000000505e-04 -1.091710000000000076e-03 -1.354699999999999915e-03 -8.820390000000000435e-04 -2.466499999999999942e-03 -7.682169999999999667e-04 -2.141430000000000156e-03
-1.076050000000000053e-03 -9.247320000000000496e-04 -6.597639999999999397e-05 -1.335580000000000057e-03 -1.380600000000000056e-03 -9.140780000000000259e-04 -8.369469999999999948e-04 -6.009960000000000172e-04
7.780660000000000007e-03 7.314079999999999714e-03 7.343589999999999667e-03 8.636869999999999617e-03 7.451830000000000433e-03 7.420920000000000120e-03 8.465429999999999483e-03 7.123729999999999993e-03
5.551030000000000417e-04 5.529279999999999482e-04 5.451219999999999894e-04 5.668840000000000294e-04 6.070239999999999534e-04 5.371279999999999978e-04 6.459950000000000110e-04 5.240629999999999594e-04
5.986480000000000187e-04 6.957070000000000528e-04 5.410589999999999844e-04 5.384160000000000031e-04 5.345830000000000417e-04 5.910849999999999828e-04 5.745480000000000292e-04 5.352560000000000130e-04
5.312480000000000067e-04 5.702739999999999546e-04 5.901570000000000080e-04 6.051849999999999461e-04 6.076669999999999945e-04 4.664040000000000156e-04 5.190019999999999616e-04 5.390739999999999551e-04
3.754159999999999984e-04 6.384350000000000224e-04 4.441870000000000215e-04 5.619999999999999996e-04 5.667820000000000497e-04 5.672770000000000373e-04 5.538529999999999842e-04 5.159039999999999720e-04
5.443410000000000522e-04 5.555319999999999659e-04 3.390320000000000161e-04 4.825680000000000052e-04 2.141520000000000055e-04 3.036909999999999762e-04 2.297579999999999913e-04 4.568640000000000223e-04
4.006489999999999921e-04 5.722900000000000383e-04 3.916780000000000131e-04 3.640779999999999928e-04 2.830290000000000171e-04 3.323169999999999965e-04 4.828189999999999999e-04 4.184640000000000104e-04
3.064589999999999741e-04 4.279999999999999950e-04 3.597610000000000001e-04 2.521450000000000058e-04 3.555039999999999763e-04 3.231789999999999901e-04 4.863949999999999806e-04 4.189679999999999772e-04
3.238669999999999809e-04 3.136680000000000197e-04 3.269629999999999932e-04 2.396970000000000058e-04 3.025959999999999739e-04 2.617480000000000154e-04 2.715770000000000055e-04 1.529450000000000069e-04
5.416159999999999863e-01 5.492540000000000200e-01 5.590789999999999926e-01 5.412759999999999794e-01 5.798189999999999733e-01 5.894570000000000087e-01 5.379749999999999810e-01 5.516539999999999777e-01
8.903100000000000458e-01 9.015400000000000080e-01 8.457599999999999563e-01 8.653229999999999533e-01 8.824670000000000014e-01 8.759970000000000256e-01 8.914579999999999727e-01 8.773009999999999975e-01
7.438810000000000144e-01 7.407920000000000060e-01 7.407780000000000475e-01 7.416310000000000402e-01 7.401360000000000161e-01 7.414509999999999712e-01 7.401259999999999506e-01 7.399409999999999599e-01
4.795170000000000265e-01 4.763839999999999741e-01 4.754050000000000220e-01 4.779379999999999740e-01 4.773620000000000085e-01 4.778649999999999842e-01 4.780639999999999890e-01 4.786079999999999779e-01
2.127539999999999987e-01 2.138529999999999875e-01 2.129439999999999944e-01 2.137910000000000088e-01 2.138200000000000101e-01 2.129580000000000084e-01 2.135660000000000058e-01 2.129189999999999972e-01
9.955170000000000685e-02 9.962029999999999497e-02 9.905809999999999615e-02 9.876949999999999619e-02 9.850770000000000359e-02 9.957449999999999635e-02 9.925140000000000351e-02 9.983069999999999444e-02
1.106069999999999970e-01 1.107370000000000021e-01 1.097849999999999937e-01 1.092769999999999991e-01 1.092520000000000019e-01 1.087189999999999962e-01 1.096319999999999933e-01 1.095990000000000020e-01
6.076179999999999776e-02 6.083510000000000306e-02 5.938009999999999816e-02 6.088500000000000162e-02 5.922159999999999924e-02 6.047910000000000091e-02 5.978939999999999949e-02 6.066400000000000264e-02
2.892899999999999985e-02 2.900070000000000078e-02 2.828160000000000049e-02 2.954390000000000141e-02 2.852379999999999846e-02 3.098659999999999956e-02 2.947229999999999989e-02 2.991450000000000012e-02
1.998499999999999929e-02 2.041499999999999912e-02 1.906700000000000061e-02 2.074669999999999986e-02 1.945879999999999832e-02 2.008679999999999841e-02 2.087100000000000066e-02 1.891030000000000141e-02
-1.827889999999999984e-03 -1.447909999999999952e-03 -1.733930000000000063e-03 -4.783930000000000257e-04 -2.324740000000000053e-03 -1.945480000000000083e-03 -2.477739999999999977e-03 -2.670759999999999888e-03
-4.860399999999999747e-04 -2.207750000000000077e-03 -9.531210000000000246e-04 -9.788929999999999940e-04 -1.104759999999999987e-03 -1.638810000000000093e-03 -1.646660000000000094e-03 -7.961659999999999527e-04
7.776319999999999760e-03 7.858969999999999845e-03 7.693400000000000412e-03 8.296720000000000483e-03 7.454900000000000415e-03 7.570519999999999854e-03 6.363549999999999936e-03 7.521639999999999576e-03
5.250780000000000031e-04 5.706279999999999989e-04 5.466810000000000332e-04 5.227880000000000504e-04 5.702660000000000454e-04 5.272490000000000336e-04 6.199690000000000539e-04 6.033710000000000072e-04
5.607729999999999789e-04 5.462880000000000253e-04 5.664900000000000057e-04 5.388069999999999795e-04 5.706850000000000291e-04 5.282779999999999724e-04 5.631090000000000054e-04 5.197550000000000000e-04
5.067519999999999620e-04 5.763219999999999888e-04 5.953350000000000048e-04 6.215489999999999947e-04 5.888620000000000009e-04 3.594299999999999926e-04 6.321950000000000009e-04 5.620929999999999460e-04
3.799820000000000086e-04 5.406630000000000377e-04 6.049109999999999687e-04 3.702129999999999874e-04 5.966650000000000209e-04 3.564940000000000058e-04 5.372400000000000266e-04 5.465230000000000391e-04
5.582830000000000214e-04 3.683790000000000046e-04 4.286450000000000134e-04 4.739340000000000198e-04 3.462100000000000073e-04 3.816550000000000042e-04 4.161050000000000013e-04 3.005840000000000074e-04
2.810169999999999964e-04 2.461000000000000188e-04 3.599160000000000011e-04 3.803659999999999832e-04 3.910790000000000143e-04 2.829460000000000113e-04 5.387080000000000471e-04 3.893379999999999779e-04
3.909790000000000119e-04 3.132200000000000132e-04 2.319560000000000133e-04 2.806279999999999972e-04 3.528129999999999981e-04 2.213229999999999950e-04 1.911960000000000038e-04 2.769919999999999934e-04
4.756709999999999931e-04 3.247810000000000063e-04 2.718469999999999741e-04 2.268449999999999872e-04 1.856899999999999924e-04 2.711820000000000203e-04 3.197480000000000157e-04 3.049150000000000037e-04
5.456550000000000011e-01 5.507370000000000321e-01 5.554149999999999920e-01 5.418209999999999971e-01 5.525989999999999513e-01 5.701319999999999721e-01 5.509420000000000428e-01 5.439899999999999736e-01
8.911740000000000217e-01 8.711229999999999807e-01 8.922350000000000003e-01 8.711179999999999479e-01 8.770000000000000018e-01 8.912670000000000314e-01 8.746190000000000353e-01 8.903539999999999788e-01
7.448829999999999618e-01 7.411259999999999515e-01 7.462079999999999824e-01 7.406000000000000361e-01 7.420299999999999674e-01 7.425789999999999891e-01 7.402870000000000283e-01 7.413889999999999647e-01
4.832469999999999821e-01 4.778399999999999870e-01 4.750030000000000086e-01 4.750380000000000158e-01 4.803319999999999812e-01 4.765260000000000051e-01 4.749470000000000081e-01 4.789959999999999773e-01
2.157560000000000033e-01 2.139109999999999900e-01 2.150680000000000092e-01 2.160299999999999998e-01 2.132479999999999931e-01 2.144349999999999867e-01 2.154959999999999931e-01 2.126369999999999927e-01
9.950319999999999998e-02 9.960789999999999922e-02 9.998869999999999980e-02 1.000219999999999998e-01 9.976809999999999845e-02 9.861549999999999483e-02 9.978710000000000357e-02 9.973970000000000058e-02
1.097800000000000026e-01 1.089579999999999993e-01 1.105389999999999984e-01 1.091990000000000044e-01 1.093169999999999975e-01 1.104750000000000038e-01 1.100239999999999968e-01 1.097989999999999938e-01
6.070930000000000076e-02 6.024140000000000050e-02 6.046470000000000317e-02 6.109549999999999703e-02 6.093790000000000318e-02 6.069220000000000170e-02 6.101519999999999860e-02 5.921459999999999918e-02
2.842309999999999975e-02 2.846800000000000025e-02 2.873550000000000063e-02 2.846469999999999903e-02 2.919880000000000045e-02 3.072060000000000068e-02 2.845040000000000069e-02 2.960010000000000072e-02
1.841210000000000069e-02 1.925829999999999903e-02 1.954950000000000090e-02 1.996080000000000076e-02 1.991880000000000039e-02 1.883109999999999992e-02 1.888159999999999838e-02 2.023480000000000070e-02
-2.335690000000000075e-03 -1.376400000000000063e-03 -1.198810000000000023e-03 -2.511859999999999874e-03 -2.150589999999999967e-03 -5.616420000000000006e-04 -1.811120000000000048e-03 -2.228069999999999964e-03
-1.535979999999999941e-03 -8.905249999999999755e-04 -1.896660000000000099e-03 -1.342709999999999997e-03 -1.733659999999999932e-03 -9.260460000000000306e-04 -1.248920000000000097e-04 -9.371670000000000347e-04
9.641149999999999373e-03 6.990960000000000056e-03 5.390960000000000196e-03 7.370729999999999817e-03 6.898740000000000427e-03 7.357119999999999979e-03 6.634410000000000307e-03 8.163500000000000617e-03
5.211130000000000232e-04 6.137399999999999887e-04 5.498159999999999549e-04 5.228529999999999896e-04 5.601649999999999468e-04 5.586639999999999488e-04 5.661299999999999753e-04 5.938509999999999492e-04
6.159100000000000035e-04 5.370740000000000149e-04 5.784019999999999960e-04 5.876240000000000239e-04 5.600359999999999757e-04 5.451959999999999619e-04 5.508540000000000355e-04 5.683899999999999977e-04
5.978249999999999623e-04 5.644870000000000183e-04 5.172020000000000263e-04 5.574930000000000510e-04 5.379669999999999808e-04 5.951700000000000089e-04 5.841349999999999494e-04 5.645140000000000097e-04
4.081499999999999733e-04 3.750560000000000222e-04 5.222910000000000313e-04 5.678400000000000114e-04 5.470009999999999760e-04 4.398839999999999782e-04 5.189629999999999981e-04 5.980560000000000216e-04
2.868769999999999979e-04 2.677679999999999882e-04 3.905870000000000197e-04 2.970979999999999802e-04 3.557349999999999813e-04 2.104639999999999961e-04 2.929109999999999743e-04 3.315339999999999737e-04
3.027570000000000153e-04 3.076050000000000203e-04 4.880500000000000181e-04 3.030169999999999890e-04 2.399430000000000031e-04 4.643550000000000086e-04 1.789460000000000041e-04 3.505310000000000088e-04
1.732070000000000105e-04 2.963339999999999854e-04 3.772779999999999884e-04 3.265049999999999918e-04 1.614399999999999993e-04 3.781950000000000069e-04 2.527480000000000135e-04 1.645320000000000029e-04
1.880480000000000129e-04 1.941009999999999903e-04 3.322959999999999911e-04 2.312910000000000053e-04 1.552419999999999885e-04 4.338279999999999806e-04 2.707699999999999842e-04 1.892789999999999881e-04
6.019790000000000418e-01 5.500930000000000542e-01 5.662289999999999823e-01 5.523019999999999596e-01 5.291500000000000092e-01 5.580829999999999957e-01 6.209139999999999660e-01 5.514229999999999965e-01
8.917779999999999596e-01 8.596939999999999582e-01 9.026389999999999691e-01 8.685040000000000537e-01 8.714690000000000492e-01 8.701330000000000453e-01 8.782079999999999886e-01 8.863170000000000215e-01
7.445789999999999909e-01 7.409289999999999488e-01 7.397029999999999994e-01 7.397949999999999804e-01 7.409620000000000095e-01 7.402370000000000339e-01 7.402680000000000371e-01 7.450930000000000053e-01
4.790570000000000106e-01 4.798200000000000243e-01 4.772959999999999980e-01 4.780599999999999850e-01 4.760400000000000187e-01 4.753580000000000028e-01 4.754160000000000053e-01 4.749450000000000061e-01
2.129800000000000026e-01 2.148819999999999897e-01 2.155219999999999914e-01 2.169369999999999910e-01 2.158930000000000016e-01 2.132000000000000006e-01 2.152779999999999971e-01 2.150519999999999932e-01
9.926200000000000301e-02 9.969219999999999471e-02 9.862369999999999470e-02 9.862329999999999708e-02 9.955740000000000423e-02 1.000560000000000060e-01 9.952049999999999785e-02 9.925779999999999326e-02
1.090430000000000010e-01 1.094900000000000040e-01 1.101339999999999958e-01 1.096609999999999946e-01 1.088250000000000051e-01 1.098739999999999994e-01 1.095760000000000067e-01 1.093419999999999948e-01
6.104790000000000216e-02 5.887980000000000297e-02 6.048150000000000054e-02 5.978789999999999799e-02 5.994069999999999954e-02 6.038759999999999961e-02 5.994039999999999785e-02 5.926089999999999830e-02
3.041469999999999937e-02 2.928460000000000091e-02 3.043490000000000084e-02 2.900089999999999960e-02 2.917869999999999839e-02 2.902420000000000000e-02 2.961569999999999828e-02 2.835899999999999879e-02
1.981689999999999841e-02 1.880089999999999886e-02 1.988229999999999859e-02 1.997190000000000076e-02 1.931559999999999874e-02 1.959920000000000065e-02 1.883589999999999917e-02 2.072540000000000146e-02
-2.284519999999999953e-03 -2.220900000000000044e-03 -1.566109999999999898e-03 -1.286889999999999952e-03 -4.565230000000000199e-04 -2.289199999999999915e-03 -1.189329999999999945e-03 -1.364989999999999953e-03
-1.376389999999999905e-03 -1.361570000000000098e-03 -8.898229999999999812e-04 -9.909619999999999627e-04 -1.446489999999999929e-03 -9.189060000000000413e-04 -9.191940000000000223e-04 -9.119189999999999675e-04
9.055189999999999420e-03 7.465519999999999795e-03 6.805829999999999692e-03 7.123019999999999873e-03 6.771010000000000049e-03 9.295249999999999693e-03 6.701829999999999767e-03 7.977859999999999813e-03
5.985940000000000358e-04 5.588449999999999798e-04 5.775160000000000319e-04 5.529219999999999621e-04 5.292759999999999652e-04 5.555140000000000078e-04 5.903399999999999620e-04 5.347699999999999503e-04
6.280380000000000337e-04 5.650149999999999834e-04 5.624809999999999836e-04 5.661680000000000315e-04 6.477450000000000265e-04 5.929579999999999834e-04 5.667320000000000213e-04 5.806820000000000081e-04
5.414709999999999662e-04 6.337989999999999943e-04 5.318690000000000266e-04 5.494099999999999592e-04 5.434170000000000320e-04 4.186799999999999962e-04 4.509989999999999962e-04 6.680629999999999902e-04
5.149770000000000129e-04 5.677959999999999691e-04 5.277149999999999983e-04 5.788850000000000115e-04 5.638390000000000069e-04 5.496869999999999838e-04 5.456839999999999477e-04 3.723700000000000144e-04
2.443980000000000002e-04 5.343330000000000085e-04 2.166439999999999946e-04 3.488499999999999956e-04 3.339279999999999918e-04 3.616210000000000127e-04 5.480069999999999863e-04 3.203309999999999795e-04
4.348210000000000031e-04 5.160510000000000097e-04 1.857689999999999895e-04 5.087899999999999584e-04 3.091039999999999868e-04 4.255509999999999783e-04 2.312299999999999935e-04 1.675980000000000037e-04
2.111319999999999972e-04 1.659449999999999977e-04 4.585549999999999761e-04 2.322039999999999879e-04 2.466219999999999979e-04 4.279029999999999856e-04 3.415320000000000226e-04 4.953689999999999526e-04
2.968040000000000131e-04 1.806640000000000036e-04 2.648199999999999751e-04 2.029739999999999984e-04 2.270429999999999877e-04 2.316949999999999967e-04 1.743079999999999987e-04 3.031099999999999897e-04
5.479600000000000026e-01 5.749239999999999906e-01 5.451599999999999779e-01 5.495529999999999582e-01 5.777069999999999705e-01 5.660650000000000404e-01 5.459199999999999608e-01 5.914949999999999930e-01
8.716319999999999624e-01 8.871959999999999846e-01 8.821449999999999569e-01 8.847979999999999734e-01 9.018190000000000373e-01 8.751330000000000497e-01 8.947389999999999510e-01 8.836530000000000218e-01
7.433790000000000120e-01 7.465920000000000334e-01 7.444720000000000226e-01 7.399750000000000494e-01 7.470480000000000453e-01 7.420109999999999761e-01 7.397899999999999476e-01 7.414239999999999720e-01
4.766560000000000241e-01 4.791590000000000016e-01 4.771540000000000226e-01 4.772299999999999875e-01 4.765829999999999789e-01 4.749519999999999853e-01 4.817480000000000095e-01 4.772239999999999815e-01
2.132840000000000014e-01 2.155579999999999996e-01 2.155620000000000036e-01 2.153470000000000106e-01 2.155019999999999991e-01 2.135249999999999926e-01 2.148059999999999969e-01 2.129310000000000092e-01
9.956160000000000010e-02 9.857370000000000021e-02 9.959149999999999947e-02 9.987780000000000269e-02 9.847680000000000322e-02 9.940740000000000687e-02 9.965559999999999696e-02 9.943059999999999399e-02
1.093139999999999945e-01 1.107370000000000021e-01 1.097619999999999985e-01 1.089500000000000052e-01 1.086740000000000067e-01 1.086369999999999975e-01 1.097889999999999977e-01 1.091619999999999951e-01
5.958179999999999726e-02 6.112019999999999953e-02 6.081639999999999963e-02 6.004749999999999671e-02 5.971100000000000019e-02 5.873910000000000242e-02 6.058290000000000203e-02 6.053769999999999984e-02
3.094720000000000110e-02 3.009329999999999991e-02 3.088339999999999835e-02 2.764099999999999890e-02 2.951669999999999988e-02 3.090489999999999904e-02 2.922780000000000170e-02 2.939179999999999918e-02
1.972159999999999885e-02 2.023869999999999836e-02 1.925500000000000128e-02 1.988229999999999859e-02 1.964439999999999936e-02 2.052150000000000155e-02 2.033300000000000038e-02 2.047339999999999924e-02
-2.348219999999999821e-03 -5.333389999999999702e-04 -1.766940000000000047e-03 -2.342030000000000153e-03 -1.548939999999999952e-03 -1.405839999999999998e-03 -1.204530000000000097e-03 -1.291239999999999923e-03
-1.819270000000000002e-03 -1.649180000000000090e-03 -8.639239999999999637e-04 -8.197249999999999892e-04 -4.779820000000000054e-04 -8.023320000000000018e-04 -5.457510000000000269e-04 -1.038089999999999976e-03
6.672469999999999790e-03 5.769840000000000038e-03 7.490369999999999667e-03 7.467510000000000120e-03 7.026110000000000341e-03 6.347539999999999606e-03 7.647580000000000176e-03 6.884659999999999912e-03
5.749400000000000214e-04 5.937439999999999992e-04 5.264920000000000407e-04 5.533699999999999687e-04 5.713200000000000526e-04 5.180869999999999746e-04 5.378380000000000096e-04 5.758169999999999521e-04
5.425640000000000454e-04 5.255569999999999556e-04 5.655080000000000480e-04 5.582680000000000021e-04 6.173240000000000411e-04 5.344119999999999513e-04 5.418670000000000214e-04 5.300739999999999532e-04
5.786580000000000152e-04 5.414569999999999626e-04 5.422619999999999524e-04 5.217950000000000279e-04 5.482630000000000055e-04 5.738499999999999894e-04 6.710239999999999911e-04 5.463370000000000379e-04
5.411640000000000113e-04 5.302110000000000503e-04 5.999910000000000226e-04 5.527659999999999995e-04 4.839569999999999744e-04 5.928059999999999753e-04 4.843320000000000242e-04 5.339099999999999619e-04
5.489390000000000241e-04 2.145759999999999866e-04 4.877409999999999775e-04 3.718449999999999880e-04 4.168970000000000032e-04 3.770560000000000166e-04 4.271599999999999963e-04 2.286880000000000033e-04
4.695100000000000228e-04 2.223729999999999934e-04 2.860380000000000149e-04 2.776319999999999873e-04 3.835840000000000191e-04 1.955960000000000023e-04 5.653519999999999769e-04 2.199269999999999968e-04
2.232219999999999983e-04 2.837870000000000258e-04 2.353490000000000128e-04 2.358899999999999929e-04 3.378249999999999851e-04 2.637079999999999763e-04 3.001670000000000011e-04 3.237650000000000011e-04
2.017440000000000119e-04 3.542649999999999836e-04 2.352319999999999867e-04 3.631770000000000094e-04 2.993399999999999902e-04 1.935200000000000039e-04 2.285230000000000074e-04 1.567209999999999925e-04
5.691469999999999585e-01 5.497969999999999802e-01 5.152609999999999690e-01 5.495889999999999942e-01 5.510129999999999750e-01 6.311409999999999521e-01 5.638140000000000374e-01 5.210529999999999884e-01
8.695659999999999501e-01 8.959080000000000377e-01 8.772069999999999590e-01 8.702839999999999465e-01 8.999810000000000310e-01 8.759959999999999969e-01 8.912130000000000329e-01 8.914279999999999982e-01
7.396559999999999802e-01 7.415610000000000257e-01 7.399759999999999671e-01 7.439470000000000249e-01 7.408940000000000525e-01 7.452100000000000390e-01 7.417899999999999494e-01 7.406460000000000266e-01
4.761719999999999842e-01 4.764990000000000059e-01 4.823470000000000257e-01 4.777109999999999967e-01 4.808970000000000189e-01 4.769019999999999926e-01 4.793680000000000163e-01 4.771389999999999798e-01
2.170040000000000024e-01 2.157100000000000128e-01 2.132419999999999871e-01 2.136899999999999911e-01 2.140920000000000045e-01 2.131290000000000129e-01 2.166180000000000050e-01 2.147270000000000012e-01
1.000889999999999974e-01 9.977629999999999832e-02 9.978579999999999395e-02 9.954219999999999735e-02 9.959709999999999397e-02 9.979259999999999520e-02 9.979899999999999882e-02 9.969559999999999533e-02
1.091759999999999953e-01 1.088129999999999931e-01 1.092420000000000058e-01 1.086000000000000021e-01 1.098940000000000056e-01 1.096919999999999978e-01 1.107049999999999979e-01 1.105389999999999984e-01
5.966599999999999682e-02 5.975339999999999818e-02 5.956209999999999977e-02 6.069660000000000333e-02 5.932180000000000092e-02 6.011770000000000308e-02 5.934009999999999979e-02 6.019809999999999744e-02
3.037870000000000154e-02 2.993209999999999968e-02 3.096180000000000113e-02 3.023500000000000146e-02 3.057069999999999926e-02 3.025879999999999889e-02 2.978329999999999866e-02 2.992320000000000049e-02
1.897379999999999900e-02 1.973659999999999998e-02 2.120700000000000016e-02 1.960200000000000137e-02 1.982509999999999828e-02 1.904389999999999902e-02 2.038749999999999937e-02 1.964959999999999971e-02
-8.851860000000000457e-04 -2.323679999999999843e-03 -1.527209999999999982e-03 -7.494459999999999664e-04 -1.149370000000000036e-03 -1.346460000000000061e-03 -2.196389999999999888e-03 -1.384070000000000049e-03
-1.542020000000000066e-03 -9.414700000000000239e-04 -1.820959999999999940e-03 -4.993200000000000372e-04 -9.872469999999999076e-04 -1.066150000000000084e-03 -1.376589999999999910e-04 -1.595650000000000106e-03
5.089520000000000155e-03 7.642190000000000094e-03 9.478500000000000814e-03 8.010259999999999950e-03 7.555459999999999954e-03 7.417319999999999816e-03 8.937290000000000512e-03 8.123719999999999206e-03
5.364190000000000017e-04 5.603820000000000025e-04 5.567579999999999708e-04 5.853370000000000101e-04 5.063100000000000499e-04 5.867169999999999460e-04 6.136229999999999896e-04 6.083399999999999658e-04
5.398430000000000286e-04 5.345280000000000430e-04 5.879270000000000242e-04 5.183330000000000532e-04 6.291250000000000184e-04 5.215039999999999997e-04 5.879719999999999738e-04 5.873640000000000501e-04
6.128960000000000354e-04 5.847489999999999676e-04 5.655070000000000322e-04 5.431599999999999970e-04 5.614209999999999904e-04 5.569999999999999864e-04 5.505290000000000140e-04 6.033839999999999950e-04
5.458449999999999891e-04 5.875280000000000303e-04 5.064180000000000157e-04 3.364670000000000161e-04 6.402349999999999578e-04 4.514459999999999871e-04 3.164339999999999861e-04 3.080879999999999817e-04
3.572439999999999969e-04 6.048269999999999471e-04 5.551840000000000160e-04 6.078470000000000097e-04 4.556510000000000052e-04 5.262100000000000458e-04 4.623669999999999863e-04 2.941400000000000264e-04
2.252189999999999997e-04 2.792909999999999794e-04 5.328050000000000190e-04 3.101530000000000237e-04 3.624550000000000254e-04 3.166360000000000225e-04 2.981869999999999963e-04 3.675279999999999953e-04
2.571299999999999996e-04 4.623750000000000039e-04 3.005320000000000018e-04 2.382789999999999865e-04 3.126819999999999990e-04 2.033740000000000081e-04 2.700290000000000264e-04 2.875679999999999816e-04
3.086979999999999911e-04 2.591490000000000221e-04 2.484030000000000135e-04 2.338139999999999945e-04 2.296499999999999984e-04 3.816579999999999973e-04 3.369989999999999900e-04 2.263289999999999942e-04
5.318380000000000329e-01 5.631490000000000107e-01 5.518579999999999597e-01 5.618999999999999551e-01 5.504419999999999868e-01 5.503400000000000514e-01 5.437419999999999476e-01 5.766449999999999632e-01
8.893969999999999931e-01 8.855020000000000113e-01 8.904619999999999758e-01 8.805870000000000086e-01 8.803600000000000314e-01 8.815499999999999448e-01 9.003330000000000499e-01 8.868519999999999737e-01
7.461280000000000134e-01 7.471119999999999983e-01 7.415960000000000329e-01 7.408719999999999750e-01 7.402159999999999851e-01 7.399599999999999511e-01 7.463649999999999451e-01 7.436589999999999590e-01
4.766270000000000229e-01 4.784649999999999737e-01 4.787680000000000269e-01 4.768149999999999888e-01 4.760909999999999864e-01 4.814660000000000051e-01 4.750920000000000143e-01 4.764579999999999926e-01
2.137499999999999956e-01 2.156889999999999918e-01 2.131740000000000024e-01 2.134639999999999871e-01 2.167620000000000102e-01 2.127499999999999947e-01 2.133079999999999976e-01 2.130759999999999876e-01
9.840970000000000273e-02 9.977990000000000470e-02 9.964370000000000172e-02 9.860530000000000683e-02 9.881089999999999318e-02 9.879490000000000494e-02 9.877329999999999444e-02 9.865000000000000158e-02
1.102640000000000009e-01 1.098429999999999962e-01 1.085870000000000030e-01 1.088699999999999946e-01 1.087619999999999976e-01 1.095600000000000046e-01 1.102140000000000064e-01 1.097159999999999941e-01
5.961759999999999976e-02 5.953780000000000183e-02 6.102359999999999729e-02 6.018799999999999845e-02 5.982119999999999799e-02 6.110079999999999678e-02 6.109149999999999997e-02 5.966169999999999807e-02
2.887150000000000133e-02 2.921860000000000082e-02 2.906529999999999878e-02 2.995420000000000027e-02 3.066500000000000128e-02 2.898720000000000116e-02 2.980819999999999997e-02 3.131269999999999887e-02
1.945759999999999851e-02 1.840920000000000056e-02 1.991139999999999924e-02 2.030979999999999938e-02 1.856999999999999970e-02 1.969610000000000111e-02 1.882500000000000145e-02 1.964149999999999924e-02
-1.188720000000000098e-03 -1.856379999999999923e-03 -1.249490000000000019e-03 -3.408160000000000247e-04 -1.255629999999999984e-03 -1.607109999999999919e-03 -2.612680000000000037e-03 -1.115309999999999999e-03
-7.517269999999999942e-04 -1.774200000000000083e-03 -1.634390000000000105e-03 -5.056309999999999841e-04 -8.718929999999999953e-04 -6.234879999999999502e-04 -6.113779999999999866e-04 -2.287770000000000168e-03
7.567680000000000240e-03 7.963670000000000818e-03 7.093750000000000229e-03 7.486630000000000194e-03 6.773999999999999640e-03 7.311660000000000208e-03 8.320690000000000378e-03 7.466099999999999820e-03
5.231679999999999621e-04 5.885550000000000460e-04 5.550159999999999729e-04 6.534899999999999520e-04 5.241350000000000089e-04 5.773430000000000185e-04 5.794030000000000361e-04 5.919859999999999662e-04
5.312329999999999873e-04 5.226469999999999987e-04 5.565910000000000519e-04 5.383869999999999802e-04 6.157689999999999518e-04 5.365930000000000309e-04 5.776730000000000103e-04 0.000000000000000000e+00
5.253010000000000448e-04 6.331489999999999514e-04 5.293809999999999922e-04 5.471700000000000348e-04 5.370729999999999992e-04 5.829710000000000534e-04 5.290629999999999725e-04 5.319870000000000414e-04
5.575919999999999835e-04 4.380389999999999848e-04 5.619509999999999870e-04 5.316369999999999516e-04 6.065620000000000516e-04 5.511099999999999463e-04 4.979850000000000509e-04 2.841620000000000213e-04
4.365519999999999904e-04 3.059310000000000089e-04 5.799489999999999593e-04 5.210139999999999823e-04 4.165689999999999888e-04 4.646370000000000036e-04 2.572960000000000112e-04 4.059210000000000053e-04
4.011619999999999921e-04 3.856730000000000054e-04 4.051300000000000192e-04 1.345519999999999952e-04 3.289729999999999824e-04 3.144649999999999919e-04 2.854239999999999967e-04 2.672749999999999779e-04
2.579069999999999822e-04 2.533440000000000193e-04 3.066139999999999751e-04 3.246440000000000176e-04 4.522199999999999766e-04 3.221809999999999973e-04 3.073810000000000171e-04 2.718940000000000094e-04
1.917950000000000026e-04 3.015660000000000194e-04 1.683629999999999871e-04 2.368650000000000031e-04 2.479960000000000020e-04 2.083839999999999889e-04 4.095190000000000071e-04 1.780110000000000004e-04
5.799940000000000095e-01 5.436210000000000209e-01 5.678180000000000449e-01 5.512219999999999898e-01 5.641929999999999445e-01 5.446220000000000505e-01 5.601779999999999538e-01 5.622369999999999868e-01
8.741729999999999778e-01 8.875709999999999988e-01 9.019049999999999567e-01 8.708019999999999650e-01 8.879719999999999835e-01 9.015910000000000313e-01 8.785870000000000068e-01 8.790090000000000403e-01
7.421339999999999604e-01 7.397089999999999499e-01 7.394629999999999814e-01 7.404720000000000191e-01 7.411470000000000002e-01 7.443750000000000089e-01 7.468200000000000394e-01 7.405969999999999498e-01
4.767710000000000004e-01 4.784280000000000199e-01 4.819060000000000010e-01 4.777549999999999852e-01 4.781449999999999867e-01 4.778430000000000177e-01 4.764439999999999786e-01 4.779269999999999907e-01
2.150620000000000032e-01 2.139840000000000075e-01 2.141119999999999968e-01 2.132670000000000121e-01 2.164059999999999873e-01 2.137179999999999913e-01 2.156349999999999933e-01 2.149919999999999887e-01
9.962749999999999384e-02 9.972390000000000421e-02 9.977729999999999932e-02 9.972649999999999570e-02 9.976419999999999733e-02 9.858559999999999546e-02 1.000670000000000032e-01 9.859289999999999721e-02
1.098709999999999964e-01 1.100519999999999970e-01 1.102140000000000064e-01 1.100209999999999938e-01 1.097810000000000036e-01 1.100170000000000037e-01 1.088129999999999931e-01 1.100949999999999984e-01
6.113480000000000303e-02 5.949600000000000027e-02 6.143139999999999712e-02 5.929330000000000017e-02 6.077029999999999932e-02 6.055440000000000128e-02 6.052980000000000166e-02 6.062000000000000027e-02
2.939920000000000033e-02 2.947870000000000004e-02 2.921699999999999992e-02 3.017030000000000059e-02 3.025090000000000071e-02 2.978159999999999835e-02 3.105370000000000005e-02 2.885160000000000155e-02
1.974329999999999835e-02 2.066080000000000000e-02 1.854219999999999827e-02 1.945660000000000098e-02 1.943800000000000042e-02 1.949400000000000091e-02 1.914599999999999982e-02 1.984719999999999887e-02
-1.401429999999999950e-03 -1.294180000000000027e-03 -1.780260000000000089e-03 -1.273789999999999905e-03 -1.318919999999999901e-03 -1.192380000000000046e-03 -8.890270000000000247e-04 -1.157519999999999990e-03
-6.415740000000000071e-04 -1.411930000000000043e-03 -1.650699999999999954e-03 -9.889189999999999960e-04 -3.036229999999999897e-04 -9.942679999999999747e-04 -1.467150000000000073e-04 -8.961359999999999866e-05
7.002699999999999723e-03 7.425850000000000332e-03 8.077739999999999920e-03 8.164960000000000620e-03 6.456240000000000243e-03 7.450280000000000097e-03 9.441820000000000074e-03 4.830189999999999831e-03
5.320550000000000279e-04 6.030210000000000257e-04 5.363860000000000242e-04 5.175520000000000077e-04 5.474959999999999636e-04 5.248320000000000329e-04 5.625650000000000052e-04 5.189500000000000102e-04
5.435359999999999541e-04 5.360630000000000343e-04 5.430790000000000227e-04 5.794020000000000203e-04 5.521799999999999885e-04 6.004190000000000395e-04 5.936000000000000087e-04 5.778289999999999729e-04
5.428800000000000335e-04 5.978710000000000361e-04 5.385029999999999635e-04 4.219180000000000218e-04 5.636179999999999966e-04 5.826229999999999951e-04 5.531279999999999530e-04 6.661009999999999978e-04
5.517329999999999977e-04 3.295549999999999847e-04 5.525239999999999839e-04 3.360680000000000221e-04 6.438680000000000228e-04 3.819750000000000012e-04 5.634289999999999481e-04 4.973210000000000044e-04
3.313869999999999902e-04 5.531919999999999850e-04 2.634660000000000149e-04 2.400000000000000061e-04 5.092849999999999461e-04 3.135969999999999860e-04 4.225189999999999979e-04 4.783610000000000097e-04
4.710140000000000138e-04 2.472640000000000233e-04 1.969940000000000048e-04 3.459259999999999809e-04 1.945999999999999867e-04 2.992650000000000019e-04 2.110769999999999986e-04 3.084319999999999770e-04
3.188879999999999731e-04 2.925499999999999824e-04 4.530000000000000064e-04 4.112419999999999769e-04 2.985959999999999851e-04 3.116780000000000201e-04 4.036140000000000018e-04 4.418380000000000072e-04
3.776419999999999734e-04 2.172920000000000060e-04 5.035530000000000084e-04 2.112609999999999954e-04 3.789889999999999860e-04 2.101670000000000090e-04 2.446610000000000213e-04 2.868249999999999923e-04
5.493970000000000242e-01 5.661650000000000293e-01 5.511200000000000543e-01 5.493120000000000225e-01 5.681089999999999751e-01 5.441890000000000338e-01 5.462810000000000166e-01 5.515600000000000502e-01
8.727460000000000218e-01 8.704450000000000243e-01 8.742450000000000498e-01 8.738770000000000149e-01 8.930709999999999482e-01 8.700750000000000428e-01 9.018610000000000237e-01 9.008350000000000524e-01
7.430989999999999540e-01 7.399540000000000006e-01 7.415859999999999674e-01 7.397390000000000354e-01 7.396310000000000384e-01 7.439230000000000009e-01 7.402680000000000371e-01 7.420909999999999451e-01
4.750340000000000118e-01 4.787159999999999749e-01 4.764619999999999966e-01 4.781940000000000079e-01 4.804109999999999769e-01 4.752399999999999958e-01 4.770820000000000061e-01 4.822020000000000195e-01
2.165539999999999965e-01 2.126939999999999942e-01 2.156679999999999986e-01 2.155630000000000046e-01 2.130350000000000021e-01 2.155310000000000004e-01 2.129139999999999922e-01 2.155360000000000054e-01
9.951909999999999923e-02 9.953309999999999935e-02 9.901369999999999616e-02 9.954029999999999823e-02 1.001699999999999952e-01 9.882720000000000393e-02 9.977900000000000658e-02 9.979079999999999895e-02
1.099580000000000002e-01 1.096359999999999973e-01 1.089790000000000064e-01 1.095809999999999979e-01 1.103989999999999971e-01 1.100539999999999990e-01 1.087219999999999992e-01 1.104760000000000048e-01
5.992249999999999660e-02 6.082100000000000006e-02 6.026039999999999869e-02 6.131330000000000113e-02 6.077010000000000051e-02 6.080669999999999825e-02 6.132769999999999888e-02 5.972530000000000200e-02
3.118150000000000088e-02 2.956809999999999994e-02 2.880900000000000127e-02 3.109299999999999911e-02 2.951669999999999988e-02 3.049910000000000121e-02 3.040239999999999956e-02 3.034769999999999829e-02
1.855450000000000155e-02 1.942400000000000029e-02 1.904640000000000152e-02 1.935009999999999855e-02 2.080620000000000039e-02 1.968140000000000167e-02 1.930199999999999971e-02 1.978819999999999885e-02
-6.462860000000000393e-04 -1.179970000000000021e-03 -1.095459999999999923e-03 -1.555289999999999971e-03 -1.699570000000000074e-03 -1.454030000000000036e-03 -6.887949999999999672e-04 -1.413219999999999971e-03
-1.595499999999999913e-03 -8.024339999999999815e-04 -9.732229999999999484e-04 -1.690230000000000031e-03 -9.062420000000000284e-04 -1.600920000000000034e-03 -1.245079999999999971e-03 -2.803279999999999899e-04
6.778860000000000267e-03 6.778239999999999613e-03 7.328860000000000409e-03 4.770469999999999745e-03 6.246029999999999638e-03 7.567309999999999835e-03 7.378019999999999891e-03 7.360359999999999819e-03
4.980069999999999636e-04 5.748850000000000227e-04 5.714739999999999837e-04 5.450090000000000533e-04 5.656549999999999773e-04 5.604159999999999957e-04 5.421650000000000514e-04 5.423799999999999672e-04
5.484990000000000351e-04 5.571629999999999508e-04 5.613779999999999638e-04 6.492250000000000191e-04 5.591329999999999608e-04 5.411500000000000078e-04 5.333729999999999635e-04 6.271070000000000116e-04
5.455590000000000396e-04 4.523470000000000247e-04 5.064019999999999806e-04 7.095790000000000040e-04 5.012359999999999559e-04 5.523659999999999898e-04 5.482759999999999934e-04 5.369850000000000231e-04
5.322560000000000485e-04 3.191429999999999766e-04 5.942229999999999518e-04 5.674420000000000332e-04 5.205939999999999830e-04 3.594529999999999752e-04 5.156730000000000211e-04 5.255859999999999786e-04
2.468859999999999805e-04 3.874029999999999770e-04 3.078639999999999784e-04 5.016180000000000075e-04 4.033160000000000260e-04 2.383859999999999907e-04 4.386619999999999821e-04 3.631239999999999880e-04
5.234050000000000074e-04 3.611460000000000147e-04 2.840659999999999735e-04 4.349369999999999864e-04 5.259489999999999478e-04 4.617390000000000188e-04 3.616019999999999846e-04 3.171410000000000049e-04
2.863349999999999750e-04 3.367709999999999779e-04 3.577039999999999755e-04 2.371870000000000044e-04 3.937480000000000255e-04 4.044499999999999918e-04 2.834520000000000095e-04 3.545560000000000118e-04
3.940260000000000117e-04 2.056469999999999913e-04 1.472070000000000019e-04 2.081089999999999958e-04 2.918290000000000142e-04 1.932539999999999898e-04 2.003100000000000117e-04 2.764409999999999914e-04
6.259310000000000151e-01 5.094419999999999504e-01 5.612479999999999691e-01 5.507379999999999498e-01 5.498159999999999714e-01 5.611429999999999474e-01 5.489230000000000498e-01 5.546410000000000506e-01
8.747089999999999588e-01 8.697279999999999456e-01 8.736260000000000137e-01 9.006779999999999786e-01 8.761449999999999516e-01 8.699869999999999548e-01 8.818019999999999747e-01 8.801470000000000127e-01
7.412450000000000427e-01 7.425680000000000058e-01 7.432849999999999735e-01 7.394789999999999974e-01 7.464880000000000404e-01 7.422250000000000236e-01 7.435469999999999580e-01 7.428409999999999735e-01
4.784999999999999809e-01 4.789450000000000096e-01 4.771619999999999751e-01 4.798419999999999908e-01 4.756369999999999765e-01 4.788040000000000074e-01 4.772060000000000191e-01 4.768260000000000276e-01
2.138519999999999865e-01 2.131020000000000136e-01 2.135370000000000046e-01 2.168809999999999905e-01 2.156409999999999993e-01 2.129320000000000102e-01 2.139320000000000110e-01 2.131440000000000001e-01
9.979649999999999632e-02 9.890809999999999880e-02 9.975130000000000108e-02 9.968860000000000221e-02 9.973029999999999395e-02 9.910489999999999577e-02 9.959579999999999822e-02 9.970220000000000471e-02
1.091489999999999960e-01 1.100190000000000057e-01 1.091010000000000035e-01 1.100340000000000068e-01 1.107339999999999991e-01 1.084090000000000054e-01 1.094239999999999935e-01 1.088540000000000063e-01
5.903699999999999920e-02 5.941289999999999766e-02 5.937200000000000116e-02 6.075409999999999838e-02 6.080069999999999919e-02 6.079470000000000013e-02 6.060080000000000328e-02 6.105630000000000085e-02
3.039439999999999850e-02 3.087300000000000114e-02 2.888790000000000108e-02 3.112799999999999942e-02 3.115559999999999857e-02 3.057100000000000095e-02 3.030040000000000164e-02 3.100719999999999865e-02
1.832850000000000104e-02 2.099190000000000084e-02 2.021420000000000161e-02 1.868560000000000013e-02 1.920410000000000172e-02 2.048799999999999927e-02 1.870799999999999894e-02 1.933839999999999865e-02
-1.640600000000000088e-03 -1.337269999999999995e-03 -4.097700000000000019e-04 -1.372949999999999952e-03 -1.748180000000000003e-03 -2.942279999999999809e-03 -2.259610000000000004e-03 -2.020909999999999894e-03
-8.846779999999999618e-04 -1.189409999999999903e-03 -1.480610000000000042e-03 -1.538770000000000068e-03 -1.954519999999999955e-03 -1.079950000000000094e-03 -2.508969999999999798e-04 -4.051460000000000001e-04
7.340710000000000290e-03 5.950440000000000416e-03 7.276859999999999579e-03 6.781259999999999892e-03 5.366629999999999838e-03 6.193709999999999841e-03 6.191300000000000275e-03 7.201339999999999651e-03
