0 0 0 0
1 0 0 0
2 0 0 0
3 0 0 0
4 0 0 0
5 0 0 0
6 0 0 0
7 0 0 0
8 0 0 0
9 0 0 0
10 0 0 0
11 0 0 0
12 0 0 0
13 0 0 0
14 0 0 0
15 0 0 0
16 0 0 0
17 0 0 0
18 0 0 0
19 0 0 0
20 0 0 0
21 0 0 0
22 0 0 0
23 0 0 0
24 0 0 0
25 0 0 0
26 0 0 0
27 0 0 0
28 0 0 0
29 0 0 0
30 0 0 0
31 0 0 0
32 0 0 0
33 0 0 0
34 0 0 0
35 0 0 0
36 0 0 0
37 0 0 0
38 0 0 0
39 0 0 0
40 0 0 0
41 0 0 0
42 0 0 0
43 0 0 0
44 0 0 0
45 0 0 0
46 0 0 0
47 0 0 0
48 0 0 0
49 0 0 0
50 0 0 0
51 0 0 0
52 0 0 0
53 0 0 0
54 0 0 0
55 0 0 0
56 0 0 0
57 0 0 0
58 0 0 0
59 0 0 0
60 0 0 0
61 0 0 0
62 0 0 0
63 0 0 0
64 0 0 0
65 0 0 0
66 0 0 0
67 0 0 0
68 0 0 0
69 0 0 0
70 0 0 0
71 0 0 0
72 0 0 0
73 0 0 0
74 0 0 0
75 0 0 0
76 0 0 0
77 0 0 0
78 0 0 0
79 0 0 0
80 0 0 0
81 0 0 0
82 0 0 0
83 0 0 0
84 0 0 0
85 0 0 0
86 0 0 0
87 0 0 0
88 0 0 0
89 0 0 0
90 0 0 0
91 0 0 0
92 0 0 0
93 0 0 0
94 0 0 0
95 0 0 0
96 0 0 0
97 0 0 0
98 0 0 0
99 0 0 0
100 0 0 0
101 0 0 0
102 0 0 0
103 0 0 0
104 0 0 0
105 0 0 0
106 3.733197135e-08 3.733197135e-10 1.393676085e-17
107 3.733197135e-08 3.733197135e-10 1.393676085e-17
108 3.733197135e-08 3.733197135e-10 1.393676085e-17
109 3.733197135e-08 4.965362089e-10 1.536206375e-17
110 3.733197135e-08 7.132594071e-10 1.984156243e-17
111 7.22441784e-08 1.839466608e-09 7.819883654e-17
112 1.598973609e-07 3.180308793e-09 3.255213954e-16
113 5.560938948e-07 1.022668883e-08 3.492115129e-15
114 9.896099562e-07 2.284314897e-08 1.389285437e-14
115 9.896099562e-07 2.282735432e-08 1.413453018e-14
116 9.896099562e-07 3.136602254e-08 2.004620496e-14
117 9.896099562e-07 3.223632535e-08 2.020569575e-14
118 6.217910418e-06 9.534549537e-08 4.049884669e-13
119 6.217910418e-06 1.04782961e-07 4.131917976e-13
120 7.692579775e-06 2.020982354e-07 1.031424885e-12
121 2.429676802e-05 4.18472633e-07 6.83457755e-12
122 2.964951092e-05 7.141371901e-07 1.538199011e-11
123 3.291638374e-05 1.169701523e-06 2.665902721e-11
124 3.291638374e-05 9.734981266e-07 2.594065648e-11
125 0.01734494399 0.0001884984102 3.018389341e-06
126 0.01734494399 0.0002122457441 3.039597819e-06
127 0.01734494399 0.0003655662049 4.368084699e-06
128 0.01734494399 0.0003470799117 4.35724497e-06
129 0.02163076481 0.000601395304 8.961014273e-06
130 0.02163076481 0.0006677962596 9.496121855e-06
131 0.02163076481 0.0006388531156 9.334133418e-06
132 0.022219629 0.001024589534 1.516492213e-05
133 0.022219629 0.001121717454 1.729001875e-05
134 0.022219629 0.001010033633 1.716140572e-05
135 0.022219629 0.001553111051 2.485222707e-05
136 0.02677806812 0.001631008316 2.827596573e-05
137 0.03213650944 0.002055925382 3.945281761e-05
138 0.04378734629 0.00231328866 6.16952424e-05
139 0.06966151103 0.003151032504 0.000116187681
140 0.06966151103 0.003578202177 0.0001151803757
141 0.06966151103 0.002777334673 9.960074099e-05
142 0.1336765198 0.004453110497 0.0002810787296
143 0.1336765198 0.004975027934 0.0002885226697
144 0.1336765198 0.007325620047 0.0005035147246
145 0.1443508085 0.007816145119 0.0006688310333
146 0.1443508085 0.00914639848 0.0008836614397
147 0.1443508085 0.01300508567 0.001336318755
148 0.1443508085 0.01304924345 0.001204915083
149 0.2270480857 0.01455076077 0.001849495898
150 0.2270480857 0.01613705117 0.002090212432
151 0.2309031237 0.01752663964 0.002493464609
152 0.2559225739 0.02312405178 0.003650536463
153 0.2979278449 0.02110243381 0.003601014108
154 0.2979278449 0.0254900382 0.004528481881
155 0.3630697047 0.02725522409 0.00619537822
156 0.3630697047 0.02536692791 0.005162575433
157 0.3630697047 0.0322291563 0.007535452708
158 0.4198027098 0.04292924888 0.01020313969
159 0.4198027098 0.0454190605 0.009604598396
160 0.4198027098 0.0445848985 0.01004199709
161 0.4198027098 0.05550684075 0.01282361893
162 0.4214154 0.05357708225 0.01283206994
163 0.4214154 0.05014402116 0.01116799257
164 0.4214154 0.05265605383 0.01061489035
165 0.4214154 0.05723924457 0.01339329212
166 0.4214154 0.05200121369 0.01233024849
167 0.4214154 0.06561787572 0.01405765146
168 0.4214154 0.07357560973 0.01680462403
169 0.4214154 0.06987656593 0.01434345507
170 0.4214154 0.07570793986 0.01487551828
171 0.5077291148 0.08277356947 0.01623646285
172 0.5077291148 0.09249804678 0.01824937584
173 0.5077291148 0.0872182733 0.01930669898
174 0.5190519237 0.09306227524 0.02362525432
175 0.5190519237 0.08868063428 0.02353385439
176 0.5586877869 0.08741660984 0.02182862246
177 0.5660326037 0.101626346 0.02633731744
178 0.6312300334 0.114266788 0.0299263481
179 0.6312300334 0.1096414905 0.02740287263
180 0.6877395326 0.1316341798 0.03800274395
181 0.8042064774 0.1383576571 0.04494008811
182 0.8042064774 0.1395767965 0.04498397865
183 0.8042064774 0.1475974279 0.04133682672
184 0.8042064774 0.1456134007 0.04234702548
185 0.9905873646 0.1561068152 0.05101261695
185 0.003846059196 8.300795078e-05 2.246238506e-07
186 0.03347912616 0.001026534429 1.91681787e-05
187 0.2140702905 0.003236175766 0.0004732702421
188 0.2140702905 0.005148004347 0.000670902321
189 0.2410524423 0.008970241254 0.001576117365
190 0.2410524423 0.01158522537 0.001924294744
191 0.2410524423 0.01601146768 0.00279044964
192 0.2410524423 0.01321409966 0.00244397086
193 0.3122277709 0.01695301986 0.003638362611
194 0.3122277709 0.01304311403 0.002798992617
195 0.3122277709 0.01722506232 0.003751269744
196 0.3357449534 0.02136566179 0.004759437288
197 0.3357449534 0.0222472748 0.005141882589
198 0.4468999735 0.02771454303 0.007199361748
199 0.4468999735 0.02684449139 0.007093501846
200 0.4468999735 0.02460596793 0.008157279743
201 0.4471996932 0.03014571078 0.01010021506
202 0.5199117207 0.03241639388 0.01278510088
203 0.5199117207 0.02838108989 0.01124671367
204 0.5199117207 0.03135217216 0.01101017837
205 0.5199117207 0.03422613038 0.01258051804
206 0.5199117207 0.03300292666 0.01246711575
207 0.5199117207 0.03256285622 0.01276888467
208 0.5199117207 0.03966367886 0.01494710419
209 0.5199117207 0.04879900104 0.01774402749
210 0.6350918871 0.04815797889 0.02115776826
211 0.6350918871 0.05114312743 0.02055238519
212 0.6480192377 0.04575449044 0.02265388646
213 0.6587994893 0.04848181781 0.02255112621
214 0.6587994893 0.04326396175 0.01949011116
215 0.6587994893 0.04628050152 0.02047777183
216 0.6587994893 0.04083885366 0.01934150518
217 0.6587994893 0.05188244677 0.02556328885
218 0.6977727098 0.04501187251 0.02168117362
219 0.6977727098 0.0356505935 0.01786223666
220 0.6977727098 0.04151161516 0.02169015354
221 0.6977727098 0.05270596046 0.02574770661
222 0.8481680864 0.05958067434 0.02843371568
223 0.8481680864 0.05594942954 0.02721210093
224 0.8481680864 0.04652630273 0.02310817383
225 0.8481680864 0.06936079837 0.03547180269
226 0.8481680864 0.07285914324 0.0370953071
227 0.8481680864 0.05605081795 0.03019861602
228 0.8481680864 0.06002644173 0.03285176401
229 0.8481680864 0.0714991005 0.03686887368
230 0.8481680864 0.0577782551 0.02884065379
231 0.8481680864 0.05908032877 0.03532082112
232 0.8481680864 0.06618899167 0.03634277569
233 0.8481680864 0.08471120409 0.04163864516
234 0.8481680864 0.06999226986 0.04084908272
235 0.8481680864 0.09095428211 0.04949090206
236 0.8481680864 0.1026251833 0.05155998613
237 0.8481680864 0.09100986837 0.04519115118
238 0.8577900855 0.07369741731 0.04082426257
239 0.8577900855 0.08178794713 0.04172321522
240 0.8577900855 0.0701488975 0.04137688228
241 0.8577900855 0.09569882253 0.05114646241
242 0.8880413789 0.09386410872 0.05296092912
243 0.8980774264 0.1150493122 0.06109859935
244 0.8980774264 0.1027255739 0.04592549585
245 0.9355627743 0.1127581804 0.05809070372
246 0.9355627743 0.1257709076 0.06937974793
247 0.9355627743 0.1417859754 0.06290317462
248 0.9355627743 0.1391042139 0.07108149632
249 0.9355627743 0.1220549566 0.05838727262
250 0.9355627743 0.1534595707 0.07321806494
251 0.954038642 0.1570458263 0.0840027617
252 0.954038642 0.1523341397 0.07792798671
253 0.954038642 0.1703692172 0.09817215846
254 0.954038642 0.1459144644 0.07479193642
255 0.954038642 0.1382755078 0.08427484024
256 0.954038642 0.1545110308 0.0798709592
257 0.954038642 0.1554180332 0.07246218476
258 0.954038642 0.2005546763 0.08881190877
259 0.954038642 0.2035906011 0.08017942587
260 0.954038642 0.1745352537 0.07640445623
261 0.954038642 0.1237012071 0.05519772347
262 0.954038642 0.1566627519 0.07547728035
263 0.954038642 0.1480118727 0.0632876846
264 0.954038642 0.1508721082 0.06890629565
265 0.954038642 0.1475632818 0.07283798884
266 0.954038642 0.155669565 0.07386287823
267 0.954038642 0.1557077177 0.07452590319
268 0.954038642 0.1594547265 0.07485182408
269 0.9686934437 0.1741376449 0.0916648721
270 0.9686934437 0.1644816953 0.08244215508
271 0.9686934437 0.1443506997 0.07352528981
272 0.9686934437 0.1140000617 0.06179735611
273 0.9686934437 0.1117014981 0.06347576124
274 0.9686934437 0.1183852639 0.06294719378
275 0.9686934437 0.09853080014 0.0524718214
276 0.9686934437 0.106330673 0.05688059701
277 0.9686934437 0.09702104697 0.04698080005
278 0.9686934437 0.1214479667 0.07448536212
279 0.9686934437 0.1189836774 0.05671496287
280 0.9686934437 0.1476844795 0.08103194255
281 0.9686934437 0.1352785528 0.06549469267
282 0.9686934437 0.1132550932 0.06021237729
283 0.9686934437 0.1123816564 0.0630423117
284 0.9686934437 0.1419939654 0.06557656879
285 0.9686934437 0.1363007193 0.06920376246
286 0.9686934437 0.1556858807 0.07708256112
287 0.9686934437 0.111855721 0.05386500735
288 0.9686934437 0.118239245 0.0581811246
289 0.9686934437 0.1361535609 0.06929732967
290 0.9686934437 0.1220346815 0.06571254788
291 0.9686934437 0.1291402968 0.06788544123
292 0.9714664757 0.1299785042 0.07146345319
293 0.9714664757 0.1423335979 0.07554848398
294 0.9714664757 0.1508513191 0.07456858572
295 0.9714664757 0.1164750893 0.05734234992
296 0.9714664757 0.1297655887 0.0710363838
297 0.9714664757 0.1397227368 0.06822671841
298 0.9714664757 0.169737449 0.07873531453
299 0.9734626718 0.1488917931 0.07213995696
300 0.9750986941 0.1428797707 0.0707203643
301 0.9750986941 0.1425236928 0.06884826636
302 0.9750986941 0.1333805123 0.06560198843
303 0.9750986941 0.1319038417 0.06378828837
304 0.9750986941 0.1585397509 0.06782927517
305 0.9751478021 0.1502176095 0.07360180317
306 0.9751478021 0.1355792281 0.06585533749
307 0.9751478021 0.1131448054 0.05759767423
308 0.9764095558 0.1257932643 0.06712097347
309 0.9764095558 0.1414106147 0.0715180747
310 0.9764095558 0.1385512902 0.07382213935
311 0.9764095558 0.1336232613 0.06221411513
312 0.9764095558 0.1231818819 0.06131547006
313 0.9764095558 0.1112724709 0.05768945708
314 0.9764095558 0.09921784525 0.04690082611
315 0.9864185714 0.1135402467 0.068769438
316 0.9864185714 0.145930225 0.08933159684
317 0.9864185714 0.1492702991 0.07993073096
318 0.9864185714 0.1340130573 0.07073839228
319 0.9864185714 0.108277634 0.05834649059
320 0.9864185714 0.1211449671 0.05732107027
321 0.9864185714 0.114953372 0.07013864332
322 0.9864185714 0.1263661648 0.07208564813
323 0.9864185714 0.1017654249 0.05383288122
324 0.9864185714 0.1103081858 0.05453112406
325 0.9864185714 0.1120089102 0.06160013908
326 0.9864185714 0.1161427853 0.06557092373
327 0.9864185714 0.1411631046 0.06274711596
328 0.9864185714 0.148139433 0.07049412527
329 0.9864185714 0.1316428101 0.06419457245
330 0.9864185714 0.1190308381 0.05842227738
331 0.9864185714 0.1140207933 0.06235134301
332 0.9864185714 0.1336922876 0.06841072611
333 0.9864185714 0.1607533636 0.07576262384
334 0.9864185714 0.1735893641 0.08569554656
335 0.9864185714 0.1783307671 0.08462984905
336 0.9864185714 0.2084537679 0.09898404502
337 0.9864185714 0.189847235 0.08515322808
338 0.9864185714 0.1770704072 0.08587779662
339 0.9864185714 0.1417272927 0.06343560092
340 0.9864185714 0.154812193 0.07571425852
341 0.9864185714 0.1255049066 0.05601996053
342 0.9864185714 0.1320721497 0.06467575013
343 0.9864185714 0.1366091005 0.0714586095
344 0.9864185714 0.1440759214 0.07436508947
345 0.9864185714 0.1729134512 0.07787306345
346 0.9864185714 0.156642231 0.07552805161
347 0.9926704026 0.1498121891 0.07646295253
348 0.9926704026 0.1522803051 0.07680747839
349 0.9926704026 0.1790170335 0.08162017016
350 0.9948629185 0.1532630345 0.0751358497
351 0.9948629185 0.1484934479 0.08278260308
352 0.9948629185 0.1644197205 0.07306034795
353 0.9948629185 0.1769002129 0.07522700118
354 0.9948629185 0.1801128238 0.08034178856
355 0.9948629185 0.1604042177 0.07940722535
356 0.9948629185 0.2078538876 0.09233034572
357 0.9948629185 0.2102235629 0.08842983679
358 0.9948629185 0.1588020085 0.07663675542
359 0.9948629185 0.1556901472 0.06524622304
360 0.9948629185 0.1676268338 0.07774484815
361 0.9948629185 0.1674173237 0.07294221946
362 0.9948629185 0.1835252629 0.07444644274
363 0.9948629185 0.1596043388 0.07321936229
364 0.9948629185 0.1871166122 0.08697685936
365 0.9948629185 0.2191400022 0.08409575084
366 0.9948629185 0.2313805409 0.0851814091
367 0.9948629185 0.2217644657 0.08300831569
368 0.9948629185 0.1943651198 0.07575544676
369 0.9948629185 0.1976368115 0.09033978733
370 0.9948629185 0.2476100081 0.1025967809
371 0.9948629185 0.2517636388 0.1064537874
372 0.9948629185 0.2184105482 0.09156941828
373 0.9948629185 0.2264226302 0.1013593671
374 0.9948629185 0.1935426709 0.08563448078
375 0.9948629185 0.2049324234 0.08493585633
376 0.9948629185 0.1772153105 0.07838827336
377 0.9948629185 0.2227996349 0.09209534196
378 0.9948629185 0.2459910459 0.09944284206
379 0.9948629185 0.2841487931 0.1103319282
380 0.9948629185 0.2458038366 0.105759388
381 0.9948629185 0.2120041161 0.09126422515
382 0.9948629185 0.1750070321 0.07335598662
383 0.9948629185 0.1687409375 0.07011990579
384 0.9948629185 0.1950783254 0.08838703375
385 0.9948629185 0.2040810046 0.09374873544
386 0.9948629185 0.2459645583 0.08985645855
387 0.9948629185 0.2651454554 0.09875423249
388 0.9948629185 0.2197342254 0.07842297044
389 0.9948629185 0.2342268952 0.09015403955
390 0.9948629185 0.2507942217 0.07999524949
391 0.9948629185 0.2363401643 0.08913544819
392 0.9948629185 0.2357629405 0.1082911718
393 0.9948629185 0.2021509731 0.08765423389
394 0.9948629185 0.2363945034 0.09564143039
395 0.9948629185 0.2372843962 0.1076207516
396 0.9948629185 0.2240957252 0.08658593676
397 0.9948629185 0.2698157018 0.09581107774
398 0.9948629185 0.2743180209 0.1040369613
399 0.9948629185 0.2826053213 0.1061616476
400 0.9948629185 0.2814984247 0.1095353113
401 0.9948629185 0.2513287693 0.09914362462
402 0.9948629185 0.266430241 0.09813629316
403 0.9948629185 0.2321806011 0.09347478304
404 0.9948629185 0.2453500028 0.09574035026
405 0.9948629185 0.2409159364 0.0961079523
406 0.9948629185 0.2504235065 0.09389214005
407 0.9948629185 0.2468077966 0.0951029722
408 0.9948629185 0.2060897881 0.08849558145
409 0.9948629185 0.2378794224 0.09809796371
410 0.9948629185 0.2195239262 0.08640113734
411 0.9948629185 0.2059329471 0.0901606171
412 0.9948629185 0.2373539371 0.09865110365
413 0.9948629185 0.2219417844 0.08905931879
414 0.9948629185 0.2027520804 0.09563723881
415 0.9948629185 0.1985028722 0.09168210752
416 0.9948629185 0.235843874 0.09227854553
417 0.9948629185 0.1965507595 0.0836941021
418 0.9948629185 0.1893332428 0.07350862672
419 0.9948629185 0.1845378497 0.09206329968
420 0.9948629185 0.2145818493 0.09361388008
421 0.9948629185 0.2575816216 0.09531549988
422 0.9948629185 0.2407715064 0.09435382094
423 0.9948629185 0.243265199 0.09613119688
424 0.9948629185 0.1973820215 0.0790553183
425 0.9948629185 0.196724767 0.07699375083
426 0.9948629185 0.2113155702 0.09661107914
427 0.9948629185 0.2046957769 0.07951661878
428 0.9948629185 0.204275974 0.08439156556
429 0.9948629185 0.193343263 0.08998726945
430 0.9948629185 0.1900507164 0.08326407705
431 0.9948629185 0.1697854047 0.07064838693
432 0.9948629185 0.1571192448 0.05902950671
433 0.9948629185 0.1980612674 0.07904707
434 0.9948629185 0.1995507649 0.07868421649
435 0.9948629185 0.1927296425 0.08372549329
436 0.9948629185 0.2002048115 0.08437214481
437 0.9948629185 0.1906708142 0.08743078452
438 0.9948629185 0.1940932657 0.08184125827
439 0.9948629185 0.1921893409 0.08678555001
440 0.9948629185 0.1561590237 0.07332738781
441 0.9948629185 0.1632981349 0.07769246616
442 0.9948629185 0.1795261769 0.08167727785
443 0.9948629185 0.177061422 0.08467129648
444 0.9948629185 0.1695229371 0.08595197636
445 0.9948629185 0.193704936 0.08822073664
446 0.9948629185 0.1855716797 0.08829834445
447 0.9948629185 0.1979166862 0.09440842232
448 0.9948629185 0.1623030616 0.07159409464
449 0.9948629185 0.1390047489 0.06742467227
450 0.9948629185 0.153947622 0.07158327971
451 0.9948629185 0.1982196052 0.08695551306
452 0.9948629185 0.1856468376 0.08412298344
453 0.9948629185 0.2258941166 0.09072053321
454 0.9948629185 0.1869269547 0.07965664334
455 0.9948629185 0.2163931364 0.09009170763
456 0.9948629185 0.2260224485 0.09391052553
457 0.9949138098 0.2077910846 0.08824891666
458 0.9949138098 0.1981438387 0.08835934745
459 0.9949138098 0.2130512599 0.09573979862
460 0.9949138098 0.1992962698 0.09355171004
461 0.9949138098 0.1912309269 0.08801802256
462 0.9949138098 0.1792977117 0.07585256129
463 0.9949138098 0.1580782983 0.07458157728
464 0.9949138098 0.1690309872 0.0718989651
465 0.9949138098 0.1597623646 0.07169012781
466 0.9949138098 0.1806420481 0.08253975745
467 0.9949138098 0.177025796 0.07463263099
468 0.9949138098 0.1704372731 0.07729653885
469 0.9964602871 0.20549523 0.09007654668
470 0.9964602871 0.2013205164 0.09260600788
471 0.9964602871 0.1941788551 0.08594102787
472 0.9964602871 0.2155388559 0.08993264863
473 0.9964602871 0.1742611626 0.07574257428
474 0.9964602871 0.1938199737 0.08181234243
475 0.9964602871 0.1994841793 0.08541919427
476 0.9964602871 0.2017245716 0.08651685811
477 0.9964602871 0.1892724455 0.07791159686
478 0.9964602871 0.1766141406 0.07551420521
479 0.9964602871 0.1896166739 0.0780579456
480 0.9964602871 0.198092726 0.08864007377
481 0.9964602871 0.2290257884 0.0868248796
482 0.9964602871 0.2302552356 0.0905885673
483 0.9964602871 0.2069510597 0.08658986007
484 0.9964602871 0.2105383101 0.0913336879
485 0.9964602871 0.2141618165 0.09280431963
486 0.9964602871 0.1946951564 0.09834998919
487 0.9964602871 0.2118380519 0.08306393118
488 0.9964602871 0.1961808282 0.09344964133
489 0.9964602871 0.209749389 0.1024496777
490 0.9964602871 0.2009986497 0.09361861327
491 0.9964602871 0.2242300357 0.1030027034
492 0.9964602871 0.1888617164 0.0876726128
493 0.9964602871 0.2026886587 0.09440098158
494 0.9964602871 0.2133448199 0.09708999503
495 0.9964602871 0.2004278246 0.09052643742
496 0.9964602871 0.1835204772 0.08080329859
497 0.9964602871 0.2007004769 0.08686337915
498 0.9969316216 0.1912259602 0.08281236384
499 0.9969316216 0.1834273894 0.07880672762
500 0.9969316216 0.1806916379 0.08124043097
501 0.9969316216 0.1842138787 0.086731547
502 0.9969316216 0.1867140155 0.0905012883
503 0.9973766703 0.1738670721 0.09027352466
504 0.9973766703 0.1695798411 0.08534246466
505 0.9973766703 0.1672582215 0.08037189259
506 0.9973766703 0.1755199718 0.08640186871
507 0.9973766703 0.1558684033 0.08263561407
508 0.9973766703 0.1725525263 0.08094628797
509 0.9973766703 0.1822326955 0.07984274827
510 0.9973766703 0.1932735592 0.0874749218
511 0.9973766703 0.2387835804 0.1033590405
512 0.9973766703 0.2401887275 0.09348908774
513 0.9973766703 0.2464572881 0.1030540933
514 0.9973766703 0.2191225308 0.07896364053
515 0.9973766703 0.1999569786 0.08359857991
516 0.9973766703 0.1875389779 0.07967044716
517 0.9973766703 0.202362746 0.09147182004
518 0.9973766703 0.2043409352 0.09003289009
519 0.9973766703 0.2627853047 0.1017896307
520 0.9973766703 0.2326633773 0.09145009331
521 0.9973766703 0.232967065 0.09470717204
522 0.9973766703 0.2347259418 0.1040974081
523 0.9973766703 0.2436460284 0.1035784787
524 0.9973766703 0.2183939684 0.08782617871
525 0.9973766703 0.2088392007 0.08753515206
526 0.9973766703 0.1895871081 0.07249849199
527 0.9986760703 0.2283294599 0.101173773
528 0.9986760703 0.2286975375 0.1020496614
529 0.9986760703 0.2218863133 0.08953085956
530 0.9986760703 0.1974980781 0.07400292063
531 0.9986760703 0.1906810817 0.07244207486
532 0.9986760703 0.1848172452 0.07331800077
533 0.9986760703 0.1758813827 0.07433032714
534 0.9986760703 0.1678641632 0.07161861751
535 0.9986760703 0.1461726543 0.06848280197
536 0.9986760703 0.1719520163 0.08360081509
537 0.9986760703 0.1794636119 0.07332004922
538 0.9986760703 0.1767781926 0.08043370322
539 0.9986760703 0.1994976668 0.09158776371
540 0.9986760703 0.2015444168 0.08801190644
541 0.9986760703 0.163291366 0.08016809847
542 0.9986760703 0.1626670202 0.07700119545
543 0.9986760703 0.1633986824 0.08499007223
544 0.9986760703 0.1967310285 0.1003103678
545 0.9986760703 0.2080498641 0.085908573
546 0.9986760703 0.1907638278 0.07700756383
547 0.9986760703 0.1771295257 0.08094483394
548 0.9986760703 0.1896221505 0.08288219389
549 0.9986760703 0.1810194673 0.06993172418
550 0.9986760703 0.1840609208 0.08163610295
551 0.9986760703 0.1762270541 0.08492627841
552 0.9986760703 0.1867794079 0.08117406511
553 0.9986760703 0.1584477925 0.07422378083
554 0.9986760703 0.1693107031 0.07266377552
555 0.9986760703 0.1656731751 0.06753634566
556 0.9986760703 0.1405694157 0.06107668287
557 0.9986760703 0.145836989 0.07211030286
558 0.9986760703 0.179404414 0.09453738566
559 0.9986760703 0.1592397473 0.08625335701
560 0.9986760703 0.1553951703 0.0766115051
561 0.9986760703 0.1520085649 0.07728211044
562 0.9986760703 0.1702783971 0.08150169966
563 0.9986760703 0.1821734289 0.08005064916
564 0.9986760703 0.178410022 0.08404940279
565 0.9986760703 0.1902413945 0.08307182483
566 0.9986760703 0.1748139943 0.07622258794
567 0.9986760703 0.1849548754 0.08472028234
568 0.9986760703 0.1568018296 0.06686989282
569 0.9986760703 0.1839272518 0.07689625844
570 0.9986760703 0.1986783031 0.08664305225
571 0.9986760703 0.1963380103 0.08979285944
572 0.9986760703 0.2306933471 0.1042506032
573 0.9986760703 0.2132708619 0.08381037812
574 0.9986760703 0.1782983941 0.06867979833
575 0.9986760703 0.197029219 0.08461264035
576 0.9986760703 0.1764850497 0.07441729618
577 0.9986760703 0.19575556 0.08386455519
578 0.9986760703 0.206941308 0.08446056435
579 0.9986760703 0.1938427138 0.08592544551
580 0.9986760703 0.1773796414 0.08263739337
581 0.9986760703 0.1950655294 0.08672635298
582 0.9986760703 0.2083078976 0.08798414427
583 0.9986760703 0.2211901081 0.09175775847
584 0.9986760703 0.2016730359 0.08140462699
585 0.9986760703 0.2073406568 0.08315226759
586 0.9986760703 0.1883938625 0.07879310087
587 0.9986760703 0.1702701158 0.06381316287
588 0.9986760703 0.1708395886 0.07820026781
589 0.9986760703 0.1757350668 0.07814147378
590 0.9986760703 0.1842153326 0.08285700147
591 0.9986760703 0.1962891882 0.0819441191
592 0.9986760703 0.1880413345 0.08612285669
593 0.9986760703 0.2065758707 0.08848537257
594 0.9986760703 0.2082722228 0.08416019449
595 0.9986760703 0.2084158648 0.0908508549
596 0.9986760703 0.1996712934 0.08588841068
597 0.9986760703 0.2300380406 0.08943465812
598 0.9986760703 0.229435287 0.09410400247
599 0.9986760703 0.2194935282 0.08897250493
600 0.9986760703 0.207054214 0.07564560229
601 0.9986760703 0.2173785383 0.07763422435
602 0.9986760703 0.1986110081 0.07835852609
603 0.9986760703 0.1969094288 0.08864513132
604 0.9986760703 0.169107566 0.07272457281
605 0.9986760703 0.1638434432 0.06789458488
606 0.9986760703 0.1734620607 0.07260315925
607 0.9986760703 0.1786274749 0.07733897402
608 0.9986760703 0.1557976189 0.07042419505
609 0.9986760703 0.167224442 0.07948455477
610 0.9986760703 0.1657550392 0.07569421514
611 0.9986760703 0.1721774399 0.08078439727
612 0.9986760703 0.1861560734 0.0778266492
613 0.9986760703 0.2076412873 0.08994657746
614 0.9986760703 0.205108405 0.0786821129
615 0.9986760703 0.2127884463 0.08673268805
616 0.9986760703 0.1920483758 0.08148758861
617 0.9986760703 0.2279385275 0.09367365144
618 0.9986760703 0.196402294 0.09046629662
619 0.9986760703 0.2077214097 0.09624188888
620 0.9986760703 0.2012499107 0.08397023122
621 0.9986760703 0.2176422123 0.09094084144
622 0.9986760703 0.1819845581 0.07902953581
623 0.9986760703 0.1643659068 0.07153326828
624 0.9986760703 0.1883731593 0.08525222146
625 0.9986760703 0.2004986102 0.09082943051
626 0.9986760703 0.1719417336 0.07697890002
627 0.9986760703 0.1928553085 0.08224679262
628 0.9986760703 0.1988329299 0.07656653898
629 0.9986760703 0.19075195 0.07245610317
630 0.9986760703 0.1841305503 0.06990300647
631 0.9986760703 0.1735967004 0.07176174532
632 0.9986760703 0.1512302478 0.06838548296
633 0.9986760703 0.1709778981 0.07875193614
634 0.9986760703 0.1753575889 0.08643625285
635 0.9986760703 0.1861153721 0.08037646226
636 0.9986760703 0.1868853927 0.08966960984
637 0.9986760703 0.1971100399 0.08792994781
638 0.9986760703 0.1914280887 0.09204077843
639 0.9986760703 0.2005291907 0.1041599055
640 0.9986760703 0.1599116161 0.07132840605
641 0.9986760703 0.1939202474 0.08271139539
642 0.9986760703 0.2117642014 0.08378978846
643 0.9986760703 0.2020336372 0.08162978308
644 0.9986760703 0.1891643256 0.07870080922
645 0.9986760703 0.1528775434 0.07006189315
646 0.9986760703 0.1564769181 0.08037903536
647 0.9986760703 0.1626523883 0.07606469543
648 0.9986760703 0.1945502924 0.09332048391
649 0.9986760703 0.1633458524 0.07638529983
650 0.9986760703 0.1846548383 0.08282311829
651 0.9986760703 0.1669809316 0.07663597794
652 0.9986760703 0.1846202036 0.0861144812
653 0.9986760703 0.2219230057 0.1005056872
654 0.9986760703 0.199753733 0.09207654448
655 0.9986760703 0.2117810375 0.08873688132
656 0.9986760703 0.2158031418 0.0939203872
657 0.9986760703 0.2265302435 0.09126698917
658 0.9986760703 0.2241212403 0.09051346983
659 0.9986760703 0.1985005261 0.09003332702
660 0.9986760703 0.1987785211 0.08785552244
661 0.9986760703 0.1738820696 0.07489969257
662 0.9986760703 0.2222585996 0.09919472659
663 0.9986760703 0.2089445484 0.09092467077
664 0.9986760703 0.2067788754 0.09189327112
665 0.9986760703 0.1830753059 0.07820011833
666 0.9986760703 0.2002904041 0.08355476703
667 0.9986760703 0.1872711153 0.08452673703
668 0.9986760703 0.1609411721 0.07847219611
669 0.9986760703 0.1628426754 0.07474097076
670 0.9986760703 0.182272673 0.07360318388
671 0.9986760703 0.2060029838 0.08730829671
672 0.9986760703 0.2026155942 0.07794363574
673 0.9986760703 0.1886518881 0.07972780257
674 0.9986760703 0.2133449927 0.08245952887
675 0.9986760703 0.2059658825 0.07946544858
676 0.9986760703 0.2235765687 0.08459535738
677 0.9986760703 0.2066774044 0.08549857194
678 0.9986760703 0.21361904 0.08902007331
679 0.9986760703 0.1855132578 0.06884807399
680 0.9986760703 0.2150822498 0.0828106678
681 0.9986760703 0.2513724847 0.09526594479
682 0.9986760703 0.2649470451 0.09082976366
683 0.9986760703 0.2274995314 0.08048192468
684 0.9986760703 0.2336729123 0.09680409975
685 0.9986760703 0.2277075624 0.09117772527
686 0.9986760703 0.2405800558 0.1018230508
687 0.9986760703 0.248344372 0.1070975964
688 0.9986760703 0.2287605884 0.09978474799
689 0.9986760703 0.2457815931 0.1026846777
690 0.9986760703 0.2740363428 0.1122764889
691 0.9986760703 0.2955470887 0.1184783328
692 0.9986760703 0.260274239 0.09839562152
693 0.9986760703 0.2735287112 0.1083909513
694 0.9986760703 0.247422223 0.1062203321
695 0.9986760703 0.2596537907 0.1101037461
696 0.9986760703 0.2646683938 0.1112098951
697 0.9986760703 0.2282600879 0.09254371761
698 0.9986760703 0.2420156558 0.1092226717
699 0.9986760703 0.2716748648 0.1132402459
700 0.9986760703 0.2587149241 0.1121955524
701 0.9986760703 0.2219346731 0.09413863438
702 0.9986760703 0.2538523703 0.1008610502
703 0.9986760703 0.2109684716 0.08332065209
704 0.9986760703 0.2291319333 0.0948116702
705 0.9986760703 0.2404400547 0.09354786604
706 0.9986760703 0.2373430138 0.0919433747
707 0.9986760703 0.2308328883 0.09329010282
708 0.9986760703 0.2443620679 0.09917157126
709 0.9986760703 0.2109220352 0.09076088291
710 0.9986760703 0.1931785215 0.08844077715
711 0.9986760703 0.2315327251 0.09582615436
712 0.9986760703 0.194944475 0.07853377557
713 0.9986760703 0.1908495228 0.07591920359
714 0.9986760703 0.1729290896 0.07254294664
715 0.9986760703 0.1873975805 0.07877557528
716 0.9986760703 0.200281264 0.08012280316
717 0.9986760703 0.1888876495 0.07308611604
718 0.9986760703 0.1866333423 0.07874591815
719 0.9986760703 0.1760890524 0.08173797477
720 0.9986760703 0.1556250278 0.06883301491
721 0.9986760703 0.1665234187 0.06931750467
722 0.9986760703 0.1696976153 0.0787459626
723 0.9986760703 0.1668477084 0.0715742364
724 0.9986760703 0.1601699398 0.0767102678
725 0.9986760703 0.1498907408 0.07283353446
726 0.9986760703 0.1494952005 0.07297466397
727 0.9986760703 0.173429751 0.08446525089
728 0.9986760703 0.1515733473 0.06890586027
729 0.9986760703 0.1753737326 0.0880625479
730 0.9986760703 0.166839669 0.07917351795
731 0.9986760703 0.1722851535 0.07988692081
732 0.9986760703 0.1589415388 0.0690077174
733 0.9986760703 0.1864823282 0.07255288706
734 0.9986760703 0.2213818858 0.08749477603
735 0.9986760703 0.2036492888 0.08376714931
736 0.9986760703 0.2138900131 0.09630281121
737 0.9986760703 0.1683173193 0.08435777494
738 0.9986760703 0.1934171773 0.09132554612
739 0.9986760703 0.1543769613 0.06820936858
740 0.9986760703 0.1555444758 0.06213186006
741 0.9986760703 0.1454202803 0.06631895216
742 0.9986760703 0.1794872974 0.08350245788
743 0.9986760703 0.1996674907 0.09457983589
744 0.9986760703 0.1962156527 0.08858268644
745 0.9986760703 0.1927095387 0.08198234857
746 0.9986760703 0.2055071673 0.09083661004
747 0.9986760703 0.1564275497 0.0810577496
748 0.9986760703 0.1944053468 0.09699221668
749 0.9986760703 0.1990997679 0.09077173337
750 0.9986760703 0.1947667306 0.09382972026
751 0.9986760703 0.1949193853 0.08050812978
752 0.9986760703 0.185014979 0.08681488348
753 0.9986760703 0.1640082281 0.09064843012
754 0.9986760703 0.2059233715 0.09432724642
755 0.9986760703 0.1718366414 0.0816724251
756 0.9986760703 0.1317983828 0.06859784746
757 0.9986760703 0.1660875585 0.0785020201
758 0.9986760703 0.1606880517 0.07707713458
759 0.9986760703 0.1723969159 0.08402189591
760 0.9986760703 0.2154160527 0.101608391
761 0.9986760703 0.2044769195 0.09682750121
762 0.9986760703 0.2082828898 0.09660211143
763 0.9986760703 0.1898727535 0.07839312631
764 0.9986760703 0.1947366983 0.08713383606
765 0.9986760703 0.1818238822 0.0851722903
766 0.9986760703 0.168213718 0.07638865117
767 0.9986760703 0.1607547237 0.07001938334
768 0.9986760703 0.1609701061 0.07124910231
769 0.9986760703 0.1831662863 0.08122859817
770 0.9986760703 0.1991316492 0.08881468904
771 0.9986760703 0.2053658928 0.08119535071
772 0.9986760703 0.1968005779 0.08965861442
773 0.9986760703 0.1924470023 0.08042302636
774 0.9986760703 0.16399206 0.07747150326
775 0.9986760703 0.1720751255 0.07686299358
776 0.9986760703 0.1620429091 0.07504074522
777 0.9986760703 0.179115783 0.07752363457
778 0.9986760703 0.182342988 0.08546454847
779 0.9986760703 0.2036896965 0.09006100223
780 0.9986760703 0.1932140258 0.09033637679
781 0.9986760703 0.1798491772 0.0793111158
782 0.9986760703 0.188181037 0.08254431248
783 0.9986760703 0.2036665236 0.08969626192
784 0.9986760703 0.2202921782 0.0985293742
785 0.9986760703 0.225740174 0.09417308291
786 0.9986760703 0.2265972105 0.08988223209
787 0.9986760703 0.2348876168 0.09477163141
788 0.9986760703 0.2523817973 0.09213803137
789 0.9986760703 0.2249323657 0.08196863915
790 0.9986760703 0.2026160307 0.07026325614
791 0.9986760703 0.2364311263 0.07853236886
792 0.9986760703 0.2591701414 0.09489676852
793 0.9986760703 0.2687033708 0.1061955693
794 0.9986760703 0.2469636287 0.09268718791
795 0.9986760703 0.2290741324 0.08280464658
796 0.9986760703 0.2050727274 0.08219748458
797 0.9986760703 0.2317081157 0.08912682141
798 0.9986760703 0.216270462 0.08001669934
799 0.9986760703 0.2342619285 0.1051541097
800 0.9986760703 0.2115052335 0.09372988738
801 0.9986760703 0.2398306694 0.09107315106
802 0.9986760703 0.2378254439 0.08003660502
803 0.9986760703 0.2800617486 0.09813778649
804 0.9986760703 0.2618566372 0.09495821536
805 0.9986760703 0.2812630448 0.0962662728
806 0.9986760703 0.2722385793 0.09285718388
807 0.9986760703 0.2759271579 0.08483301984
808 0.9986760703 0.2534116065 0.08603952618
809 0.9986760703 0.2372686107 0.08274766139
810 0.9986760703 0.273433166 0.09810031902
811 0.9986760703 0.2956171554 0.08249444166
812 0.9986760703 0.2643393079 0.08910589572
813 0.9986760703 0.2450595555 0.07386551901
814 0.9986760703 0.2221646574 0.07760213581
815 0.99906467 0.1846916043 0.07732339057
816 0.99906467 0.2585288873 0.08732984634
817 0.99906467 0.2901188 0.08770581908
818 0.99906467 0.2893094452 0.1008416786
819 0.99906467 0.2657945826 0.09245199865
820 0.99906467 0.2552678397 0.09349567275
821 0.99906467 0.2333736624 0.08778343625
822 0.99906467 0.2395292618 0.09980554425
823 0.99906467 0.2243846722 0.08565748639
824 0.99906467 0.2249932034 0.08762520323
825 0.99906467 0.2146267855 0.08828168398
826 0.99906467 0.2193509115 0.0904880495
827 0.99906467 0.1870350577 0.09053214114
828 0.99906467 0.2294398422 0.09420877242
829 0.99906467 0.2345559696 0.09745534411
830 0.99906467 0.255281511 0.1075129373
831 0.99906467 0.2441111245 0.1005224888
832 0.99906467 0.2614498084 0.09862275022
833 0.99906467 0.247097624 0.1046301832
834 0.99906467 0.248613335 0.1031217826
835 0.99906467 0.2738778605 0.1131693851
836 0.99906467 0.2640280673 0.1053568314
837 0.99906467 0.2263322693 0.08700577539
838 0.99906467 0.2095183533 0.08876675875
839 0.99906467 0.2368689106 0.1004150088
840 0.99906467 0.2744583631 0.1078799062
841 0.99906467 0.2608460372 0.09889349375
842 0.99906467 0.2152710801 0.0909863389
843 0.99906467 0.2116060464 0.08670004239
844 0.99906467 0.2092694002 0.08417571562
845 0.99906467 0.20653915 0.08491026236
846 0.99906467 0.1894966405 0.08683020182
847 0.99906467 0.1841450706 0.08154419193
848 0.99906467 0.193116714 0.08541768466
849 0.99906467 0.1881401755 0.08145356362
850 0.99906467 0.1901297288 0.08528389339
851 0.99906467 0.2336666561 0.09545941756
852 0.99906467 0.2108228083 0.09537999976
853 0.99906467 0.1961003695 0.0870747626
854 0.99906467 0.2035327261 0.08843912826
855 0.99906467 0.2064750004 0.094826895
856 0.99906467 0.1928554665 0.09034956209
857 0.99906467 0.1934560949 0.09168843757
858 0.99906467 0.1923095467 0.1020021954
859 0.99906467 0.1922317394 0.08257713806
860 0.99906467 0.1802326777 0.07961152546
861 0.99906467 0.1993353798 0.0799468347
862 0.99906467 0.1877349841 0.07881900734
863 0.99906467 0.1928065996 0.08444562452
864 0.99906467 0.2112376649 0.09051577161
865 0.99906467 0.2140513948 0.08748859283
866 0.99906467 0.1967527051 0.07905878688
867 0.99906467 0.2306961768 0.1039314965
868 0.99906467 0.2041083385 0.09100097941
869 0.99906467 0.2160839607 0.09923760817
870 0.99906467 0.176342052 0.08391357485
871 0.99906467 0.1601105113 0.07770127762
872 0.99906467 0.1589147096 0.07774392992
873 0.99906467 0.1902025942 0.08846609442
874 0.99906467 0.1570922752 0.07120100267
875 0.99906467 0.1871760285 0.09321761511
876 0.99906467 0.1968340394 0.08413619634
877 0.99906467 0.1624825133 0.06177033049
878 0.99906467 0.1670732564 0.06891189645
879 0.99906467 0.1742957123 0.07821339778
880 0.99906467 0.1608543593 0.0716803657
881 0.99906467 0.1551719752 0.07658904453
882 0.99906467 0.1868265787 0.08483489954
883 0.99906467 0.2161705202 0.09490326103
884 0.99906467 0.218066237 0.0939540286
885 0.99906467 0.1868961317 0.08209227691
886 0.99906467 0.2023593384 0.09605213928
887 0.99906467 0.1752738301 0.09163515177
888 0.99906467 0.1567646065 0.07931623032
889 0.99906467 0.1371761966 0.06678505398
890 0.99906467 0.170413411 0.08443484024
891 0.99906467 0.1626105572 0.07848420228
892 0.99906467 0.1556599836 0.06335650458
893 0.99906467 0.1901520871 0.07753282707
894 0.99906467 0.1995629793 0.08428071744
895 0.99906467 0.1773499643 0.0786630925
896 0.99906467 0.1984517544 0.08517803645
897 0.99906467 0.2008726644 0.09053078878
898 0.99906467 0.1872935929 0.08527568613
899 0.99906467 0.2014176487 0.09524917872
900 0.99906467 0.2028258216 0.08724855479
901 0.99906467 0.2088840205 0.08888499474
902 0.99906467 0.2122194053 0.09272028527
903 0.99906467 0.1880301024 0.08052765858
904 0.99906467 0.1565416277 0.06732614077
905 0.99906467 0.1621508513 0.07446014729
906 0.99906467 0.1604232331 0.0734216616
907 0.99906467 0.1678508459 0.07036250067
908 0.99906467 0.1556689061 0.07323132949
909 0.99906467 0.1840036832 0.08386920964
910 0.99906467 0.1790387196 0.08488382341
911 0.99906467 0.2011492746 0.0883085673
912 0.99906467 0.1897861649 0.08169252736
913 0.99906467 0.1910327319 0.07506100844
914 0.99906467 0.1928265052 0.08568272449
915 0.99906467 0.1821570475 0.08319441028
916 0.99906467 0.1758758443 0.08509321455
917 0.99906467 0.1829471744 0.09595832618
918 0.99906467 0.1827730723 0.09332317805
919 0.99906467 0.1664795413 0.07563932012
920 0.99906467 0.1642728979 0.07307501332
921 0.99906467 0.2062058334 0.08633423946
922 0.99906467 0.1952489669 0.08102152021
923 0.99906467 0.1919789707 0.08152640193
924 0.99906467 0.1807835792 0.08010078178
925 0.99906467 0.1485433768 0.06846539669
926 0.99906467 0.1598756131 0.07368704615
927 0.99906467 0.180121322 0.07975194536
928 0.99906467 0.1874649535 0.08397130223
929 0.99906467 0.2083111125 0.09946468475
930 0.99906467 0.2258869998 0.09626909591
931 0.99906467 0.1871048313 0.08369230781
932 0.99906467 0.2037846798 0.07322636906
933 0.99906467 0.1853639189 0.07042546022
934 0.99906467 0.1621212334 0.06144319953
935 0.99906467 0.154277914 0.06058896937
936 0.99906467 0.1712027913 0.07847084479
937 0.99906467 0.2165875995 0.09264980193
938 0.99906467 0.2038535906 0.08583698367
939 0.99906467 0.1727641388 0.07949892863
940 0.99906467 0.1573056568 0.07623718293
941 0.99906467 0.2019016075 0.08932753842
942 0.99906467 0.2361315687 0.09462513029
943 0.99906467 0.2483529601 0.1054664821
944 0.99906467 0.2416791928 0.09286736386
945 0.99906467 0.2267850013 0.09691320608
946 0.99906467 0.212906037 0.08020471341
947 0.99906467 0.1956697884 0.09231710417
948 0.99906467 0.197940956 0.0850415053
949 0.99906467 0.2208550778 0.09700736373
950 0.99906467 0.2175008143 0.0879834276
951 0.99906467 0.2435872841 0.09988301627
952 0.99906467 0.2228945736 0.0843785309
953 0.99906467 0.2308387929 0.08754881819
954 0.99906467 0.2216188642 0.08333560697
955 0.99906467 0.2229295997 0.07270160473
956 0.99906467 0.2521617664 0.09339724502
957 0.9991329908 0.2306754106 0.09442339575
958 0.9991329908 0.2672544944 0.1063037349
959 0.9991329908 0.2308442024 0.0976069814
960 0.9991329908 0.2094315212 0.08477595297
961 0.9991329908 0.2281830966 0.09127544661
962 0.9991329908 0.2020872237 0.07626724768
963 0.9991329908 0.1919428451 0.08026742395
964 0.9991329908 0.2406588548 0.0899745216
965 0.9991329908 0.2097498449 0.08631754943
966 0.9991329908 0.21162818 0.09103251288
967 0.9991329908 0.2602490602 0.1061548125
968 0.9991329908 0.2481273293 0.08790199631
969 0.9991329908 0.2424839047 0.1062798829
970 0.9991329908 0.2501737295 0.09756315723
971 0.9991329908 0.2226012341 0.09264014788
972 0.9991329908 0.2177521323 0.08663357772
973 0.9991329908 0.1971146456 0.07342478756
974 0.9991329908 0.2283925779 0.0903929818
975 0.9991329908 0.1738993568 0.07169633439
976 0.9991329908 0.1895075479 0.07357943212
977 0.9991329908 0.1621952242 0.06681507857
978 0.9991329908 0.1690757712 0.07195083395
979 0.9991329908 0.1791984586 0.07766862014
980 0.9991329908 0.1517589036 0.06939638807
981 0.9991329908 0.1492318082 0.06649921838
982 0.9991329908 0.1672839278 0.07695624153
983 0.9991329908 0.1739640395 0.08117177856
984 0.9991329908 0.1836339378 0.08911790157
985 0.9991329908 0.1800458241 0.08666138341
986 0.9991329908 0.1650865943 0.07963714569
987 0.9991329908 0.1724788134 0.07545774289
988 0.9991329908 0.1877313139 0.08832568619
989 0.9991329908 0.1764040701 0.08024928814
990 0.9991329908 0.1729632245 0.07962675204
991 0.9991329908 0.1362589802 0.06398808606
992 0.9991329908 0.1586583869 0.07006854553
993 0.9991329908 0.1561182798 0.07814679445
994 0.9991329908 0.1615812054 0.07382558057
995 0.9991329908 0.1761293403 0.0821113173
996 0.9991329908 0.1864260162 0.07954971406
997 0.9991329908 0.1895602694 0.08451495491
998 0.9991329908 0.1995051845 0.08671492678
999 0.9991329908 0.2045536259 0.09463534519
1000 0.9991329908 0.1929749647 0.06934487427
1001 0.9991329908 0.2442535265 0.09160438904
1002 0.9991329908 0.2344310816 0.08694708748
1003 0.9991329908 0.2206463195 0.07972833658
1004 0.9991329908 0.2133551218 0.079852799
1005 0.9991329908 0.1991863122 0.08818753877
1006 0.9991329908 0.1941641878 0.09175427878
1007 0.9991329908 0.1858295737 0.08167894221
1008 0.9991329908 0.1971385336 0.07783050335
1009 0.9991329908 0.1671146877 0.06824099631
1010 0.9991329908 0.2006714104 0.07992367678
1011 0.9991329908 0.2322622928 0.0932025017
1012 0.9991329908 0.2340479409 0.09394904254
1013 0.9991329908 0.2280642665 0.1034585219
1014 0.9991329908 0.2206732188 0.09140356528
1015 0.9991329908 0.2213858248 0.09412879324
1016 0.9991329908 0.2433607454 0.09993148398
1017 0.9991329908 0.2536081496 0.09857913521
1018 0.9991329908 0.2232453951 0.08781785696
1019 0.9991329908 0.2104373231 0.08834493288
1020 0.9991329908 0.2380260143 0.09190525022
1021 0.9991329908 0.2321806598 0.09883587886
1022 0.9991329908 0.2213661429 0.0869936865
1023 0.9991329908 0.2434403513 0.09195005831
1024 0.9991329908 0.2404951321 0.0870567152
1025 0.9991329908 0.2400801545 0.08836438398
1026 0.9991329908 0.2259361653 0.08849569195
1027 0.9991329908 0.2483129467 0.09601266049
1028 0.9991329908 0.2424478854 0.09002939991
1029 0.9991329908 0.2863703596 0.1105176622
1030 0.9991329908 0.2377032792 0.08828181041
1031 0.9991329908 0.1981150737 0.08152523523
1032 0.9991329908 0.2145677128 0.09159524275
1033 0.9991329908 0.2406516772 0.0874798537
1034 0.9991329908 0.24407187 0.0876654439
1035 0.9991329908 0.2386650601 0.09151408809
1036 0.9991329908 0.2125982988 0.09514095335
1037 0.9991329908 0.2042445551 0.08564106826
1038 0.9991329908 0.2345360276 0.08412591358
1039 0.9991329908 0.2267456531 0.1007170585
1040 0.9991329908 0.1952964128 0.08301948997
1041 0.9991329908 0.1993589705 0.06890736971
1042 0.9991329908 0.1848180955 0.07442976733
1043 0.9991329908 0.1878521324 0.08289184206
1044 0.9991329908 0.1811799243 0.07997056495
1045 0.9991329908 0.183585268 0.08524551158
1046 0.9991329908 0.1863674586 0.09202136442
1047 0.9991329908 0.1759106405 0.08029285188
1048 0.9991329908 0.1795135002 0.07811597819
1049 0.9991329908 0.1412900236 0.06599878793
1050 0.9991329908 0.1588322076 0.06845131748
1051 0.9991329908 0.16990843 0.08376158955
1052 0.9991329908 0.2061083405 0.0938703587
1053 0.9991329908 0.1880270846 0.09082490349
1054 0.9991329908 0.1824508865 0.08898706362
1055 0.9991329908 0.1988555662 0.0934615339
1056 0.9991329908 0.1847451348 0.08531200213
1057 0.9991329908 0.191273984 0.09354246291
1058 0.9991329908 0.2044196597 0.09328976712
1059 0.9991329908 0.1665265834 0.07988237767
1060 0.9991329908 0.1768000184 0.08563285603
1061 0.9991329908 0.1871003532 0.08357967998
1062 0.9991329908 0.1735086329 0.07385206163
1063 0.9991329908 0.2122284212 0.08339804474
1064 0.9991329908 0.1866146363 0.09328577332
1065 0.9991329908 0.1759660045 0.0873370401
1066 0.9991329908 0.1980212882 0.09372797372
1067 0.9991329908 0.2003683092 0.09589664457
1068 0.9991329908 0.1986145742 0.08444418663
1069 0.9991329908 0.1740934695 0.08089463735
1070 0.9991329908 0.1901354575 0.08604234288
1071 0.9991329908 0.229456842 0.1078233487
1072 0.9991329908 0.2543500476 0.106299732
1073 0.9991329908 0.25303069 0.1029370272
1074 0.9991329908 0.2040369066 0.09418151906
1075 0.9991329908 0.1726803055 0.07508391466
1076 0.9991329908 0.1761886016 0.07362317041
1077 0.9991329908 0.1564679983 0.07008379929
1078 0.9991329908 0.1624885075 0.07950433061
1079 0.9991329908 0.1878941239 0.09332663532
1080 0.9991329908 0.2080497423 0.08548699215
1081 0.9991329908 0.2078997147 0.090923907
1082 0.9991329908 0.199732417 0.08985509136
1083 0.9991329908 0.1637030495 0.07844541303
1084 0.9991329908 0.1901803584 0.08475211239
1085 0.9991329908 0.171203122 0.07991847726
1086 0.9991329908 0.1913171845 0.08914516804
1087 0.9991329908 0.1677747077 0.07415072285
1088 0.9991329908 0.1963522908 0.08609596615
1089 0.9991329908 0.1955354411 0.0914795105
1090 0.9991329908 0.2087370111 0.1017310225
1091 0.9991329908 0.2035614414 0.09513122222
1092 0.9991329908 0.1976622094 0.0967731756
1093 0.9991329908 0.2081685112 0.09623071253
1094 0.9991329908 0.1966884099 0.09226301333
1095 0.9991329908 0.2281131448 0.09679602576
1096 0.9991329908 0.2396841201 0.1037673861
1097 0.9991329908 0.2272516452 0.09449853934
1098 0.9991329908 0.2207751525 0.09332197163
1099 0.9991329908 0.2474733544 0.1012095644
1100 0.9991329908 0.2178421622 0.0942585572
1101 0.9991329908 0.1992769603 0.08598759914
1102 0.9991329908 0.2097836564 0.0893444437
1103 0.9991329908 0.211305027 0.09895632197
1104 0.9991329908 0.2130030829 0.09105190523
1105 0.9991329908 0.1960489052 0.09133167378
1106 0.9991329908 0.2094847105 0.08336836866
1107 0.9991329908 0.2091558198 0.08800957115
1108 0.9991329908 0.189665799 0.08166557503
1109 0.9991329908 0.2053481305 0.08331677147
1110 0.9991329908 0.1944939868 0.07480800008
1111 0.9991329908 0.1589070136 0.06933750669
1112 0.9991329908 0.1738343672 0.08322968564
1113 0.9991329908 0.1761816768 0.08206596562
1114 0.9991329908 0.1764334841 0.08662552771
1115 0.9991329908 0.1758444094 0.08658234991
1116 0.9991329908 0.1878365804 0.0820544348
1117 0.9991329908 0.2047065722 0.08713526179
1118 0.9991329908 0.1856441469 0.07428083947
1119 0.9991329908 0.1748676662 0.06884980106
1120 0.9991329908 0.189507911 0.08022189001
1121 0.9991329908 0.1779297235 0.0724456047
1122 0.9991329908 0.1886703435 0.08721539311
1123 0.9991329908 0.1810567033 0.07891975749
1124 0.9991329908 0.2162387572 0.08242672924
1125 0.9991329908 0.2023311136 0.07910080192
1126 0.9991329908 0.1664655051 0.06613946893
1127 0.9991329908 0.1893483339 0.06886576886
1128 0.9991329908 0.1867808629 0.07695470395
1129 0.9991329908 0.2060626212 0.08856871536
1130 0.9991329908 0.1686391788 0.0818902074
1131 0.9991329908 0.1871800675 0.09333844489
1132 0.9991329908 0.1516100683 0.07017193268
1133 0.9991329908 0.1807263444 0.07442995794
1134 0.9991329908 0.1660363569 0.07001200725
1135 0.9991329908 0.1907358153 0.06962397026
1136 0.9991329908 0.1752243551 0.07116224773
1137 0.9991329908 0.1601122867 0.06319827274
1138 0.9991329908 0.2030859714 0.07620576773
1139 0.9991329908 0.1992152002 0.08207049646
1140 0.9991329908 0.1800942256 0.07842274916
1141 0.9991329908 0.1824459232 0.07762764001
1142 0.9991329908 0.2143171287 0.08536077801
1143 0.9991329908 0.1879882152 0.07960102723
1144 0.9991329908 0.196527189 0.08078886617
1145 0.9991329908 0.2022027131 0.08055404933
1146 0.9991329908 0.1888208735 0.08539989651
1147 0.9991329908 0.1850070397 0.08150571213
1148 0.9991329908 0.1750390696 0.08735380004
1149 0.9991329908 0.166687946 0.07358369396
1150 0.9991329908 0.1649013192 0.08569290526
1151 0.9991329908 0.1192373739 0.06194136221
1152 0.9991329908 0.1508568221 0.08300156196
1153 0.9991329908 0.1189092106 0.0615670115
1154 0.9991329908 0.1381678799 0.06479502102
1155 0.9991329908 0.1750735511 0.08575566255
1156 0.9991329908 0.1839934877 0.09865297764
1157 0.9991329908 0.1781265964 0.0834503762
1158 0.9991329908 0.21333658 0.09705345285
1159 0.9991329908 0.2068253864 0.08975533763
1160 0.9991329908 0.1684168363 0.09030653019
1161 0.9991329908 0.1684066202 0.08259434927
1162 0.9991329908 0.1834296554 0.07999267212
1163 0.9991329908 0.1833504997 0.08657525142
1164 0.9991329908 0.203322877 0.09856088461
1165 0.9991329908 0.1958728582 0.08179042485
1166 0.9991329908 0.2222148767 0.08821428448
1167 0.9991329908 0.2405434858 0.09360450473
1168 0.9991329908 0.1991787786 0.07980715035
1169 0.9991329908 0.2377103806 0.08419591724
1170 0.9991329908 0.2192157668 0.08159052728
1171 0.9991329908 0.1840698988 0.0731065664
1172 0.9991329908 0.1678575648 0.07403015349
1173 0.9991329908 0.1816841849 0.08399361177
1174 0.9991329908 0.1801559343 0.08577391704
1175 0.9991329908 0.1950002623 0.08618800718
1176 0.9991329908 0.196732919 0.09250077427
1177 0.9991329908 0.187266404 0.08140691688
1178 0.9991329908 0.1789486305 0.07701779099
1179 0.9991329908 0.171868685 0.07131521436
1180 0.9991329908 0.1683414959 0.07484918597
1181 0.9991329908 0.1239474354 0.06261452942
1182 0.9991329908 0.1603363478 0.07423988374
1183 0.9991329908 0.1743658663 0.07863679493
1184 0.9991329908 0.2008301885 0.09386314016
1185 0.9991329908 0.1565082822 0.07253677748
1186 0.9991329908 0.1641164482 0.07429395039
1187 0.9991329908 0.1620506506 0.07528045901
1188 0.9991329908 0.1543124035 0.06868401398
1189 0.9991329908 0.1684914123 0.08602190682
1190 0.9991329908 0.1675811883 0.08684263014
1191 0.9991329908 0.1614506951 0.08055401785
1192 0.9991329908 0.1908930869 0.09680969307
1193 0.9991329908 0.1659685731 0.08403153718
1194 0.9991329908 0.1891342911 0.09650718999
1195 0.9991329908 0.2048547348 0.1117981386
1196 0.9991329908 0.1786644525 0.08105931501
1197 0.9991329908 0.1629498835 0.07885460442
1198 0.9991329908 0.1802317253 0.08910721487
1199 0.9991329908 0.1629467136 0.08404985247
1200 0.9991329908 0.1574424408 0.07545360886
1201 0.9991329908 0.1983093428 0.09305993021
1202 0.9991329908 0.1758082904 0.08850881172
1203 0.9991329908 0.1638912386 0.08558356312
1204 0.9991329908 0.1494985721 0.07463822593
1205 0.9991329908 0.1532745748 0.07592582805
1206 0.9991329908 0.1562362271 0.07719893975
1207 0.9991329908 0.1632107933 0.07449728952
1208 0.9991329908 0.1811425118 0.07445561468
1209 0.9991329908 0.1813794496 0.08081338791
1210 0.9991329908 0.1920995241 0.08509612266
1211 0.9991329908 0.1891105313 0.0876459423
1212 0.9991329908 0.1820256824 0.08908770084
1213 0.9991329908 0.1741000455 0.0839955252
1214 0.9991329908 0.2128907293 0.09658219536
1215 0.9991329908 0.1987930858 0.08944893602
1216 0.9991329908 0.2015203404 0.07895270848
1217 0.9991329908 0.2214927038 0.08647357464
1218 0.9991329908 0.2181347128 0.08977901787
1219 0.9991329908 0.2322518822 0.09840668414
1220 0.9991329908 0.2294112517 0.1025392137
1221 0.9991329908 0.2187884932 0.09153401072
1222 0.9991329908 0.21421595 0.1050256017
1223 0.9991329908 0.2064425692 0.0823368718
1224 0.9991329908 0.2042745695 0.08906048942
1225 0.9991329908 0.2176635596 0.09409788491
1226 0.9991329908 0.2267245555 0.1098247791
1227 0.9991329908 0.2185718358 0.09585758797
1228 0.9991329908 0.2060018808 0.08915439442
1229 0.9991329908 0.2751670314 0.105544626
1230 0.9991329908 0.2041408893 0.08609877509
1231 0.9991329908 0.179573347 0.07590733151
1232 0.9991329908 0.1954568076 0.08152006053
1233 0.9991329908 0.224489033 0.09180721174
1234 0.9991329908 0.2277349289 0.08763986839
1235 0.999180639 0.2059300748 0.1026148446
1236 0.999180639 0.1756168097 0.0757920342
1237 0.999180639 0.1814365167 0.07641280643
1238 0.999180639 0.2126787516 0.08762807615
1239 0.999180639 0.1707946236 0.07610737305
1240 0.999180639 0.1745823214 0.08551947214
1241 0.999180639 0.1401097472 0.07538118685
1242 0.999180639 0.1360435728 0.07140345996
1243 0.999180639 0.1127794764 0.06427970165
1244 0.999180639 0.1409105241 0.06766815803
1245 0.999180639 0.1450388648 0.07439979534
1246 0.9992235287 0.1597068791 0.08590336849
1247 0.9992235287 0.1672648008 0.07926907371
1248 0.9992235287 0.1875630445 0.08176550319
1249 0.9992235287 0.1936703708 0.07807669944
1250 0.9992235287 0.1903824815 0.08038680141
1251 0.9992235287 0.1779884889 0.07784205989
1252 0.9992235287 0.1862392656 0.075317378
1253 0.9992235287 0.2247897167 0.09905159294
1254 0.9992235287 0.1823510937 0.07252701294
1255 0.9992235287 0.1543982016 0.06219465972
1256 0.9992235287 0.1965851507 0.07968321582
1257 0.9992235287 0.2241509922 0.08549508154
1258 0.9992235287 0.2150255522 0.09146768529
1259 0.9992235287 0.1864663248 0.09123542539
1260 0.9992235287 0.1638115353 0.07048591247
1261 0.9992235287 0.2147638406 0.08762490752
1262 0.9992235287 0.2018030392 0.08811432946
1263 0.9992235287 0.2271144964 0.1062797015
1264 0.9992235287 0.2266057193 0.1048668902
1265 0.9992235287 0.2139917606 0.09134828763
1266 0.9992235287 0.1805603608 0.08501185723
1267 0.9992235287 0.2239944143 0.1018242725
1268 0.9992235287 0.2329771963 0.09309204056
1269 0.9992235287 0.2044442915 0.0932786074
1270 0.9992235287 0.2217928595 0.1009108414
1271 0.9992235287 0.2262717298 0.08813213561
1272 0.9992235287 0.2257125766 0.105175742
1273 0.9992235287 0.2292241162 0.09224986493
1274 0.9992235287 0.1954236792 0.07812219729
1275 0.9992235287 0.2321210497 0.09190613482
1276 0.9992235287 0.2465131024 0.09177123992
1277 0.9992235287 0.225234046 0.08965120333
1278 0.9992235287 0.2459290941 0.09739516781
1279 0.9992235287 0.2130272232 0.08639954277
1280 0.9992235287 0.211182452 0.08953601876
1281 0.9992235287 0.1786911277 0.06798330913
1282 0.9992235287 0.1876157639 0.0693341354
1283 0.9992235287 0.1752377507 0.0718950398
1284 0.9992235287 0.1758875766 0.07259320029
1285 0.999334588 0.1822601735 0.07996698295
1286 0.999334588 0.1971419032 0.08495062623
1287 0.999334588 0.1972683867 0.07232373078
1288 0.999334588 0.21423313 0.08727845656
1289 0.999334588 0.1883702908 0.07646976883
1290 0.999334588 0.2012554346 0.09127877887
1291 0.999334588 0.1942499096 0.07571879776
1292 0.999334588 0.2203670879 0.09019822015
1293 0.999334588 0.2095821188 0.08471063495
1294 0.999334588 0.2055720468 0.08318937762
1295 0.999334588 0.2097890292 0.08347790217
1296 0.999334588 0.21596612 0.09465265706
1297 0.999334588 0.2026288581 0.0844371092
1298 0.999334588 0.2070223372 0.07822498191
1299 0.999334588 0.1810141709 0.08244150434
1300 0.999334588 0.1868582954 0.08816523967
1301 0.999334588 0.192141064 0.08566554717
1302 0.999334588 0.1917045393 0.08167448874
1303 0.999334588 0.2065528592 0.08842056432
1304 0.999334588 0.2003447471 0.08466928433
1305 0.999334588 0.2048713373 0.08293594877
1306 0.999334588 0.1720840873 0.08396207964
1307 0.999334588 0.2206854968 0.1029627759
1308 0.999334588 0.2027756091 0.09769684499
1309 0.999334588 0.1690927907 0.07889902137
1310 0.999334588 0.2010221877 0.09011348736
1311 0.999334588 0.1786434147 0.08008813063
1312 0.999334588 0.206485625 0.09008724266
1313 0.999334588 0.2070935646 0.07721017744
1314 0.999334588 0.2210023207 0.09277325862
1315 0.999334588 0.2202048267 0.09745953596
1316 0.999334588 0.2200738322 0.07820152467
1317 0.999334588 0.2391271844 0.08861824777
1318 0.999334588 0.2433518063 0.08658145385
1319 0.999334588 0.2277371902 0.09190742159
1320 0.999334588 0.2274210525 0.09049854253
1321 0.999334588 0.24045586 0.09441082215
1322 0.999334588 0.2426311565 0.09038061494
1323 0.999334588 0.2572241103 0.09634850035
1324 0.999334588 0.2669822389 0.09298666098
1325 0.999334588 0.2374275416 0.08733554774
1326 0.999334588 0.2221172517 0.08646952422
1327 0.999334588 0.2436147098 0.08898667117
1328 0.999334588 0.2096004196 0.08526201582
1329 0.999334588 0.2033767016 0.08710677558
1330 0.999334588 0.2512705088 0.1012359748
1331 0.999334588 0.2072283413 0.07833141325
1332 0.999334588 0.197914855 0.08374215697
1333 0.999334588 0.2014243628 0.07915061533
1334 0.999334588 0.2167185153 0.07801843092
1335 0.999334588 0.2324506346 0.0894524281
1336 0.999334588 0.2624101469 0.09307093975
1337 0.999334588 0.2111552686 0.08577437688
1338 0.999334588 0.2057955191 0.08529424719
1339 0.999334588 0.2386702773 0.09546755249
1340 0.999334588 0.2440165181 0.08974784997
1341 0.999334588 0.2406047012 0.09761040059
1342 0.999334588 0.2645669578 0.1044752154
1343 0.999334588 0.2699203141 0.09841586569
1344 0.999334588 0.2842231295 0.1021604447
1345 0.999334588 0.2574657656 0.09132733212
1346 0.999334588 0.2482728085 0.09010313563
1347 0.999334588 0.2869474398 0.0983334113
1348 0.999334588 0.3006278153 0.1032290068
1349 0.999334588 0.256004146 0.09104634907
1350 0.999334588 0.2485035296 0.09814068462
1351 0.999334588 0.255394195 0.1007734321
1352 0.999334588 0.2401213809 0.09061294668
1353 0.999334588 0.2419860788 0.08858958193
1354 0.999334588 0.1928451848 0.08144238161
1355 0.999334588 0.2286827308 0.09284870573
1356 0.999334588 0.2258078192 0.07936044614
1357 0.999334588 0.2144046074 0.08608124721
1358 0.999334588 0.2050809066 0.0842475092
1359 0.999334588 0.1791123926 0.06777029119
1360 0.999334588 0.1927779868 0.07965399212
1361 0.999334588 0.2027823708 0.07450993987
1362 0.999334588 0.2323492121 0.0943964934
1363 0.999334588 0.2211391357 0.08153429405
1364 0.999334588 0.2269770243 0.08350560176
1365 0.999334588 0.2040263257 0.08291672696
1366 0.999334588 0.1863726836 0.07856691213
1367 0.999334588 0.1993490626 0.09097653113
1368 0.999334588 0.1740848846 0.07901532526
1369 0.999334588 0.1763848345 0.0723397538
1370 0.999334588 0.1984264475 0.08407964245
1371 0.999334588 0.1843196734 0.07827638404
1372 0.999334588 0.1577594966 0.06611763458
1373 0.999334588 0.1888305425 0.09112853238
1374 0.999334588 0.2041899684 0.08924549941
1375 0.999334588 0.1753633328 0.07207126137
1376 0.999334588 0.1537857676 0.0654558702
1377 0.999334588 0.1740326014 0.07816270069
1378 0.999334588 0.1851621033 0.07416428105
1379 0.999334588 0.2223438069 0.07754258979
1380 0.999334588 0.2002901357 0.08700529906
1381 0.999334588 0.2143911888 0.08742285233
1382 0.999334588 0.1972317621 0.08328541904
1383 0.999334588 0.1884864051 0.08204587904
1384 0.999334588 0.1998980711 0.08781605353
1385 0.999334588 0.1976926634 0.08785228279
1386 0.999334588 0.1508510049 0.0677134673
1387 0.999334588 0.2020524364 0.08490446541
1388 0.999334588 0.185876887 0.08830785675
1389 0.999334588 0.1901060997 0.08657924934
1390 0.999334588 0.1696701974 0.08320204647
1391 0.999334588 0.1694831843 0.08917331323
1392 0.999334588 0.1600718061 0.08303038668
1393 0.999334588 0.1631403055 0.07372732309
1394 0.999334588 0.142172711 0.06658248289
1395 0.999334588 0.140354989 0.07286348529
1396 0.999334588 0.1588506615 0.07039378708
1397 0.999334588 0.1612685184 0.07729539725
1398 0.999334588 0.1566410902 0.06712252992
1399 0.999334588 0.168465033 0.0845149958
1400 0.999334588 0.2007556525 0.09028345475
1401 0.999334588 0.160038285 0.07143278188
1402 0.999334588 0.167101229 0.08442670126
1403 0.999334588 0.1826508972 0.08385754991
1404 0.999334588 0.1447042563 0.07520499434
1405 0.999334588 0.162303589 0.07467072284
1406 0.999334588 0.1569255299 0.07328046675
1407 0.999334588 0.1681496539 0.08500122636
1408 0.999334588 0.1546518039 0.07615790503
1409 0.999334588 0.1462978461 0.06924248823
1410 0.999334588 0.185067123 0.08653035027
1411 0.999334588 0.1644507585 0.08291755836
1412 0.999334588 0.183876408 0.08845024752
1413 0.999334588 0.1943691735 0.0922799277
1414 0.999334588 0.1656958759 0.07411312331
1415 0.999334588 0.1714836205 0.08170889117
1416 0.999334588 0.2070394142 0.09265076645
1417 0.999334588 0.1803050158 0.08480070406
1418 0.999334588 0.1718543648 0.07533229281
1419 0.999334588 0.2103183112 0.08328439637
1420 0.999334588 0.2240678411 0.09842565624
1421 0.999334588 0.2271942237 0.09052989045
1422 0.999334588 0.1778852884 0.08348367994
1423 0.999334588 0.1923216384 0.07748872777
1424 0.999334588 0.1998290947 0.08491123024
1425 0.999334588 0.1768973528 0.07952952748
1426 0.999334588 0.1754866284 0.07993977345
1427 0.999334588 0.1591590627 0.07694532411
1428 0.999334588 0.1753620592 0.09539170151
1429 0.999334588 0.1957963896 0.09294913341
1430 0.999334588 0.1976652509 0.0899832376
1431 0.999334588 0.1667110152 0.09210071815
1432 0.999334588 0.1413689267 0.07785386663
1433 0.999334588 0.1368521754 0.07501163696
1434 0.999334588 0.1590678414 0.07348135544
1435 0.999334588 0.165217943 0.07444028421
1436 0.999334588 0.1764088825 0.08708288764
1437 0.999334588 0.1924599832 0.09684806268
1438 0.999334588 0.2047840689 0.08592086719
1439 0.999334588 0.1912152178 0.07577769539
1440 0.999334588 0.1946820905 0.08232423406
1441 0.999334588 0.1892435587 0.07643621097
1442 0.999334588 0.1823018337 0.08532696476
1443 0.999334588 0.1777799607 0.09441514389
1444 0.999334588 0.2028395601 0.09832347305
1445 0.999334588 0.1995427597 0.08754233941
1446 0.999334588 0.185082836 0.08064311603
1447 0.999334588 0.1782499103 0.08154750485
1448 0.999334588 0.1799885457 0.08727415683
1449 0.999334588 0.1706904665 0.07887176967
1450 0.999334588 0.159020085 0.06402185741
1451 0.999334588 0.1578432434 0.06703753558
1452 0.999334588 0.1637551852 0.07322191539
1453 0.999334588 0.1975202953 0.09061582131
1454 0.999334588 0.1862393719 0.09193383044
1455 0.999334588 0.1663282322 0.08289888562
1456 0.999334588 0.1243120474 0.05933611409
1457 0.999334588 0.1426779898 0.06812787055
1458 0.999334588 0.1328243974 0.05924679825
1459 0.999334588 0.1407447695 0.07654750327
1460 0.999334588 0.1319786597 0.07668459575
1461 0.999334588 0.1751850626 0.1053941421
1462 0.999334588 0.1494930649 0.08562307186
1463 0.999334588 0.1383312363 0.07828501251
1464 0.999334588 0.1361882793 0.07875895528
1465 0.999334588 0.1381482357 0.07572776811
1466 0.999334588 0.1717115098 0.0804816295
1467 0.999334588 0.1695217884 0.08616426636
1468 0.999334588 0.1518298192 0.07971503373
1469 0.999334588 0.1610388737 0.07723518219
1470 0.999334588 0.1796020709 0.09967314374
1471 0.999334588 0.2087469851 0.09962524347
1472 0.999334588 0.1802711349 0.08137784578
1473 0.999334588 0.1717669238 0.08194552495
1474 0.999334588 0.2123690729 0.08741393598
1475 0.999334588 0.2144963112 0.09086343319
1476 0.999334588 0.2256614175 0.09348982768
1477 0.999334588 0.1958417403 0.08666763472
1478 0.999334588 0.1871364792 0.08654478237
1479 0.999334588 0.188474143 0.08218575038
1480 0.999334588 0.1824591014 0.08119700699
1481 0.999334588 0.1846493507 0.07686684746
1482 0.999334588 0.2106993853 0.08981587278
1483 0.999334588 0.2195460852 0.08270957782
1484 0.999334588 0.2258558439 0.08599659205
1485 0.999334588 0.2587354944 0.09833103724
1486 0.999334588 0.2749739654 0.1039860198
1487 0.999334588 0.2472866788 0.09539153309
1488 0.999334588 0.2658002496 0.08868200107
1489 0.999334588 0.291176805 0.1076063969
1490 0.999334588 0.2848436343 0.1061342113
1491 0.999334588 0.2868264761 0.1004519738
1492 0.999334588 0.2893574385 0.1105701402
1493 0.999334588 0.2352272868 0.0969472337
1494 0.999334588 0.2298387739 0.09842195417
1495 0.999334588 0.2057493402 0.0854738508
1496 0.999334588 0.2187300675 0.09070441035
1497 0.999334588 0.2281267921 0.09383506829
1498 0.999334588 0.1958974703 0.07911789205
1499 0.999334588 0.2228066433 0.08686695515
1500 0.999334588 0.2609298557 0.100441451
1501 0.999334588 0.2531187546 0.1022573534
1502 0.999334588 0.2960874299 0.1102069051
1503 0.999334588 0.2712557461 0.08994830705
1504 0.999334588 0.2759919838 0.1059013584
1505 0.999334588 0.2557369542 0.09207780327
1506 0.999334588 0.2587330494 0.09185445246
1507 0.999334588 0.2617997239 0.08785105345
1508 0.999334588 0.2600022486 0.09763937435
1509 0.999334588 0.2296592972 0.08639943157
1510 0.999334588 0.2506983342 0.09754401622
1511 0.999334588 0.2353350912 0.09189890322
1512 0.999334588 0.1990943825 0.07993733835
1513 0.999433025 0.1874503342 0.09089808556
1514 0.999433025 0.1855175217 0.08862808313
1515 0.999433025 0.1918754504 0.09118781608
1516 0.999433025 0.1966691565 0.09152084111
1517 0.999433025 0.1875053039 0.08130340888
1518 0.999433025 0.1598077964 0.08196615395
1519 0.999433025 0.150772791 0.07480669144
1520 0.999433025 0.1524256862 0.07862051808
1521 0.999433025 0.1412871961 0.06898695631
1522 0.999433025 0.1597873139 0.06906841773
1523 0.999433025 0.1401931027 0.06930176806
1524 0.999433025 0.1298518767 0.06231654835
1525 0.999433025 0.1777945479 0.07949732105
1526 0.999433025 0.1881572208 0.08695730706
1527 0.999433025 0.187609685 0.0860422766
1528 0.999433025 0.189008796 0.0831504202
1529 0.999433025 0.1851088695 0.07812274812
1530 0.999433025 0.2058960984 0.08210869544
1531 0.999433025 0.1961734465 0.07477505048
1532 0.999433025 0.2033712873 0.08730615902
1533 0.999433025 0.2067138055 0.09062024959
1534 0.999433025 0.2019487196 0.092276515
1535 0.999433025 0.2163136373 0.09013813511
1536 0.999433025 0.1832313147 0.08531825376
1537 0.999433025 0.1691317561 0.07959755177
1538 0.999433025 0.125692549 0.06026448964
1539 0.999433025 0.1353225083 0.06958626771
1540 0.999433025 0.1485005452 0.07875520966
1541 0.999433025 0.1736803527 0.0795349054
1542 0.999433025 0.1675239421 0.08318065635
1543 0.999433025 0.1934874173 0.09668160952
1544 0.999433025 0.2041211001 0.09034700769
1545 0.999433025 0.1922780229 0.0807364771
1546 0.999433025 0.1932743608 0.08731174142
1547 0.999433025 0.165666829 0.06772848497
1548 0.999433025 0.1585678654 0.06868233424
1549 0.999433025 0.1558341473 0.07910439888
1550 0.999433025 0.1736416872 0.08027517871
1551 0.999433025 0.1879505711 0.08921075131
1552 0.999433025 0.1919543544 0.09172932574
1553 0.999433025 0.2003159614 0.09110513884
1554 0.999433025 0.190922898 0.09325688086
1555 0.999433025 0.1806962934 0.08858691607
1556 0.999433025 0.1511673476 0.07370036587
1557 0.999433025 0.1589310282 0.08562833933
1558 0.999433025 0.154223978 0.07528184796
1559 0.999433025 0.159054795 0.08094105589
1560 0.999433025 0.1469155337 0.07640954553
1561 0.999433025 0.1176532249 0.05766491595
1562 0.999433025 0.1327848579 0.06433375743
1563 0.999433025 0.1329298699 0.06612645135
1564 0.999433025 0.1327924535 0.0673194867
1565 0.9994553138 0.1407328776 0.06891290576
1566 0.9994553138 0.1185800383 0.05912132194
1567 0.9994553138 0.115040585 0.06723286287
1568 0.9994553138 0.1359592117 0.07710995896
1569 0.9994553138 0.1296967093 0.07619242874
1570 0.9994553138 0.1343616907 0.08042514727
1571 0.9994553138 0.1694424702 0.08558934364
1572 0.9994553138 0.1555476589 0.07870835875
1573 0.9994553138 0.1355318909 0.06568718581
1574 0.9994553138 0.1601350053 0.07217249528
1575 0.9994553138 0.1569002015 0.07315111371
1576 0.9994553138 0.1432551883 0.07565447662
1577 0.9994553138 0.1313308725 0.0657294983
1578 0.9994553138 0.1469431392 0.08095530902
1579 0.9994553138 0.123830775 0.06306925458
1580 0.9997348802 0.1318105825 0.07262638873
1581 0.9997348802 0.1226766844 0.06726845326
1582 0.9997348802 0.1211965701 0.05906365261
1583 0.9997348802 0.1269737592 0.06218167081
1584 0.9997348802 0.1534588417 0.07682074601
1585 0.9997348802 0.1503940954 0.07245587316
1586 0.9997348802 0.1496155082 0.07360812185
1587 0.9997348802 0.1729037956 0.08290672226
1588 0.9997348802 0.1644012237 0.0775398913
1589 0.9997348802 0.1543209307 0.06682113011
1590 0.9997348802 0.1730301404 0.07626607226
1591 0.9997348802 0.1733742968 0.07616331215
1592 0.9997348802 0.1650269427 0.0759911923
1593 0.9997348802 0.1589460898 0.06678827961
1594 0.9997348802 0.1712664955 0.06786531537
1595 0.9997348802 0.1645342672 0.06678629034
1596 0.9997348802 0.1723342325 0.07350674711
1597 0.9997348802 0.208174539 0.08445125771
1598 0.9997348802 0.1937465616 0.07993330984
1599 0.9997348802 0.2014774183 0.08626017402
1600 0.9997348802 0.2235156968 0.08654514176
1601 0.9997348802 0.2198716883 0.08442490338
1602 0.9997348802 0.2295999086 0.08749995596
1603 0.9997348802 0.2580014684 0.1048968616
1604 0.9997348802 0.3026308888 0.1090432443
1605 0.9997348802 0.3107343979 0.1088052454
1606 0.9997348802 0.2912493459 0.1035093997
1607 0.9997348802 0.2815804073 0.09711673285
1608 0.9997348802 0.2757744054 0.09447759201
1609 0.9997348802 0.2441716538 0.08824042736
1610 0.9997348802 0.2647655577 0.09222166676
1611 0.9997348802 0.2895596909 0.09216276027
1612 0.9997348802 0.2634128668 0.09265753707
1613 0.9997348802 0.230408781 0.07889241803
1614 0.9997348802 0.2589684127 0.08253345013
1615 0.9997348802 0.257904274 0.09021086799
1616 0.9997348802 0.2426361032 0.09086269591
1617 0.9997348802 0.2416705527 0.0832476628
1618 0.9997348802 0.2279745016 0.08039854536
1619 0.9997348802 0.2463314647 0.09729256457
1620 0.9997348802 0.276358446 0.1125719657
1621 0.9997348802 0.2626381711 0.1126849928
1622 0.9997348802 0.2696558352 0.1008417965
1623 0.9997348802 0.2536239327 0.09937272079
1624 0.9997348802 0.2642598217 0.09567542683
1625 0.9997348802 0.2502994781 0.08442900152
1626 0.9997348802 0.2635967559 0.09279729023
1627 0.9997348802 0.2681849086 0.09191057518
1628 0.9997348802 0.266992755 0.09158030533
1629 0.9997348802 0.2700981959 0.08962283749
1630 0.9997348802 0.2644194354 0.09321786005
1631 0.9997348802 0.2496160175 0.0866638788
1632 0.9997348802 0.2555054459 0.1045594778
1633 0.9997348802 0.2600210823 0.09004613767
1634 0.9997348802 0.2793236432 0.1030702726
1635 0.9997348802 0.247487928 0.1055733038
1636 0.9997348802 0.2263927585 0.1014108499
1637 0.9997348802 0.2624427851 0.1033298095
1638 0.9997348802 0.274001802 0.1079196
1639 0.9997348802 0.2391599762 0.09878092071
1640 0.9997348802 0.2180194212 0.0870810928
1641 0.9997348802 0.2269645732 0.08017421646
1642 0.9997348802 0.217856131 0.0897411877
1643 0.9997348802 0.239989851 0.09063449461
1644 0.9997348802 0.2437223999 0.09016129304
1645 0.9997348802 0.2255372622 0.07650849705
1646 0.9997348802 0.2140744575 0.0733920161
1647 0.9997348802 0.2231197701 0.07931929709
1648 0.9997348802 0.2296314925 0.07767048323
1649 0.9997348802 0.2624393529 0.09591195282
1650 0.9997348802 0.2757235336 0.106149465
1651 0.9997348802 0.2797594539 0.1126553176
1652 0.9997348802 0.2483365594 0.1052767972
1653 0.9997348802 0.2473698917 0.1018612305
1654 0.9997348802 0.2559838516 0.09282692521
1655 0.9997348802 0.2139649764 0.09585892528
1656 0.9997348802 0.2202024175 0.09063259018
1657 0.9997348802 0.2069706601 0.07627680121
1658 0.9997348802 0.1740968873 0.07556441349
1659 0.9997348802 0.1895944964 0.08688620393
1660 0.9997348802 0.1868791734 0.07982268123
1661 0.9997348802 0.2272461881 0.1061900329
1662 0.9997348802 0.2529975181 0.09986835086
1663 0.9997348802 0.2607045378 0.1167552362
1664 0.9997348802 0.224526749 0.09210443934
1665 0.9997348802 0.252523346 0.105920634
1666 0.9997348802 0.2064961087 0.08298941462
1667 0.9997348802 0.2314834306 0.09715408258
1668 0.9997348802 0.2228388989 0.09740304319
1669 0.9997348802 0.2166797875 0.09311703927
1670 0.9997348802 0.214200984 0.08556692059
1671 0.9997348802 0.2065273696 0.0886819561
1672 0.9997348802 0.2219030818 0.08831332634
1673 0.9997348802 0.1889727911 0.0813118672
1674 0.9997348802 0.1655768852 0.08411534375
1675 0.9997348802 0.1448055459 0.07969374735
1676 0.9997348802 0.1445501695 0.07342941179
1677 0.9997348802 0.1549231881 0.07341040349
1678 0.9997348802 0.2104540542 0.1054682335
1679 0.9997348802 0.2245728347 0.1047680692
1680 0.9997348802 0.1871151769 0.09409335919
1681 0.9997348802 0.1763153259 0.07953720289
1682 0.9997348802 0.1865330635 0.08893898429
1683 0.9997348802 0.1749051006 0.08105822908
1684 0.9997348802 0.1631108355 0.07215333312
1685 0.9997348802 0.1887656147 0.08133495337
1686 0.9997348802 0.1851369595 0.08248575786
1687 0.9997348802 0.1746185311 0.07544021654
1688 0.9997348802 0.2025721841 0.09424239354
1689 0.9997348802 0.201968718 0.09120420363
1690 0.9997348802 0.2241423226 0.09697342865
1691 0.9997348802 0.2026319401 0.08648763142
1692 0.9997348802 0.2221511925 0.1023224081
1693 0.9997348802 0.2277915068 0.0952531927
1694 0.9997348802 0.2476429186 0.107031321
1695 0.9997348802 0.2244037758 0.0877181522
1696 0.9997348802 0.211166041 0.08898115863
1697 0.9997392061 0.2055835843 0.08378384823
1698 0.9997392061 0.1956566327 0.08627904928
1699 0.9997392061 0.1683777613 0.08482557919
1700 0.9997392061 0.2040533334 0.09396617123
1701 0.9997392061 0.2125799646 0.08858335504
1702 0.9997392061 0.2224517903 0.09423627126
1703 0.9997392061 0.1918945236 0.07855566723
1704 0.9997392061 0.1955255464 0.07664321201
1705 0.9997392061 0.1938718588 0.07619851186
1706 0.9997734245 0.212726932 0.08384036632
1707 0.9997734245 0.2239637887 0.08482015113
1708 0.9997734245 0.2424503375 0.09107725724
1709 0.9997734245 0.1934798005 0.08815116624
1710 0.9997734245 0.1929375964 0.08765154701
1711 0.9997734245 0.2126221637 0.08264138897
1712 0.9997734245 0.2218298959 0.08524099167
1713 0.9997734245 0.2217344412 0.08842451375
1714 0.9997734245 0.1877647784 0.08986845669
1715 0.9997734245 0.1827293522 0.08436867031
1716 0.9997734245 0.184303604 0.08467856351
1717 0.9997734245 0.2049065547 0.09364122
1718 0.9997734245 0.1941215095 0.08582648398
1719 0.9997734245 0.2393680305 0.108847358
1720 0.9997734245 0.1876843975 0.08399010353
1721 0.9997734245 0.1654588597 0.07643490506
1722 0.9997734245 0.1543408018 0.06910525703
1723 0.9997734245 0.1946703515 0.08914638427
1724 0.9997734245 0.1965768313 0.08901552359
1725 0.9997734245 0.2492886796 0.1103180401
1726 0.9997734245 0.2220697974 0.09494978816
1727 0.9997734245 0.1933376065 0.08573335432
1728 0.9997734245 0.1883401133 0.08040840507
1729 0.9997734245 0.2235538916 0.09660798006
1730 0.9997734245 0.1918319729 0.08763716819
1731 0.9997734245 0.1943820361 0.07703579743
1732 0.9997734245 0.1823587378 0.07775742438
1733 0.9997734245 0.1931800463 0.08042386521
1734 0.9997734245 0.1730095841 0.07162775559
1735 0.9997734245 0.18650317 0.08798114692
1736 0.9997734245 0.2068399076 0.09646129171
1737 0.9997734245 0.1905867528 0.08431128609
1738 0.9997734245 0.1548728911 0.08160438109
1739 0.9997734245 0.1508625852 0.07165758506
1740 0.9997734245 0.1447330209 0.07507840614
1741 0.9997734245 0.1501035686 0.07009153647
1742 0.9997734245 0.1594777455 0.07418866069
1743 0.9997734245 0.1300142402 0.06160348779
1744 0.9997734245 0.1414405095 0.06761915757
1745 0.9997734245 0.1544333841 0.07629741689
1746 0.9997734245 0.1892733349 0.08748710786
1747 0.9997734245 0.1590679511 0.07837729199
1748 0.9997734245 0.1519990234 0.07366025566
1749 0.9997734245 0.1898942282 0.08750603454
1750 0.9997734245 0.1734971829 0.07728679402
1751 0.9997734245 0.1412997602 0.06355061703
1752 0.9997734245 0.1807847267 0.08167890871
1753 0.9997734245 0.2096686916 0.09353633559
1754 0.9997734245 0.1957391148 0.08478472642
1755 0.9997734245 0.2101841765 0.09787020659
1756 0.9997734245 0.1874865079 0.08267461035
1757 0.9997734245 0.2078759775 0.0913011932
1758 0.9997734245 0.2054329287 0.08848377284
1759 0.9997734245 0.2163004354 0.08475057098
1760 0.9997734245 0.1861699696 0.08080656448
1761 0.9997734245 0.1989024992 0.08328122369
1762 0.9997734245 0.1902557513 0.07995806828
1763 0.9997734245 0.230981852 0.08756705403
1764 0.9997734245 0.1988931873 0.08011288382
1765 0.9997734245 0.2000116977 0.08622686103
1766 0.9997734245 0.2103044576 0.08892402029
1767 0.9997734245 0.2076947587 0.08712932463
1768 0.9997734245 0.2112323434 0.08078370197
1769 0.9997734245 0.2032427966 0.08592701655
1770 0.9997734245 0.2265425488 0.1059249294
1771 0.9997734245 0.2383042905 0.09034578308
1772 0.9997734245 0.2709651993 0.1109779891
1773 0.9997734245 0.2308340757 0.09030944439
1774 0.9997734245 0.2085111694 0.08922042556
1775 0.9997734245 0.1908707099 0.08011590459
1776 0.9997734245 0.1982109344 0.08546370993
1777 0.9997734245 0.207382686 0.08663759081
1778 0.9997734245 0.193897724 0.08400399498
1779 0.9997734245 0.1774181807 0.06904691462
1780 0.9997734245 0.1967278672 0.08229534994
1781 0.9997734245 0.2379848676 0.1025844128
1782 0.9997734245 0.2201425779 0.08750413554
1783 0.9997734245 0.1990450874 0.07497924226
1784 0.9997734245 0.188988732 0.07810895757
1785 0.9997734245 0.2021036892 0.07301042213
1786 0.9997734245 0.2018835014 0.07698496036
1787 0.9997734245 0.2081072033 0.06987616089
1788 0.9997734245 0.2033454446 0.07977547421
1789 0.9997734245 0.1886894416 0.07346128729
1790 0.9997734245 0.194367332 0.07882593884
1791 0.9997734245 0.1876869392 0.07668697073
1792 0.9997734245 0.1807247088 0.07943612403
1793 0.9997734245 0.213993495 0.09986095717
1794 0.9997734245 0.1769656692 0.07386836674
1795 0.9997734245 0.1918268184 0.0817179006
1796 0.9997734245 0.1719395675 0.07146451657
1797 0.9997734245 0.1674957377 0.06871095255
1798 0.9997734245 0.1839413559 0.07287416606
1799 0.9997734245 0.2403552883 0.1055971832
1800 0.9997734245 0.2206316172 0.09345726148
1801 0.9997734245 0.2190899617 0.0990712546
1802 0.9997734245 0.2179280426 0.1080550795
1803 0.9997734245 0.242879881 0.1000755931
1804 0.9997734245 0.256775249 0.1057536664
1805 0.9997734245 0.2346893958 0.09491898414
1806 0.9997734245 0.2388530704 0.1068668181
1807 0.9997734245 0.2539533819 0.09726664961
1808 0.9997734245 0.1902134567 0.08138089701
1809 0.9997734245 0.193171736 0.09172212128
1810 0.9997734245 0.1727229684 0.07893008104
1811 0.9997734245 0.1571842031 0.07120772604
1812 0.9997734245 0.18114291 0.07894431101
1813 0.9997734245 0.1840155496 0.07727238351
1814 0.9997734245 0.170939341 0.08130510736
1815 0.9997734245 0.1874737571 0.0938307605
1816 0.9997734245 0.1740695332 0.07871586216
1817 0.9997734245 0.1561591549 0.07172265132
1818 0.9997734245 0.1805628332 0.08941329464
1819 0.9997734245 0.1767593979 0.09296092094
1820 0.9997734245 0.1875636807 0.08726080684
1821 0.9997734245 0.2045847483 0.08455463202
1822 0.9997734245 0.2047314441 0.08206296768
1823 0.9997734245 0.1948502191 0.07333655001
1824 0.9997734245 0.1906318883 0.08746682526
1825 0.9997734245 0.2042665757 0.08932157011
1826 0.9997734245 0.1934097897 0.083322745
1827 0.9997734245 0.1780611179 0.08238926298
1828 0.9997734245 0.1952435642 0.08963866523
1829 0.9997734245 0.1820042232 0.0831050783
1830 0.9997734245 0.193182962 0.0879995677
1831 0.9997734245 0.1860951667 0.06878184909
1832 0.9997734245 0.1854815706 0.06450858461
1833 0.9997734245 0.1697119585 0.0750860911
1834 0.9997889783 0.1931275153 0.07957693153
1835 0.9997889783 0.1816708607 0.08250378989
1836 0.9997889783 0.2323965341 0.09166746668
1837 0.9997889783 0.2249434717 0.09225641644
1838 0.9997889783 0.1869615208 0.07620783013
1839 0.9997889783 0.2348285039 0.08787382861
1840 0.9997889783 0.2079844716 0.08580166135
1841 0.9997889783 0.2129503014 0.09777271984
1842 0.9997889783 0.2008165273 0.09112105337
1843 0.9997889783 0.1914419276 0.08746224808
1844 0.9997889783 0.1978561945 0.08992215802
1845 0.9997889783 0.2408898556 0.09774215202
1846 0.9997889783 0.1761032661 0.0735601626
1847 0.9997889783 0.188718393 0.08280400126
1848 0.9997889783 0.1831468938 0.08617399789
1849 0.9997889783 0.1758719891 0.086069046
1850 0.9997889783 0.1513119907 0.08346622084
1851 0.9997889783 0.171124859 0.09022093308
1852 0.9997889783 0.1873434336 0.0886865187
1853 0.9997889783 0.2060328142 0.09790871278
1854 0.9997889783 0.1966710508 0.08670602869
1855 0.9997889783 0.1979416652 0.09383602902
1856 0.9997889783 0.2301557169 0.1080460487
1857 0.9997889783 0.2179876215 0.08651767617
1858 0.9997889783 0.1879604422 0.0818712061
1859 0.9997889783 0.1694871319 0.08123184332
1860 0.9997889783 0.1970692953 0.08840489254
1861 0.9997889783 0.2049075909 0.08195721438
1862 0.9997889783 0.1965046618 0.08837519313
1863 0.9997889783 0.1919106805 0.0887495958
1864 0.9997889783 0.1704233825 0.06625314133
1865 0.9997889783 0.1811426067 0.07370934784
1866 0.9997889783 0.1685999374 0.0769895048
1867 0.9997889783 0.1949627612 0.08053582546
1868 0.9997889783 0.2077960157 0.09300829552
1869 0.9997889783 0.2135994741 0.08862181332
1870 0.9997889783 0.1805177571 0.07685248128
1871 0.9997889783 0.2258914345 0.08705827493
1872 0.9997889783 0.205584066 0.07793965572
1873 0.9997889783 0.2244411198 0.08493051196
1874 0.9997889783 0.1901133682 0.08728374093
1875 0.9997889783 0.1861465238 0.07305953507
1876 0.9997889783 0.1735157497 0.06484071618
1877 0.9997889783 0.1826119371 0.07142980362
1878 0.9997889783 0.1732668487 0.06982633576
1879 0.9997889783 0.183136904 0.07474249965
1880 0.9997889783 0.1774062924 0.07706039221
1881 0.9997889783 0.2129249961 0.07870742576
1882 0.9997889783 0.2498175814 0.08109626201
1883 0.9997889783 0.2429915975 0.08620502242
1884 0.9997889783 0.2379548406 0.0965294212
1885 0.9997889783 0.2536037567 0.08969911259
1886 0.9997889783 0.2543443806 0.09979301529
1887 0.9997889783 0.2824737546 0.1011232793
1888 0.9997889783 0.234535505 0.08781744627
1889 0.9997889783 0.231973207 0.08478370457
1890 0.9997889783 0.2249280456 0.07937701528
1891 0.9997889783 0.2212539462 0.09119557889
1892 0.9997889783 0.2208982498 0.09565611872
1893 0.9997889783 0.2542522574 0.08391991707
1894 0.9997889783 0.2518826578 0.09671275
1895 0.9997889783 0.2788879803 0.1123961065
1896 0.9997889783 0.2067851831 0.07782386493
1897 0.9997889783 0.2237350721 0.08629937186
1898 0.9997889783 0.2176465518 0.07988745571
1899 0.9997889783 0.2123273342 0.08758201979
1900 0.9997889783 0.2267443481 0.09645105369
1901 0.9997889783 0.2342748348 0.09474390632
1902 0.9997889783 0.2105733993 0.07916940167
1903 0.9997889783 0.1960610631 0.07417792298
1904 0.9997889783 0.2023297904 0.0874365994
1905 0.9997889783 0.1676072577 0.07650060111
1906 0.9997889783 0.142302435 0.06598415541
1907 0.9997889783 0.1578160975 0.07569129281
1908 0.9997889783 0.1651589346 0.07949444311
1909 0.9997889783 0.1793102891 0.08527833386
1910 0.9997889783 0.1733788553 0.07509927275
1911 0.9997889783 0.1660180344 0.07950542233
1912 0.9997889783 0.1792964904 0.08175722544
1913 0.9997889783 0.2202311499 0.1004169586
1914 0.9997889783 0.185376316 0.08249243049
1915 0.9997889783 0.216029623 0.08398009504
1916 0.9997889783 0.1956286828 0.07674001615
1917 0.9997889783 0.2159619755 0.0795432044
1918 0.9997889783 0.2091721064 0.08483193911
1919 0.9997889783 0.1956490145 0.08108855528
1920 0.9997889783 0.2214241427 0.08412860476
1921 0.9997889783 0.1943072621 0.09085687019
1922 0.9997889783 0.2001068564 0.09540355741
1923 0.9997889783 0.2456920087 0.0962496057
1924 0.9997889783 0.2280929401 0.1030918329
1925 0.9997889783 0.2416719939 0.1058359705
1926 0.9997889783 0.2295185523 0.1079757089
1927 0.9997889783 0.2078960964 0.08793450434
1928 0.9997889783 0.2089566417 0.09017500678
1929 0.9997889783 0.1778742381 0.07773082923
1930 0.9997889783 0.1847583266 0.08907291451
1931 0.9997889783 0.1783617765 0.08669158738
1932 0.9997889783 0.1900065176 0.0803903687
1933 0.9997889783 0.1856704041 0.08248980659
1934 0.9997889783 0.2046534224 0.09517479043
1935 0.9997889783 0.2159701547 0.0950325953
1936 0.9997889783 0.2043522817 0.08986297477
1937 0.9997889783 0.195865818 0.08364165143
1938 0.9997889783 0.1900253493 0.08408425858
1939 0.9997889783 0.2054537601 0.08634388829
1940 0.9997889783 0.2143933928 0.08907544871
1941 0.9997889783 0.1811753532 0.07729886799
1942 0.9997889783 0.1544810096 0.07008238919
1943 0.9997889783 0.1674799894 0.07414696739
1944 0.9997889783 0.1839734862 0.07697295543
1945 0.9997889783 0.1798021831 0.07906885615
1946 0.9997889783 0.2121306713 0.08667058497
1947 0.9997889783 0.1994379911 0.08776690089
1948 0.9997889783 0.2131391303 0.09892387602
1949 0.9997889783 0.1929469998 0.09132323677
1950 0.9997889783 0.1942283193 0.08802850734
1951 0.9997889783 0.1944660391 0.08795654781
1952 0.9997889783 0.2036037967 0.08748112994
1953 0.9997889783 0.1914175497 0.07886380502
1954 0.9997889783 0.1563077183 0.07456165532
1955 0.9997889783 0.1865256143 0.08875135608
1956 0.9997889783 0.1973129925 0.09062103271
1957 0.9997889783 0.2056687917 0.1005759975
1958 0.9997889783 0.2130728557 0.0895421825
1959 0.9997889783 0.2209345925 0.09039650164
1960 0.9997889783 0.2324072562 0.09024515369
1961 0.9997889783 0.21830156 0.07795347506
1962 0.9997889783 0.2193821239 0.08671578667
1963 0.9997889783 0.2286609867 0.09067132102
1964 0.9997889783 0.1992937997 0.08247494521
1965 0.9997889783 0.1991050198 0.084805565
1966 0.9997889783 0.1683552471 0.07646253963
1967 0.9997889783 0.1649916877 0.07902110831
1968 0.9997889783 0.1748107976 0.07842977186
1969 0.9997889783 0.1896400098 0.08674049657
1970 0.9997889783 0.2002124618 0.08806521171
1971 0.9997889783 0.2044960977 0.09354587522
1972 0.9997889783 0.1422713479 0.06785521466
1973 0.9997889783 0.185147578 0.08394052258
1974 0.9997889783 0.1787824819 0.08247284306
1975 0.9997889783 0.1878869127 0.09027102776
1976 0.9997889783 0.2184474738 0.09885531443
1977 0.9997889783 0.2023421731 0.09222494376
1978 0.9997889783 0.2362598021 0.102553008
1979 0.9997889783 0.189523106 0.08051638694
1980 0.9997889783 0.1895311154 0.07506918874
1981 0.9997889783 0.1909167593 0.07866270147
1982 0.9997889783 0.1994993679 0.08195822675
1983 0.9997889783 0.1899369799 0.07556642039
1984 0.9997889783 0.1884730629 0.08085278584
1985 0.9997889783 0.1816428464 0.08528443147
1986 0.9997889783 0.1823905036 0.0839763384
1987 0.9997889783 0.1592223784 0.07039613627
1988 0.9997889783 0.2139276264 0.09720867216
1989 0.9997889783 0.2094473438 0.09569117391
1990 0.9997889783 0.2211188279 0.1031328477
1991 0.9997889783 0.2097499949 0.09667004387
1992 0.9997889783 0.1776838308 0.08775384016
1993 0.9997889783 0.1989841382 0.09151945004
1994 0.9997889783 0.1893855908 0.08575095587
1995 0.9997889783 0.1771618718 0.08132506434
1996 0.9997889783 0.196630198 0.07070650891
1997 0.9997889783 0.2152695989 0.07456969953
1998 0.9997889783 0.1940702496 0.07739815558
1999 0.9997889783 0.2031337083 0.0756112983
2000 0.9997889783 0.200206691 0.07427873765
