9.634260000000000046e-01 9.635179999999999856e-01 9.633049999999999669e-01 9.635690000000000088e-01 9.642309999999999492e-01 9.653479999999999839e-01 9.634829999999999783e-01 9.640849999999999698e-01
9.652800000000000269e-01 9.653960000000000319e-01 9.653019999999999934e-01 9.655430000000000401e-01 9.661880000000000468e-01 9.651459999999999484e-01 9.633080000000000531e-01 9.632960000000000411e-01
9.651239999999999819e-01 9.650539999999999674e-01 9.656299999999999883e-01 9.633389999999999453e-01 9.634179999999999966e-01 9.651450000000000307e-01 9.633140000000000036e-01 9.638170000000000348e-01
9.638470000000000093e-01 9.634190000000000254e-01 9.644120000000000470e-01 9.653829999999999911e-01 9.652450000000000196e-01 9.634730000000000238e-01 9.634519999999999751e-01 9.637459999999999916e-01
9.644509999999999472e-01 9.640370000000000328e-01 9.660570000000000546e-01 9.649050000000000127e-01 9.649809999999999777e-01 9.650149999999999562e-01 9.637829999999999453e-01 9.663429999999999520e-01
9.635519999999999641e-01 9.640410000000000368e-01 9.634139999999999926e-01 9.649699999999999944e-01 9.642720000000000180e-01 9.648189999999999822e-01 9.658229999999999871e-01 9.633869999999999933e-01
9.650670000000000082e-01 9.655679999999999819e-01 9.660039999999999738e-01 9.633199999999999541e-01 9.637329999999999508e-01 9.636710000000000553e-01 9.644669999999999632e-01 9.634620000000000406e-01
9.653880000000000239e-01 9.634949999999999903e-01 9.653169999999999806e-01 9.639710000000000223e-01 9.632939999999999836e-01 9.648459999999999814e-01 9.651170000000000027e-01 9.652129999999999876e-01
9.652039999999999509e-01 9.651939999999999964e-01 9.655820000000000514e-01 9.640419999999999545e-01 9.634270000000000334e-01 9.635019999999999696e-01 9.653920000000000279e-01 9.641210000000000058e-01
9.652260000000000284e-01 9.650760000000000449e-01 9.653969999999999496e-01 9.663030000000000230e-01 9.639250000000000318e-01 9.659470000000000001e-01 9.651939999999999964e-01 9.633850000000000469e-01
9.644960000000000200e-01 9.649799999999999489e-01 9.652009999999999756e-01 9.640480000000000160e-01 9.636510000000000353e-01 9.649600000000000399e-01 9.645479999999999610e-01 9.638839999999999630e-01
9.645240000000000480e-01 9.648809999999999887e-01 9.655179999999999874e-01 9.633310000000000484e-01 9.652779999999999694e-01 9.649480000000000279e-01 9.635979999999999546e-01 9.661830000000000140e-01
9.640999999999999570e-01 9.645280000000000520e-01 9.645420000000000105e-01 9.649780000000000024e-01 9.647000000000000020e-01 9.633659999999999446e-01 9.651530000000000387e-01 9.643950000000000022e-01
9.644869999999999832e-01 9.650469999999999882e-01 9.643760000000000110e-01 9.645029999999999992e-01 9.640609999999999458e-01 9.649879999999999569e-01 9.632979999999999876e-01 9.638729999999999798e-01
9.650339999999999474e-01 9.633869999999999933e-01 9.633099999999999996e-01 9.646850000000000147e-01 9.634329999999999838e-01 9.636510000000000353e-01 9.649849999999999817e-01 9.649510000000000032e-01
9.646860000000000435e-01 9.648280000000000189e-01 9.635989999999999833e-01 9.663310000000000510e-01 9.645880000000000010e-01 9.634099999999999886e-01 9.644709999999999672e-01 9.648860000000000214e-01
9.635129999999999528e-01 9.639750000000000263e-01 9.645099999999999785e-01 9.635960000000000081e-01 9.633699999999999486e-01 9.633159999999999501e-01 9.650760000000000449e-01 9.653030000000000221e-01
9.634249999999999758e-01 9.646430000000000282e-01 9.660170000000000146e-01 9.654000000000000359e-01 9.634819999999999496e-01 9.634880000000000111e-01 9.649210000000000287e-01 9.644359999999999600e-01
9.633159999999999501e-01 9.635439999999999561e-01 9.663399999999999768e-01 9.646160000000000290e-01 9.645690000000000097e-01 9.637210000000000498e-01 9.649130000000000207e-01 9.634019999999999806e-01
9.658719999999999528e-01 9.641499999999999515e-01 9.649579999999999824e-01 9.643779999999999575e-01 9.657959999999999878e-01 9.633450000000000069e-01 9.633810000000000429e-01 9.647559999999999469e-01
9.633639999999999981e-01 9.633049999999999669e-01 9.643439999999999790e-01 9.644749999999999712e-01 9.653939999999999744e-01 9.653690000000000326e-01 9.649370000000000447e-01 9.648489999999999567e-01
9.633429999999999493e-01 9.660499999999999643e-01 9.636230000000000073e-01 9.653880000000000239e-01 9.634829999999999783e-01 9.639649999999999608e-01 9.652889999999999526e-01 9.637750000000000483e-01
9.651049999999999907e-01 9.652370000000000116e-01 9.650560000000000249e-01 9.633469999999999533e-01 9.633199999999999541e-01 9.636209999999999498e-01 9.634700000000000486e-01 9.649900000000000144e-01
9.643950000000000022e-01 9.633770000000000389e-01 9.647900000000000365e-01 9.638989999999999503e-01 9.652389999999999581e-01 9.633119999999999461e-01 9.660140000000000393e-01 9.638069999999999693e-01
9.647759999999999669e-01 9.634049999999999558e-01 9.655099999999999794e-01 9.634660000000000446e-01 9.647120000000000140e-01 9.653979999999999784e-01 9.649590000000000112e-01 9.646249999999999547e-01
9.656179999999999763e-01 9.648590000000000222e-01 9.653690000000000326e-01 9.644279999999999520e-01 9.651999999999999469e-01 9.639480000000000270e-01 9.653680000000000039e-01 9.650499999999999634e-01
9.652880000000000349e-01 9.643920000000000270e-01 9.646660000000000235e-01 9.641199999999999770e-01 9.656320000000000459e-01 9.653150000000000341e-01 9.634779999999999456e-01 9.645310000000000272e-01
9.635759999999999881e-01 9.636439999999999451e-01 9.653819999999999624e-01 9.647700000000000164e-01 9.661319999999999908e-01 9.660940000000000083e-01 9.636139999999999706e-01 9.653450000000000086e-01
9.652290000000000036e-01 9.643829999999999902e-01 9.656489999999999796e-01 9.659950000000000481e-01 9.640919999999999490e-01 9.634540000000000326e-01 9.660800000000000498e-01 9.663289999999999935e-01
9.635259999999999936e-01 9.656590000000000451e-01 9.633500000000000396e-01 9.635550000000000503e-01 9.640300000000000535e-01 9.651819999999999844e-01 9.637890000000000068e-01 9.636599999999999611e-01
9.642699999999999605e-01 9.652899999999999814e-01 9.663450000000000095e-01 9.646430000000000282e-01 9.645799999999999930e-01 9.640640000000000320e-01 9.661589999999999900e-01 9.653110000000000301e-01
9.637200000000000211e-01 9.662680000000000158e-01 9.651870000000000172e-01 9.646529999999999827e-01 9.636810000000000098e-01 9.640910000000000313e-01 9.656879999999999908e-01 9.642490000000000228e-01
9.646850000000000147e-01 9.633169999999999789e-01 9.634850000000000358e-01 9.643049999999999677e-01 9.652330000000000076e-01 9.632910000000000084e-01 9.647719999999999629e-01 9.659259999999999513e-01
9.659590000000000121e-01 9.646599999999999620e-01 9.633890000000000509e-01 9.662370000000000125e-01 9.633739999999999526e-01 9.636780000000000346e-01 9.642840000000000300e-01 9.634730000000000238e-01
9.649609999999999577e-01 9.643880000000000230e-01 9.653880000000000239e-01 9.634099999999999886e-01 9.639699999999999935e-01 9.633340000000000236e-01 9.661659999999999693e-01 9.654549999999999521e-01
9.649489999999999457e-01 9.649219999999999464e-01 9.644470000000000542e-01 9.634049999999999558e-01 9.636799999999999811e-01 9.645610000000000017e-01 9.643059999999999965e-01 9.650210000000000177e-01
9.636479999999999491e-01 9.642519999999999980e-01 9.660699999999999843e-01 9.633629999999999693e-01 9.645590000000000552e-01 9.637620000000000076e-01 9.656550000000000411e-01 9.639689999999999648e-01
9.634660000000000446e-01 9.653969999999999496e-01 9.635369999999999768e-01 9.648719999999999519e-01 9.633490000000000109e-01 9.638750000000000373e-01 9.653300000000000214e-01 9.634329999999999838e-01
9.643410000000000037e-01 9.635209999999999608e-01 9.642560000000000020e-01 9.635390000000000343e-01 9.642610000000000348e-01 9.647989999999999622e-01 9.661189999999999500e-01 9.634340000000000126e-01
9.633359999999999701e-01 9.639579999999999815e-01 9.652230000000000532e-01 9.650990000000000402e-01 9.633059999999999956e-01 9.635160000000000391e-01 9.633639999999999981e-01 9.662060000000000093e-01
9.660490000000000466e-01 9.635599999999999721e-01 9.653260000000000174e-01 9.635029999999999983e-01 9.651830000000000132e-01 9.652089999999999836e-01 9.634420000000000206e-01 9.644920000000000160e-01
9.633040000000000491e-01 9.648240000000000149e-01 9.653950000000000031e-01 9.646109999999999962e-01 9.650069999999999482e-01 9.648689999999999767e-01 9.640239999999999920e-01 9.649710000000000232e-01
9.640379999999999505e-01 9.633709999999999773e-01 9.635500000000000176e-01 9.643869999999999942e-01 9.653030000000000221e-01 9.645059999999999745e-01 9.646470000000000322e-01 9.637360000000000371e-01
9.632990000000000164e-01 9.652739999999999654e-01 9.663380000000000303e-01 9.644420000000000215e-01 9.653669999999999751e-01 9.645569999999999977e-01 9.653019999999999934e-01 9.662209999999999965e-01
9.634230000000000294e-01 9.653680000000000039e-01 9.662570000000000325e-01 9.643300000000000205e-01 9.652619999999999534e-01 9.648889999999999967e-01 9.644650000000000167e-01 9.649739999999999984e-01
9.653690000000000326e-01 9.637829999999999453e-01 9.660959999999999548e-01 9.653350000000000541e-01 9.653819999999999624e-01 9.633720000000000061e-01 9.647360000000000380e-01 9.641899999999999915e-01
9.633770000000000389e-01 9.654000000000000359e-01 9.639480000000000270e-01 9.636219999999999786e-01 9.663410000000000055e-01 9.633399999999999741e-01 9.640290000000000248e-01 9.662760000000000238e-01
9.633119999999999461e-01 9.646930000000000227e-01 9.634059999999999846e-01 9.648419999999999774e-01 9.637320000000000331e-01 9.663439999999999808e-01 9.660520000000000218e-01 9.639619999999999855e-01
9.658870000000000511e-01 9.634329999999999838e-01 9.640900000000000025e-01 9.634300000000000086e-01 9.636149999999999993e-01 9.652990000000000181e-01 9.633779999999999566e-01 9.649199999999999999e-01
9.643450000000000077e-01 9.648079999999999989e-01 9.650750000000000162e-01 9.645439999999999570e-01 9.633490000000000109e-01 9.653859999999999664e-01 9.652840000000000309e-01 9.634939999999999616e-01
9.655669999999999531e-01 9.653859999999999664e-01 9.663279999999999648e-01 9.653180000000000094e-01 9.649189999999999712e-01 9.649269999999999792e-01 9.642249999999999988e-01 9.633599999999999941e-01
9.637350000000000083e-01 9.645120000000000360e-01 9.641260000000000385e-01 9.633000000000000451e-01 9.647890000000000077e-01 9.653300000000000214e-01 9.644439999999999680e-01 9.642180000000000195e-01
9.654939999999999634e-01 9.644509999999999472e-01 9.653300000000000214e-01 9.635329999999999728e-01 9.646719999999999740e-01 9.652699999999999614e-01 9.661819999999999853e-01 9.640300000000000535e-01
9.646329999999999627e-01 9.652399999999999869e-01 9.651389999999999691e-01 9.651030000000000442e-01 9.644439999999999680e-01 9.634200000000000541e-01 9.635820000000000496e-01 9.641159999999999730e-01
9.642889999999999517e-01 9.637019999999999476e-01 9.635270000000000223e-01 9.648149999999999782e-01 9.654000000000000359e-01 9.652089999999999836e-01 9.635709999999999553e-01 9.633450000000000069e-01
9.639919999999999600e-01 9.633030000000000204e-01 9.634890000000000398e-01 9.635169999999999568e-01 9.646090000000000497e-01 9.652140000000000164e-01 9.649790000000000312e-01 9.635770000000000168e-01
9.646230000000000082e-01 9.641720000000000290e-01 9.634500000000000286e-01 9.650229999999999642e-01 9.662600000000000078e-01 9.650779999999999914e-01 9.635240000000000471e-01 9.640349999999999753e-01
9.646919999999999940e-01 9.652349999999999541e-01 9.636019999999999586e-01 9.641189999999999483e-01 9.645960000000000090e-01 9.646799999999999820e-01 9.655089999999999506e-01 9.662129999999999885e-01
9.635590000000000543e-01 9.636430000000000273e-01 9.646510000000000362e-01 9.649689999999999657e-01 9.633770000000000389e-01 9.637470000000000203e-01 9.651490000000000347e-01 9.648470000000000102e-01
9.651619999999999644e-01 9.652770000000000516e-01 9.639269999999999783e-01 9.638910000000000533e-01 9.655979999999999563e-01 9.650699999999999834e-01 9.649790000000000312e-01 9.635289999999999688e-01
9.634120000000000461e-01 9.635259999999999936e-01 9.642530000000000268e-01 9.633730000000000349e-01 9.640809999999999658e-01 9.633909999999999973e-01 9.640950000000000353e-01 9.633479999999999821e-01
9.661509999999999820e-01 9.634249999999999758e-01 9.636299999999999866e-01 9.637029999999999763e-01 9.661269999999999580e-01 9.647860000000000325e-01 9.653140000000000054e-01 9.633399999999999741e-01
9.634519999999999751e-01 9.638349999999999973e-01 9.634080000000000421e-01 9.634759999999999991e-01 9.650859999999999994e-01 9.637219999999999676e-01 9.653610000000000246e-01 9.661159999999999748e-01
9.663239999999999608e-01 9.638020000000000476e-01 9.633009999999999629e-01 9.656270000000000131e-01 9.649130000000000207e-01 9.633099999999999996e-01 9.633049999999999669e-01 9.634740000000000526e-01
9.633549999999999613e-01 9.651960000000000539e-01 9.653340000000000254e-01 9.635780000000000456e-01 9.633840000000000181e-01 9.660189999999999610e-01 9.655280000000000529e-01 9.639659999999999895e-01
9.650379999999999514e-01 9.647430000000000172e-01 9.633059999999999956e-01 9.636050000000000448e-01 9.633019999999999916e-01 9.633249999999999869e-01 9.642070000000000363e-01 9.650389999999999802e-01
9.633000000000000451e-01 9.646139999999999715e-01 9.654909999999999881e-01 9.634719999999999951e-01 9.653289999999999926e-01 9.635160000000000391e-01 9.645049999999999457e-01 9.653220000000000134e-01
9.639569999999999528e-01 9.647360000000000380e-01 9.656449999999999756e-01 9.633080000000000531e-01 9.649600000000000399e-01 9.635629999999999473e-01 9.652619999999999534e-01 9.661729999999999485e-01
9.656000000000000139e-01 9.652469999999999661e-01 9.638299999999999645e-01 9.634869999999999823e-01 9.660419999999999563e-01 9.648609999999999687e-01 9.653519999999999879e-01 9.662789999999999990e-01
9.644319999999999560e-01 9.662079999999999558e-01 9.648170000000000357e-01 9.650309999999999722e-01 9.649450000000000527e-01 9.637520000000000531e-01 9.633230000000000404e-01 9.655139999999999834e-01
9.633519999999999861e-01 9.640060000000000295e-01 9.639450000000000518e-01 9.640980000000000105e-01 9.646339999999999915e-01 9.642469999999999652e-01 9.638520000000000421e-01 9.634239999999999471e-01
9.656639999999999668e-01 9.645989999999999842e-01 9.634260000000000046e-01 9.649889999999999857e-01 9.639750000000000263e-01 9.650039999999999729e-01 9.652220000000000244e-01 9.636759999999999771e-01
9.633659999999999446e-01 9.649950000000000472e-01 9.660919999999999508e-01 9.649739999999999984e-01 9.637820000000000276e-01 9.633000000000000451e-01 9.634629999999999583e-01 9.653840000000000199e-01
9.650640000000000329e-01 9.644190000000000262e-01 9.633049999999999669e-01 9.649240000000000039e-01 9.638759999999999550e-01 9.653509999999999591e-01 9.634519999999999751e-01 9.653180000000000094e-01
9.644329999999999847e-01 9.640720000000000400e-01 9.647780000000000244e-01 9.644760000000000000e-01 9.635660000000000336e-01 9.640870000000000273e-01 9.651889999999999636e-01 9.659379999999999633e-01
9.637250000000000538e-01 9.651849999999999596e-01 9.644080000000000430e-01 9.650400000000000089e-01 9.635200000000000431e-01 9.652779999999999694e-01 9.657670000000000421e-01 9.654009999999999536e-01
9.633099999999999996e-01 9.641499999999999515e-01 9.651220000000000354e-01 9.637940000000000396e-01 9.646749999999999492e-01 9.643319999999999670e-01 9.645369999999999777e-01 9.652420000000000444e-01
9.635080000000000311e-01 9.653990000000000071e-01 9.642209999999999948e-01 9.633540000000000436e-01 9.651140000000000274e-01 9.663380000000000303e-01 9.650760000000000449e-01 9.649299999999999544e-01
9.645569999999999977e-01 9.648489999999999567e-01 9.644420000000000215e-01 9.652910000000000101e-01 9.640480000000000160e-01 9.653920000000000279e-01 9.643450000000000077e-01 9.635070000000000023e-01
9.652150000000000452e-01 9.651429999999999731e-01 9.657010000000000316e-01 9.653620000000000534e-01 9.659550000000000081e-01 9.653469999999999551e-01 9.646970000000000267e-01 9.644599999999999840e-01
9.662049999999999805e-01 9.648700000000000054e-01 9.642619999999999525e-01 9.633580000000000476e-01 9.633089999999999709e-01 9.653850000000000486e-01 9.633840000000000181e-01 9.640339999999999465e-01
9.633380000000000276e-01 9.648539999999999894e-01 9.648189999999999822e-01 9.644209999999999727e-01 9.639320000000000110e-01 9.635610000000000008e-01 9.645000000000000240e-01 9.662870000000000070e-01
9.638449999999999518e-01 9.650699999999999834e-01 9.649400000000000199e-01 9.658750000000000391e-01 9.632920000000000371e-01 9.645759999999999890e-01 9.633540000000000436e-01 9.635240000000000471e-01
9.651220000000000354e-01 9.652539999999999454e-01 9.633899999999999686e-01 9.652199999999999669e-01 9.634390000000000454e-01 9.650290000000000257e-01 9.644399999999999640e-01 9.643260000000000165e-01
9.635599999999999721e-01 9.643180000000000085e-01 9.647850000000000037e-01 9.633450000000000069e-01 9.645040000000000280e-01 9.662389999999999590e-01 9.643720000000000070e-01 9.637660000000000116e-01
9.633169999999999789e-01 9.644490000000000007e-01 9.651849999999999596e-01 9.652969999999999606e-01 9.636390000000000233e-01 9.661499999999999533e-01 9.653720000000000079e-01 9.638830000000000453e-01
9.653929999999999456e-01 9.647839999999999749e-01 9.650239999999999929e-01 9.651380000000000514e-01 9.635580000000000256e-01 9.635599999999999721e-01 9.642119999999999580e-01 9.643310000000000493e-01
9.636670000000000513e-01 9.651870000000000172e-01 9.653739999999999544e-01 9.646080000000000210e-01 9.653340000000000254e-01 9.653880000000000239e-01 9.633899999999999686e-01 9.642399999999999860e-01
9.640699999999999825e-01 9.648309999999999942e-01 9.634399999999999631e-01 9.652389999999999581e-01 9.635430000000000383e-01 9.640919999999999490e-01 9.651960000000000539e-01 9.634000000000000341e-01
9.633319999999999661e-01 9.644890000000000407e-01 9.662840000000000318e-01 9.648889999999999967e-01 9.641950000000000243e-01 9.645390000000000352e-01 9.653779999999999584e-01 9.635080000000000311e-01
9.644850000000000367e-01 9.637219999999999676e-01 9.634650000000000158e-01 9.646759999999999780e-01 9.652209999999999956e-01 9.648689999999999767e-01 9.634310000000000374e-01 9.646789999999999532e-01
9.638459999999999805e-01 9.644369999999999887e-01 9.644369999999999887e-01 9.636019999999999586e-01 9.634970000000000478e-01 9.653920000000000279e-01 9.643180000000000085e-01 9.641790000000000083e-01
9.648079999999999989e-01 9.662239999999999718e-01 9.653939999999999744e-01 9.661699999999999733e-01 9.653599999999999959e-01 9.633059999999999956e-01 9.653570000000000206e-01 9.663150000000000350e-01
9.635359999999999481e-01 9.648330000000000517e-01 9.637639999999999540e-01 9.661370000000000235e-01 9.635989999999999833e-01 9.644610000000000127e-01 9.649069999999999592e-01 9.638189999999999813e-01
9.632960000000000411e-01 9.634979999999999656e-01 9.649229999999999752e-01 9.642309999999999492e-01 9.640100000000000335e-01 9.653300000000000214e-01 9.640790000000000193e-01 9.657970000000000166e-01
9.658280000000000198e-01 9.635939999999999506e-01 9.649370000000000447e-01 9.644559999999999800e-01 9.647160000000000180e-01 9.651129999999999987e-01 9.633760000000000101e-01 9.653770000000000406e-01
9.638409999999999478e-01 9.638069999999999693e-01 9.650969999999999827e-01 9.633669999999999733e-01 9.638400000000000301e-01 9.653530000000000166e-01 9.650609999999999467e-01 9.663319999999999688e-01
9.654989999999999961e-01 9.645390000000000352e-01 9.643410000000000037e-01 9.650440000000000129e-01 9.633669999999999733e-01 9.647050000000000347e-01 9.661629999999999940e-01 9.636540000000000106e-01
9.644949999999999912e-01 9.649830000000000352e-01 9.649149999999999672e-01 9.651429999999999731e-01 9.641170000000000018e-01 9.634989999999999943e-01 9.642509999999999692e-01 9.649860000000000104e-01
9.655669999999999531e-01 9.635089999999999488e-01 9.648449999999999527e-01 9.637970000000000148e-01 9.641690000000000538e-01 9.662880000000000358e-01 9.651440000000000019e-01 9.634099999999999886e-01
9.650140000000000384e-01 9.645160000000000400e-01 9.650560000000000249e-01 9.633699999999999486e-01 9.647139999999999604e-01 9.634580000000000366e-01 9.640309999999999713e-01 9.635080000000000311e-01
9.653979999999999784e-01 9.646099999999999675e-01 9.639290000000000358e-01 9.633410000000000029e-01 9.647569999999999757e-01 9.649410000000000487e-01 9.633890000000000509e-01 9.634000000000000341e-01
9.636310000000000153e-01 9.633230000000000404e-01 9.636510000000000353e-01 9.653340000000000254e-01 9.640910000000000313e-01 9.633140000000000036e-01 9.653059999999999974e-01 9.634220000000000006e-01
9.635700000000000376e-01 9.648039999999999949e-01 9.637940000000000396e-01 9.660520000000000218e-01 9.639769999999999728e-01 9.654209999999999736e-01 9.656909999999999661e-01 9.635749999999999593e-01
9.635249999999999648e-01 9.640889999999999738e-01 9.660729999999999595e-01 9.649790000000000312e-01 9.637419999999999876e-01 9.634570000000000078e-01 9.649919999999999609e-01 9.663420000000000343e-01
9.655280000000000529e-01 9.649090000000000167e-01 9.647719999999999629e-01 9.652260000000000284e-01 9.639419999999999655e-01 9.647040000000000060e-01 9.639189999999999703e-01 9.643270000000000453e-01
9.632979999999999876e-01 9.633840000000000181e-01 9.654110000000000191e-01 9.645660000000000345e-01 9.652230000000000532e-01 9.633239999999999581e-01 9.633059999999999956e-01 9.653559999999999919e-01
9.646439999999999459e-01 9.662870000000000070e-01 9.651480000000000059e-01 9.644340000000000135e-01 9.642309999999999492e-01 9.645620000000000305e-01 9.633279999999999621e-01 9.642359999999999820e-01
9.633580000000000476e-01 9.634430000000000494e-01 9.646449999999999747e-01 9.637679999999999580e-01 9.652530000000000276e-01 9.652119999999999589e-01 9.647999999999999909e-01 9.653920000000000279e-01
9.648369999999999447e-01 9.661030000000000451e-01 9.653019999999999934e-01 9.644559999999999800e-01 9.636489999999999778e-01 9.638820000000000165e-01 9.635200000000000431e-01 9.643530000000000157e-01
9.654009999999999536e-01 9.646649999999999947e-01 9.653150000000000341e-01 9.661499999999999533e-01 9.651030000000000442e-01 9.652950000000000141e-01 9.653279999999999639e-01 9.636919999999999931e-01
9.663399999999999768e-01 9.652840000000000309e-01 9.636409999999999698e-01 9.635329999999999728e-01 9.633380000000000276e-01 9.645730000000000137e-01 9.648910000000000542e-01 9.635219999999999896e-01
9.648499999999999854e-01 9.634270000000000334e-01 9.636259999999999826e-01 9.659780000000000033e-01 9.647160000000000180e-01 9.635000000000000231e-01 9.650560000000000249e-01 9.634040000000000381e-01
9.644460000000000255e-01 9.646160000000000290e-01 9.647529999999999717e-01 9.638370000000000548e-01 9.647649999999999837e-01 9.635869999999999713e-01 9.644749999999999712e-01 9.633209999999999829e-01
9.652330000000000076e-01 9.642199999999999660e-01 9.657970000000000166e-01 9.639109999999999623e-01 9.633869999999999933e-01 9.646270000000000122e-01 9.655899999999999483e-01 9.661330000000000195e-01
9.649879999999999569e-01 9.639860000000000095e-01 9.635510000000000463e-01 9.638339999999999685e-01 9.642579999999999485e-01 9.650830000000000242e-01 9.643610000000000237e-01 9.660910000000000331e-01
9.653150000000000341e-01 9.657839999999999758e-01 9.649330000000000407e-01 9.642619999999999525e-01 9.636540000000000106e-01 9.656190000000000051e-01 9.653389999999999471e-01 9.660830000000000251e-01
9.651539999999999564e-01 9.632950000000000124e-01 9.645979999999999555e-01 9.646139999999999715e-01 9.642370000000000108e-01 9.637890000000000068e-01 9.650830000000000242e-01 9.643500000000000405e-01
9.653420000000000334e-01 9.663359999999999728e-01 9.650790000000000202e-01 9.650360000000000049e-01 9.652100000000000124e-01 9.633760000000000101e-01 9.633920000000000261e-01 9.644540000000000335e-01
9.637890000000000068e-01 9.650090000000000057e-01 9.653969999999999496e-01 9.633279999999999621e-01 9.659739999999999993e-01 9.649309999999999832e-01 9.655430000000000401e-01 9.649759999999999449e-01
9.644340000000000135e-01 9.634289999999999798e-01 9.653410000000000046e-01 9.637799999999999701e-01 9.636219999999999786e-01 9.636390000000000233e-01 9.655179999999999874e-01 9.652410000000000156e-01
9.633190000000000364e-01 9.640889999999999738e-01 9.642300000000000315e-01 9.650680000000000369e-01 9.661560000000000148e-01 9.653500000000000414e-01 9.639440000000000230e-01 9.644749999999999712e-01
9.635909999999999753e-01 9.650100000000000344e-01 9.659809999999999786e-01 9.647689999999999877e-01 9.637019999999999476e-01 9.636040000000000161e-01 9.653859999999999664e-01 9.650469999999999882e-01
9.661530000000000395e-01 9.652410000000000156e-01 9.654890000000000416e-01 9.644810000000000327e-01 9.661929999999999685e-01 9.643899999999999695e-01 9.637320000000000331e-01 9.658849999999999936e-01
9.634409999999999918e-01 9.639299999999999535e-01 9.653639999999999999e-01 9.652690000000000436e-01 9.633089999999999709e-01 9.633199999999999541e-01 9.651589999999999892e-01 9.651129999999999987e-01
9.635320000000000551e-01 9.648099999999999454e-01 9.633150000000000324e-01 9.655390000000000361e-01 9.645650000000000057e-01 9.650109999999999522e-01 9.651859999999999884e-01 9.652089999999999836e-01
9.655030000000000001e-01 9.655660000000000354e-01 9.646989999999999732e-01 9.635479999999999601e-01 9.653939999999999744e-01 9.634350000000000414e-01 9.653599999999999959e-01 9.647310000000000052e-01
9.654850000000000376e-01 9.648390000000000022e-01 9.648860000000000214e-01 9.661210000000000075e-01 9.648189999999999822e-01 9.633969999999999478e-01 9.634430000000000494e-01 9.651809999999999556e-01
9.652100000000000124e-01 9.639900000000000135e-01 9.634489999999999998e-01 9.634049999999999558e-01 9.634220000000000006e-01 9.640509999999999913e-01 9.637919999999999821e-01 9.633350000000000524e-01
9.662840000000000318e-01 9.645730000000000137e-01 9.660109999999999530e-01 9.643420000000000325e-01 9.635000000000000231e-01 9.632969999999999589e-01 9.634110000000000174e-01 9.635960000000000081e-01
9.650039999999999729e-01 9.633599999999999941e-01 9.641170000000000018e-01 9.637350000000000083e-01 9.639820000000000055e-01 9.656479999999999508e-01 9.644610000000000127e-01 9.649410000000000487e-01
9.644989999999999952e-01 9.651070000000000482e-01 9.633049999999999669e-01 9.644490000000000007e-01 9.633220000000000116e-01 9.633779999999999566e-01 9.654800000000000049e-01 9.653159999999999519e-01
9.632979999999999876e-01 9.663059999999999983e-01 9.651290000000000147e-01 9.645700000000000385e-01 9.640030000000000543e-01 9.633680000000000021e-01 9.643119999999999470e-01 9.646519999999999539e-01
9.652669999999999861e-01 9.652239999999999709e-01 9.652929999999999566e-01 9.659870000000000401e-01 9.660440000000000138e-01 9.647900000000000365e-01 9.634070000000000134e-01 9.633119999999999461e-01
9.640689999999999538e-01 9.659579999999999833e-01 9.653760000000000119e-01 9.648379999999999734e-01 9.640520000000000200e-01 9.653850000000000486e-01 9.640320000000000000e-01 9.642380000000000395e-01
9.640419999999999545e-01 9.653500000000000414e-01 9.634340000000000126e-01 9.636620000000000186e-01 9.634089999999999598e-01 9.635599999999999721e-01 9.645500000000000185e-01 9.663180000000000103e-01
9.646209999999999507e-01 9.648839999999999639e-01 9.637809999999999988e-01 9.633690000000000309e-01 9.646270000000000122e-01 9.661929999999999685e-01 9.633340000000000236e-01 9.656179999999999763e-01
9.651399999999999979e-01 9.650980000000000114e-01 9.633770000000000389e-01 9.646169999999999467e-01 9.632979999999999876e-01 9.651170000000000027e-01 9.657879999999999798e-01 9.657919999999999838e-01
9.634850000000000358e-01 9.660170000000000146e-01 9.638339999999999685e-01 9.650729999999999587e-01 9.650400000000000089e-01 9.652309999999999501e-01 9.650189999999999602e-01 9.653439999999999799e-01
9.636390000000000233e-01 9.663019999999999943e-01 9.639940000000000175e-01 9.650159999999999849e-01 9.642380000000000395e-01 9.646360000000000490e-01 9.651089999999999947e-01 9.641769999999999508e-01
9.637679999999999580e-01 9.662990000000000190e-01 9.650140000000000384e-01 9.649739999999999984e-01 9.645709999999999562e-01 9.642030000000000323e-01 9.651539999999999564e-01 9.652190000000000492e-01
9.649950000000000472e-01 9.633019999999999916e-01 9.638330000000000508e-01 9.653429999999999511e-01 9.651119999999999699e-01 9.650590000000000002e-01 9.645869999999999722e-01 9.638379999999999725e-01
9.635820000000000496e-01 9.646879999999999900e-01 9.641309999999999603e-01 9.643990000000000062e-01 9.633690000000000309e-01 9.635230000000000183e-01 9.651530000000000387e-01 9.634329999999999838e-01
9.662519999999999998e-01 9.638400000000000301e-01 9.652129999999999876e-01 9.654920000000000169e-01 9.634460000000000246e-01 9.647550000000000292e-01 9.653800000000000159e-01 9.633009999999999629e-01
9.652110000000000412e-01 9.662479999999999958e-01 9.652939999999999854e-01 9.648240000000000149e-01 9.642199999999999660e-01 9.655040000000000289e-01 9.633019999999999916e-01 9.634599999999999831e-01
9.635789999999999633e-01 9.647080000000000100e-01 9.658940000000000303e-01 9.635610000000000008e-01 9.653540000000000454e-01 9.648750000000000382e-01 9.653429999999999511e-01 9.638780000000000125e-01
9.648590000000000222e-01 9.644650000000000167e-01 9.650119999999999809e-01 9.644500000000000295e-01 9.646759999999999780e-01 9.640609999999999458e-01 9.648010000000000197e-01 9.653749999999999831e-01
9.648299999999999654e-01 9.633730000000000349e-01 9.635099999999999776e-01 9.656240000000000379e-01 9.646130000000000537e-01 9.643859999999999655e-01 9.641889999999999628e-01 9.648229999999999862e-01
9.646360000000000490e-01 9.635289999999999688e-01 9.640079999999999760e-01 9.633540000000000436e-01 9.643359999999999710e-01 9.634009999999999518e-01 9.637949999999999573e-01 9.653450000000000086e-01
9.639229999999999743e-01 9.638360000000000261e-01 9.644859999999999545e-01 9.641159999999999730e-01 9.648160000000000069e-01 9.633270000000000444e-01 9.636400000000000521e-01 9.635599999999999721e-01
9.662969999999999615e-01 9.653979999999999784e-01 9.653310000000000501e-01 9.634829999999999783e-01 9.663270000000000470e-01 9.645899999999999475e-01 9.645319999999999450e-01 9.638079999999999981e-01
9.650199999999999889e-01 9.634850000000000358e-01 9.657719999999999638e-01 9.649429999999999952e-01 9.634409999999999918e-01 9.656590000000000451e-01 9.653479999999999839e-01 9.649159999999999959e-01
9.634300000000000086e-01 9.644289999999999807e-01 9.636289999999999578e-01 9.634369999999999878e-01 9.653019999999999934e-01 9.651039999999999619e-01 9.655150000000000121e-01 9.650539999999999674e-01
9.633329999999999949e-01 9.642340000000000355e-01 9.649590000000000112e-01 9.645470000000000432e-01 9.649659999999999904e-01 9.650579999999999714e-01 9.640750000000000153e-01 9.633450000000000069e-01
9.653859999999999664e-01 9.642450000000000188e-01 9.653690000000000326e-01 9.635399999999999521e-01 9.653739999999999544e-01 9.660459999999999603e-01 9.648879999999999679e-01 9.647919999999999829e-01
9.633340000000000236e-01 9.649849999999999817e-01 9.634709999999999663e-01 9.661610000000000475e-01 9.662699999999999623e-01 9.637170000000000458e-01 9.633190000000000364e-01 9.650750000000000162e-01
9.644650000000000167e-01 9.633730000000000349e-01 9.634230000000000294e-01 9.644030000000000102e-01 9.657639999999999558e-01 9.637360000000000371e-01 9.658360000000000278e-01 9.636639999999999651e-01
9.651870000000000172e-01 9.650009999999999977e-01 9.641560000000000130e-01 9.634960000000000191e-01 9.633140000000000036e-01 9.643909999999999982e-01 9.636740000000000306e-01 9.645850000000000257e-01
9.662859999999999783e-01 9.638079999999999981e-01 9.657379999999999853e-01 9.635730000000000128e-01 9.648679999999999479e-01 9.633220000000000116e-01 9.643380000000000285e-01 9.650879999999999459e-01
9.633180000000000076e-01 9.663019999999999943e-01 9.637860000000000316e-01 9.652370000000000116e-01 9.642549999999999732e-01 9.653100000000000014e-01 9.645019999999999705e-01 9.651319999999999899e-01
9.634540000000000326e-01 9.653869999999999951e-01 9.656489999999999796e-01 9.633770000000000389e-01 9.639609999999999568e-01 9.650419999999999554e-01 9.653100000000000014e-01 9.646169999999999467e-01
9.641640000000000210e-01 9.635430000000000383e-01 9.647850000000000037e-01 9.633479999999999821e-01 9.637160000000000171e-01 9.662539999999999463e-01 9.639410000000000478e-01 9.653939999999999744e-01
9.638740000000000085e-01 9.662739999999999663e-01 9.648729999999999807e-01 9.634329999999999838e-01 9.633969999999999478e-01 9.659410000000000496e-01 9.650609999999999467e-01 9.647069999999999812e-01
9.634740000000000526e-01 9.633659999999999446e-01 9.637299999999999756e-01 9.644129999999999647e-01 9.635359999999999481e-01 9.649839999999999529e-01 9.634239999999999471e-01 9.636550000000000393e-01
9.647109999999999852e-01 9.639299999999999535e-01 9.644230000000000302e-01 9.651469999999999771e-01 9.633730000000000349e-01 9.634200000000000541e-01 9.650870000000000282e-01 9.659389999999999921e-01
9.643789999999999862e-01 9.634030000000000094e-01 9.634890000000000398e-01 9.646329999999999627e-01 9.634399999999999631e-01 9.633180000000000076e-01 9.634460000000000246e-01 9.641309999999999603e-01
9.635120000000000351e-01 9.653300000000000214e-01 9.650370000000000337e-01 9.653300000000000214e-01 9.648400000000000309e-01 9.653990000000000071e-01 9.637759999999999661e-01 9.648649999999999727e-01
9.647769999999999957e-01 9.642460000000000475e-01 9.645700000000000385e-01 9.651370000000000227e-01 9.642100000000000115e-01 9.633129999999999749e-01 9.634880000000000111e-01 9.644660000000000455e-01
9.644380000000000175e-01 9.645590000000000552e-01 9.633080000000000531e-01 9.635810000000000208e-01 9.656179999999999763e-01 9.652800000000000269e-01 9.654989999999999961e-01 9.649710000000000232e-01
9.648280000000000189e-01 9.639649999999999608e-01 9.642490000000000228e-01 9.633469999999999533e-01 9.653939999999999744e-01 9.633150000000000324e-01 9.636540000000000106e-01 9.634639999999999871e-01
9.635780000000000456e-01 9.652309999999999501e-01 9.647440000000000460e-01 9.644420000000000215e-01 9.634869999999999823e-01 9.644340000000000135e-01 9.639590000000000103e-01 9.634669999999999623e-01
9.651359999999999939e-01 9.651389999999999691e-01 9.638700000000000045e-01 9.638050000000000228e-01 9.633899999999999686e-01 9.663180000000000103e-01 9.660739999999999883e-01 9.649809999999999777e-01
9.651370000000000227e-01 9.646609999999999907e-01 9.639710000000000223e-01 9.645939999999999515e-01 9.636740000000000306e-01 9.632990000000000164e-01 9.647670000000000412e-01 9.635240000000000471e-01
9.647809999999999997e-01 9.633739999999999526e-01 9.653699999999999504e-01 9.649090000000000167e-01 9.653789999999999871e-01 9.655059999999999754e-01 9.657879999999999798e-01 9.642950000000000133e-01
9.645080000000000320e-01 9.646320000000000450e-01 9.642199999999999660e-01 9.647459999999999924e-01 9.633599999999999941e-01 9.633749999999999813e-01 9.639280000000000070e-01 9.653869999999999951e-01
9.641079999999999650e-01 9.639659999999999895e-01 9.662859999999999783e-01 9.639140000000000486e-01 9.650050000000000017e-01 9.634260000000000046e-01 9.657179999999999653e-01 9.652239999999999709e-01
9.644490000000000007e-01 9.639550000000000063e-01 9.637149999999999883e-01 9.634449999999999958e-01 9.643859999999999655e-01 9.652070000000000372e-01 9.651380000000000514e-01 9.645049999999999457e-01
9.646580000000000155e-01 9.634489999999999998e-01 9.639170000000000238e-01 9.635340000000000016e-01 9.634390000000000454e-01 9.633840000000000181e-01 9.650990000000000402e-01 9.636019999999999586e-01
9.653249999999999886e-01 9.640009999999999968e-01 9.659750000000000281e-01 9.645540000000000225e-01 9.635460000000000136e-01 9.650600000000000289e-01 9.651870000000000172e-01 9.653760000000000119e-01
9.663370000000000015e-01 9.662389999999999590e-01 9.634289999999999798e-01 9.660710000000000131e-01 9.639790000000000303e-01 9.661870000000000180e-01 9.659309999999999841e-01 9.653110000000000301e-01
9.658440000000000358e-01 9.659919999999999618e-01 9.653599999999999959e-01 9.636299999999999866e-01 9.647799999999999709e-01 9.660929999999999795e-01 9.636810000000000098e-01 9.634220000000000006e-01
9.647390000000000132e-01 9.635700000000000376e-01 9.660309999999999730e-01 9.638039999999999941e-01 9.660050000000000026e-01 9.651720000000000299e-01 9.650840000000000529e-01 9.645259999999999945e-01
9.650769999999999627e-01 9.636460000000000026e-01 9.652509999999999701e-01 9.648510000000000142e-01 9.635510000000000463e-01 9.655860000000000554e-01 9.650339999999999474e-01 9.651859999999999884e-01
9.646160000000000290e-01 9.646689999999999987e-01 9.651750000000000052e-01 9.646829999999999572e-01 9.644669999999999632e-01 9.653770000000000406e-01 9.643650000000000277e-01 9.632929999999999549e-01
9.648679999999999479e-01 9.648390000000000022e-01 9.645029999999999992e-01 9.661290000000000155e-01 9.659670000000000201e-01 9.636540000000000106e-01 9.662370000000000125e-01 9.644519999999999760e-01
9.636010000000000408e-01 9.645960000000000090e-01 9.635160000000000391e-01 9.633319999999999661e-01 9.663370000000000015e-01 9.648419999999999774e-01 9.635860000000000536e-01 9.635610000000000008e-01
9.650309999999999722e-01 9.663300000000000223e-01 9.643850000000000477e-01 9.647940000000000405e-01 9.635529999999999928e-01 9.653639999999999999e-01 9.641039999999999610e-01 9.644350000000000422e-01
9.642709999999999892e-01 9.637890000000000068e-01 9.636670000000000513e-01 9.634479999999999711e-01 9.647769999999999957e-01 9.644390000000000462e-01 9.633810000000000429e-01 9.635599999999999721e-01
9.647860000000000325e-01 9.641610000000000458e-01 9.653319999999999679e-01 9.649010000000000087e-01 9.637959999999999861e-01 9.653680000000000039e-01 9.633300000000000196e-01 9.640030000000000543e-01
9.636989999999999723e-01 9.645899999999999475e-01 9.652819999999999734e-01 9.633289999999999909e-01 9.662699999999999623e-01 9.641060000000000185e-01 9.650220000000000464e-01 9.634679999999999911e-01
9.633990000000000054e-01 9.632979999999999876e-01 9.644779999999999465e-01 9.646010000000000417e-01 9.640119999999999800e-01 9.653869999999999951e-01 9.634730000000000238e-01 9.656059999999999643e-01
9.636759999999999771e-01 9.651739999999999764e-01 9.633359999999999701e-01 9.652209999999999956e-01 9.635139999999999816e-01 9.644559999999999800e-01 9.633230000000000404e-01 9.639940000000000175e-01
9.661450000000000315e-01 9.653380000000000294e-01 9.644129999999999647e-01 9.652699999999999614e-01 9.633690000000000309e-01 9.634989999999999943e-01 9.634150000000000214e-01 9.636639999999999651e-01
9.637280000000000291e-01 9.653530000000000166e-01 9.649630000000000152e-01 9.642690000000000428e-01 9.653929999999999456e-01 9.640239999999999920e-01 9.634169999999999678e-01 9.644089999999999607e-01
9.650670000000000082e-01 9.639799999999999480e-01 9.644949999999999912e-01 9.639280000000000070e-01 9.633380000000000276e-01 9.653329999999999966e-01 9.633040000000000491e-01 9.653890000000000526e-01
9.633439999999999781e-01 9.653979999999999784e-01 9.651319999999999899e-01 9.653110000000000301e-01 9.637329999999999508e-01 9.635439999999999561e-01 9.644470000000000542e-01 9.638520000000000421e-01
9.635129999999999528e-01 9.653350000000000541e-01 9.647970000000000157e-01 9.633199999999999541e-01 9.662659999999999583e-01 9.645120000000000360e-01 9.655139999999999834e-01 9.639069999999999583e-01
9.653639999999999999e-01 9.651300000000000434e-01 9.635099999999999776e-01 9.634329999999999838e-01 9.662760000000000238e-01 9.653500000000000414e-01 9.645430000000000392e-01 9.642969999999999597e-01
9.647809999999999997e-01 9.649999999999999689e-01 9.662910000000000110e-01 9.656890000000000196e-01 9.655230000000000201e-01 9.636670000000000513e-01 9.634009999999999518e-01 9.634150000000000214e-01
9.653460000000000374e-01 9.644279999999999520e-01 9.650590000000000002e-01 9.648510000000000142e-01 9.636529999999999818e-01 9.637250000000000538e-01 9.633540000000000436e-01 9.649330000000000407e-01
9.653599999999999959e-01 9.651459999999999484e-01 9.644840000000000080e-01 9.635280000000000511e-01 9.645939999999999515e-01 9.639980000000000215e-01 9.645230000000000192e-01 9.661309999999999620e-01
9.637679999999999580e-01 9.635580000000000256e-01 9.651359999999999939e-01 9.662739999999999663e-01 9.634289999999999798e-01 9.642389999999999572e-01 9.635110000000000063e-01 9.649750000000000272e-01
9.633070000000000244e-01 9.640840000000000520e-01 9.635089999999999488e-01 9.635110000000000063e-01 9.662739999999999663e-01 9.645390000000000352e-01 9.644009999999999527e-01 9.635010000000000518e-01
9.637949999999999573e-01 9.635759999999999881e-01 9.632920000000000371e-01 9.643990000000000062e-01 9.637930000000000108e-01 9.637240000000000251e-01 9.641680000000000250e-01 9.640769999999999618e-01
9.634160000000000501e-01 9.634979999999999656e-01 9.633890000000000509e-01 9.634610000000000118e-01 9.661910000000000220e-01 9.645979999999999555e-01 9.633500000000000396e-01 9.662840000000000318e-01
9.647670000000000412e-01 9.662830000000000030e-01 9.633570000000000189e-01 9.653119999999999479e-01 9.633080000000000531e-01 9.662290000000000045e-01 9.652239999999999709e-01 9.645280000000000520e-01
9.633659999999999446e-01 9.634500000000000286e-01 9.652450000000000196e-01 9.635470000000000423e-01 9.654829999999999801e-01 9.661939999999999973e-01 9.644279999999999520e-01 9.636280000000000401e-01
9.635989999999999833e-01 9.634390000000000454e-01 9.634599999999999831e-01 9.649170000000000247e-01 9.654030000000000111e-01 9.634620000000000406e-01 9.652089999999999836e-01 9.652319999999999789e-01
9.634329999999999838e-01 9.636350000000000193e-01 9.652169999999999916e-01 9.661889999999999645e-01 9.639489999999999448e-01 9.653770000000000406e-01 9.644329999999999847e-01 9.636569999999999858e-01
9.659799999999999498e-01 9.653460000000000374e-01 9.663370000000000015e-01 9.655920000000000059e-01 9.647029999999999772e-01 9.646409999999999707e-01 9.660659999999999803e-01 9.633159999999999501e-01
9.653920000000000279e-01 9.663460000000000383e-01 9.633239999999999581e-01 9.663380000000000303e-01 9.650840000000000529e-01 9.654580000000000384e-01 9.645590000000000552e-01 9.651100000000000234e-01
9.640910000000000313e-01 9.653760000000000119e-01 9.641720000000000290e-01 9.638299999999999645e-01 9.634639999999999871e-01 9.652979999999999894e-01 9.648860000000000214e-01 9.645010000000000527e-01
9.645359999999999490e-01 9.652950000000000141e-01 9.633429999999999493e-01 9.645380000000000065e-01 9.644629999999999592e-01 9.646649999999999947e-01 9.646390000000000242e-01 9.658529999999999616e-01
9.637670000000000403e-01 9.647700000000000164e-01 9.645679999999999810e-01 9.659149999999999681e-01 9.633960000000000301e-01 9.645749999999999602e-01 9.650619999999999754e-01 9.637520000000000531e-01
9.633869999999999933e-01 9.652579999999999494e-01 9.634620000000000406e-01 9.648170000000000357e-01 9.660239999999999938e-01 9.659510000000000041e-01 9.661330000000000195e-01 9.633880000000000221e-01
9.657980000000000453e-01 9.653249999999999886e-01 9.653620000000000534e-01 9.663429999999999520e-01 9.648809999999999887e-01 9.634660000000000446e-01 9.636400000000000521e-01 9.653620000000000534e-01
9.647630000000000372e-01 9.647809999999999997e-01 9.637989999999999613e-01 9.634359999999999591e-01 9.633500000000000396e-01 9.650079999999999769e-01 9.640530000000000488e-01 9.633119999999999461e-01
9.660940000000000083e-01 9.660069999999999490e-01 9.641530000000000378e-01 9.651499999999999524e-01 9.650830000000000242e-01 9.655099999999999794e-01 9.650900000000000034e-01 9.633239999999999581e-01
9.642589999999999772e-01 9.650710000000000122e-01 9.642659999999999565e-01 9.650360000000000049e-01 9.658660000000000023e-01 9.634099999999999886e-01 9.642129999999999868e-01 9.634770000000000278e-01
9.633369999999999989e-01 9.634869999999999823e-01 9.652730000000000476e-01 9.652899999999999814e-01 9.634190000000000254e-01 9.636120000000000241e-01 9.658489999999999576e-01 9.649119999999999919e-01
9.634380000000000166e-01 9.645390000000000352e-01 9.636230000000000073e-01 9.637860000000000316e-01 9.638309999999999933e-01 9.633840000000000181e-01 9.650140000000000384e-01 9.634009999999999518e-01
9.650499999999999634e-01 9.637280000000000291e-01 9.652209999999999956e-01 9.634249999999999758e-01 9.637569999999999748e-01 9.634289999999999798e-01 9.639980000000000215e-01 9.644380000000000175e-01
9.652849999999999486e-01 9.645249999999999657e-01 9.653370000000000006e-01 9.649609999999999577e-01 9.645019999999999705e-01 9.639189999999999703e-01 9.642439999999999900e-01 9.648619999999999974e-01
9.635209999999999608e-01 9.657879999999999798e-01 9.663070000000000270e-01 9.636609999999999898e-01 9.653749999999999831e-01 9.639590000000000103e-01 9.639210000000000278e-01 9.633230000000000404e-01
9.635529999999999928e-01 9.634070000000000134e-01 9.637019999999999476e-01 9.635190000000000143e-01 9.634390000000000454e-01 9.649039999999999839e-01 9.645920000000000050e-01 9.633049999999999669e-01
9.661790000000000100e-01 9.645340000000000025e-01 9.651119999999999699e-01 9.650020000000000264e-01 9.633789999999999853e-01 9.659790000000000321e-01 9.634530000000000038e-01 9.645759999999999890e-01
9.649879999999999569e-01 9.644369999999999887e-01 9.642880000000000340e-01 9.653909999999999991e-01 9.635209999999999608e-01 9.640980000000000105e-01 9.645219999999999905e-01 9.662939999999999863e-01
9.635380000000000056e-01 9.637740000000000196e-01 9.635230000000000183e-01 9.633629999999999693e-01 9.633519999999999861e-01 9.644789999999999752e-01 9.634179999999999966e-01 9.640520000000000200e-01
9.653850000000000486e-01 9.646940000000000515e-01 9.638710000000000333e-01 9.651180000000000314e-01 9.651870000000000172e-01 9.634139999999999926e-01 9.645580000000000265e-01 9.636949999999999683e-01
9.637769999999999948e-01 9.636730000000000018e-01 9.662709999999999910e-01 9.633460000000000356e-01 9.637130000000000418e-01 9.639429999999999943e-01 9.653450000000000086e-01 9.662239999999999718e-01
9.663389999999999480e-01 9.633059999999999956e-01 9.653589999999999671e-01 9.648550000000000182e-01 9.654340000000000144e-01 9.641420000000000545e-01 9.635709999999999553e-01 9.633930000000000549e-01
9.636160000000000281e-01 9.645700000000000385e-01 9.638729999999999798e-01 9.635350000000000303e-01 9.646759999999999780e-01 9.634920000000000151e-01 9.637670000000000403e-01 9.653770000000000406e-01
9.660450000000000426e-01 9.637649999999999828e-01 9.660520000000000218e-01 9.642950000000000133e-01 9.633030000000000204e-01 9.641509999999999803e-01 9.633119999999999461e-01 9.647879999999999789e-01
9.633159999999999501e-01 9.643810000000000437e-01 9.642659999999999565e-01 9.638170000000000348e-01 9.653929999999999456e-01 9.639299999999999535e-01 9.652330000000000076e-01 9.636620000000000186e-01
9.653680000000000039e-01 9.633850000000000469e-01 9.653850000000000486e-01 9.648750000000000382e-01 9.645310000000000272e-01 9.633969999999999478e-01 9.646430000000000282e-01 9.653789999999999871e-01
9.635970000000000368e-01 9.635479999999999601e-01 9.634129999999999638e-01 9.653140000000000054e-01 9.652450000000000196e-01 9.648609999999999687e-01 9.635099999999999776e-01 9.642840000000000300e-01
9.641009999999999858e-01 9.652650000000000396e-01 9.663399999999999768e-01 9.644030000000000102e-01 9.635770000000000168e-01 9.642650000000000388e-01 9.638999999999999790e-01 9.641990000000000283e-01
9.641159999999999730e-01 9.661790000000000100e-01 9.651140000000000274e-01 9.653869999999999951e-01 9.653990000000000071e-01 9.633199999999999541e-01 9.633080000000000531e-01 9.648459999999999814e-01
9.642600000000000060e-01 9.634500000000000286e-01 9.653019999999999934e-01 9.633389999999999453e-01 9.633359999999999701e-01 9.648799999999999599e-01 9.635230000000000183e-01 9.637850000000000028e-01
9.652880000000000349e-01 9.642300000000000315e-01 9.642340000000000355e-01 9.653209999999999846e-01 9.658550000000000191e-01 9.636439999999999451e-01 9.636850000000000138e-01 9.632979999999999876e-01
9.640170000000000128e-01 9.632899999999999796e-01 9.652859999999999774e-01 9.640800000000000480e-01 9.661640000000000228e-01 9.637890000000000068e-01 9.643680000000000030e-01 9.656639999999999668e-01
9.652819999999999734e-01 9.652699999999999614e-01 9.644270000000000342e-01 9.651349999999999651e-01 9.633009999999999629e-01 9.640640000000000320e-01 9.651990000000000292e-01 9.652809999999999446e-01
9.657839999999999758e-01 9.646230000000000082e-01 9.635810000000000208e-01 9.645899999999999475e-01 9.648090000000000277e-01 9.649510000000000032e-01 9.632990000000000164e-01 9.653319999999999679e-01
9.644589999999999552e-01 9.659320000000000128e-01 9.649149999999999672e-01 9.632920000000000371e-01 9.654000000000000359e-01 9.644080000000000430e-01 9.644019999999999815e-01 9.648449999999999527e-01
9.653190000000000381e-01 9.663420000000000343e-01 9.663399999999999768e-01 9.658320000000000238e-01 9.658860000000000223e-01 9.636879999999999891e-01 9.635179999999999856e-01 9.640069999999999473e-01
9.644359999999999600e-01 9.633239999999999581e-01 9.639050000000000118e-01 9.650720000000000409e-01 9.663190000000000390e-01 9.633840000000000181e-01 9.660039999999999738e-01 9.650170000000000137e-01
9.661650000000000515e-01 9.639229999999999743e-01 9.634800000000000031e-01 9.651929999999999676e-01 9.633220000000000116e-01 9.649060000000000414e-01 9.641309999999999603e-01 9.648360000000000269e-01
9.638889999999999958e-01 9.649759999999999449e-01 9.635200000000000431e-01 9.637040000000000051e-01 9.652739999999999654e-01 9.652260000000000284e-01 9.633119999999999461e-01 9.653920000000000279e-01
9.634530000000000038e-01 9.642880000000000340e-01 9.635930000000000328e-01 9.635099999999999776e-01 9.653429999999999511e-01 9.647750000000000492e-01 9.648769999999999847e-01 9.653850000000000486e-01
9.639130000000000198e-01 9.637759999999999661e-01 9.648889999999999967e-01 9.653920000000000279e-01 9.637900000000000356e-01 9.643770000000000397e-01 9.634679999999999911e-01 9.643589999999999662e-01
9.662629999999999830e-01 9.661269999999999580e-01 9.644080000000000430e-01 9.636249999999999538e-01 9.636959999999999971e-01 9.653990000000000071e-01 9.633080000000000531e-01 9.635590000000000543e-01
9.640889999999999738e-01 9.643659999999999455e-01 9.633479999999999821e-01 9.654179999999999984e-01 9.650790000000000202e-01 9.655860000000000554e-01 9.633789999999999853e-01 9.648780000000000134e-01
9.634519999999999751e-01 9.650170000000000137e-01 9.641720000000000290e-01 9.650769999999999627e-01 9.633030000000000204e-01 9.636069999999999913e-01 9.645299999999999985e-01 9.653690000000000326e-01
9.653739999999999544e-01 9.648459999999999814e-01 9.645409999999999817e-01 9.663340000000000263e-01 9.642810000000000548e-01 9.653779999999999584e-01 9.649670000000000192e-01 9.648219999999999574e-01
9.652380000000000404e-01 9.652209999999999956e-01 9.650060000000000304e-01 9.648430000000000062e-01 9.645860000000000545e-01 9.658879999999999688e-01 9.633350000000000524e-01 9.660389999999999810e-01
9.648630000000000262e-01 9.654470000000000551e-01 9.640670000000000073e-01 9.633720000000000061e-01 9.653990000000000071e-01 9.662129999999999885e-01 9.633770000000000389e-01 9.652929999999999566e-01
9.635160000000000391e-01 9.633080000000000531e-01 9.650330000000000297e-01 9.635610000000000008e-01 9.653389999999999471e-01 9.653570000000000206e-01 9.633180000000000076e-01 9.634059999999999846e-01
9.635669999999999513e-01 9.663249999999999895e-01 9.656660000000000244e-01 9.646510000000000362e-01 9.641030000000000433e-01 9.635099999999999776e-01 9.645989999999999842e-01 9.650300000000000544e-01
9.645179999999999865e-01 9.633399999999999741e-01 9.633770000000000389e-01 9.659210000000000296e-01 9.636029999999999873e-01 9.660879999999999468e-01 9.643530000000000157e-01 9.634289999999999798e-01
9.635129999999999528e-01 9.657679999999999598e-01 9.656569999999999876e-01 9.637130000000000418e-01 9.661440000000000028e-01 9.645049999999999457e-01 9.650530000000000497e-01 9.633169999999999789e-01
9.635869999999999713e-01 9.653899999999999704e-01 9.659529999999999506e-01 9.652190000000000492e-01 9.653289999999999926e-01 9.646510000000000362e-01 9.650649999999999507e-01 9.634249999999999758e-01
9.636510000000000353e-01 9.647080000000000100e-01 9.634620000000000406e-01 9.644939999999999625e-01 9.634460000000000246e-01 9.635860000000000536e-01 9.640520000000000200e-01 9.660029999999999450e-01
9.636460000000000026e-01 9.653000000000000469e-01 9.643439999999999790e-01 9.663270000000000470e-01 9.645449999999999857e-01 9.633049999999999669e-01 9.633110000000000284e-01 9.633699999999999486e-01
9.633950000000000014e-01 9.650630000000000042e-01 9.643150000000000333e-01 9.649499999999999744e-01 9.652870000000000061e-01 9.651939999999999964e-01 9.649029999999999552e-01 9.648170000000000357e-01
9.635320000000000551e-01 9.659860000000000113e-01 9.661239999999999828e-01 9.653789999999999871e-01 9.634200000000000541e-01 9.633310000000000484e-01 9.651790000000000092e-01 9.651729999999999476e-01
9.635810000000000208e-01 9.646379999999999955e-01 9.648759999999999559e-01 9.633760000000000101e-01 9.652049999999999796e-01 9.662939999999999863e-01 9.653209999999999846e-01 9.658090000000000286e-01
9.640549999999999953e-01 9.651229999999999531e-01 9.656810000000000116e-01 9.648719999999999519e-01 9.652500000000000524e-01 9.663319999999999688e-01 9.648440000000000349e-01 9.639550000000000063e-01
9.646599999999999620e-01 9.647820000000000285e-01 9.653100000000000014e-01 9.634690000000000198e-01 9.633150000000000324e-01 9.635679999999999801e-01 9.634960000000000191e-01 9.649929999999999897e-01
9.636460000000000026e-01 9.633369999999999989e-01 9.633070000000000244e-01 9.645930000000000337e-01 9.644439999999999680e-01 9.651509999999999811e-01 9.646400000000000530e-01 9.645979999999999555e-01
9.634369999999999878e-01 9.643180000000000085e-01 9.644310000000000382e-01 9.651760000000000339e-01 9.649830000000000352e-01 9.633119999999999461e-01 9.633140000000000036e-01 9.634300000000000086e-01
9.640410000000000368e-01 9.636839999999999851e-01 9.653629999999999711e-01 9.637080000000000091e-01 9.648999999999999799e-01 9.653789999999999871e-01 9.651910000000000212e-01 9.634049999999999558e-01
9.633420000000000316e-01 9.636770000000000058e-01 9.653840000000000199e-01 9.639699999999999935e-01 9.653650000000000286e-01 9.633089999999999709e-01 9.633589999999999653e-01 9.645259999999999945e-01
9.640349999999999753e-01 9.662889999999999535e-01 9.638229999999999853e-01 9.658269999999999911e-01 9.634719999999999951e-01 9.653530000000000166e-01 9.650260000000000504e-01 9.639999999999999680e-01
9.651070000000000482e-01 9.650309999999999722e-01 9.648339999999999694e-01 9.662290000000000045e-01 9.653950000000000031e-01 9.662640000000000118e-01 9.633399999999999741e-01 9.641830000000000123e-01
9.652870000000000061e-01 9.633690000000000309e-01 9.652230000000000532e-01 9.661779999999999813e-01 9.652760000000000229e-01 9.649489999999999457e-01 9.635770000000000168e-01 9.645629999999999482e-01
9.659119999999999928e-01 9.652690000000000436e-01 9.649510000000000032e-01 9.644249999999999767e-01 9.652479999999999949e-01 9.640809999999999658e-01 9.637080000000000091e-01 9.659809999999999786e-01
9.662619999999999543e-01 9.644089999999999607e-01 9.634669999999999623e-01 9.635380000000000056e-01 9.636989999999999723e-01 9.643589999999999662e-01 9.634399999999999631e-01 9.635029999999999983e-01
9.638550000000000173e-01 9.644850000000000367e-01 9.653159999999999519e-01 9.649839999999999529e-01 9.651980000000000004e-01 9.653939999999999744e-01 9.652789999999999981e-01 9.633019999999999916e-01
9.633429999999999493e-01 9.633819999999999606e-01 9.663310000000000510e-01 9.661899999999999933e-01 9.633140000000000036e-01 9.646959999999999980e-01 9.637219999999999676e-01 9.651600000000000179e-01
9.652199999999999669e-01 9.650199999999999889e-01 9.649600000000000399e-01 9.654220000000000024e-01 9.644509999999999472e-01 9.660990000000000411e-01 9.651579999999999604e-01 9.645439999999999570e-01
9.642129999999999868e-01 9.662659999999999583e-01 9.643159999999999510e-01 9.633599999999999941e-01 9.633810000000000429e-01 9.644439999999999680e-01 9.633899999999999686e-01 9.653479999999999839e-01
9.647470000000000212e-01 9.653960000000000319e-01 9.633760000000000101e-01 9.636850000000000138e-01 9.632979999999999876e-01 9.663169999999999815e-01 9.648750000000000382e-01 9.633960000000000301e-01
9.633329999999999949e-01 9.657390000000000141e-01 9.652129999999999876e-01 9.655789999999999651e-01 9.657419999999999893e-01 9.646430000000000282e-01 9.653899999999999704e-01 9.661640000000000228e-01
9.637780000000000236e-01 9.661990000000000300e-01 9.645310000000000272e-01 9.642439999999999900e-01 9.646000000000000130e-01 9.646050000000000457e-01 9.646590000000000442e-01 9.645620000000000305e-01
9.636419999999999986e-01 9.658269999999999911e-01 9.663119999999999488e-01 9.653350000000000541e-01 9.644300000000000095e-01 9.636700000000000266e-01 9.662560000000000038e-01 9.635700000000000376e-01
9.643739999999999535e-01 9.633760000000000101e-01 9.644730000000000247e-01 9.650109999999999522e-01 9.633690000000000309e-01 9.649379999999999624e-01 9.637919999999999821e-01 9.643829999999999902e-01
9.638060000000000516e-01 9.653599999999999959e-01 9.649999999999999689e-01 9.653559999999999919e-01 9.661359999999999948e-01 9.633049999999999669e-01 9.641859999999999875e-01 9.633629999999999693e-01
9.641300000000000425e-01 9.650090000000000057e-01 9.652960000000000429e-01 9.636019999999999586e-01 9.658820000000000183e-01 9.638139999999999485e-01 9.652680000000000149e-01 9.636449999999999738e-01
9.635660000000000336e-01 9.634340000000000126e-01 9.640279999999999960e-01 9.637019999999999476e-01 9.653659999999999464e-01 9.634570000000000078e-01 9.647759999999999669e-01 9.647719999999999629e-01
9.650879999999999459e-01 9.656040000000000179e-01 9.651889999999999636e-01 9.647360000000000380e-01 9.653070000000000261e-01 9.648459999999999814e-01 9.634089999999999598e-01 9.652889999999999526e-01
9.640560000000000240e-01 9.641429999999999723e-01 9.633920000000000261e-01 9.660370000000000346e-01 9.633359999999999701e-01 9.633110000000000284e-01 9.635040000000000271e-01 9.658259999999999623e-01
9.645040000000000280e-01 9.633249999999999869e-01 9.653110000000000301e-01 9.633990000000000054e-01 9.639590000000000103e-01 9.636630000000000473e-01 9.647350000000000092e-01 9.635620000000000296e-01
9.645979999999999555e-01 9.646660000000000235e-01 9.636940000000000506e-01 9.659480000000000288e-01 9.633159999999999501e-01 9.640560000000000240e-01 9.645369999999999777e-01 9.643469999999999542e-01
9.645550000000000512e-01 9.633450000000000069e-01 9.650630000000000042e-01 9.634989999999999943e-01 9.639889999999999848e-01 9.636940000000000506e-01 9.660079999999999778e-01 9.663479999999999848e-01
9.653359999999999719e-01 9.653929999999999456e-01 9.643909999999999982e-01 9.646789999999999532e-01 9.638550000000000173e-01 9.645139999999999825e-01 9.651440000000000019e-01 9.653519999999999879e-01
9.635289999999999688e-01 9.636409999999999698e-01 9.652600000000000069e-01 9.634570000000000078e-01 9.662049999999999805e-01 9.633549999999999613e-01 9.641110000000000513e-01 9.635909999999999753e-01
9.657069999999999821e-01 9.656439999999999468e-01 9.634190000000000254e-01 9.656799999999999828e-01 9.652230000000000532e-01 9.659739999999999993e-01 9.649450000000000527e-01 9.645789999999999642e-01
9.650069999999999482e-01 9.644580000000000375e-01 9.639010000000000078e-01 9.635240000000000471e-01 9.644369999999999887e-01 9.651779999999999804e-01 9.654869999999999841e-01 9.647130000000000427e-01
9.635240000000000471e-01 9.638790000000000413e-01 9.635489999999999888e-01 9.637430000000000163e-01 9.645650000000000057e-01 9.653150000000000341e-01 9.650300000000000544e-01 9.662060000000000093e-01
9.637620000000000076e-01 9.653549999999999631e-01 9.643080000000000540e-01 9.662159999999999638e-01 9.644380000000000175e-01 9.637329999999999508e-01 9.645920000000000050e-01 9.634970000000000478e-01
9.634000000000000341e-01 9.636900000000000466e-01 9.651960000000000539e-01 9.648809999999999887e-01 9.634340000000000126e-01 9.645939999999999515e-01 9.651189999999999491e-01 9.650969999999999827e-01
9.647949999999999582e-01 9.633930000000000549e-01 9.639480000000000270e-01 9.659269999999999801e-01 9.651070000000000482e-01 9.637599999999999500e-01 9.643690000000000317e-01 9.645730000000000137e-01
9.653589999999999671e-01 9.640499999999999625e-01 9.633779999999999566e-01 9.653289999999999926e-01 9.652039999999999509e-01 9.652490000000000236e-01 9.647250000000000547e-01 9.652230000000000532e-01
9.636710000000000553e-01 9.639290000000000358e-01 9.653639999999999999e-01 9.633199999999999541e-01 9.647409999999999597e-01 9.633319999999999661e-01 9.636609999999999898e-01 9.657630000000000381e-01
9.639959999999999640e-01 9.642460000000000475e-01 9.633690000000000309e-01 9.651539999999999564e-01 9.644660000000000455e-01 9.633890000000000509e-01 9.652720000000000189e-01 9.633540000000000436e-01
9.640050000000000008e-01 9.653789999999999871e-01 9.663420000000000343e-01 9.661870000000000180e-01 9.645340000000000025e-01 9.634030000000000094e-01 9.653629999999999711e-01 9.652659999999999574e-01
9.653859999999999664e-01 9.638600000000000501e-01 9.645719999999999850e-01 9.635970000000000368e-01 9.634310000000000374e-01 9.653720000000000079e-01 9.649999999999999689e-01 9.640300000000000535e-01
9.645099999999999785e-01 9.642990000000000173e-01 9.635200000000000431e-01 9.634000000000000341e-01 9.651840000000000419e-01 9.649020000000000374e-01 9.633399999999999741e-01 9.662129999999999885e-01
9.633239999999999581e-01 9.640130000000000088e-01 9.647250000000000547e-01 9.637780000000000236e-01 9.648799999999999599e-01 9.637850000000000028e-01 9.635110000000000063e-01 9.633279999999999621e-01
9.650530000000000497e-01 9.646120000000000250e-01 9.645439999999999570e-01 9.648029999999999662e-01 9.651910000000000212e-01 9.635620000000000296e-01 9.646310000000000162e-01 9.663129999999999775e-01
9.633960000000000301e-01 9.634970000000000478e-01 9.644070000000000142e-01 9.651359999999999939e-01 9.651129999999999987e-01 9.635219999999999896e-01 9.648630000000000262e-01 9.636369999999999658e-01
9.654000000000000359e-01 9.650499999999999634e-01 9.651180000000000314e-01 9.641589999999999883e-01 9.641340000000000465e-01 9.650720000000000409e-01 9.645590000000000552e-01 9.643270000000000453e-01
9.640649999999999498e-01 9.644939999999999625e-01 9.656489999999999796e-01 9.639440000000000230e-01 9.636149999999999993e-01 9.633460000000000356e-01 9.635799999999999921e-01 9.653230000000000421e-01
9.640739999999999865e-01 9.648179999999999534e-01 9.646160000000000290e-01 9.649039999999999839e-01 9.659649999999999626e-01 9.634909999999999863e-01 9.634120000000000461e-01 9.662539999999999463e-01
9.641180000000000305e-01 9.641889999999999628e-01 9.638900000000000245e-01 9.653810000000000446e-01 9.633829999999999893e-01 9.636439999999999451e-01 9.634620000000000406e-01 9.651769999999999516e-01
9.661769999999999525e-01 9.634200000000000541e-01 9.652020000000000044e-01 9.634669999999999623e-01 9.663300000000000223e-01 9.639429999999999943e-01 9.653159999999999519e-01 9.662709999999999910e-01
9.648430000000000062e-01 9.639760000000000550e-01 9.635460000000000136e-01 9.644719999999999960e-01 9.633899999999999686e-01 9.643180000000000085e-01 9.634629999999999583e-01 9.649370000000000447e-01
9.633890000000000509e-01 9.648470000000000102e-01 9.643209999999999837e-01 9.633000000000000451e-01 9.653190000000000381e-01 9.636040000000000161e-01 9.636620000000000186e-01 9.653749999999999831e-01
9.644570000000000087e-01 9.646209999999999507e-01 9.637050000000000338e-01 9.653460000000000374e-01 9.649199999999999999e-01 9.639649999999999608e-01 9.656789999999999541e-01 9.636350000000000193e-01
9.653850000000000486e-01 9.661530000000000395e-01 9.661849999999999605e-01 9.634549999999999503e-01 9.649090000000000167e-01 9.647250000000000547e-01 9.644869999999999832e-01 9.645420000000000105e-01
9.642039999999999500e-01 9.645059999999999745e-01 9.663190000000000390e-01 9.636409999999999698e-01 9.635169999999999568e-01 9.634859999999999536e-01 9.650300000000000544e-01 9.640530000000000488e-01
9.633150000000000324e-01 9.651180000000000314e-01 9.634489999999999998e-01 9.652199999999999669e-01 9.649320000000000119e-01 9.634470000000000534e-01 9.651269999999999571e-01 9.650530000000000497e-01
9.649159999999999959e-01 9.633049999999999669e-01 9.653119999999999479e-01 9.635860000000000536e-01 9.650269999999999682e-01 9.647480000000000500e-01 9.661319999999999908e-01 9.634409999999999918e-01
9.653669999999999751e-01 9.633629999999999693e-01 9.653709999999999791e-01 9.662749999999999950e-01 9.636489999999999778e-01 9.638679999999999470e-01 9.633410000000000029e-01 9.633089999999999709e-01
9.638750000000000373e-01 9.636930000000000218e-01 9.644260000000000055e-01 9.636780000000000346e-01 9.647559999999999469e-01 9.658700000000000063e-01 9.633140000000000036e-01 9.653990000000000071e-01
9.633319999999999661e-01 9.661250000000000115e-01 9.645740000000000425e-01 9.654749999999999721e-01 9.655810000000000226e-01 9.660130000000000106e-01 9.640630000000000033e-01 9.637280000000000291e-01
9.663329999999999975e-01 9.635780000000000456e-01 9.635559999999999681e-01 9.637999999999999901e-01 9.647409999999999597e-01 9.653850000000000486e-01 9.650600000000000289e-01 9.659529999999999506e-01
9.642810000000000548e-01 9.646930000000000227e-01 9.645979999999999555e-01 9.661809999999999565e-01 9.652089999999999836e-01 9.650760000000000449e-01 9.649489999999999457e-01 9.648029999999999662e-01
9.656869999999999621e-01 9.633469999999999533e-01 9.632969999999999589e-01 9.633319999999999661e-01 9.649410000000000487e-01 9.646470000000000322e-01 9.648989999999999512e-01 9.642380000000000395e-01
9.659060000000000423e-01 9.635610000000000008e-01 9.641189999999999483e-01 9.644549999999999512e-01 9.632979999999999876e-01 9.646280000000000410e-01 9.648179999999999534e-01 9.632969999999999589e-01
9.644430000000000502e-01 9.663350000000000550e-01 9.638480000000000381e-01 9.656270000000000131e-01 9.649240000000000039e-01 9.642899999999999805e-01 9.652669999999999861e-01 9.653890000000000526e-01
9.633530000000000149e-01 9.641279999999999850e-01 9.649640000000000439e-01 9.641119999999999690e-01 9.655839999999999979e-01 9.649429999999999952e-01 9.662760000000000238e-01 9.663289999999999935e-01
9.649379999999999624e-01 9.634300000000000086e-01 9.634559999999999791e-01 9.634819999999999496e-01 9.652209999999999956e-01 9.634819999999999496e-01 9.662519999999999998e-01 9.645479999999999610e-01
9.641509999999999803e-01 9.634260000000000046e-01 9.633479999999999821e-01 9.657329999999999526e-01 9.663429999999999520e-01 9.634489999999999998e-01 9.663300000000000223e-01 9.658910000000000551e-01
9.635470000000000423e-01 9.654490000000000016e-01 9.653180000000000094e-01 9.661689999999999445e-01 9.652460000000000484e-01 9.653909999999999991e-01 9.649739999999999984e-01 9.633540000000000436e-01
9.653639999999999999e-01 9.640140000000000375e-01 9.635420000000000096e-01 9.660239999999999938e-01 9.637940000000000396e-01 9.646529999999999827e-01 9.647179999999999644e-01 9.647949999999999582e-01
9.635880000000000001e-01 9.660790000000000211e-01 9.662129999999999885e-01 9.651750000000000052e-01 9.649480000000000279e-01 9.646639999999999660e-01 9.657019999999999493e-01 9.656949999999999701e-01
9.653709999999999791e-01 9.637329999999999508e-01 9.643690000000000317e-01 9.645350000000000312e-01 9.634070000000000134e-01 9.645880000000000010e-01 9.633199999999999541e-01 9.648590000000000222e-01
9.637069999999999803e-01 9.659200000000000008e-01 9.633819999999999606e-01 9.638039999999999941e-01 9.636390000000000233e-01 9.653709999999999791e-01 9.658489999999999576e-01 9.641440000000000010e-01
9.633070000000000244e-01 9.661009999999999875e-01 9.654009999999999536e-01 9.633450000000000069e-01 9.659510000000000041e-01 9.634080000000000421e-01 9.637229999999999963e-01 9.649919999999999609e-01
9.645319999999999450e-01 9.635120000000000351e-01 9.653979999999999784e-01 9.632929999999999549e-01 9.635310000000000263e-01 9.653869999999999951e-01 9.652610000000000356e-01 9.644089999999999607e-01
9.633990000000000054e-01 9.650940000000000074e-01 9.637620000000000076e-01 9.644479999999999720e-01 9.633800000000000141e-01 9.635059999999999736e-01 9.663089999999999735e-01 9.660210000000000186e-01
9.634700000000000486e-01 9.642699999999999605e-01 9.651790000000000092e-01 9.637000000000000011e-01 9.635829999999999673e-01 9.645789999999999642e-01 9.646299999999999875e-01 9.660630000000000051e-01
9.636599999999999611e-01 9.647109999999999852e-01 9.652779999999999694e-01 9.642260000000000275e-01 9.633129999999999749e-01 9.646850000000000147e-01 9.633359999999999701e-01 9.638470000000000093e-01
9.646200000000000330e-01 9.653469999999999551e-01 9.637909999999999533e-01 9.663319999999999688e-01 9.635439999999999561e-01 9.655860000000000554e-01 9.634279999999999511e-01 9.633969999999999478e-01
9.638799999999999590e-01 9.652319999999999789e-01 9.660140000000000393e-01 9.647710000000000452e-01 9.663000000000000478e-01 9.635110000000000063e-01 9.634939999999999616e-01 9.651809999999999556e-01
9.642209999999999948e-01 9.653030000000000221e-01 9.653620000000000534e-01 9.653580000000000494e-01 9.651809999999999556e-01 9.656919999999999948e-01 9.660499999999999643e-01 9.639569999999999528e-01
9.634409999999999918e-01 9.651600000000000179e-01 9.636139999999999706e-01 9.634460000000000246e-01 9.647120000000000140e-01 9.635949999999999793e-01 9.644089999999999607e-01 9.643040000000000500e-01
9.649499999999999744e-01 9.644890000000000407e-01 9.661140000000000283e-01 9.637959999999999861e-01 9.652290000000000036e-01 9.652030000000000332e-01 9.633519999999999861e-01 9.652279999999999749e-01
9.647080000000000100e-01 9.635770000000000168e-01 9.642979999999999885e-01 9.633650000000000269e-01 9.637820000000000276e-01 9.646280000000000410e-01 9.642340000000000355e-01 9.646209999999999507e-01
9.633540000000000436e-01 9.637449999999999628e-01 9.633859999999999646e-01 9.652519999999999989e-01 9.633789999999999853e-01 9.663370000000000015e-01 9.643450000000000077e-01 9.651189999999999491e-01
9.647320000000000340e-01 9.659499999999999753e-01 9.653180000000000094e-01 9.653509999999999591e-01 9.636209999999999498e-01 9.657970000000000166e-01 9.651849999999999596e-01 9.633880000000000221e-01
9.641629999999999923e-01 9.646390000000000242e-01 9.663359999999999728e-01 9.662589999999999790e-01 9.638360000000000261e-01 9.655139999999999834e-01 9.634840000000000071e-01 9.634279999999999511e-01
9.632969999999999589e-01 9.647700000000000164e-01 9.638299999999999645e-01 9.640039999999999720e-01 9.637229999999999963e-01 9.653249999999999886e-01 9.648280000000000189e-01 9.653789999999999871e-01
9.639790000000000303e-01 9.653880000000000239e-01 9.652020000000000044e-01 9.652589999999999781e-01 9.636109999999999953e-01 9.652300000000000324e-01 9.648339999999999694e-01 9.641140000000000265e-01
9.650419999999999554e-01 9.650809999999999667e-01 9.641100000000000225e-01 9.663319999999999688e-01 9.649969999999999937e-01 9.633410000000000029e-01 9.636050000000000448e-01 9.632960000000000411e-01
9.635179999999999856e-01 9.655500000000000194e-01 9.636670000000000513e-01 9.649569999999999537e-01 9.657820000000000293e-01 9.654000000000000359e-01 9.644740000000000535e-01 9.633659999999999446e-01
9.652450000000000196e-01 9.644490000000000007e-01 9.648109999999999742e-01 9.655310000000000281e-01 9.653770000000000406e-01 9.634099999999999886e-01 9.640840000000000520e-01 9.635399999999999521e-01
9.644329999999999847e-01 9.643070000000000253e-01 9.640539999999999665e-01 9.649520000000000319e-01 9.635899999999999466e-01 9.638309999999999933e-01 9.654209999999999736e-01 9.637419999999999876e-01
9.635899999999999466e-01 9.635620000000000296e-01 9.639050000000000118e-01 9.658639999999999448e-01 9.645029999999999992e-01 9.643209999999999837e-01 9.636439999999999451e-01 9.634420000000000206e-01
9.634399999999999631e-01 9.663040000000000518e-01 9.658390000000000031e-01 9.659440000000000248e-01 9.662969999999999615e-01 9.637940000000000396e-01 9.651440000000000019e-01 9.636639999999999651e-01
9.646029999999999882e-01 9.636460000000000026e-01 9.661089999999999955e-01 9.633040000000000491e-01 9.644599999999999840e-01 9.636670000000000513e-01 9.653540000000000454e-01 9.644629999999999592e-01
9.652880000000000349e-01 9.660990000000000411e-01 9.635380000000000056e-01 9.635120000000000351e-01 9.636620000000000186e-01 9.643190000000000373e-01 9.650100000000000344e-01 9.638379999999999725e-01
9.639870000000000383e-01 9.651640000000000219e-01 9.644369999999999887e-01 9.646190000000000042e-01 9.643300000000000205e-01 9.645150000000000112e-01 9.641899999999999915e-01 9.639579999999999815e-01
9.636780000000000346e-01 9.636759999999999771e-01 9.645759999999999890e-01 9.633249999999999869e-01 9.648240000000000149e-01 9.639630000000000143e-01 9.651819999999999844e-01 9.634310000000000374e-01
9.637219999999999676e-01 9.650480000000000169e-01 9.635219999999999896e-01 9.658700000000000063e-01 9.640020000000000255e-01 9.644779999999999465e-01 9.645799999999999930e-01 9.652279999999999749e-01
9.653180000000000094e-01 9.633190000000000364e-01 9.641359999999999930e-01 9.653329999999999966e-01 9.645329999999999737e-01 9.648959999999999759e-01 9.655070000000000041e-01 9.633859999999999646e-01
9.663399999999999768e-01 9.635369999999999768e-01 9.639529999999999488e-01 9.642070000000000363e-01 9.642079999999999540e-01 9.635759999999999881e-01 9.659320000000000128e-01 9.652500000000000524e-01
9.639050000000000118e-01 9.653939999999999744e-01 9.653500000000000414e-01 9.652800000000000269e-01 9.637050000000000338e-01 9.647080000000000100e-01 9.646419999999999995e-01 9.656580000000000163e-01
9.646940000000000515e-01 9.648769999999999847e-01 9.633890000000000509e-01 9.646970000000000267e-01 9.648280000000000189e-01 9.643519999999999870e-01 9.646310000000000162e-01 9.651100000000000234e-01
9.643990000000000062e-01 9.653829999999999911e-01 9.652399999999999869e-01 9.653659999999999464e-01 9.638609999999999678e-01 9.642849999999999477e-01 9.635150000000000103e-01 9.634439999999999671e-01
9.651070000000000482e-01 9.663410000000000055e-01 9.633709999999999773e-01 9.662669999999999870e-01 9.640199999999999880e-01 9.660509999999999931e-01 9.663359999999999728e-01 9.635059999999999736e-01
9.645240000000000480e-01 9.653169999999999806e-01 9.635909999999999753e-01 9.632920000000000371e-01 9.649020000000000374e-01 9.651579999999999604e-01 9.636590000000000433e-01 9.647860000000000325e-01
9.633340000000000236e-01 9.644009999999999527e-01 9.663389999999999480e-01 9.660509999999999931e-01 9.650030000000000552e-01 9.634819999999999496e-01 9.635479999999999601e-01 9.659170000000000256e-01
9.633789999999999853e-01 9.648930000000000007e-01 9.648400000000000309e-01 9.641250000000000098e-01 9.633659999999999446e-01 9.647829999999999462e-01 9.642330000000000068e-01 9.641429999999999723e-01
9.656040000000000179e-01 9.635470000000000423e-01 9.644239999999999480e-01 9.653850000000000486e-01 9.653260000000000174e-01 9.643850000000000477e-01 9.647130000000000427e-01 9.636169999999999458e-01
9.636299999999999866e-01 9.633680000000000021e-01 9.648560000000000469e-01 9.636149999999999993e-01 9.634570000000000078e-01 9.637930000000000108e-01 9.639140000000000486e-01 9.650210000000000177e-01
9.656649999999999956e-01 9.649980000000000224e-01 9.644540000000000335e-01 9.635080000000000311e-01 9.650699999999999834e-01 9.633610000000000229e-01 9.647869999999999502e-01 9.647729999999999917e-01
9.653690000000000326e-01 9.644409999999999927e-01 9.653880000000000239e-01 9.652129999999999876e-01 9.633880000000000221e-01 9.660229999999999650e-01 9.655489999999999906e-01 9.649480000000000279e-01
9.648799999999999599e-01 9.659990000000000521e-01 9.663270000000000470e-01 9.645869999999999722e-01 9.635390000000000343e-01 9.653890000000000526e-01 9.637130000000000418e-01 9.635209999999999608e-01
9.634019999999999806e-01 9.647559999999999469e-01 9.649739999999999984e-01 9.633180000000000076e-01 9.650999999999999579e-01 9.649759999999999449e-01 9.633289999999999909e-01 9.647109999999999852e-01
9.648499999999999854e-01 9.633509999999999573e-01 9.649860000000000104e-01 9.653699999999999504e-01 9.638370000000000548e-01 9.644340000000000135e-01 9.634789999999999743e-01 9.663410000000000055e-01
9.648470000000000102e-01 9.640790000000000193e-01 9.645749999999999602e-01 9.650130000000000097e-01 9.663319999999999688e-01 9.653869999999999951e-01 9.636980000000000546e-01 9.643450000000000077e-01
9.649699999999999944e-01 9.639569999999999528e-01 9.658849999999999936e-01 9.636649999999999938e-01 9.634650000000000158e-01 9.652589999999999781e-01 9.646569999999999867e-01 9.647080000000000100e-01
9.648539999999999894e-01 9.635970000000000368e-01 9.648050000000000237e-01 9.633829999999999893e-01 9.653370000000000006e-01 9.646050000000000457e-01 9.659299999999999553e-01 9.649729999999999697e-01
9.644719999999999960e-01 9.653209999999999846e-01 9.634099999999999886e-01 9.634120000000000461e-01 9.635070000000000023e-01 9.652709999999999901e-01 9.653509999999999591e-01 9.635829999999999673e-01
9.663019999999999943e-01 9.660490000000000466e-01 9.648710000000000342e-01 9.663389999999999480e-01 9.648660000000000014e-01 9.654779999999999474e-01 9.662589999999999790e-01 9.636029999999999873e-01
9.636320000000000441e-01 9.636810000000000098e-01 9.643650000000000277e-01 9.643789999999999862e-01 9.632979999999999876e-01 9.641600000000000170e-01 9.662490000000000245e-01 9.635390000000000343e-01
9.635340000000000016e-01 9.636700000000000266e-01 9.645909999999999762e-01 9.633140000000000036e-01 9.658710000000000351e-01 9.644319999999999560e-01 9.639980000000000215e-01 9.636639999999999651e-01
9.634200000000000541e-01 9.634859999999999536e-01 9.655350000000000321e-01 9.648299999999999654e-01 9.644160000000000510e-01 9.634070000000000134e-01 9.646350000000000202e-01 9.637930000000000108e-01
9.650320000000000009e-01 9.651149999999999451e-01 9.633059999999999956e-01 9.635979999999999546e-01 9.645249999999999657e-01 9.663059999999999983e-01 9.660729999999999595e-01 9.640389999999999793e-01
9.662260000000000293e-01 9.642579999999999485e-01 9.633789999999999853e-01 9.652739999999999654e-01 9.647280000000000300e-01 9.644770000000000287e-01 9.649339999999999584e-01 9.648120000000000029e-01
9.634709999999999663e-01 9.637350000000000083e-01 9.648809999999999887e-01 9.646590000000000442e-01 9.647149999999999892e-01 9.660330000000000306e-01 9.648210000000000397e-01 9.663009999999999655e-01
9.648539999999999894e-01 9.632939999999999836e-01 9.635420000000000096e-01 9.653319999999999679e-01 9.642570000000000308e-01 9.651210000000000067e-01 9.634460000000000246e-01 9.653089999999999726e-01
9.634129999999999638e-01 9.635629999999999473e-01 9.633410000000000029e-01 9.642629999999999812e-01 9.634759999999999991e-01 9.650969999999999827e-01 9.654019999999999824e-01 9.639159999999999950e-01
9.648369999999999447e-01 9.655059999999999754e-01 9.651070000000000482e-01 9.645259999999999945e-01 9.640680000000000360e-01 9.634749999999999703e-01 9.641399999999999970e-01 9.663370000000000015e-01
9.641680000000000250e-01 9.651199999999999779e-01 9.633080000000000531e-01 9.634859999999999536e-01 9.653500000000000414e-01 9.643239999999999590e-01 9.644369999999999887e-01 9.652020000000000044e-01
9.635690000000000088e-01 9.636789999999999523e-01 9.635040000000000271e-01 9.649400000000000199e-01 9.650109999999999522e-01 9.663439999999999808e-01 9.640710000000000113e-01 9.640480000000000160e-01
9.651049999999999907e-01 9.647609999999999797e-01 9.662859999999999783e-01 9.652169999999999916e-01 9.663110000000000310e-01 9.647329999999999517e-01 9.639459999999999695e-01 9.632929999999999549e-01
9.651769999999999516e-01 9.633260000000000156e-01 9.633009999999999629e-01 9.652880000000000349e-01 9.633169999999999789e-01 9.646289999999999587e-01 9.652979999999999894e-01 9.653850000000000486e-01
9.634570000000000078e-01 9.634540000000000326e-01 9.640619999999999745e-01 9.653000000000000469e-01 9.634190000000000254e-01 9.653690000000000326e-01 9.646689999999999987e-01 9.651119999999999699e-01
9.637229999999999963e-01 9.663329999999999975e-01 9.636190000000000033e-01 9.659149999999999681e-01 9.651720000000000299e-01 9.632969999999999589e-01 9.660990000000000411e-01 9.654110000000000191e-01
9.643100000000000005e-01 9.652539999999999454e-01 9.645089999999999497e-01 9.643420000000000325e-01 9.648320000000000229e-01 9.646230000000000082e-01 9.644500000000000295e-01 9.635089999999999488e-01
9.662239999999999718e-01 9.646959999999999980e-01 9.633310000000000484e-01 9.640809999999999658e-01 9.656620000000000203e-01 9.649269999999999792e-01 9.644080000000000430e-01 9.645409999999999817e-01
9.636749999999999483e-01 9.640950000000000353e-01 9.662990000000000190e-01 9.633030000000000204e-01 9.642539999999999445e-01 9.633739999999999526e-01 9.645789999999999642e-01 9.644409999999999927e-01
9.647139999999999604e-01 9.653389999999999471e-01 9.653990000000000071e-01 9.636780000000000346e-01 9.663209999999999855e-01 9.646190000000000042e-01 9.637710000000000443e-01 9.635200000000000431e-01
9.639739999999999975e-01 9.655960000000000099e-01 9.652739999999999654e-01 9.635399999999999521e-01 9.660189999999999610e-01 9.656820000000000404e-01 9.652070000000000372e-01 9.657160000000000188e-01
9.633199999999999541e-01 9.633270000000000444e-01 9.641079999999999650e-01 9.639379999999999615e-01 9.634949999999999903e-01 9.633279999999999621e-01 9.644340000000000135e-01 9.633080000000000531e-01
9.650090000000000057e-01 9.657120000000000148e-01 9.642030000000000323e-01 9.646160000000000290e-01 9.646700000000000275e-01 9.648980000000000334e-01 9.662309999999999510e-01 9.633030000000000204e-01
9.643629999999999702e-01 9.663399999999999768e-01 9.651840000000000419e-01 9.636409999999999698e-01 9.649889999999999857e-01 9.633829999999999893e-01 9.651469999999999771e-01 9.632990000000000164e-01
9.644230000000000302e-01 9.636700000000000266e-01 9.635470000000000423e-01 9.648109999999999742e-01 9.656150000000000011e-01 9.661640000000000228e-01 9.660260000000000513e-01 9.633720000000000061e-01
9.635669999999999513e-01 9.653270000000000461e-01 9.647499999999999964e-01 9.643329999999999957e-01 9.634530000000000038e-01 9.633859999999999646e-01 9.645169999999999577e-01 9.633479999999999821e-01
9.633739999999999526e-01 9.646879999999999900e-01 9.651760000000000339e-01 9.634669999999999623e-01 9.653869999999999951e-01 9.633049999999999669e-01 9.662640000000000118e-01 9.644040000000000390e-01
9.652220000000000244e-01 9.639259999999999495e-01 9.646019999999999595e-01 9.650809999999999667e-01 9.653100000000000014e-01 9.641809999999999548e-01 9.642429999999999612e-01 9.646390000000000242e-01
9.651690000000000547e-01 9.663410000000000055e-01 9.659969999999999946e-01 9.638339999999999685e-01 9.646099999999999675e-01 9.651300000000000434e-01 9.645120000000000360e-01 9.636130000000000528e-01
9.642889999999999517e-01 9.647320000000000340e-01 9.648320000000000229e-01 9.635899999999999466e-01 9.635789999999999633e-01 9.649419999999999664e-01 9.645690000000000097e-01 9.633690000000000309e-01
9.635569999999999968e-01 9.636919999999999931e-01 9.659529999999999506e-01 9.648499999999999854e-01 9.641680000000000250e-01 9.662349999999999550e-01 9.650320000000000009e-01 9.662840000000000318e-01
9.636860000000000426e-01 9.634040000000000381e-01 9.633350000000000524e-01 9.635000000000000231e-01 9.634519999999999751e-01 9.653490000000000126e-01 9.637390000000000123e-01 9.642699999999999605e-01
9.656740000000000324e-01 9.652239999999999709e-01 9.635810000000000208e-01 9.639809999999999768e-01 9.653760000000000119e-01 9.647400000000000420e-01 9.648799999999999599e-01 9.659060000000000423e-01
9.651710000000000012e-01 9.654009999999999536e-01 9.662250000000000005e-01 9.636529999999999818e-01 9.633040000000000491e-01 9.653850000000000486e-01 9.646810000000000107e-01 9.663180000000000103e-01
9.653639999999999999e-01 9.650009999999999977e-01 9.653620000000000534e-01 9.643420000000000325e-01 9.644829999999999792e-01 9.651960000000000539e-01 9.648099999999999454e-01 9.651319999999999899e-01
9.637019999999999476e-01 9.655690000000000106e-01 9.655470000000000441e-01 9.651579999999999604e-01 9.653800000000000159e-01 9.637879999999999781e-01 9.653720000000000079e-01 9.651680000000000259e-01
9.650779999999999914e-01 9.651480000000000059e-01 9.642570000000000308e-01 9.635470000000000423e-01 9.634310000000000374e-01 9.646620000000000195e-01 9.652079999999999549e-01 9.648520000000000429e-01
9.634289999999999798e-01 9.649670000000000192e-01 9.637320000000000331e-01 9.656299999999999883e-01 9.651939999999999964e-01 9.633950000000000014e-01 9.634629999999999583e-01 9.633040000000000491e-01
9.640339999999999465e-01 9.633070000000000244e-01 9.646460000000000035e-01 9.644949999999999912e-01 9.633899999999999686e-01 9.653119999999999479e-01 9.641979999999999995e-01 9.657790000000000541e-01
9.648430000000000062e-01 9.653920000000000279e-01 9.645500000000000185e-01 9.652060000000000084e-01 9.660919999999999508e-01 9.653770000000000406e-01 9.633389999999999453e-01 9.659210000000000296e-01
9.635629999999999473e-01 9.634179999999999966e-01 9.634549999999999503e-01 9.642159999999999620e-01 9.661950000000000260e-01 9.659379999999999633e-01 9.637069999999999803e-01 9.646740000000000315e-01
9.658910000000000551e-01 9.652399999999999869e-01 9.645160000000000400e-01 9.653650000000000286e-01 9.647379999999999844e-01 9.644470000000000542e-01 9.640539999999999665e-01 9.647440000000000460e-01
9.634549999999999503e-01 9.642009999999999748e-01 9.654509999999999481e-01 9.635909999999999753e-01 9.647310000000000052e-01 9.646510000000000362e-01 9.652589999999999781e-01 9.636449999999999738e-01
9.633129999999999749e-01 9.663209999999999855e-01 9.636700000000000266e-01 9.637109999999999843e-01 9.634549999999999503e-01 9.633399999999999741e-01 9.652220000000000244e-01 9.633260000000000156e-01
9.634340000000000126e-01 9.633159999999999501e-01 9.650619999999999754e-01 9.661760000000000348e-01 9.635759999999999881e-01 9.662530000000000285e-01 9.663009999999999655e-01 9.662079999999999558e-01
9.653960000000000319e-01 9.639459999999999695e-01 9.636270000000000113e-01 9.636139999999999706e-01 9.649330000000000407e-01 9.656099999999999683e-01 9.638569999999999638e-01 9.648090000000000277e-01
9.652060000000000084e-01 9.636949999999999683e-01 9.658510000000000151e-01 9.633000000000000451e-01 9.645449999999999857e-01 9.632979999999999876e-01 9.659280000000000088e-01 9.635209999999999608e-01
9.634880000000000111e-01 9.644730000000000247e-01 9.651560000000000139e-01 9.652460000000000484e-01 9.659060000000000423e-01 9.641349999999999643e-01 9.653890000000000526e-01 9.634890000000000398e-01
9.645770000000000177e-01 9.642749999999999932e-01 9.634369999999999878e-01 9.650210000000000177e-01 9.639600000000000390e-01 9.653899999999999704e-01 9.636989999999999723e-01 9.647090000000000387e-01
9.636500000000000066e-01 9.653429999999999511e-01 9.653690000000000326e-01 9.633080000000000531e-01 9.633530000000000149e-01 9.650900000000000034e-01 9.634589999999999543e-01 9.653190000000000381e-01
9.643000000000000460e-01 9.634059999999999846e-01 9.649119999999999919e-01 9.633939999999999726e-01 9.636869999999999603e-01 9.651260000000000394e-01 9.647219999999999684e-01 9.655989999999999851e-01
9.653789999999999871e-01 9.645049999999999457e-01 9.646839999999999860e-01 9.650509999999999922e-01 9.642319999999999780e-01 9.639609999999999568e-01 9.656460000000000043e-01 9.633009999999999629e-01
9.662429999999999630e-01 9.657050000000000356e-01 9.644409999999999927e-01 9.648320000000000229e-01 9.634709999999999663e-01 9.633760000000000101e-01 9.634610000000000118e-01 9.636799999999999811e-01
9.661480000000000068e-01 9.653000000000000469e-01 9.649870000000000392e-01 9.641899999999999915e-01 9.635280000000000511e-01 9.641450000000000298e-01 9.639879999999999560e-01 9.635420000000000096e-01
9.648339999999999694e-01 9.653129999999999766e-01 9.635150000000000103e-01 9.647259999999999724e-01 9.633990000000000054e-01 9.641629999999999923e-01 9.649140000000000494e-01 9.645540000000000225e-01
