0 0 0 0
1 0 0 0
2 0 0 0
3 0 0 0
4 8.263413119e-08 8.263413119e-10 6.828399637e-17
5 8.263413119e-08 8.263413119e-10 6.828399637e-17
6 8.263413119e-08 9.260065902e-10 6.911093428e-17
7 8.263413119e-08 9.260065902e-10 6.911093428e-17
8 8.263413119e-08 9.260065902e-10 6.911093428e-17
9 3.293712506e-07 4.219754921e-09 1.147803221e-15
10 3.293712506e-07 4.222189063e-09 1.147783063e-15
11 9.006683267e-05 9.073873496e-07 8.110972309e-11
12 9.006683267e-05 9.244320232e-07 8.110431074e-11
13 9.006683267e-05 9.748158623e-07 8.110136233e-11
14 9.006683267e-05 1.00049076e-06 8.11486862e-11
15 0.0003482713346 5.761552178e-06 1.42829339e-09
16 0.001443122046 3.559874801e-05 4.133196344e-08
17 0.003627983979 0.000123082805 2.769463102e-07
18 0.005492438909 0.0002530261164 7.095881013e-07
19 0.005492438909 0.0001952654851 6.405509404e-07
20 0.005492438909 0.0002385166286 9.599506615e-07
21 0.009373330763 0.0003058528263 1.688828268e-06
22 0.01471243733 0.0004642163951 3.753649119e-06
23 0.01471243733 0.0005732944859 4.509728695e-06
24 0.01471243733 0.0007082755257 5.963441873e-06
25 0.01471243733 0.0005984899214 5.017152059e-06
26 0.01471243733 0.0005337602525 4.774964894e-06
27 0.01471243733 0.000544975511 5.139478733e-06
28 0.01471243733 0.001004312401 9.205406856e-06
29 0.01471243733 0.0009327377559 8.562410893e-06
30 0.01471243733 0.0007531022976 7.623848164e-06
31 0.01471243733 0.0006705478058 7.329213138e-06
32 0.01471243733 0.0006900723487 7.281541215e-06
33 0.01471243733 0.0007160053578 8.297109748e-06
34 0.0247848936 0.001192152374 1.565792123e-05
35 0.0247848936 0.001617588156 2.230880182e-05
36 0.04326322336 0.002426597669 5.105541399e-05
37 0.05172775969 0.002102463597 6.780096583e-05
38 0.09837394547 0.003626517694 0.0001711817946
39 0.101130702 0.003926553352 0.0002586537896
40 0.101130702 0.005300640842 0.0003868505654
41 0.163928085 0.007286946727 0.0006666862267
42 0.163928085 0.007330916007 0.0007054647755
43 0.163928085 0.0081269978 0.0007405840928
44 0.163928085 0.01078126418 0.001112932637
45 0.1643672079 0.0120791032 0.001367395046
46 0.1643672079 0.01388656209 0.001620117809
47 0.1643672079 0.01351147332 0.001529583213
48 0.1932473561 0.0158139784 0.001996064807
49 0.1932473561 0.01840031495 0.002259371768
50 0.2049395231 0.02003924811 0.002587149101
51 0.2546516132 0.01757420173 0.0027906993
52 0.2546516132 0.02336064234 0.003708964271
53 0.2546516132 0.02625317343 0.004151990359
54 0.2546516132 0.02699966538 0.004029461714
55 0.2613539782 0.03139728499 0.00459454457
56 0.2822686408 0.03062118966 0.004956985539
57 0.3050389438 0.03977459881 0.006732904786
58 0.3050389438 0.03965202685 0.006853644023
59 0.3072121338 0.04591263668 0.007860953658
60 0.3290449004 0.03873372318 0.007072397824
61 0.3681509329 0.04688184731 0.008364408665
62 0.3681509329 0.04483731884 0.0091179554
63 0.3681509329 0.04147849551 0.007857444071
64 0.3681509329 0.03951374147 0.007885437031
65 0.3681509329 0.04299193421 0.009633895557
66 0.3681509329 0.05156103451 0.01054702965
67 0.4884980547 0.04369340685 0.01078618413
68 0.4884980547 0.05384242478 0.01278662259
69 0.8851890281 0.06750056275 0.02146045775
70 0.8851890281 0.05752222205 0.01997264181
71 0.8851890281 0.06897216394 0.02524115442
72 0.911886388 0.08454201449 0.03774796686
73 0.911886388 0.1139310611 0.05478134236
74 0.9339066421 0.1247169705 0.06487696198
75 0.9395127978 0.1524185774 0.07756106895
76 0.9863666353 0.1637762673 0.08220860594
77 0.9863666353 0.1444607908 0.07035305508
78 0.9924077594 0.1584461245 0.08206901822
78 0.0001159047512 1.26383747e-06 1.344284119e-10
79 0.0001159047512 1.91488862e-06 1.545262231e-10
80 0.0001159047512 2.797511246e-06 1.89151603e-10
81 0.0002380003457 8.18269096e-06 9.041773746e-10
82 0.0002990584567 1.634726092e-05 2.721044176e-09
83 0.0004282993934 2.258771343e-05 5.602535308e-09
84 0.001137988348 3.477740094e-05 1.970896866e-08
85 0.001137988348 3.691436559e-05 2.17030185e-08
86 0.001137988348 3.843897677e-05 2.312997662e-08
87 0.001137988348 3.982921106e-05 2.454704834e-08
88 0.001137988348 4.238832921e-05 2.550582057e-08
89 0.001137988348 5.929454878e-05 4.013605774e-08
90 0.001536453296 7.367085888e-05 6.401217857e-08
91 0.002044650988 7.875514226e-05 9.438814304e-08
92 0.002253338246 0.0001014218378 1.467357527e-07
93 0.002253338246 0.0001404665456 2.058529887e-07
94 0.00585264973 0.0001995192172 5.735942621e-07
95 0.00585264973 0.0002226386382 6.663337606e-07
96 0.00585264973 0.0002301991139 7.121047732e-07
97 0.00585264973 0.0003530483117 1.08129423e-06
98 0.00585264973 0.0003747678623 1.319038179e-06
99 0.006140825631 0.000360830039 1.528700716e-06
100 0.006140825631 0.000416852097 1.780827268e-06
101 0.006140825631 0.0003761110989 1.622859363e-06
102 0.006981583916 0.000508269485 2.267219171e-06
103 0.006981583916 0.0004960959572 2.155429907e-06
104 0.007020635327 0.0005053750485 2.31597598e-06
105 0.007020635327 0.0005736068548 2.684611135e-06
106 0.007020635327 0.0005190864487 2.508059775e-06
107 0.007020635327 0.0005002560087 2.280058879e-06
108 0.007020635327 0.0004600489636 2.35495589e-06
109 0.007315422041 0.0005545579823 2.844973762e-06
110 0.007315422041 0.0006974021852 3.036595017e-06
111 0.007315422041 0.0006537131167 2.543151733e-06
112 0.01595018781 0.0008188117705 5.272055333e-06
113 0.01595018781 0.0009476258474 5.653489676e-06
114 0.01595695222 0.001215604551 9.099171421e-06
115 0.01639154043 0.001191017626 1.02692861e-05
116 0.01639154043 0.001172246296 1.140564313e-05
117 0.01639154043 0.0009301396234 1.039847843e-05
118 0.01639154043 0.0008508939555 9.658272804e-06
119 0.01639154043 0.001090721365 1.17457166e-05
120 0.01639154043 0.001172624682 1.286441796e-05
121 0.01639154043 0.001031929169 1.168043019e-05
122 0.01639154043 0.0009906846704 1.110319577e-05
123 0.01709100324 0.001310540471 1.412026736e-05
124 0.01709100324 0.001147406895 1.13871771e-05
125 0.01780948895 0.001306805128 1.626034375e-05
126 0.01780948895 0.001444225521 1.594329565e-05
127 0.03631074581 0.001960439735 2.992297467e-05
128 0.060361776 0.00228229205 5.998157203e-05
129 0.060361776 0.002376994885 7.791516378e-05
130 0.060361776 0.003109118521 9.708823959e-05
131 0.060361776 0.004396865743 0.0001520731119
132 0.09304687409 0.005296905318 0.0002583672742
133 0.09304687409 0.004108702467 0.0001911751856
134 0.09304687409 0.003805853669 0.0001904432328
135 0.09304687409 0.005286212794 0.0002682647196
136 0.09304687409 0.0059300411 0.0002722349277
137 0.09304687409 0.006067244353 0.0002802324157
138 0.09304687409 0.006186689429 0.0003063395888
139 0.1094580224 0.006080226689 0.000361936081
140 0.1094580224 0.006456930038 0.0003467316386
141 0.1094580224 0.006718612297 0.0003939169244
142 0.1094580224 0.006453714204 0.000380283767
143 0.1094580224 0.006893978996 0.00038305001
144 0.1094580224 0.006900846232 0.0003755120361
145 0.1094580224 0.005828574339 0.0003349991414
146 0.1094580224 0.008436802651 0.000534885795
147 0.1094580224 0.008361590449 0.0005430664221
148 0.1094580224 0.008900374142 0.0004911268646
149 0.1094580224 0.0106886641 0.0005946302577
150 0.1094580224 0.008299296043 0.0004745186445
151 0.1094580224 0.01169333163 0.0005464449831
152 0.1094580224 0.01031111986 0.0005188110552
153 0.1094580224 0.01215668847 0.0006926028379
154 0.1094580224 0.01243456549 0.0006688008549
155 0.1156306894 0.01205480925 0.00065321336
156 0.1156306894 0.01015768797 0.0005641972356
157 0.2094570252 0.01436756415 0.00119178217
158 0.2094570252 0.01543480599 0.001305545996
159 0.2094570252 0.01644869157 0.001360529952
160 0.2094570252 0.01621707829 0.00144042971
161 0.2094570252 0.01385583236 0.001293247899
162 0.2094570252 0.01167507288 0.001305022549
163 0.2094570252 0.01507708711 0.001602072699
164 0.2663528765 0.01996824858 0.002351390279
165 0.2663528765 0.0190412824 0.002290855275
166 0.2663528765 0.02178506813 0.002851194999
167 0.2663528765 0.01940131818 0.002378772166
168 0.2663528765 0.02098688486 0.002979277366
169 0.2663528765 0.01944909252 0.002950653561
170 0.2663528765 0.01579784594 0.002330874961
171 0.2691152199 0.01655448288 0.002959198183
172 0.2691152199 0.01810934029 0.00280882613
173 0.2691152199 0.01840010096 0.002768855022
174 0.2691152199 0.02106036189 0.003374222582
175 0.2698260114 0.01939539335 0.003804036151
176 0.3152483377 0.02317130277 0.004584281893
177 0.3152483377 0.02063629318 0.004009926693
178 0.3152483377 0.02135994126 0.003801370605
179 0.3160034307 0.02401235495 0.004492498153
180 0.3160034307 0.02408622565 0.004439506184
181 0.3160034307 0.02457786298 0.004529318638
182 0.3160034307 0.02353127723 0.004195186443
183 0.3160034307 0.02825071794 0.004338425647
184 0.3160034307 0.0280669195 0.004451048727
185 0.3160034307 0.02528041997 0.004025748225
186 0.3160034307 0.02739183635 0.004199990603
187 0.3160034307 0.0307461938 0.00541495868
188 0.3160034307 0.02984011181 0.005931983438
189 0.3160034307 0.02680825962 0.004785589743
190 0.3160034307 0.02573206549 0.004740545556
191 0.3160034307 0.02932126226 0.005166218832
192 0.3160034307 0.02805665291 0.005385486731
193 0.3160034307 0.02184120321 0.003963043737
194 0.3160034307 0.02213707059 0.004204952733
195 0.3160034307 0.02343004585 0.00473978363
196 0.3160034307 0.0258070504 0.004710200068
197 0.3160034307 0.01847568595 0.003719183119
198 0.3160034307 0.02876430385 0.004911891547
199 0.3160034307 0.03198778784 0.005172169318
200 0.3160034307 0.03584677395 0.005769320071
201 0.3160034307 0.02904102191 0.004884213825
202 0.3160034307 0.0325278166 0.005293254539
203 0.3160034307 0.03186521624 0.004474917024
204 0.3160034307 0.02861409842 0.004873952814
205 0.3160034307 0.02725059964 0.004321721018
206 0.3160034307 0.02861825652 0.004381255568
207 0.3160034307 0.02944444928 0.004442374433
208 0.3160034307 0.02814222699 0.005054689169
209 0.3169831897 0.0342519752 0.005769889342
210 0.3169831897 0.0332146278 0.005145700502
211 0.3169831897 0.03384736286 0.00503812844
212 0.3169831897 0.03325932124 0.005029157182
213 0.3169831897 0.0308866016 0.004926769331
214 0.3169831897 0.04160862058 0.006866275877
215 0.3169831897 0.03296364259 0.004928897617
216 0.3169831897 0.03495503263 0.005903065731
217 0.3169831897 0.03431382974 0.005798340661
218 0.3169831897 0.03575617006 0.005310080596
219 0.3386358268 0.03861319556 0.006794645626
220 0.3386358268 0.04435945377 0.007526650861
221 0.3386358268 0.0371920356 0.005904467146
222 0.3386358268 0.03230548298 0.0053478188
223 0.3386358268 0.03174339324 0.005443461478
224 0.3386358268 0.03622428704 0.006590150505
225 0.3386358268 0.03798497047 0.007469939421
226 0.3386358268 0.02901699924 0.005688535052
227 0.3386358268 0.04048336904 0.007533352708
228 0.3386358268 0.03390566702 0.006038189692
229 0.3386358268 0.0391225972 0.007558634812
230 0.3478687818 0.03099746457 0.006493901851
231 0.3478687818 0.03468374759 0.007508680622
232 0.3478687818 0.03477006462 0.007105957632
233 0.3478687818 0.04048363101 0.007494188748
234 0.3478687818 0.03793301911 0.006459367081
235 0.3525152005 0.04654395575 0.009529275507
236 0.3525152005 0.04925980842 0.00891132441
237 0.3586430816 0.05053044368 0.009973454271
238 0.361992284 0.04832474334 0.00912145274
239 0.361992284 0.04705301168 0.008011846253
240 0.4136410032 0.05073980149 0.0092000437
241 0.4136410032 0.0522566941 0.009394332364
242 0.4136410032 0.05308889815 0.009671563075
243 0.4167114646 0.0554295762 0.01106371685
244 0.5178884526 0.05801233457 0.01285737197
245 0.5178884526 0.05587076539 0.01143318145
246 0.5178884526 0.05399574676 0.01123622549
247 0.5178884526 0.05525118552 0.01200473005
248 0.5178884526 0.06349329977 0.01552932168
249 0.5178884526 0.05228153705 0.01156957293
250 0.5178884526 0.05362131949 0.01394786035
251 0.518339383 0.05512254925 0.01523972616
252 0.518339383 0.06143157399 0.01605759796
253 0.5193872591 0.05413803545 0.01690353066
254 0.5193872591 0.05551188508 0.01698044392
255 0.5193872591 0.04637702099 0.01458193921
256 0.5193872591 0.06446038591 0.01996149504
257 0.5193872591 0.06518439399 0.02005164359
258 0.5193872591 0.06306873156 0.01740309397
259 0.5193872591 0.05700776814 0.01492487106
260 0.5193872591 0.05199823871 0.01481467524
261 0.5193872591 0.0492493203 0.01363079513
262 0.5193872591 0.04734826295 0.01310820022
263 0.5241761431 0.0549676615 0.01667609467
264 0.5241761431 0.05718865659 0.01840615181
265 0.5241761431 0.05270959998 0.01742226543
266 0.5241761431 0.04856034497 0.01444688044
267 0.5241761431 0.05098417638 0.01433595267
268 0.5241761431 0.05081822934 0.01510971242
269 0.5241761431 0.05386065502 0.01424286009
270 0.5241761431 0.04375827693 0.01221930867
271 0.5241761431 0.05785779569 0.01462555345
272 0.5241761431 0.05785778313 0.01563248397
273 0.5241761431 0.06465967319 0.01717270433
274 0.5241761431 0.05866709395 0.01543549789
275 0.5241761431 0.05192125973 0.01517897363
276 0.5241761431 0.06559725713 0.01867355231
277 0.5281468144 0.0591626911 0.01517190201
278 0.5281468144 0.05272821301 0.01577526511
279 0.5284402985 0.0592003283 0.01581279133
280 0.5284402985 0.05858583378 0.01457452301
281 0.5378867112 0.06063004127 0.01763406565
282 0.5378867112 0.0524635954 0.01488778942
283 0.5378867112 0.05237423873 0.01379031222
284 0.5378867112 0.0687176035 0.01879485006
285 0.5378867112 0.06445526613 0.01575380451
286 0.5378867112 0.06376371597 0.01646129389
287 0.5378867112 0.0627272142 0.01840267509
288 0.5378867112 0.06760203799 0.02014702201
289 0.5378867112 0.06443921181 0.01988001733
290 0.5378867112 0.06483956854 0.0192661437
291 0.5392140346 0.0778520724 0.0231505443
292 0.5392140346 0.07769951667 0.01880056302
293 0.5392140346 0.06831290727 0.0189497061
294 0.5392140346 0.06529031013 0.01961499361
295 0.5805695441 0.06830795525 0.01972331234
296 0.5805695441 0.08168147984 0.02135469782
297 0.5805695441 0.07137255926 0.0203737198
298 0.5805695441 0.06663740246 0.01943332533
299 0.5805695441 0.05276207057 0.01617763158
300 0.5805695441 0.04693919954 0.01602937254
301 0.5805695441 0.05233399635 0.01767008111
302 0.5805695441 0.06460833283 0.01973670045
303 0.5894727098 0.07972546918 0.02839425833
304 0.6381215963 0.07434318273 0.02509872933
305 0.6381215963 0.07417489829 0.02549706644
306 0.6381215963 0.06119732717 0.01877650512
307 0.6381215963 0.06196885929 0.02101180621
308 0.6381215963 0.06513841149 0.02267301782
309 0.6419713326 0.0609169308 0.02159204697
310 0.6700024882 0.07830213475 0.02559678821
311 0.6700024882 0.07648084812 0.02637756838
312 0.6700024882 0.06682961726 0.02376323405
313 0.6700024882 0.05193840968 0.01957187037
314 0.6700024882 0.05316828995 0.02033165569
315 0.6700024882 0.07481686228 0.02332095651
316 0.6700024882 0.08124016049 0.02927315691
317 0.6700024882 0.07554601342 0.02312597249
318 0.6700024882 0.08102727811 0.025176715
319 0.6700024882 0.06995170996 0.02503783138
320 0.6700024882 0.08328167677 0.02786229521
321 0.6700024882 0.08485831836 0.0294341083
322 0.6700024882 0.0834197534 0.02664572649
323 0.6700024882 0.05344147989 0.02038714869
324 0.6700024882 0.06945131489 0.02328210994
325 0.6700024882 0.07647492086 0.02461257078
326 0.6700024882 0.06954095497 0.02540159732
327 0.6700024882 0.07946012997 0.02835448575
328 0.6820078427 0.09327335131 0.03146244174
329 0.6820078427 0.075202863 0.0240717819
330 0.6820078427 0.07998260958 0.02948972035
331 0.6820078427 0.06976445341 0.02622831033
332 0.6820078427 0.0842531334 0.03188736368
333 0.6820078427 0.0773825231 0.03156163035
334 0.6820078427 0.08958322014 0.03063626891
335 0.6820078427 0.0950118364 0.02864835451
336 0.6820078427 0.07864722801 0.02517059799
337 0.6820078427 0.07435256174 0.02256780944
338 0.6820078427 0.08545468543 0.02826372334
339 0.6820078427 0.08216299948 0.02567792224
340 0.6820078427 0.06431591838 0.01972442914
341 0.6820078427 0.08273724184 0.02650585117
342 0.6820078427 0.08582422225 0.02809941457
343 0.6820078427 0.08987429606 0.03251998184
344 0.6820078427 0.08937483509 0.03305538223
345 0.6820078427 0.09560971365 0.0318906531
346 0.6820078427 0.1121290524 0.03511651466
347 0.6820078427 0.07998039943 0.0242960531
348 0.6820078427 0.06697904862 0.01904304114
349 0.6820078427 0.06921459813 0.02467080735
350 0.6820078427 0.07538009026 0.02597654253
351 0.6820078427 0.0716429622 0.02463613861
352 0.6820078427 0.06676319404 0.02187106162
353 0.6820078427 0.07059670305 0.02327785625
354 0.6820078427 0.08344054102 0.02810361089
355 0.6928180544 0.0793618746 0.03012959916
356 0.6928180544 0.084520414 0.02715093199
357 0.6928180544 0.09451135622 0.02998004903
358 0.6928180544 0.103629166 0.03665030274
359 0.6928180544 0.09548967944 0.02928138927
360 0.6928180544 0.09386291603 0.02748384128
361 0.6928180544 0.09755090991 0.03176265261
362 0.6928180544 0.1083962837 0.03390437411
363 0.6928180544 0.1145251489 0.03915721541
364 0.6928180544 0.095255443 0.03368246573
365 0.6928180544 0.09154677728 0.02998750173
366 0.6928180544 0.09261027397 0.0283138223
367 0.6928180544 0.08826019406 0.02887811187
368 0.7155414952 0.1052264433 0.03516412907
369 0.7155414952 0.0817186941 0.02653029875
370 0.7155414952 0.1001440365 0.02971987714
371 0.7558974608 0.1164184131 0.03856843676
372 0.8183633753 0.1087539688 0.03700608652
373 0.8183633753 0.09546850382 0.03440101508
374 0.8183633753 0.07899236174 0.02898070809
375 0.8818159114 0.07407504374 0.03100189258
376 0.8818159114 0.08614232334 0.03533899809
377 0.8818159114 0.07258991235 0.02949985972
378 0.8818159114 0.08267653721 0.03672177257
379 0.8818159114 0.07247907421 0.03279645382
380 0.8818159114 0.09884127656 0.03791002438
381 0.8818159114 0.07981027825 0.03151727448
382 0.8818159114 0.0820492495 0.03797771255
383 0.8818159114 0.07458339292 0.0366063397
384 0.8818159114 0.07693049911 0.03805101439
385 0.8818159114 0.08185526311 0.03217824238
386 0.8818159114 0.08183359171 0.03591597944
387 0.8818159114 0.08348200375 0.03639971807
388 0.8818159114 0.08017003859 0.03920682552
389 0.8818159114 0.07296254763 0.03666663079
390 0.8818159114 0.08698485852 0.03939349617
391 0.9270817642 0.09745449358 0.04825512125
392 0.9270817642 0.07210785539 0.03975135839
393 0.9270817642 0.06327408557 0.03156871131
394 0.9305494706 0.09559209457 0.05367935187
395 0.9305494706 0.06317751204 0.03481145051
396 0.9305494706 0.08271549585 0.04595961208
397 0.9305494706 0.0787743626 0.04432014465
398 0.9305494706 0.0687034205 0.04158540953
399 0.9305494706 0.07889144667 0.04477122812
400 0.9305494706 0.07881642196 0.04340637428
401 0.9305494706 0.08023236991 0.04763102922
402 0.9305494706 0.07025562982 0.03609721348
403 0.9305494706 0.07225000533 0.04210686902
404 0.9305494706 0.08368468967 0.04446361344
405 0.9305494706 0.06153695889 0.03457313675
406 0.9305494706 0.07102062668 0.04210030988
407 0.9305494706 0.07919196827 0.042988445
408 0.9305494706 0.07611321651 0.03926548817
409 0.9305494706 0.08137979566 0.04246359605
410 0.9310944128 0.08131679728 0.04587082259
411 0.9310944128 0.09384485383 0.04877935348
412 0.9310944128 0.1033380564 0.05854078792
413 0.9310944128 0.1007160486 0.05278689859
414 0.9310944128 0.06804460014 0.03825014118
415 0.9310944128 0.09013547244 0.04247464223
416 0.9310944128 0.08744798244 0.04333977143
417 0.9310944128 0.08885382238 0.04521218387
418 0.9310944128 0.0922890116 0.045928546
419 0.9315723186 0.07980158063 0.0469918729
420 0.9336101357 0.07771528015 0.04698654584
421 0.9336101357 0.08303887987 0.05163365324
422 0.9336101357 0.07971085078 0.04699092564
423 0.9336101357 0.06613101757 0.0389693467
424 0.9336101357 0.07703347441 0.04233958867
425 0.9336101357 0.07978843284 0.0435984552
426 0.9336101357 0.08185947452 0.04732202384
427 0.9336101357 0.08900851545 0.04918677883
428 0.9348199332 0.08547179418 0.04468488278
429 0.9348199332 0.06718445246 0.03692341132
430 0.9348199332 0.05881530162 0.03409732361
431 0.9348199332 0.0655034731 0.03559000334
432 0.9348199332 0.0616226466 0.04135602551
433 0.9348199332 0.06098304348 0.03440535703
434 0.9348199332 0.06036637596 0.03749379397
435 0.9348199332 0.070404345 0.04237224494
436 0.9348199332 0.06797781813 0.04382233371
437 0.9348199332 0.07465860009 0.04322794205
438 0.9348199332 0.07121920325 0.04238658377
439 0.9348199332 0.07109159075 0.03893060742
440 0.9348199332 0.07911964635 0.04534656219
441 0.9348199332 0.08089286679 0.04759471148
442 0.9468605527 0.09698674376 0.05259452652
443 0.9468605527 0.072063997 0.03900151094
444 0.9468605527 0.07913508528 0.03910854384
445 0.9468605527 0.07365775544 0.03849615195
446 0.9468605527 0.06950234746 0.04198582857
447 0.9468605527 0.08179412914 0.04790472365
448 0.9468605527 0.08275123841 0.04914448818
449 0.9468605527 0.08131294369 0.04856526936
450 0.9468605527 0.07337973753 0.04334353314
451 0.9468605527 0.06875555678 0.04153978713
452 0.9468605527 0.07954604795 0.04916394886
453 0.9468605527 0.08883815803 0.05233825954
454 0.9468605527 0.06500874442 0.04139168797
455 0.949396552 0.07921941211 0.0483690058
456 0.949396552 0.07939884245 0.04200322856
457 0.949396552 0.06876269899 0.03676408357
458 0.949396552 0.08116159931 0.04884693462
459 0.949396552 0.06789616732 0.03580357296
460 0.949396552 0.08471845676 0.0505654183
461 0.949396552 0.09383698496 0.06147426068
462 0.949396552 0.08220820778 0.04774935438
463 0.949396552 0.07658111952 0.04119639829
464 0.949396552 0.07817453759 0.03938723008
465 0.949396552 0.07492187052 0.04342533844
466 0.949396552 0.06899164025 0.04457196139
467 0.949396552 0.07881052631 0.04337351835
468 0.949396552 0.0634450425 0.03674231875
469 0.949396552 0.06695555237 0.03726044724
470 0.949396552 0.06996749211 0.03956139785
471 0.949396552 0.07472270495 0.04180263713
472 0.949396552 0.08711118792 0.044207524
473 0.949396552 0.0884413952 0.04339969748
474 0.949396552 0.1071462044 0.06159277719
475 0.949396552 0.09391929794 0.04510309455
476 0.949396552 0.09604760441 0.05457033139
477 0.949396552 0.07142597931 0.03643453656
478 0.949396552 0.07841318599 0.04317635131
479 0.949396552 0.07962908543 0.04405827671
480 0.949396552 0.06500062253 0.03641317092
481 0.949396552 0.06595959269 0.04378201309
482 0.949396552 0.05861397977 0.03649291864
483 0.949396552 0.05749956615 0.0368415381
484 0.949396552 0.07780170545 0.0518825628
485 0.949396552 0.06660937232 0.03849354254
486 0.949396552 0.08548380788 0.04459918395
487 0.949396552 0.0935369955 0.04757214024
488 0.949396552 0.08115490242 0.04361228315
489 0.949396552 0.08008675669 0.04344093103
490 0.949396552 0.06675765824 0.03870794656
491 0.949396552 0.07443767805 0.045470643
492 0.949396552 0.07053897979 0.04567772784
493 0.949396552 0.07485605292 0.04405760137
494 0.949396552 0.06685709229 0.04047934767
495 0.949396552 0.0675881577 0.03936503686
496 0.949396552 0.07822031762 0.04912082994
497 0.949396552 0.07635450022 0.04951567534
498 0.949396552 0.06203124246 0.03734424472
499 0.949396552 0.08523992374 0.04978841684
500 0.9549107929 0.09460538407 0.05586213736
501 0.9549107929 0.08849562621 0.04663497498
502 0.9549107929 0.0809929686 0.04167223593
503 0.9549107929 0.08572297202 0.04775860205
504 0.9549107929 0.07862613982 0.04036381106
505 0.9549107929 0.08525831084 0.04708766385
506 0.9549107929 0.07461520023 0.03934523342
507 0.9549107929 0.09149407006 0.05105619835
508 0.9549107929 0.06877690427 0.03702691959
509 0.9549107929 0.08613688245 0.0447039319
510 0.9549107929 0.08535084229 0.0454429402
511 0.9549107929 0.1056857607 0.05323405041
512 0.9549107929 0.09993213815 0.05085000837
513 0.9549107929 0.08750740732 0.04269288441
514 0.9549107929 0.0992838734 0.05468379653
515 0.9549107929 0.08928684366 0.04607450448
516 0.9613518678 0.08702516814 0.04844094662
517 0.9613518678 0.07131805307 0.03914126546
518 0.9613518678 0.1107673053 0.06285934801
519 0.9613518678 0.09266020023 0.04931167694
520 0.9613518678 0.07790307129 0.0404337013
521 0.9613518678 0.07535587314 0.04669061689
522 0.9613518678 0.08666614811 0.05097465701
523 0.9613518678 0.07955557655 0.04182590121
524 0.9613518678 0.08665850462 0.04947699182
525 0.9613518678 0.07352902053 0.04584053774
526 0.9613518678 0.06830192333 0.04491475038
527 0.9636710909 0.08331905887 0.05061884805
528 0.9636710909 0.06935367757 0.04535849771
529 0.9636710909 0.06187064723 0.03883654203
530 0.9636710909 0.05769028543 0.03715011344
531 0.9636710909 0.06978315866 0.04015970578
532 0.9636710909 0.06612975988 0.03864033176
533 0.9636710909 0.07680438364 0.04138841977
534 0.9636710909 0.0760593579 0.04466535882
535 0.9636710909 0.07417180221 0.04056176582
536 0.9636710909 0.08937964642 0.04652712143
537 0.9636710909 0.0967744382 0.04982225361
538 0.9636710909 0.1082273271 0.06172653878
539 0.9637531195 0.09875082299 0.06117215648
540 0.9637531195 0.08661076951 0.06049255853
541 0.9637531195 0.08483149273 0.05136821624
542 0.9637531195 0.08670614348 0.05365275585
543 0.9637531195 0.0714857718 0.0453893292
544 0.9637531195 0.07102869481 0.03984441458
545 0.9637531195 0.06865052045 0.03850056744
546 0.9637531195 0.06793898061 0.04228514208
547 0.9637531195 0.07772699112 0.04232152616
548 0.9637531195 0.07742895781 0.04896857056
549 0.9637531195 0.06009574958 0.03653522729
550 0.9637531195 0.07507879233 0.04176795172
551 0.9637531195 0.0737437218 0.05216701948
552 0.9637531195 0.09163689135 0.05982909904
553 0.9637531195 0.06923174134 0.04124167234
554 0.9637531195 0.0661870424 0.04184240145
555 0.9637531195 0.07029690404 0.0400873416
556 0.9637531195 0.06300463213 0.03805190133
557 0.9637531195 0.0827594399 0.05462647344
558 0.9637531195 0.06325873988 0.04360482585
559 0.9641187114 0.0904079997 0.06109683507
560 0.9641187114 0.07079007865 0.03895733383
561 0.9641187114 0.06769167526 0.04143491919
562 0.9641187114 0.0678608521 0.03890384803
563 0.9657448327 0.09100396875 0.05901822333
564 0.9657448327 0.06320662155 0.03732500227
565 0.9657448327 0.08879148965 0.0505149703
566 0.9657448327 0.08188554329 0.04803579803
567 0.9657448327 0.08703942857 0.0545672588
568 0.9657448327 0.09562571192 0.05458056339
569 0.9657448327 0.08100281406 0.05226374182
570 0.9657448327 0.09129606569 0.05099222095
571 0.9657448327 0.07836439193 0.04614414148
572 0.9657448327 0.06725692616 0.04436613519
573 0.9657448327 0.06299051103 0.03926498384
574 0.9657448327 0.06721581479 0.04051797282
575 0.9657448327 0.08177867777 0.05453882684
576 0.9657448327 0.08601852104 0.04740030133
577 0.9657448327 0.07236281383 0.04216517548
578 0.9657448327 0.0701066577 0.04240316048
579 0.9657448327 0.08211713085 0.04916497545
580 0.9657448327 0.07883573506 0.05048559609
581 0.9657448327 0.07658824 0.0439685237
582 0.9657448327 0.07573945632 0.04862428004
583 0.9657448327 0.09848376919 0.06036813953
584 0.9657448327 0.08537099826 0.05538578047
585 0.9657448327 0.0800311179 0.04275653083
586 0.9657448327 0.07747329008 0.04356978062
587 0.9657448327 0.08250158457 0.04666693976
588 0.9657448327 0.08237837004 0.0519283148
589 0.9657448327 0.0769942946 0.04400087975
590 0.9657448327 0.08068107972 0.0445091499
591 0.9657448327 0.07743490123 0.04580422288
592 0.9657448327 0.0754638575 0.04168911921
593 0.9657448327 0.07833304718 0.04905973839
594 0.9657448327 0.06836425663 0.03888730641
595 0.9657448327 0.06281436127 0.03650985299
596 0.9657448327 0.07616111093 0.04875824048
597 0.981256032 0.09388426152 0.05477098977
598 0.981256032 0.07588626336 0.04379808267
599 0.981256032 0.0838425861 0.05118428329
600 0.981256032 0.08109151276 0.04736508309
601 0.981256032 0.06899319016 0.04329439341
602 0.981256032 0.0718152244 0.04556635216
603 0.981256032 0.07910575891 0.05324040024
604 0.981256032 0.07153564765 0.0396915077
605 0.981256032 0.07743770328 0.04371181903
606 0.981256032 0.08387925711 0.05053273724
607 0.981256032 0.08570016264 0.04398048218
608 0.981256032 0.0819665425 0.04214103687
609 0.981256032 0.0880734294 0.04460737593
610 0.981256032 0.09043894494 0.04736394369
611 0.981256032 0.1047141716 0.05355326187
612 0.981256032 0.08614082943 0.04789198933
613 0.981256032 0.07884641484 0.04524317691
614 0.981256032 0.0878094033 0.05194955439
615 0.981256032 0.07050414841 0.04387043311
616 0.981256032 0.07608562407 0.0424991023
617 0.981256032 0.06376971749 0.03821465791
618 0.981256032 0.08033989316 0.04577464435
619 0.9828330014 0.07337875922 0.05026536833
620 0.9828330014 0.07663821219 0.04645023484
621 0.9828330014 0.06325549194 0.03827122743
622 0.9828330014 0.06827339891 0.04542297558
623 0.9828330014 0.06758745042 0.04510739793
624 0.9828330014 0.06292433781 0.04309796683
625 0.9828330014 0.06568563531 0.03999941565
626 0.9828330014 0.07302044566 0.04349167063
627 0.9828330014 0.08839344938 0.06042753907
628 0.9828330014 0.06791442114 0.04523859639
629 0.9828330014 0.06693615189 0.04146741311
630 0.9828330014 0.08462568453 0.05173843087
631 0.9828330014 0.08175127409 0.04463214892
632 0.9828330014 0.08687989063 0.0450016418
633 0.9828330014 0.07616596387 0.04534071782
634 0.9828330014 0.07878725281 0.0438290566
635 0.9828330014 0.08235312048 0.04600020458
636 0.9828330014 0.08711031454 0.05152198768
637 0.9828330014 0.08014430937 0.04870927296
638 0.9828330014 0.07898058587 0.04939255593
639 0.9828330014 0.07598525196 0.04893494855
640 0.9828330014 0.0725380311 0.04554507824
641 0.9828330014 0.08333214725 0.04993296229
642 0.9828330014 0.08457996926 0.04645331736
643 0.9828330014 0.0960770096 0.05439910709
644 0.9828330014 0.08197771943 0.04678698536
645 0.9828330014 0.0831238525 0.0472156513
646 0.9828330014 0.0812366063 0.04550860538
647 0.9828330014 0.07110683982 0.04284416456
648 0.9828330014 0.07268402166 0.04592526057
649 0.9828330014 0.06053026814 0.03853573985
650 0.9828330014 0.07469816512 0.04831124335
651 0.9828330014 0.08665121721 0.05654194547
652 0.9828330014 0.07645601512 0.04800777263
653 0.9828330014 0.08335318536 0.04787481277
654 0.9828330014 0.08581079647 0.04860607238
655 0.9828330014 0.08336472476 0.05055405295
656 0.9828330014 0.07351654961 0.04561889019
657 0.9828330014 0.07725112089 0.0445603236
658 0.9828330014 0.08829150151 0.05376033913
659 0.9828330014 0.06273699974 0.03707321845
660 0.9828330014 0.08027458405 0.04846217465
661 0.9828330014 0.06315535013 0.03792052354
662 0.9828330014 0.08936110541 0.05242585978
663 0.9828330014 0.07605345919 0.04422163819
664 0.9828330014 0.07714443446 0.04658948037
665 0.9828330014 0.08492842184 0.04883862827
666 0.9828330014 0.1172642838 0.06464463784
667 0.9945982977 0.09501922432 0.06192117501
668 0.9945982977 0.114667658 0.06097723421
669 0.9945982977 0.1115018885 0.06473367187
670 0.9945982977 0.1064497198 0.05770964757
671 0.9945982977 0.077017423 0.04193845621
672 0.9945982977 0.07828431245 0.04992028273
673 0.9945982977 0.08409197401 0.04405881645
674 0.9945982977 0.08626223315 0.0448123991
675 0.9945982977 0.07309062142 0.04091364348
676 0.9945982977 0.0974959502 0.05662857947
677 0.9945982977 0.08606684137 0.04812808705
678 0.9945982977 0.09666372039 0.05709112368
679 0.9945982977 0.08473529099 0.04239373735
680 0.9945982977 0.0714800632 0.04340290696
681 0.9945982977 0.06483512226 0.04039682966
682 0.9945982977 0.06277591393 0.03917773587
683 0.9945982977 0.09134743713 0.05884237187
684 0.9945982977 0.08393212534 0.05235671771
685 0.9945982977 0.08461440797 0.05221123123
686 0.9945982977 0.08492995676 0.05360567627
687 0.9945982977 0.08159111081 0.04727141651
688 0.9945982977 0.1004598536 0.0624505958
689 0.9945982977 0.07417947347 0.04403655707
690 0.9945982977 0.06439285833 0.04009750612
691 0.9945982977 0.07659413588 0.05440993299
692 0.9945982977 0.06315396268 0.04689569073
693 0.9945982977 0.05884972023 0.03909432589
694 0.9945982977 0.06995255615 0.04753725554
695 0.9945982977 0.06530041768 0.04168819645
696 0.9945982977 0.07858978614 0.05560702266
697 0.9945982977 0.08077593274 0.05135407278
698 0.9945982977 0.0788057312 0.04847746863
699 0.9945982977 0.08485410313 0.0469558356
700 0.9945982977 0.08028595121 0.04393942322
701 0.9945982977 0.08106263167 0.05128711873
702 0.9945982977 0.08904696242 0.05065231775
703 0.9945982977 0.08006723154 0.0460509259
704 0.9945982977 0.07112712513 0.04260668217
705 0.9945982977 0.07298540517 0.04129773734
706 0.9945982977 0.06653257643 0.04110609534
707 0.9945982977 0.07677828432 0.05108433647
708 0.9945982977 0.08767560404 0.05116739623
709 0.9945982977 0.09267318047 0.05761829876
710 0.9945982977 0.08698135041 0.04595076443
711 0.9945982977 0.08965033223 0.0475816095
712 0.9945982977 0.1013180078 0.05747263847
713 0.9945982977 0.07826853519 0.04593692644
714 0.9945982977 0.07940035952 0.04726723656
715 0.9945982977 0.09647272103 0.06014846687
716 0.9945982977 0.08175002521 0.04906956722
717 0.9945982977 0.07666082967 0.04458536039
718 0.9945982977 0.07382969249 0.04774625107
719 0.9945982977 0.1028834076 0.06406964851
720 0.9945982977 0.09523147086 0.05606024543
721 0.9945982977 0.08837436056 0.05461536833
722 0.9945982977 0.09220441941 0.06082836469
723 0.9945982977 0.08753727628 0.0534250061
724 0.9945982977 0.07757554588 0.04638606303
725 0.9945982977 0.07173607905 0.0453662491
726 0.9945982977 0.09646106732 0.0565513664
727 0.9945982977 0.08771695251 0.04953305221
728 0.9945982977 0.07390730478 0.04866670871
729 0.9945982977 0.07178245633 0.04491324207
730 0.9945982977 0.06831415296 0.04193448803
731 0.9945982977 0.08441536152 0.04781570835
732 0.9945982977 0.08732786454 0.05029318638
733 0.9945982977 0.09330240219 0.05664918533
734 0.9945982977 0.1082816063 0.05943571772
735 0.9945982977 0.1181552271 0.07338215369
736 0.9945982977 0.07637779042 0.04611033786
737 0.9945982977 0.09370096782 0.06117780052
738 0.9945982977 0.0873198629 0.05424741962
739 0.9945982977 0.07791178363 0.04833465054
740 0.9945982977 0.0736554257 0.04611258148
741 0.9945982977 0.0768806741 0.04648177837
742 0.9945982977 0.08127224717 0.04890494863
743 0.9945982977 0.09908665463 0.05470533234
744 0.9945982977 0.08315806413 0.04811125285
745 0.9945982977 0.07734393404 0.04304409067
746 0.9945982977 0.08748678795 0.05285688083
747 0.9945982977 0.09872938078 0.05294761337
748 0.9945982977 0.1025415669 0.05932605701
749 0.9945982977 0.08921741338 0.0549807131
750 0.9945982977 0.09877382702 0.0559362489
751 0.9945982977 0.1061775677 0.06880731496
752 0.9945982977 0.08064733794 0.04634729974
753 0.9945982977 0.07912712517 0.05017890408
754 0.9945982977 0.08394481287 0.04636488388
755 0.9945982977 0.09042321499 0.05906603347
756 0.9945982977 0.1026631018 0.06404527055
757 0.9945982977 0.08256956025 0.05037448779
758 0.9945982977 0.1095249016 0.0667745515
759 0.9945982977 0.1067174128 0.0636016567
760 0.9945982977 0.09537929594 0.05607339362
761 0.9945982977 0.0808644347 0.05006074102
762 0.9945982977 0.08312008681 0.05803794579
763 0.9945982977 0.07126986335 0.04729928327
764 0.9945982977 0.07654279271 0.05014379891
765 0.9945982977 0.07191601393 0.04754687588
766 0.9945982977 0.0879916757 0.05964136703
767 0.9945982977 0.07912979142 0.05027397739
768 0.9945982977 0.08059871637 0.05391409369
769 0.9945982977 0.09054758891 0.06513203096
770 0.9945982977 0.09339572611 0.05499117408
771 0.9945982977 0.08552788186 0.04922184147
772 0.9945982977 0.09788902673 0.05443288617
773 0.9945982977 0.1032710251 0.0573473921
774 0.9945982977 0.09052173652 0.05210282597
775 0.9945982977 0.0884305216 0.04507969118
776 0.9945982977 0.09765785617 0.05911278673
777 0.9945982977 0.1098766562 0.06506102665
778 0.9945982977 0.08245784224 0.05099729014
779 0.9945982977 0.1006143267 0.0599327091
780 0.9945982977 0.0904122312 0.04786065315
781 0.9945982977 0.0759616516 0.04335749118
782 0.9945982977 0.08736148982 0.0488089637
783 0.9945982977 0.0909761299 0.04716490765
784 0.9945982977 0.1083511209 0.05453939593
785 0.9945982977 0.1245714577 0.07405895027
786 0.9945982977 0.1107541184 0.05289343387
787 0.9945982977 0.09154041766 0.05048871464
788 0.9945982977 0.08622255455 0.04419605099
789 0.9945982977 0.1034315645 0.05797043966
790 0.9945982977 0.08734818655 0.04854837075
791 0.9945982977 0.09150301075 0.05797133467
792 0.9945982977 0.1066848267 0.06487093641
793 0.9945982977 0.1022574327 0.05881511784
794 0.9945982977 0.08971492193 0.05166202371
795 0.9945982977 0.09524575524 0.05260328315
796 0.9945982977 0.08284362674 0.04558990671
797 0.9945982977 0.06666361134 0.0423404679
798 0.9945982977 0.07448537249 0.04679494387
799 0.9945982977 0.08281016147 0.04600438671
800 0.9945982977 0.07327692546 0.04438374078
801 0.9945982977 0.07432178791 0.04414398145
802 0.9945982977 0.09763572383 0.05815195253
803 0.9945982977 0.08656110237 0.05255739422
804 0.9945982977 0.08582432673 0.05185506715
805 0.9945982977 0.08222830798 0.04764704773
806 0.9945982977 0.08506194173 0.04457886237
807 0.9945982977 0.0772643333 0.04166741352
808 0.9945982977 0.08210724228 0.04285350916
809 0.9945982977 0.0778733235 0.04839971242
810 0.9945982977 0.07754213708 0.05126932412
811 0.9945982977 0.08673606149 0.05509723636
812 0.9945982977 0.08439836474 0.05736929624
813 0.9945982977 0.06771074726 0.04166858297
814 0.9945982977 0.08354200308 0.0488229128
815 0.9945982977 0.09913620957 0.0612155448
816 0.9945982977 0.09405285173 0.05317354325
817 0.9945982977 0.08423152855 0.04589803413
818 0.9945982977 0.08584878435 0.04381371072
819 0.9945982977 0.07595199459 0.04029145664
820 0.9945982977 0.07339523942 0.04148754299
821 0.9945982977 0.06911631971 0.04015320022
822 0.9945982977 0.07176854916 0.05601623904
823 0.9945982977 0.07002143769 0.04662560583
824 0.9945982977 0.09692960214 0.06368394724
825 0.9945982977 0.077301156 0.04566402236
826 0.9945982977 0.07967509199 0.04167577187
827 0.9945982977 0.08358312988 0.05031477531
828 0.9945982977 0.08655970777 0.05119400148
829 0.9945982977 0.0936260989 0.05812535052
830 0.9945982977 0.09385815536 0.05941598945
831 0.9945982977 0.07355551055 0.04274579375
832 0.9945982977 0.06828848115 0.0471904697
833 0.9945982977 0.06976333909 0.04714173303
834 0.9945982977 0.05678634735 0.03966191473
835 0.9945982977 0.07008757659 0.04854411983
836 0.9945982977 0.08156101044 0.06270713478
837 0.9945982977 0.07031467386 0.05023984982
838 0.9945982977 0.09104522319 0.05845574533
839 0.9945982977 0.08423071482 0.05798818631
840 0.9945982977 0.07962393585 0.05061901979
841 0.9945982977 0.06004289517 0.04373695308
842 0.9945982977 0.05666744963 0.04168294759
843 0.9945982977 0.06893113325 0.04900754714
844 0.9945982977 0.07386442 0.04566660406
845 0.9945982977 0.07945168586 0.04602285779
846 0.9945982977 0.1042246235 0.06736847599
847 0.9945982977 0.07807096953 0.04638581852
848 0.9945982977 0.07765436692 0.04554083367
849 0.9945982977 0.08029107105 0.05301430096
850 0.9945982977 0.06867626349 0.04402815947
851 0.9945982977 0.07265645299 0.05042031102
852 0.9945982977 0.08349834685 0.05368977192
853 0.9945982977 0.07632667531 0.04970928459
854 0.9945982977 0.08667017878 0.05812168349
855 0.9945982977 0.09496532555 0.05532896948
856 0.9945982977 0.09193575433 0.05331375062
857 0.9945982977 0.06604080718 0.04058175252
858 0.9945982977 0.07932568238 0.05325646794
859 0.9945982977 0.07885303482 0.04455152619
860 0.9945982977 0.08988866045 0.05201645235
861 0.9945982977 0.109086084 0.06063729133
862 0.9945982977 0.09990560699 0.05932587787
863 0.9945982977 0.09928872238 0.06048448857
864 0.9945982977 0.08106066393 0.04748821382
865 0.9945982977 0.08521656533 0.06086516064
866 0.9945982977 0.0660980358 0.04728194704
867 0.9945982977 0.08298538578 0.04839989462
868 0.9945982977 0.0708957858 0.04153766592
869 0.9945982977 0.06533644405 0.03978746456
870 0.9945982977 0.07347808576 0.04489359611
871 0.9945982977 0.07715837285 0.04407480131
872 0.9945982977 0.08705535541 0.052164526
873 0.9945982977 0.06810480793 0.03961906173
874 0.9945982977 0.07337804416 0.0424314024
875 0.9945982977 0.07068238607 0.04672864859
876 0.9945982977 0.07138952461 0.04575443695
877 0.9945982977 0.08781270257 0.0582107054
878 0.9945982977 0.09282054901 0.05397032792
879 0.9945982977 0.08721450958 0.05414813008
880 0.9945982977 0.07307911214 0.04339469915
881 0.9945982977 0.0928404912 0.05627050086
882 0.9945982977 0.09801357173 0.06298661405
883 0.9945982977 0.09000961469 0.0471823633
884 0.9945982977 0.08844433409 0.04933333289
885 0.9945982977 0.08675564059 0.04617089228
886 0.9945982977 0.07614557763 0.0424073481
887 0.9945982977 0.0822283172 0.05497436166
888 0.9945982977 0.07011571999 0.04675169325
889 0.9945982977 0.07423420848 0.05042375353
890 0.9945982977 0.07963704445 0.05495191149
891 0.9945982977 0.0600822141 0.03964205587
892 0.9945982977 0.08110654901 0.05438860461
893 0.9945982977 0.081864334 0.05295339207
894 0.9945982977 0.08483200686 0.05192520692
895 0.9945982977 0.1044284978 0.05483960793
896 0.9945982977 0.08557732692 0.04698150305
897 0.9945982977 0.08304074775 0.04630688662
898 0.9945982977 0.08571995372 0.04824429211
899 0.9945982977 0.08348166255 0.05104277826
900 0.9945982977 0.0911100875 0.05546629912
901 0.9945982977 0.07836584545 0.04803305845
902 0.9945982977 0.07642740974 0.04337993422
903 0.9945982977 0.07870572242 0.04642885254
904 0.9945982977 0.06850253909 0.04734232409
905 0.9945982977 0.07010495045 0.04873774433
906 0.9945982977 0.0673694983 0.04553604569
907 0.9945982977 0.08106366346 0.05650508736
908 0.9945982977 0.09335467187 0.06027861395
909 0.9945982977 0.1074370782 0.06773284034
910 0.9945982977 0.07175685274 0.04512528594
911 0.9945982977 0.07634167866 0.04789067694
912 0.9945982977 0.08768039418 0.05275476186
913 0.9945982977 0.08508052858 0.04961186729
914 0.9945982977 0.08758367587 0.05395358347
915 0.9945982977 0.08129738778 0.04748483017
916 0.9945982977 0.09515950091 0.06089997685
917 0.9945982977 0.09635946 0.05701121939
918 0.9945982977 0.09653645401 0.05180684022
919 0.9945982977 0.1030931792 0.05220762167
920 0.9945982977 0.07880080168 0.04261039961
921 0.9945982977 0.1046036407 0.06911320454
922 0.9945982977 0.09328374814 0.05180559381
923 0.9945982977 0.08844697939 0.04915057578
924 0.9945982977 0.06236033249 0.03811649241
925 0.9945982977 0.08659590294 0.05070144827
926 0.9945982977 0.08725483945 0.0561895607
927 0.9945982977 0.0825528248 0.04163137017
928 0.9945982977 0.08488998281 0.04423091895
929 0.9945982977 0.08121281945 0.05235674883
930 0.9945982977 0.07898628431 0.04253601956
931 0.9945982977 0.08751893817 0.05146919184
932 0.9945982977 0.07591776595 0.04092534483
933 0.9945982977 0.09322199727 0.05264329912
934 0.9945982977 0.09069513505 0.0521139636
935 0.9945982977 0.08819862897 0.06005961405
936 0.9945982977 0.1031748061 0.06701800009
937 0.9945982977 0.06759791745 0.04142285915
938 0.9945982977 0.07224601437 0.0496437695
939 0.9945982977 0.06835074738 0.04362403993
940 0.9945982977 0.0842296391 0.05863663323
941 0.9945982977 0.07155090337 0.04611231978
942 0.9945982977 0.06527224313 0.04395088759
943 0.9945982977 0.09083997777 0.05236910393
944 0.9945982977 0.0814299991 0.04802115827
945 0.9945982977 0.07514669109 0.04441068354
946 0.9945982977 0.08640657062 0.05064326371
947 0.9945982977 0.0817956169 0.04739202529
948 0.9945982977 0.09020820204 0.04713370925
949 0.9945982977 0.0722308433 0.04328116248
950 0.9945982977 0.07306860261 0.04776408568
951 0.9945982977 0.08389498858 0.04594290288
952 0.9945982977 0.1017062824 0.05772794558
953 0.9945982977 0.09248493321 0.05557094555
954 0.9945982977 0.09535596269 0.0507161732
955 0.9945982977 0.07391766106 0.04302261457
956 0.9945982977 0.1095654831 0.06824781077
957 0.9945982977 0.0750493664 0.0425837685
958 0.9945982977 0.07854388171 0.04497458672
959 0.9945982977 0.103126309 0.05866507263
960 0.9945982977 0.0837532663 0.04834457128
961 0.9945982977 0.08579345449 0.04719197145
962 0.9945982977 0.08453000328 0.04872322184
963 0.9945982977 0.09003758523 0.05626989231
964 0.9945982977 0.1024359329 0.05398454966
965 0.9945982977 0.09901239054 0.06153939636
966 0.9945982977 0.08423738925 0.05389928481
967 0.9945982977 0.08761729767 0.05016181876
968 0.9945982977 0.0938571958 0.05450515785
969 0.9945982977 0.09513482474 0.04772921939
970 0.9945982977 0.07722767851 0.04223478164
971 0.9945982977 0.05934712826 0.03940991385
972 0.9945982977 0.06022664892 0.04040021353
973 0.9945982977 0.06356256636 0.04260389536
974 0.9945982977 0.07021287952 0.04196347961
975 0.9945982977 0.07836748145 0.04650941548
976 0.9945982977 0.09763997733 0.05767505889
977 0.9945982977 0.09309959959 0.06277150178
978 0.9945982977 0.09118435877 0.05019563074
979 0.9945982977 0.08698473394 0.0534709761
980 0.9945982977 0.07898733448 0.04278265327
981 0.9945982977 0.08562564702 0.05044571485
982 0.9945982977 0.07001937613 0.04617813604
983 0.9945982977 0.08620155728 0.05001488417
984 0.9945982977 0.1035198874 0.06530792531
985 0.9945982977 0.07559690999 0.04467266368
986 0.9945982977 0.09837108934 0.05053701305
987 0.9945982977 0.07629148616 0.04217511396
988 0.9945982977 0.1074405383 0.063467796
989 0.9945982977 0.09581765578 0.05287511506
990 0.9945982977 0.08588685672 0.05383190926
991 0.9945982977 0.07970736751 0.04855461686
992 0.9945982977 0.0761347863 0.04475478015
993 0.9945982977 0.08243193339 0.04725947095
994 0.9945982977 0.09450257663 0.05681446359
995 0.9945982977 0.08638170366 0.046010159
996 0.9945982977 0.08623440649 0.0513208954
997 0.9945982977 0.06633419852 0.0397223024
998 0.9945982977 0.0903926833 0.06223096505
999 0.9945982977 0.06963607975 0.04231845805
1000 0.9945982977 0.06287144508 0.03975782574
1001 0.9945982977 0.06681553387 0.04625377212
1002 0.9945982977 0.06477493452 0.04253275778
1003 0.9945982977 0.06742340667 0.04046120174
1004 0.9945982977 0.07754076631 0.05036385757
1005 0.9945982977 0.06906546303 0.04283436336
1006 0.9945982977 0.09002983594 0.06130259723
1007 0.9945982977 0.07737927186 0.04800870083
1008 0.9945982977 0.06659021124 0.04065564414
1009 0.9945982977 0.09394379648 0.05935732131
1010 0.9945982977 0.07036800962 0.04603010424
1011 0.9945982977 0.07639470091 0.04928824234
1012 0.9945982977 0.09338330698 0.06460385082
1013 0.9945982977 0.07547034179 0.04577706262
1014 0.9945982977 0.09835788642 0.06353561287
1015 0.9946610092 0.09672335754 0.06140147512
1016 0.9946610092 0.07306355631 0.04059978119
1017 0.9946610092 0.06673566649 0.03955313056
1018 0.9946610092 0.06854430947 0.04559350462
1019 0.9946610092 0.06243789875 0.03978459846
1020 0.9946610092 0.07951118467 0.04871715246
1021 0.9946610092 0.08616063715 0.05577492611
1022 0.9946610092 0.08332307634 0.04775949434
1023 0.9946610092 0.06379996803 0.04046163159
1024 0.9946610092 0.09124630667 0.05584782481
1025 0.9946610092 0.09990948283 0.05424313297
1026 0.9946610092 0.0827235332 0.04875996336
1027 0.9946610092 0.08894214433 0.05105699615
1028 0.9946610092 0.08554467339 0.0512431314
1029 0.9947615572 0.0916113133 0.06822601459
1030 0.9947615572 0.09888999686 0.0639066648
1031 0.9947615572 0.09665743839 0.06151864087
1032 0.9947615572 0.08189263133 0.05056612801
1033 0.9947615572 0.08314245371 0.05283173103
1034 0.9947615572 0.1135529759 0.06734322777
1035 0.9947615572 0.08250729622 0.05012889229
1036 0.9947615572 0.06401548437 0.04086276517
1037 0.9947615572 0.07942332821 0.05477059303
1038 0.9949723452 0.07373102362 0.04976256339
1039 0.9949723452 0.07893373961 0.05117935527
1040 0.9949723452 0.07595229448 0.04882870932
1041 0.9949723452 0.09255665562 0.05794716901
1042 0.9949723452 0.0993415132 0.06231513488
1043 0.9949723452 0.08785902242 0.05721784109
1044 0.9949723452 0.09690973012 0.06374861066
1045 0.9949723452 0.06441652986 0.04159600498
1046 0.9949723452 0.07835289166 0.04345425848
1047 0.9949723452 0.0695738412 0.04156335852
1048 0.9949723452 0.07868874538 0.04914523125
1049 0.9949723452 0.0936693518 0.05949810538
1050 0.9949723452 0.08720274309 0.05204349543
1051 0.9949723452 0.07684516779 0.04570320769
1052 0.9949723452 0.07975582618 0.04780226805
1053 0.9949723452 0.07669823832 0.05010572255
1054 0.9949723452 0.06663489471 0.04143577678
1055 0.9949723452 0.09076956546 0.05422453185
1056 0.9949723452 0.07758927619 0.04805708097
1057 0.9949723452 0.07657858858 0.04808199959
1058 0.9949723452 0.07172383224 0.04247790238
1059 0.9949723452 0.06497982169 0.04310132025
1060 0.9949723452 0.08119136599 0.05285557374
1061 0.9949723452 0.07272015667 0.04334062968
1062 0.9949723452 0.07179130557 0.04199561301
1063 0.9949723452 0.09544617802 0.05403595725
1064 0.9949723452 0.105028007 0.05787515592
1065 0.9949723452 0.06797554318 0.03991658535
1066 0.9949723452 0.07325882959 0.04947570573
1067 0.9949723452 0.09177534871 0.05644878342
1068 0.9949723452 0.07466384249 0.04810427238
1069 0.9949723452 0.09119223958 0.05393520276
1070 0.9949723452 0.06912818309 0.04742450031
1071 0.9949723452 0.09123273655 0.05895604163
1072 0.9949723452 0.07733924247 0.04216820751
1073 0.9949723452 0.09684943063 0.06068238534
1074 0.9949723452 0.08425500323 0.05432057253
1075 0.9949723452 0.09476579417 0.0532523128
1076 0.9949723452 0.09027082355 0.04962763334
1077 0.9949723452 0.07668218134 0.04389434294
1078 0.9949723452 0.08463498374 0.0477494753
1079 0.9949723452 0.08098537446 0.0475392539
1080 0.9949723452 0.08678294769 0.05225665038
1081 0.9949723452 0.09033603765 0.05044461904
1082 0.9949723452 0.07845368861 0.04825038913
1083 0.9949723452 0.07107979999 0.04769758999
1084 0.9949723452 0.07476366681 0.045178439
1085 0.9949723452 0.08013392326 0.04511632592
1086 0.9949723452 0.06445098759 0.03909335527
1087 0.9949723452 0.07250116274 0.04560044946
1088 0.9949723452 0.06702063062 0.04614819052
1089 0.9949723452 0.07190639355 0.04956447513
1090 0.9949723452 0.06987392146 0.04510296516
1091 0.9949723452 0.06336054004 0.04079009713
1092 0.9949723452 0.09245589396 0.05848253535
1093 0.9949723452 0.07981459567 0.05456349508
1094 0.9949723452 0.06431199243 0.03998931496
1095 0.9949723452 0.06599446459 0.04200748681
1096 0.9949723452 0.0844745729 0.05672135275
1097 0.9949723452 0.07498169112 0.04859027747
1098 0.9949723452 0.08476725927 0.05127441547
1099 0.9949723452 0.08559772621 0.05513984084
1100 0.9949723452 0.09684574038 0.06082636995
1101 0.9949723452 0.1038593558 0.05519073859
1102 0.9949723452 0.0720619921 0.04810840261
1103 0.9949723452 0.06931243115 0.04666874987
1104 0.9949723452 0.06915436438 0.05453769212
1105 0.9949723452 0.07786682924 0.05774586988
1106 0.9949723452 0.09535052611 0.06447225531
1107 0.9949723452 0.08893784696 0.05554451528
1108 0.9949723452 0.1066578136 0.07307095213
1109 0.9949723452 0.07342066457 0.04740579102
1110 0.9949723452 0.07236997082 0.04789764064
1111 0.9949723452 0.08235166402 0.05236350377
1112 0.9949723452 0.08436802727 0.0451570308
1113 0.9949723452 0.07393792863 0.04345467414
1114 0.9949723452 0.08098499419 0.05155046378
1115 0.9949723452 0.07070937583 0.0484966122
1116 0.9949723452 0.09074177827 0.06006669163
1117 0.9949723452 0.08649782569 0.05403354569
1118 0.9949723452 0.06743901982 0.04222919425
1119 0.9949723452 0.06487242972 0.04061745705
1120 0.9949723452 0.06133310799 0.04107620045
1121 0.9949723452 0.08586592286 0.06068096601
1122 0.9949723452 0.07571936744 0.04906773241
1123 0.9949723452 0.08427327878 0.04981277062
1124 0.9949723452 0.1022717395 0.06262255673
1125 0.9949723452 0.06517384061 0.04114303181
1126 0.9949723452 0.06390689723 0.04273591714
1127 0.9949723452 0.07185840371 0.04643424073
1128 0.9949723452 0.06215753904 0.04056968254
1129 0.9949723452 0.05940731906 0.04533981438
1130 0.9949723452 0.08174232633 0.05928622912
1131 0.9949723452 0.06945263863 0.04754933751
1132 0.9949723452 0.05670738238 0.03925306127
1133 0.9949723452 0.08766195818 0.06394886664
1134 0.9949723452 0.08475482132 0.05227522096
1135 0.9949723452 0.06512125327 0.04346022906
1136 0.9949723452 0.07539700056 0.04774185984
1137 0.9949723452 0.07871217147 0.05593544279
1138 0.9949723452 0.08222341725 0.05326329088
1139 0.9949723452 0.07047596846 0.04085720738
1140 0.9949723452 0.07698684901 0.04657480791
1141 0.9949723452 0.08731762345 0.05826155933
1142 0.9949723452 0.0772378089 0.04415111065
1143 0.9949723452 0.0733436247 0.04806306886
1144 0.9949723452 0.08423668475 0.0512512501
1145 0.9949723452 0.08476164294 0.04895668148
1146 0.9949723452 0.07709316456 0.04561043072
1147 0.9949723452 0.06966867531 0.04071055517
1148 0.9949723452 0.07408477059 0.04276956272
1149 0.9949723452 0.08764647519 0.05513681694
1150 0.9949723452 0.1027025314 0.06041002816
1151 0.9949723452 0.09771145178 0.04869233296
1152 0.9949723452 0.07942605888 0.05026433561
1153 0.9949723452 0.1012430633 0.06301446697
1154 0.9949723452 0.08472638897 0.05381883033
1155 0.9949723452 0.06681305076 0.04670297182
1156 0.9949723452 0.08631880183 0.05293027102
1157 0.9949723452 0.07969097281 0.04341704384
1158 0.9949723452 0.08141839933 0.04788492115
1159 0.9949723452 0.08301949051 0.04583218396
1160 0.9949723452 0.08485957085 0.04691837968
1161 0.9949723452 0.0825590317 0.04203630912
1162 0.9949723452 0.08526352084 0.04407796596
1163 0.9949723452 0.1038392711 0.05688849115
1164 0.9949723452 0.1028713589 0.06036076535
1165 0.9949723452 0.1066287016 0.05940058115
1166 0.9949723452 0.1068188377 0.05569282264
1167 0.9949723452 0.07469703227 0.04097145035
1168 0.9949723452 0.07112022545 0.03947248098
1169 0.9949723452 0.07943526474 0.04724359883
1170 0.9949723452 0.1029840759 0.0580387819
1171 0.9949723452 0.0968964808 0.05982668145
1172 0.9949723452 0.0955324766 0.05544087264
1173 0.9949723452 0.09661202911 0.05950378549
1174 0.9949723452 0.09376297026 0.05566039584
1175 0.9949723452 0.08420592541 0.04856693752
1176 0.9949723452 0.0660411519 0.04043663254
1177 0.9949723452 0.07102403086 0.04225139451
1178 0.9949723452 0.08146543523 0.04647675904
1179 0.9949723452 0.09428653318 0.05633158895
1180 0.9949723452 0.0841108221 0.04766659814
1181 0.9949723452 0.06266075024 0.03996355555
1182 0.9949723452 0.07045556027 0.04199203155
1183 0.9949723452 0.07589253496 0.04157910656
1184 0.9949723452 0.09901688092 0.0533091869
1185 0.9949723452 0.09675775307 0.05993451122
1186 0.9950056326 0.09611670971 0.05879858299
1187 0.9950056326 0.08302548878 0.04612083713
1188 0.9950056326 0.1032068741 0.05750069117
1189 0.9950056326 0.09339214748 0.05083593097
1190 0.9950056326 0.07643614473 0.04655904957
1191 0.9950056326 0.07558231275 0.04450515671
1192 0.9950056326 0.07554350282 0.04607177066
1193 0.9950056326 0.06833469357 0.04096393937
1194 0.9950056326 0.09287692898 0.06035292995
1195 0.9950056326 0.07489432725 0.04524614454
1196 0.9950056326 0.07611362724 0.05322880032
1197 0.9950056326 0.08905535711 0.05486051979
1198 0.9950056326 0.09578000118 0.05376658738
1199 0.9950056326 0.0741699716 0.04187025359
1200 0.9950056326 0.07789146774 0.0512527565
1201 0.9950056326 0.07765450416 0.04522493879
1202 0.9950056326 0.09037360517 0.0574798502
1203 0.9950056326 0.07837303823 0.05019030215
1204 0.9950056326 0.09047812644 0.05847999934
1205 0.9950056326 0.08993530482 0.0563019144
1206 0.9950056326 0.08563762796 0.0510887787
1207 0.9950056326 0.102278011 0.06407580355
1208 0.9950056326 0.08414956377 0.04833734734
1209 0.9950056326 0.07903590906 0.04978985931
1210 0.9950056326 0.08029611321 0.04525951971
1211 0.9950056326 0.07095794766 0.04310701875
1212 0.9950056326 0.0888358217 0.05428003727
1213 0.9950056326 0.08482682923 0.05279600862
1214 0.9950056326 0.07989176573 0.04662721599
1215 0.9950056326 0.08907505248 0.06212227086
1216 0.9950056326 0.08116068802 0.05324131622
1217 0.9950056326 0.09398163917 0.06116224137
1218 0.9950056326 0.09797450551 0.06706292393
1219 0.9950056326 0.07847236821 0.04954610515
1220 0.9950056326 0.0730860324 0.04755460448
1221 0.9950056326 0.07064649421 0.04664449663
1222 0.9950056326 0.06180010596 0.03898334066
1223 0.9950056326 0.08130062181 0.05177945286
1224 0.9950056326 0.08026901593 0.04628479455
1225 0.9950056326 0.07306838847 0.04042461434
1226 0.9950056326 0.06871282571 0.04122933139
1227 0.9950056326 0.07733763563 0.04780200194
1228 0.9950056326 0.08264737003 0.05421638936
1229 0.9950056326 0.09852659877 0.052826139
1230 0.9950056326 0.08183107583 0.05121925085
1231 0.9950056326 0.09217941292 0.05332016094
1232 0.9950056326 0.09368879049 0.05168724695
1233 0.9950056326 0.07468305866 0.04333737356
1234 0.9950056326 0.07479942531 0.04640231117
1235 0.9950056326 0.08251886262 0.04741263599
1236 0.9950056326 0.06418305226 0.04057302685
1237 0.9950056326 0.08261034166 0.05379679099
1238 0.9950056326 0.06856060973 0.04190426061
1239 0.9950056326 0.08166394888 0.04982031533
1240 0.9950056326 0.06614816324 0.04200194939
1241 0.9950056326 0.06740393814 0.04281413933
1242 0.9950056326 0.0923175132 0.05787410877
1243 0.9950056326 0.09185871031 0.05232242062
1244 0.9950056326 0.07619433336 0.04190056227
1245 0.9950056326 0.0847704738 0.04643316405
1246 0.9950056326 0.0965312735 0.05746508722
1247 0.9950056326 0.09047500372 0.05140633727
1248 0.9950056326 0.08731746316 0.05084908728
1249 0.9950056326 0.09419275524 0.05491520935
1250 0.9950056326 0.09611381234 0.05283817795
1251 0.9950056326 0.1183889721 0.06666409454
1252 0.9950056326 0.09082987846 0.04880732962
1253 0.9950056326 0.0729214111 0.04408354015
1254 0.9950056326 0.06497496983 0.04130348142
1255 0.9950056326 0.08580928238 0.05202228053
1256 0.9950056326 0.0713619034 0.0420783862
1257 0.9950056326 0.08962606914 0.04897415321
1258 0.9950056326 0.09193827318 0.04764212911
1259 0.9950056326 0.09106692036 0.05384130159
1260 0.9950056326 0.08881992678 0.05043738309
1261 0.9950056326 0.08432124502 0.04196497609
1262 0.9950056326 0.08599802528 0.04901747087
1263 0.9950056326 0.09754099367 0.05175980454
1264 0.9950056326 0.1043595872 0.05413916697
1265 0.9950056326 0.07806214657 0.04339108784
1266 0.9950056326 0.07426982297 0.04751712999
1267 0.9950056326 0.07764818522 0.04566155769
1268 0.9950056326 0.07037630197 0.04470305471
1269 0.9950056326 0.07144024351 0.04781789058
1270 0.9950056326 0.09333430497 0.06161355641
1271 0.9950056326 0.07449877807 0.04946443263
1272 0.9950056326 0.08458437546 0.05332142647
1273 0.9950056326 0.09098303453 0.05410450274
1274 0.9950056326 0.0728001863 0.04297818797
1275 0.9950056326 0.07729045005 0.04878355311
1276 0.9950056326 0.05813137724 0.04005107614
1277 0.9950056326 0.06410228871 0.03872062195
1278 0.9950056326 0.08528303753 0.05631042266
1279 0.9950056326 0.1158994787 0.06810082984
1280 0.9950056326 0.08442242249 0.0507251609
1281 0.9950056326 0.08724335678 0.04932435241
1282 0.9950056326 0.08427542707 0.04597540216
1283 0.9950056326 0.07349288369 0.04727965286
1284 0.9950056326 0.06770099611 0.04733872647
1285 0.9950056326 0.08114311224 0.05553926185
1286 0.9950056326 0.07708001448 0.04773762933
1287 0.9950056326 0.0862938854 0.05667740795
1288 0.9950056326 0.08465041913 0.05657417547
1289 0.9950056326 0.09422947938 0.06293165005
1290 0.9950056326 0.08818365485 0.06226299643
1291 0.9950056326 0.06396762128 0.04331339559
1292 0.9950056326 0.06931837857 0.04835682233
1293 0.9950056326 0.07904710531 0.0543412505
1294 0.9950056326 0.07166546914 0.04384894618
1295 0.9950056326 0.09794028734 0.06153939075
1296 0.9950056326 0.07999937222 0.04905446254
1297 0.9950056326 0.09583757571 0.05881360376
1298 0.9950056326 0.09052743778 0.05297365362
1299 0.9950056326 0.09420157672 0.0584781869
1300 0.9950056326 0.08849855808 0.05442989471
1301 0.9950056326 0.08616559178 0.04664113624
1302 0.9950056326 0.07029561024 0.04347573077
1303 0.9950056326 0.06878851493 0.03954912933
1304 0.9950056326 0.08378472168 0.04599001538
1305 0.9950056326 0.0931259528 0.05527582556
1306 0.9950056326 0.0891940084 0.04993109164
1307 0.9950056326 0.08089052548 0.05085465227
1308 0.9950056326 0.07326778764 0.04174229
1309 0.9950056326 0.07887601228 0.04635826941
1310 0.9950056326 0.06951921782 0.04345759294
1311 0.9950056326 0.084221205 0.04574013339
1312 0.9950056326 0.1040490655 0.05969906498
1313 0.9950056326 0.07160615565 0.04075621099
1314 0.9950056326 0.09516301815 0.05330582732
1315 0.9950056326 0.09355682984 0.05712963266
1316 0.9950056326 0.08818771858 0.05884433633
1317 0.9950056326 0.07718685544 0.04510332945
1318 0.9950056326 0.08592604382 0.05238219793
1319 0.9950056326 0.1028020838 0.06252086654
1320 0.9950056326 0.09583780039 0.05579812039
1321 0.9950056326 0.08196728423 0.0477318672
1322 0.9950056326 0.07301940417 0.04611977592
1323 0.9950056326 0.0737984884 0.04268997282
1324 0.9950056326 0.08418249789 0.05092803454
1325 0.9950056326 0.09133712615 0.05037654129
1326 0.9950056326 0.0797094067 0.04237532252
1327 0.9950056326 0.09531879394 0.05174701081
1328 0.9950056326 0.07952806514 0.04811888807
1329 0.9950056326 0.0749782168 0.04239509331
1330 0.9950056326 0.0747075879 0.04606650385
1331 0.9950056326 0.08701850023 0.05027978494
1332 0.9950056326 0.08669369724 0.04263153643
1333 0.9950056326 0.08166509412 0.04272349903
1334 0.9950056326 0.08836828512 0.05280308981
1335 0.9950056326 0.08053139737 0.05033478434
1336 0.9950056326 0.0779550636 0.04896976671
1337 0.9950056326 0.07115920746 0.04232750273
1338 0.9950056326 0.07659212278 0.04989942896
1339 0.9950056326 0.09162280857 0.05830574081
1340 0.9950056326 0.09300931225 0.05637636772
1341 0.9950056326 0.100835136 0.06016442097
1342 0.9950056326 0.09539615461 0.05659186947
1343 0.9950056326 0.08536227978 0.04764835267
1344 0.9950056326 0.1020956305 0.05247505619
1345 0.9950056326 0.09908924388 0.05782314562
1346 0.9950056326 0.0807859879 0.04493755525
1347 0.9950056326 0.1041347275 0.0675089691
1348 0.9950056326 0.09532906063 0.06459379252
1349 0.9950056326 0.08542055721 0.04723765482
1350 0.9950056326 0.08991943073 0.04946573536
1351 0.9950056326 0.1009871991 0.0513492328
1352 0.9950056326 0.08701632031 0.05332664231
1353 0.9950056326 0.07706888276 0.04133857054
1354 0.9950056326 0.08643818853 0.05077608447
1355 0.9950056326 0.08154972982 0.05017398695
1356 0.9950056326 0.07359937903 0.04277097564
1357 0.9950056326 0.07046721951 0.04795988991
1358 0.9950056326 0.08060963876 0.05175844586
1359 0.9950056326 0.07021367733 0.04088244858
1360 0.9950056326 0.08698700263 0.05562570788
1361 0.9950056326 0.09275473807 0.05768147241
1362 0.9950056326 0.08123320067 0.0495470507
1363 0.9950056326 0.08541267049 0.04946574422
1364 0.9950056326 0.09486115606 0.05824176685
1365 0.9950056326 0.09671256955 0.05225041651
1366 0.9950056326 0.1003777912 0.05352691793
1367 0.9950056326 0.1093814375 0.06590659973
1368 0.9950056326 0.1014072395 0.06025975324
1369 0.9950056326 0.1008431597 0.05343067652
1370 0.9950056326 0.08655664991 0.04515186231
1371 0.9950056326 0.08913572736 0.05052533662
1372 0.9950056326 0.06773176488 0.03939750337
1373 0.9950056326 0.08178893135 0.04620141548
1374 0.9950056326 0.08142427698 0.04465366056
1375 0.9950056326 0.09189600793 0.05272988433
1376 0.9950056326 0.06862857097 0.04672151622
1377 0.9950056326 0.08918526441 0.06038334881
1378 0.9950056326 0.09509797655 0.0639898746
1379 0.9950056326 0.1227307996 0.06379993707
1380 0.9950056326 0.1129883439 0.06153293869
1381 0.9950056326 0.1006592475 0.06834517876
1382 0.9950056326 0.103025079 0.06319368137
1383 0.9950056326 0.09617067581 0.05669619031
1384 0.9950056326 0.08869124154 0.05244908289
1385 0.9950056326 0.08828785514 0.05093659542
1386 0.9950056326 0.09362779698 0.05039264579
1387 0.9950056326 0.07150214111 0.04361991406
1388 0.9950056326 0.07167561654 0.04650440633
1389 0.9950056326 0.08612463739 0.04863293552
1390 0.9950056326 0.07742973638 0.04465069521
1391 0.9950056326 0.06743035653 0.03878404763
1392 0.9950056326 0.06716250402 0.04720936856
1393 0.9950056326 0.07868568911 0.05132321837
1394 0.9950056326 0.07372753964 0.04164323143
1395 0.9950056326 0.06515453431 0.03993043546
1396 0.9950056326 0.08216924526 0.05219552902
1397 0.9950056326 0.06955176832 0.04411830937
1398 0.9950056326 0.07309187684 0.04944681906
1399 0.9950056326 0.0593956896 0.04035378885
1400 0.9950056326 0.07054138272 0.04764363998
1401 0.9950056326 0.08780052181 0.05582669965
1402 0.9950056326 0.07848975904 0.04603951581
1403 0.9950056326 0.08113198437 0.04704434037
1404 0.9950056326 0.0751417358 0.04598953356
1405 0.9950056326 0.07764485291 0.05170033919
1406 0.9950056326 0.08805645355 0.05728493862
1407 0.9950056326 0.08211853465 0.04844581245
1408 0.9950056326 0.07778706734 0.05306568779
1409 0.9950056326 0.06614408538 0.04220734101
1410 0.9950056326 0.08284328483 0.05066797289
1411 0.9950056326 0.07736272517 0.04745519801
1412 0.9950056326 0.1004845311 0.06385683442
1413 0.9950056326 0.10031892 0.05664935552
1414 0.9950056326 0.08130356827 0.04637576405
1415 0.9950056326 0.09704928718 0.06030715248
1416 0.9950056326 0.07600500425 0.04413941336
1417 0.9950056326 0.09365769468 0.06411889707
1418 0.9950056326 0.07715472827 0.05004683845
1419 0.9950056326 0.0970262078 0.0583775651
1420 0.9950056326 0.09892177259 0.0580724269
1421 0.9950056326 0.09838555572 0.05589555529
1422 0.9950056326 0.08483661066 0.04775972172
1423 0.9950056326 0.08153198595 0.04620253067
1424 0.9950056326 0.08099968788 0.05153796484
1425 0.9950056326 0.08020788202 0.04523704601
1426 0.9950056326 0.07539097885 0.04289801786
1427 0.9950056326 0.07466637066 0.04222344623
1428 0.9950056326 0.08382899807 0.04597529073
1429 0.9950056326 0.09328228654 0.04809485556
1430 0.9950056326 0.09273284816 0.05627176755
1431 0.9950056326 0.08491243746 0.04754209179
1432 0.9950056326 0.07281783999 0.04054974357
1433 0.9950056326 0.08591642516 0.05551645124
1434 0.9950056326 0.08434337118 0.04935786177
1435 0.9950056326 0.07475353845 0.04651190725
1436 0.9950056326 0.0902963344 0.05358005485
1437 0.9950056326 0.09225516168 0.05172855221
1438 0.9950056326 0.1057854968 0.06668188249
1439 0.9950056326 0.08598516498 0.05066562637
1440 0.9950056326 0.06517206004 0.04107960797
1441 0.9950056326 0.0723664566 0.04083625397
1442 0.9950056326 0.0789500094 0.04555887852
1443 0.9950056326 0.06625100838 0.04123613326
1444 0.9950056326 0.07117032845 0.04458208621
1445 0.9950056326 0.07307232917 0.04433432188
1446 0.9950056326 0.07091644602 0.04519087914
1447 0.9950056326 0.08129734735 0.04994819948
1448 0.9950056326 0.1063132091 0.06153917256
1449 0.9950056326 0.08598106354 0.04343638695
1450 0.9950056326 0.09140483298 0.05156634576
1451 0.9950056326 0.08610715475 0.05275512156
1452 0.9950056326 0.06624753199 0.04160152321
1453 0.9950056326 0.08246768026 0.05453833629
1454 0.9950056326 0.08715377261 0.04998361548
1455 0.9950056326 0.08948667237 0.05230449536
1456 0.9950056326 0.09516342068 0.0590402028
1457 0.9950056326 0.09514749112 0.0519030821
1458 0.9950056326 0.09809935919 0.0548640179
1459 0.9950056326 0.09186071497 0.05410729597
1460 0.9950056326 0.06874821008 0.03986461243
1461 0.9950056326 0.06620351943 0.04653168873
1462 0.9950056326 0.08382976057 0.05055851642
1463 0.9950056326 0.08298594794 0.05383534431
1464 0.9950056326 0.08561290459 0.04801466523
1465 0.9950056326 0.09664918407 0.0559049738
1466 0.9950056326 0.09334262118 0.06114748663
1467 0.9950056326 0.09947644556 0.06752158014
1468 0.9950056326 0.09563805144 0.05248786874
1469 0.9950056326 0.07642846273 0.04438101107
1470 0.9950056326 0.08312387414 0.05079211995
1471 0.9950056326 0.070922872 0.04101022697
1472 0.9950056326 0.07646925435 0.05031653373
1473 0.9950056326 0.08356909044 0.04630368699
1474 0.9950056326 0.08386285475 0.04631237199
1475 0.9950056326 0.07732855216 0.04217768366
1476 0.9950056326 0.08091091609 0.04320805156
1477 0.9950056326 0.1015564943 0.05081426628
1478 0.9950056326 0.08603176921 0.05213025262
1479 0.9950056326 0.1000839784 0.06056982801
1480 0.9950056326 0.1039703515 0.05130265421
1481 0.9950056326 0.09295696255 0.04782258316
1482 0.9950056326 0.1017078944 0.04961375988
1483 0.9950056326 0.09636885251 0.05075009024
1484 0.9950056326 0.08443774209 0.04586811206
1485 0.9950056326 0.08782076603 0.05263520584
1486 0.9950056326 0.08820339336 0.05646952243
1487 0.9950056326 0.09468349807 0.05417087107
1488 0.9950056326 0.09743048409 0.05196239357
1489 0.9950056326 0.08297834173 0.04420060208
1490 0.9950056326 0.08050388023 0.04390582218
1491 0.9950056326 0.1018404382 0.05606479243
1492 0.9950056326 0.0883219886 0.04635961742
1493 0.9950056326 0.09214988045 0.05408842054
1494 0.9950056326 0.09501796298 0.05871063938
1495 0.9950056326 0.08138392226 0.05053353691
1496 0.9950056326 0.07242157636 0.04275158393
1497 0.9950056326 0.06877732758 0.04224334002
1498 0.9950056326 0.08989512101 0.05211452067
1499 0.9950056326 0.07851332452 0.04552479717
1500 0.9950056326 0.07439513588 0.04635058546
1501 0.9950056326 0.06675348195 0.04293672011
1502 0.9950056326 0.07679871941 0.04534077771
1503 0.9950056326 0.07925031989 0.04609481507
1504 0.9950056326 0.09896562502 0.06095157675
1505 0.9950056326 0.09296326365 0.05408810099
1506 0.9950056326 0.07602020816 0.04666622287
1507 0.9950056326 0.08024134422 0.04556239076
1508 0.9950056326 0.09364624073 0.05483911485
1509 0.9950056326 0.07453266411 0.04862685201
1510 0.9950056326 0.06751092327 0.04147417997
1511 0.9950056326 0.0590780811 0.0394246672
1512 0.9950056326 0.0747183864 0.04379704914
1513 0.9950056326 0.08703153458 0.05915221451
1514 0.9950056326 0.07950588825 0.05330143421
1515 0.9950056326 0.09786638546 0.0642029947
1516 0.9950056326 0.08153181329 0.04823377357
1517 0.9950056326 0.07443592835 0.04222262241
1518 0.9950056326 0.08209731393 0.05223088594
1519 0.9950056326 0.09019244096 0.05491231978
1520 0.9950056326 0.06826976332 0.04172964947
1521 0.9950056326 0.07623735299 0.04375327215
1522 0.9950056326 0.09791612898 0.06103918812
1523 0.9950056326 0.06794479468 0.04069775737
1524 0.9950056326 0.06856027835 0.04038105658
1525 0.9950056326 0.07099846547 0.04124820151
1526 0.9950056326 0.07995576467 0.04394404989
1527 0.9950056326 0.08710365975 0.04546238449
1528 0.9950056326 0.08086061447 0.05128021126
1529 0.9950056326 0.07868182136 0.04967633933
1530 0.9950056326 0.08819049115 0.05065159346
1531 0.9950056326 0.09349816082 0.05495506507
1532 0.9950056326 0.1083110284 0.06156513622
1533 0.9950056326 0.08899371168 0.05137031253
1534 0.9950056326 0.09966846145 0.06170631706
1535 0.9950056326 0.08136964106 0.05274503817
1536 0.9950056326 0.07663619238 0.04446176838
1537 0.9950056326 0.07808661824 0.04798425406
1538 0.9950056326 0.09182568529 0.04853580649
1539 0.9950056326 0.08676058611 0.05051384432
1540 0.9950056326 0.1080939296 0.05481541766
1541 0.9950056326 0.116458873 0.07163273391
1542 0.9950056326 0.09030859651 0.04988448392
1543 0.9950056326 0.08353106313 0.04879775932
1544 0.9950056326 0.09670144686 0.0556061214
1545 0.9950056326 0.1055766061 0.05856290794
1546 0.9950056326 0.09649528559 0.05644970812
1547 0.9950056326 0.08413962427 0.04896149884
1548 0.9950056326 0.08221820096 0.04570022171
1549 0.9950056326 0.07638767609 0.04296033513
1550 0.9950056326 0.07769642701 0.04455952639
1551 0.9950056326 0.07595553507 0.04634117969
1552 0.9950056326 0.08298105255 0.04955907587
1553 0.9950056326 0.08957511251 0.05224112849
1554 0.9950056326 0.07874043967 0.04645223959
1555 0.9950056326 0.07954999162 0.04483212188
1556 0.9950056326 0.07858146739 0.04798504216
1557 0.9950056326 0.07461391036 0.04728301385
1558 0.9950056326 0.07462200103 0.05468575187
1559 0.9950056326 0.06560098562 0.04298417801
1560 0.9950056326 0.08296457578 0.06004327931
1561 0.9950056326 0.05609157526 0.03880403168
1562 0.9950056326 0.05897813096 0.04005069112
1563 0.9950056326 0.06037300649 0.04351973647
1564 0.9950056326 0.07182283035 0.05032282541
1565 0.9950056326 0.06462340607 0.04549324016
1566 0.9950056326 0.07247899422 0.04729663764
1567 0.9950056326 0.08266212533 0.05583183268
1568 0.9950056326 0.07410239575 0.05097960286
1569 0.9950056326 0.0546857119 0.03976552765
1570 0.9950056326 0.07116057584 0.04540291634
1571 0.9950056326 0.0794455501 0.0477464574
1572 0.9950056326 0.07333304172 0.0468370098
1573 0.9950056326 0.08002856189 0.05095655559
1574 0.9950056326 0.06709429087 0.04290090691
1575 0.9950056326 0.06687463649 0.04147746296
1576 0.9950056326 0.06144917784 0.03965955949
1577 0.9950056326 0.06565941357 0.0423831961
1578 0.9950056326 0.07216630581 0.04700109851
1579 0.9950056326 0.06720127835 0.047156732
1580 0.9950056326 0.08405396472 0.05845830626
1581 0.9950056326 0.08468503001 0.05589953915
1582 0.9950056326 0.1038952132 0.07471272113
1583 0.9950056326 0.07127252678 0.04598173817
1584 0.9950056326 0.08926643191 0.05887112772
1585 0.9950056326 0.1130261491 0.06908370499
1586 0.9950056326 0.1035519041 0.06309128457
1587 0.9950056326 0.0755840898 0.0470138912
1588 0.9950056326 0.06667508456 0.04594009616
1589 0.9950056326 0.06215867843 0.04032786387
1590 0.9950056326 0.06928630183 0.05000485472
1591 0.9950056326 0.06396757928 0.04294563953
1592 0.9950056326 0.08355388316 0.05026511911
1593 0.9950056326 0.06575221273 0.04190961996
1594 0.9950056326 0.09659589204 0.05310824384
1595 0.9950056326 0.07398997909 0.04416110232
1596 0.9950056326 0.07884858346 0.04812248909
1597 0.9950056326 0.09285386457 0.05410008723
1598 0.9950056326 0.09310661371 0.05706585606
1599 0.9950056326 0.07453316512 0.04549082288
1600 0.9950056326 0.08689937672 0.05371655456
1601 0.9950056326 0.08083771576 0.04994068754
1602 0.9950056326 0.06600805692 0.04037830137
1603 0.9950056326 0.06767103471 0.04193344661
1604 0.9950056326 0.0784558881 0.0485976031
1605 0.9950056326 0.08499245991 0.05051721657
1606 0.9950056326 0.06944469694 0.04157507454
1607 0.9950056326 0.07333860501 0.04421557622
1608 0.9950056326 0.06563123704 0.04299660796
1609 0.9950056326 0.0673464643 0.04179881621
1610 0.9950056326 0.07996593718 0.04826421805
1611 0.9950056326 0.09393402555 0.06297769594
1612 0.9950056326 0.1006853749 0.05692891343
1613 0.9950056326 0.08879312006 0.05097064252
1614 0.9950056326 0.08177065774 0.05410576125
1615 0.9950056326 0.07236678782 0.04110438142
1616 0.9950056326 0.06813658731 0.04015849799
1617 0.9950056326 0.06852240709 0.04026646689
1618 0.9950056326 0.09468135117 0.06197487928
1619 0.9950056326 0.08893798732 0.05558585785
1620 0.9950056326 0.05921728901 0.04032720015
1621 0.9950056326 0.08968700714 0.06346154661
1622 0.9950056326 0.08092914872 0.05457859136
1623 0.9950056326 0.09772116559 0.06888857132
1624 0.9950056326 0.07333005753 0.05239607242
1625 0.9950056326 0.07007581207 0.04868859197
1626 0.9950056326 0.07696369902 0.05320618057
1627 0.9950056326 0.06439384068 0.0467700291
1628 0.9950056326 0.06822131982 0.04586626347
1629 0.9950056326 0.07562908556 0.05507950312
1630 0.9950056326 0.09706872669 0.06202838586
1631 0.9950056326 0.08091349011 0.04944530991
1632 0.9950056326 0.07119508922 0.04104548166
1633 0.9950056326 0.08955681919 0.0569775272
1634 0.9950056326 0.08115074229 0.04859582273
1635 0.9950056326 0.08472936921 0.05059641821
1636 0.9950056326 0.0989147965 0.06469983844
1637 0.9950056326 0.07988459669 0.04273674915
1638 0.9950056326 0.1075812726 0.06337006909
1639 0.9950056326 0.1137276649 0.0663806164
1640 0.9950056326 0.08876554266 0.05381613871
1641 0.9950056326 0.0947076662 0.05791051854
1642 0.9950056326 0.07461583737 0.04727072387
1643 0.9950056326 0.07551016516 0.04468916297
1644 0.9950056326 0.08293187755 0.05134954989
1645 0.9950056326 0.08682056775 0.05451733297
1646 0.9950056326 0.07353476663 0.0425740386
1647 0.9950056326 0.08334047921 0.0527965761
1648 0.9950056326 0.06973756381 0.04490657083
1649 0.9950056326 0.09294068398 0.05982637191
1650 0.9950056326 0.07950063811 0.05302658565
1651 0.9950056326 0.05701732176 0.03821130729
1652 0.9950056326 0.07420010646 0.04821326736
1653 0.9950056326 0.07282170231 0.04434876445
1654 0.9950056326 0.08667245455 0.04902865187
1655 0.9950056326 0.07648679834 0.04963987254
1656 0.9950056326 0.07616466736 0.04216093134
1657 0.9950056326 0.07633652362 0.04589448937
1658 0.9950056326 0.09687807592 0.06206919402
1659 0.9950056326 0.1007398372 0.06264381617
1660 0.9950056326 0.08847542564 0.05581558911
1661 0.9950056326 0.08258969929 0.05179882592
1662 0.9950056326 0.07955561235 0.05269108278
1663 0.9950056326 0.08634167237 0.0516836961
1664 0.9950056326 0.08776134492 0.05556178051
1665 0.9950056326 0.09158324247 0.06426504359
1666 0.9950056326 0.07676339707 0.04826941213
1667 0.9950056326 0.07328301378 0.04407114738
1668 0.9950056326 0.07755508157 0.04421190334
1669 0.9950056326 0.08031208312 0.04758136133
1670 0.9950056326 0.08634211786 0.05081140886
1671 0.9950056326 0.07310082017 0.04274041138
1672 0.9950056326 0.08347452588 0.0499336262
1673 0.9950056326 0.08947198492 0.05346457127
1674 0.9950056326 0.0946230165 0.04949243722
1675 0.9950056326 0.09172784224 0.04972528895
1676 0.9950056326 0.1030648201 0.06790116735
1677 0.9950056326 0.0997204704 0.0539537986
1678 0.9950056326 0.09612377984 0.05853265406
1679 0.9950056326 0.08722075342 0.04858554527
1680 0.9950056326 0.05984000169 0.04121464986
1681 0.9950056326 0.06564861845 0.03951270038
1682 0.9950056326 0.07379696799 0.04159337874
1683 0.9950056326 0.09944824214 0.05063375783
1684 0.9950056326 0.0980160383 0.05215277887
1685 0.9950056326 0.07991505706 0.04875658582
1686 0.9950056326 0.07725220537 0.04728808164
1687 0.9950056326 0.06558818254 0.04057425582
1688 0.9950056326 0.06795611934 0.04545314646
1689 0.9950056326 0.08550496406 0.05491148159
1690 0.9950056326 0.09680086756 0.06553593089
1691 0.9950056326 0.07353459834 0.04083816836
1692 0.9950056326 0.06300223237 0.04167920094
1693 0.9950056326 0.06693108349 0.04241918972
1694 0.9950056326 0.09111880414 0.06206947574
1695 0.9950056326 0.08644599449 0.05297224098
1696 0.9950056326 0.08460815621 0.04845503244
1697 0.9950056326 0.08372482472 0.05030193633
1698 0.9950056326 0.092501811 0.05916812023
1699 0.9950056326 0.1010339618 0.0615478262
1700 0.9950056326 0.09663058242 0.05615630651
1701 0.9950056326 0.07310454389 0.04530798468
1702 0.9950056326 0.08881311712 0.05871578945
1703 0.9950056326 0.0749027622 0.04534941409
1704 0.9950056326 0.07611468663 0.04650417139
1705 0.9950056326 0.07362685067 0.0417144485
1706 0.9950056326 0.07354332317 0.04148717273
1707 0.9950056326 0.1003157591 0.06237807072
1708 0.9950056326 0.1024582228 0.05703330692
1709 0.9950056326 0.0898315297 0.05212314422
1710 0.9950056326 0.09945556711 0.06205359294
1711 0.9950056326 0.07970291643 0.05087698767
1712 0.9950056326 0.07351439748 0.04341573105
1713 0.9950056326 0.1124495166 0.06093682122
1714 0.9950056326 0.08986862512 0.04556019156
1715 0.9950056326 0.09071132393 0.05075346987
1716 0.9950056326 0.08934928692 0.04622711632
1717 0.9950056326 0.08329313746 0.05131977049
1718 0.9950056326 0.09406908886 0.0475450527
1719 0.9950056326 0.09486850804 0.04878148058
1720 0.9950056326 0.1008176647 0.05051461623
1721 0.9950056326 0.1099510801 0.06018300756
1722 0.9950056326 0.1119186379 0.05597119195
1723 0.9950056326 0.08076735338 0.04187943892
1724 0.9950056326 0.08987660418 0.05214370935
1725 0.9950056326 0.07006188163 0.04119074438
1726 0.9950056326 0.1048377541 0.05833036846
1727 0.9950056326 0.1182341063 0.05862371338
1728 0.9950056326 0.1209654755 0.07192801082
1729 0.9950056326 0.1021442523 0.0543523957
1730 0.9950056326 0.09220211073 0.04731166323
1731 0.9950056326 0.08265501757 0.04221497304
1732 0.9950056326 0.08911194488 0.04971003179
1733 0.9950056326 0.07665374026 0.04313324383
1734 0.9950056326 0.09099948447 0.0581439372
1735 0.9950056326 0.1014336164 0.05825208384
1736 0.9950056326 0.08024201076 0.04265796868
1737 0.9950056326 0.08552302197 0.04797452734
1738 0.9950056326 0.09280535703 0.05038407708
1739 0.9950056326 0.08665981009 0.05119997944
1740 0.9950056326 0.0807324879 0.04462577034
1741 0.9950056326 0.0885833583 0.04516302055
1742 0.9950056326 0.10337071 0.0547514475
1743 0.9950056326 0.07907741718 0.04388642894
1744 0.9950056326 0.07659009682 0.0433036962
1745 0.9950056326 0.09097378891 0.05430826725
1746 0.9950056326 0.09018781844 0.05300104694
1747 0.9950056326 0.07791904583 0.04388219925
1748 0.9950056326 0.07621330018 0.04179308059
1749 0.9950056326 0.08682199354 0.05395303115
1750 0.9950056326 0.08131209615 0.04625167575
1751 0.9950056326 0.06814228768 0.04245119536
1752 0.9950056326 0.07872777493 0.04830860631
1753 0.9950056326 0.06321326322 0.0409196024
1754 0.9950056326 0.06799996705 0.04000450396
1755 0.9950056326 0.08067293001 0.05336724728
1756 0.9950056326 0.08854396334 0.05231019292
1757 0.9950056326 0.08512434732 0.05204112823
1758 0.9950056326 0.0904632047 0.05104031708
1759 0.9950056326 0.08624118273 0.04534244777
1760 0.9950056326 0.07640773945 0.04781031072
1761 0.9950056326 0.07006856048 0.04052382793
1762 0.9950056326 0.06432629364 0.03990565
1763 0.9950056326 0.07591083903 0.04604655028
1764 0.9950056326 0.07162820583 0.04818225784
1765 0.9950056326 0.07136148924 0.04757061937
1766 0.9950056326 0.06347308845 0.03877204945
1767 0.9950056326 0.07268766332 0.04385751347
1768 0.9950056326 0.070321349 0.04425882751
1769 0.9950056326 0.08615168203 0.05248892589
1770 0.9950056326 0.08867218764 0.05586526225
1771 0.9950056326 0.08873683498 0.05653129943
1772 0.9950056326 0.08756138795 0.0498322034
1773 0.9950056326 0.06489607902 0.04002981699
1774 0.9950056326 0.07202788858 0.04811363853
1775 0.9950056326 0.07070199051 0.04707104654
1776 0.9950056326 0.08386591858 0.05371330733
1777 0.9950056326 0.07947144765 0.0459562681
1778 0.9950056326 0.07257983538 0.05165987045
1779 0.9950056326 0.09971447559 0.06359773381
1780 0.9950056326 0.08603609556 0.05117738434
1781 0.9950056326 0.09654353375 0.05122043273
1782 0.9950056326 0.07794516518 0.04644974618
1783 0.9950056326 0.09387376672 0.0517447233
1784 0.9950056326 0.1021483901 0.05661130215
1785 0.9950056326 0.1038061157 0.05361641698
1786 0.9950056326 0.09936696601 0.05560735992
1787 0.9950056326 0.1016767793 0.05526751208
1788 0.9950056326 0.08121479719 0.05145872824
1789 0.9950056326 0.08098928581 0.04382462028
1790 0.9950056326 0.07767994181 0.0471185384
1791 0.9950056326 0.07487907829 0.04188637921
1792 0.9950056326 0.08661220655 0.04627772451
1793 0.9950056326 0.08135494433 0.04411870608
1794 0.9950056326 0.08294297643 0.04978912259
1795 0.9950056326 0.09188937291 0.06149842028
1796 0.9950056326 0.07888393374 0.05016657588
1797 0.9950056326 0.0751210483 0.04745431933
1798 0.9950056326 0.07000289841 0.04299114039
1799 0.9950056326 0.09692477018 0.05473819861
1800 0.9950056326 0.07969334475 0.05000525424
1801 0.9950056326 0.0880241621 0.04914745144
1802 0.9950056326 0.08401078472 0.04667280475
1803 0.9950056326 0.08268321386 0.04915508884
1804 0.9950056326 0.08331106789 0.05195967331
1805 0.9950056326 0.07791165291 0.04837740085
1806 0.9950056326 0.07443583317 0.04454248881
1807 0.9950056326 0.05801399109 0.03808033635
1808 0.9950056326 0.06237576219 0.03895237636
1809 0.9950056326 0.07641156035 0.04229137842
1810 0.9950056326 0.08815233722 0.05359220274
1811 0.9950056326 0.08555812828 0.0477087872
1812 0.9950056326 0.06361200534 0.038398302
1813 0.9950056326 0.07529178863 0.04616144533
1814 0.9950056326 0.0823635698 0.04820324671
1815 0.9950056326 0.09448979628 0.06205137151
1816 0.9950056326 0.0756328384 0.04676690745
1817 0.9950056326 0.08107415142 0.0460045107
1818 0.9950056326 0.09214120774 0.0530170736
1819 0.9950056326 0.07833219009 0.04855914466
1820 0.9950056326 0.08845025621 0.06005072472
1821 0.9950056326 0.07681728911 0.04858788259
1822 0.9950056326 0.06686645753 0.04058543789
1823 0.9950056326 0.07384866727 0.04710351389
1824 0.9950056326 0.07150486264 0.04111763336
1825 0.9950056326 0.07915631271 0.04654943294
1826 0.9950056326 0.1002835762 0.06037907519
1827 0.9950056326 0.07885136219 0.04456221675
1828 0.9950056326 0.0699045263 0.03972024403
1829 0.9950056326 0.0737815749 0.04745703234
1830 0.9950056326 0.08609082758 0.04417421929
1831 0.9950056326 0.09840085438 0.05850102416
1832 0.9950056326 0.07215694307 0.05039678893
1833 0.9950056326 0.0839700737 0.05646217871
1834 0.9950056326 0.09327360668 0.06185961159
1835 0.9950056326 0.09042814218 0.04737303515
1836 0.9950056326 0.09037535797 0.04860125333
1837 0.9950056326 0.08163158544 0.04628401994
1838 0.9950056326 0.08951794697 0.04437368269
1839 0.9950056326 0.06782510368 0.04104832044
1840 0.9950056326 0.07909894479 0.04897210208
1841 0.9950056326 0.0691714198 0.04515893779
1842 0.9950056326 0.09328462308 0.05461295267
1843 0.9950056326 0.08557343379 0.05534342668
1844 0.9950056326 0.07876509508 0.0465924483
1845 0.9950056326 0.08046423576 0.05062088244
1846 0.9950056326 0.07711226697 0.05651514001
1847 0.9950056326 0.085348102 0.05072160801
1848 0.9950056326 0.09422792545 0.05463246214
1849 0.9950056326 0.09296898481 0.04898048786
1850 0.9950056326 0.06876332863 0.03882504443
1851 0.9950056326 0.08954158914 0.05212733874
1852 0.9950056326 0.07969678861 0.04388899312
1853 0.9950056326 0.0832301404 0.04643293163
1854 0.9950056326 0.08700683901 0.05626405599
1855 0.9950056326 0.1029861911 0.06065128582
1856 0.9950056326 0.1006935825 0.05504028862
1857 0.9950056326 0.08886244681 0.04339078296
1858 0.9950056326 0.09555639428 0.05711663254
1859 0.9950056326 0.06843268754 0.03939622276
1860 0.9950056326 0.09164527859 0.05358934566
1861 0.9950056326 0.09102082363 0.05144035303
1862 0.9950056326 0.09072184958 0.05490250802
1863 0.9950056326 0.0592295389 0.03884188435
1864 0.9950056326 0.07943972556 0.05116542139
1865 0.9950056326 0.07091564381 0.04538298754
1866 0.9950056326 0.07783565814 0.05279163874
1867 0.9950056326 0.08654021532 0.05455892191
1868 0.9950056326 0.0698696453 0.04199287812
1869 0.9950056326 0.09141855417 0.0600854186
1870 0.9950056326 0.06956405604 0.04495867263
1871 0.9950056326 0.0854907789 0.0521925868
1872 0.9950056326 0.08351274443 0.05055357845
1873 0.9950056326 0.07450791041 0.04310232055
1874 0.9950056326 0.07009349942 0.04283093019
1875 0.9950056326 0.06051202505 0.03859399072
1876 0.9950056326 0.07930119444 0.04377088687
1877 0.9950056326 0.07818655663 0.04738683367
1878 0.9950056326 0.0735396748 0.04106357676
1879 0.9950056326 0.08486160246 0.04464792461
1880 0.9950056326 0.09390753318 0.05259480735
1881 0.9950056326 0.08488730923 0.05222344498
1882 0.9950056326 0.09029257591 0.05672924379
1883 0.9950056326 0.07699501843 0.04358906317
1884 0.9950056326 0.08527423657 0.05119344405
1885 0.9950056326 0.06617513397 0.0413096571
1886 0.9950056326 0.07596345867 0.04658353429
1887 0.9950056326 0.0668061089 0.04185410178
1888 0.9950056326 0.06657453678 0.03932353928
1889 0.9950056326 0.08183193479 0.04633158566
1890 0.9950056326 0.07675659773 0.052667701
1891 0.9950056326 0.08985057896 0.05432405421
1892 0.9950056326 0.08560212149 0.05545207667
1893 0.9950056326 0.09630630878 0.05522476275
1894 0.9950056326 0.08232665621 0.04639187668
1895 0.9950056326 0.07469594067 0.04447187243
1896 0.9950056326 0.06917725128 0.04240822141
1897 0.9950056326 0.07128895948 0.04689249034
1898 0.9950056326 0.06155811265 0.03957174403
1899 0.9950056326 0.08342621135 0.05475023634
1900 0.9950056326 0.0798993082 0.05354889266
1901 0.9950056326 0.08175622678 0.05460045266
1902 0.9950056326 0.08344803526 0.04733864752
1903 0.9950056326 0.08095420007 0.04617868107
1904 0.9950056326 0.1061413067 0.06112570671
1905 0.9950056326 0.09582603183 0.05586464281
1906 0.9950056326 0.06869136443 0.04109376726
1907 0.9950056326 0.06769140207 0.0405752969
1908 0.9950056326 0.06830720813 0.04352887563
1909 0.9950056326 0.06741812803 0.04446436388
1910 0.9950056326 0.06947420523 0.0456546578
1911 0.9950056326 0.07458815195 0.04656218538
1912 0.9950056326 0.06613855034 0.04635704653
1913 0.9950056326 0.07508756572 0.05200389424
1914 0.9950056326 0.06056281382 0.04170358369
1915 0.9950056326 0.05238563012 0.03827057387
1916 0.9950056326 0.06203532668 0.04049143817
1917 0.9950056326 0.08702963375 0.05541066116
1918 0.9950056326 0.07850884574 0.0504118318
1919 0.9950056326 0.07036232869 0.04513873914
1920 0.9950056326 0.0674400738 0.04799518423
1921 0.9950056326 0.08509991366 0.05896075085
1922 0.9950056326 0.06922499071 0.04465028054
1923 0.9950056326 0.08065585016 0.05113325642
1924 0.9950056326 0.09878337765 0.06383340538
1925 0.9950056326 0.07306848315 0.04408645425
1926 0.9950056326 0.07566163227 0.04314446393
1927 0.9950056326 0.09063961757 0.05277782765
1928 0.9950056326 0.09305077648 0.0546178778
1929 0.9950056326 0.1043530826 0.06050507579
1930 0.9950056326 0.08857984287 0.05566144005
1931 0.9950056326 0.08842714373 0.0507047377
1932 0.9950056326 0.1030447277 0.05710843517
1933 0.9950056326 0.1148826571 0.06430667005
1934 0.9950056326 0.08229533514 0.04515749208
1935 0.9950056326 0.08254012272 0.04288905379
1936 0.9950056326 0.08429596023 0.04653873159
1937 0.9950056326 0.1010964236 0.0575696479
1938 0.9950056326 0.09929958997 0.0578498302
1939 0.9950056326 0.07511750229 0.04305499427
1940 0.9950056326 0.07281544824 0.05035147162
1941 0.9950056326 0.07410682564 0.05009205769
1942 0.9950056326 0.08960273029 0.05991575555
1943 0.9950056326 0.08347142613 0.05290788804
1944 0.9950056326 0.07729299156 0.05180309956
1945 0.9950056326 0.06802559948 0.04383322987
1946 0.9950056326 0.0666132875 0.0420770555
1947 0.9950056326 0.0929008188 0.05723807711
1948 0.9950056326 0.08339759449 0.05292433279
1949 0.9950056326 0.0817878089 0.05302766648
1950 0.9950056326 0.08381572759 0.05247044397
1951 0.9950056326 0.08283822444 0.05327145957
1952 0.9950056326 0.07466389079 0.04403674999
1953 0.9950056326 0.08277507227 0.05210831681
1954 0.9950056326 0.06716714253 0.04164352222
1955 0.9950056326 0.0788043753 0.05024653349
1956 0.9950056326 0.09079686778 0.05387203138
1957 0.9950056326 0.07531269354 0.04560528647
1958 0.9950056326 0.08360380794 0.04623156833
1959 0.9950056326 0.09009658586 0.04928328117
1960 0.9950056326 0.07917335391 0.04633386747
1961 0.9950056326 0.08839823956 0.04579079072
1962 0.9950056326 0.09050091369 0.05338059671
1963 0.9950056326 0.08203366191 0.05200593276
1964 0.9950056326 0.0839715199 0.04541813299
1965 0.9950056326 0.09830861736 0.05193200018
1966 0.9950056326 0.1082130333 0.05615916228
1967 0.9950056326 0.1124061307 0.0546201888
1968 0.9950056326 0.09499107644 0.05078638657
1969 0.9950056326 0.1031119493 0.05638481506
1970 0.9950056326 0.1176521281 0.07353364822
1971 0.9950056326 0.11958531 0.06364878556
1972 0.9950056326 0.1088040153 0.06242046765
1973 0.9950056326 0.08118100101 0.04547177061
1974 0.9950056326 0.1038356995 0.0559463797
1975 0.9950056326 0.1088165416 0.05447994822
1976 0.9950056326 0.09937274476 0.05269285977
1977 0.9950056326 0.1116928736 0.06010568478
1978 0.9950056326 0.1005619127 0.05057324248
1979 0.9950056326 0.1070705187 0.0542061281
1980 0.9950056326 0.0972249424 0.05442682918
1981 0.9950056326 0.1035430478 0.05942129746
1982 0.9950056326 0.09261280234 0.05431414455
1983 0.9950056326 0.07582957457 0.04976880526
1984 0.9950056326 0.07356283502 0.04624521533
1985 0.9950056326 0.06838633653 0.03956556622
1986 0.9950056326 0.07976532126 0.04762257698
1987 0.9950056326 0.09257554595 0.05512395199
1988 0.9950056326 0.08530508549 0.05040243177
1989 0.9950056326 0.08213639645 0.04525909064
1990 0.9950056326 0.07573676566 0.0444988008
1991 0.9950056326 0.08489785597 0.05405501236
1992 0.9950056326 0.0814764943 0.04896885208
1993 0.9950056326 0.09765221029 0.06174226742
1994 0.9950056326 0.09574609049 0.05982331544
1995 0.9950056326 0.08226449422 0.04774568382
1996 0.9950056326 0.06964987759 0.04023003623
1997 0.9950056326 0.06868020127 0.04039086922
1998 0.9950056326 0.07867712126 0.04914998813
1999 0.9950056326 0.09350849442 0.05859279592
2000 0.9950056326 0.0848743737 0.04561953065
