5.49158e-02
6.55020e-02
7.87225e-02
7.25565e-02
6.80789e-02
6.46816e-02
6.23097e-02
6.32634e-02
6.63008e-02
6.88541e-02
7.40641e-02
7.00536e-02
6.68753e-02
6.61964e-02
6.90152e-02
7.19189e-02
8.05926e-02
7.46170e-02
6.93846e-02
6.70862e-02
6.83520e-02
7.15456e-02
7.94370e-02
7.38557e-02
6.87997e-02
6.81348e-02
7.08418e-02
7.60742e-02
8.48981e-02
7.92955e-02
7.42191e-02
7.18183e-02
7.30656e-02
7.90752e-02
9.00448e-02
8.71718e-02
8.54630e-02
8.46312e-02
8.44497e-02
7.13835e-02
6.31843e-02
7.05567e-02
8.58772e-02
7.96277e-02
7.45091e-02
6.98486e-02
6.53865e-02
5.87238e-02
5.01836e-02
