2.51439e+03
3.39833e+03
4.28234e+03
4.02984e+03
3.82493e+03
3.64216e+03
3.48018e+03
3.18997e+03
3.05341e+03
2.95795e+03
3.02088e+03
2.72642e+03
2.44187e+03
2.46952e+03
2.63019e+03
2.83805e+03
3.13885e+03
2.81725e+03
2.50672e+03
2.38850e+03
2.42928e+03
2.61569e+03
2.88726e+03
2.56112e+03
2.26234e+03
2.27144e+03
2.39985e+03
2.62111e+03
2.89789e+03
2.62997e+03
2.38662e+03
2.45214e+03
2.62727e+03
2.88455e+03
3.19498e+03
3.00445e+03
2.83486e+03
2.67531e+03
2.53112e+03
2.29256e+03
2.23511e+03
2.42064e+03
2.73750e+03
2.56849e+03
2.40462e+03
2.20651e+03
1.97790e+03
1.97463e+03
1.85451e+03
