1.89013e+03
3.40682e+03
4.94771e+03
4.80077e+03
4.72608e+03
4.67874e+03
4.65614e+03
3.79352e+03
3.64285e+03
4.17050e+03
5.27751e+03
4.98064e+03
4.72346e+03
3.91554e+03
3.73925e+03
4.30953e+03
5.19070e+03
4.93463e+03
4.68287e+03
3.91207e+03
3.68256e+03
4.19871e+03
5.04957e+03
4.82132e+03
4.61092e+03
3.83403e+03
3.57018e+03
4.04140e+03
4.82968e+03
4.57737e+03
4.31057e+03
3.48127e+03
3.20897e+03
3.65959e+03
4.50147e+03
4.25572e+03
3.98698e+03
3.75666e+03
3.49868e+03
2.84372e+03
2.73156e+03
3.27153e+03
4.17944e+03
3.99555e+03
3.85823e+03
3.76449e+03
3.69562e+03
2.96877e+03
2.09444e+03
