1.79619e+03
2.79428e+03
3.88287e+03
3.53289e+03
3.26024e+03
3.03246e+03
2.84515e+03
2.86821e+03
3.01026e+03
2.98282e+03
3.15465e+03
2.92017e+03
2.69849e+03
2.72831e+03
2.87359e+03
3.05917e+03
3.35774e+03
3.08265e+03
2.84779e+03
2.64753e+03
2.66194e+03
2.76338e+03
3.04888e+03
2.79020e+03
2.55113e+03
2.75946e+03
3.15071e+03
3.65809e+03
4.21555e+03
3.97910e+03
3.76915e+03
3.17752e+03
2.81034e+03
2.82167e+03
3.21639e+03
3.02819e+03
2.87200e+03
2.75025e+03
2.66990e+03
2.45572e+03
2.60265e+03
3.40129e+03
4.39688e+03
4.13418e+03
3.98670e+03
3.98486e+03
4.15553e+03
3.10221e+03
2.11163e+03
