3.75570e-02
5.26240e-02
6.74217e-02
6.13206e-02
5.65004e-02
5.23760e-02
4.89693e-02
4.73635e-02
4.67795e-02
4.71155e-02
4.83263e-02
4.62068e-02
4.44306e-02
4.36166e-02
4.56594e-02
5.00576e-02
5.80697e-02
5.44324e-02
5.11540e-02
4.85356e-02
4.98519e-02
5.53315e-02
6.55204e-02
6.11426e-02
5.71405e-02
5.30211e-02
5.36161e-02
6.12016e-02
7.29902e-02
6.82480e-02
6.35246e-02
5.79244e-02
5.61711e-02
6.11925e-02
7.10208e-02
6.65238e-02
6.21224e-02
5.76779e-02
5.32554e-02
5.10677e-02
5.28687e-02
5.95380e-02
6.94088e-02
6.55922e-02
6.19552e-02
5.80796e-02
5.40877e-02
4.79702e-02
4.04949e-02
