1.93403e+03
3.22530e+03
4.48339e+03
4.25163e+03
4.07500e+03
3.93349e+03
3.81309e+03
3.47110e+03
3.43201e+03
3.78388e+03
4.37344e+03
4.13059e+03
3.92477e+03
3.51197e+03
3.39138e+03
3.71973e+03
4.28847e+03
3.99827e+03
3.72239e+03
3.34514e+03
3.24714e+03
3.58881e+03
4.14521e+03
3.87643e+03
3.61156e+03
3.29186e+03
3.25291e+03
3.57194e+03
4.05896e+03
3.74129e+03
3.42442e+03
3.15372e+03
3.15746e+03
3.55766e+03
4.17372e+03
3.90697e+03
3.63649e+03
3.39276e+03
3.12419e+03
2.84219e+03
2.87540e+03
3.39283e+03
4.18041e+03
3.93563e+03
3.70753e+03
3.49073e+03
3.23194e+03
2.88363e+03
2.41800e+03
