2.00347e+03
2.49715e+03
3.12401e+03
2.89065e+03
2.71637e+03
2.57791e+03
2.47674e+03
2.39999e+03
2.44552e+03
2.53074e+03
2.66057e+03
2.61689e+03
2.60058e+03
2.46452e+03
2.63435e+03
2.91798e+03
3.28056e+03
3.10782e+03
2.96023e+03
2.70906e+03
2.83356e+03
3.12379e+03
3.50077e+03
3.23506e+03
2.99433e+03
2.74923e+03
2.90774e+03
3.20591e+03
3.54577e+03
3.14021e+03
2.74112e+03
2.60799e+03
2.78545e+03
3.19078e+03
3.64647e+03
3.29052e+03
2.95613e+03
2.62520e+03
2.30113e+03
2.35042e+03
2.55663e+03
2.90320e+03
3.33650e+03
3.13215e+03
2.93976e+03
2.73783e+03
2.53499e+03
2.31704e+03
2.14221e+03
