1.65360e+03
2.99017e+03
4.25612e+03
4.13160e+03
4.10738e+03
4.14341e+03
4.21923e+03
3.95919e+03
3.81281e+03
3.72670e+03
3.78773e+03
3.65237e+03
3.52482e+03
3.37941e+03
3.35719e+03
3.51845e+03
3.79984e+03
3.58487e+03
3.38283e+03
3.22387e+03
3.29908e+03
3.50730e+03
3.88315e+03
3.61752e+03
3.36739e+03
3.25847e+03
3.42123e+03
3.82106e+03
4.33657e+03
4.01643e+03
3.69538e+03
3.35029e+03
3.28761e+03
3.59495e+03
4.13046e+03
3.91859e+03
3.71388e+03
3.50565e+03
3.29964e+03
3.13640e+03
3.13794e+03
3.40922e+03
3.83047e+03
3.64221e+03
3.43308e+03
3.18650e+03
2.91469e+03
2.64522e+03
2.25978e+03
