5.26010e-02
6.08675e-02
6.85350e-02
6.56377e-02
6.35395e-02
6.19886e-02
6.08308e-02
5.69731e-02
5.62773e-02
5.92339e-02
6.94008e-02
6.61821e-02
6.36766e-02
5.99382e-02
5.83668e-02
5.66440e-02
6.19662e-02
5.85286e-02
5.56068e-02
5.27214e-02
5.22941e-02
5.36871e-02
6.09610e-02
5.74020e-02
5.41810e-02
5.24433e-02
5.33275e-02
5.76815e-02
6.68076e-02
6.34257e-02
6.05195e-02
5.87402e-02
5.97969e-02
6.51480e-02
7.46084e-02
7.33660e-02
7.24248e-02
7.17312e-02
7.14099e-02
5.87018e-02
4.88841e-02
7.85537e-02
1.22304e-01
1.08277e-01
9.75134e-02
8.79003e-02
7.76836e-02
7.30532e-02
6.22005e-02
