1.41339e+03
2.63535e+03
3.85327e+03
3.64199e+03
3.50678e+03
3.41958e+03
3.37124e+03
3.21584e+03
3.17343e+03
3.28868e+03
3.72982e+03
3.51778e+03
3.33285e+03
3.24406e+03
3.26919e+03
3.56501e+03
4.09985e+03
3.85065e+03
3.63493e+03
3.39677e+03
3.32962e+03
3.73091e+03
4.48809e+03
4.24320e+03
4.03539e+03
3.81352e+03
3.77720e+03
4.32356e+03
5.20642e+03
4.94310e+03
4.71637e+03
4.28684e+03
4.15112e+03
4.85018e+03
6.03435e+03
5.88842e+03
5.81214e+03
5.78757e+03
5.80617e+03
4.68721e+03
3.97215e+03
4.90212e+03
6.65963e+03
6.28865e+03
6.02486e+03
5.87267e+03
5.82859e+03
4.76272e+03
3.30241e+03
