3.28511e-02
6.95124e-02
1.05682e-01
9.69603e-02
9.07821e-02
8.61076e-02
8.32112e-02
7.74293e-02
7.68502e-02
8.37608e-02
9.52215e-02
8.97356e-02
8.48241e-02
7.56106e-02
7.31740e-02
8.16444e-02
9.37299e-02
8.64044e-02
7.97595e-02
7.32268e-02
7.26689e-02
8.01802e-02
9.02036e-02
8.38418e-02
7.78335e-02
7.23068e-02
7.28040e-02
8.18943e-02
9.33799e-02
8.65659e-02
7.99079e-02
6.98213e-02
6.75559e-02
7.67374e-02
9.08538e-02
8.78592e-02
8.60282e-02
8.51357e-02
8.48087e-02
6.98891e-02
5.86662e-02
5.82672e-02
6.44778e-02
6.16167e-02
5.83111e-02
5.43490e-02
5.00557e-02
4.65666e-02
4.15856e-02
