2.27806e+03
3.97768e+03
5.57132e+03
5.35000e+03
5.21134e+03
5.10580e+03
5.02400e+03
4.36853e+03
3.96129e+03
3.95473e+03
4.52649e+03
4.23381e+03
3.96748e+03
3.71363e+03
3.58533e+03
3.57772e+03
3.84446e+03
3.59752e+03
3.37130e+03
3.26750e+03
3.28216e+03
3.41288e+03
3.69603e+03
3.49788e+03
3.31388e+03
3.42591e+03
3.62437e+03
3.96764e+03
4.38361e+03
4.14966e+03
3.92966e+03
3.41736e+03
2.99001e+03
3.00200e+03
3.34549e+03
3.22091e+03
3.11200e+03
3.01571e+03
2.92976e+03
2.71347e+03
2.77801e+03
3.34349e+03
4.13298e+03
3.81258e+03
3.56939e+03
3.43142e+03
3.50872e+03
2.68998e+03
2.04528e+03
