3.58321e-02
5.52566e-02
7.60116e-02
6.84653e-02
6.25226e-02
5.75538e-02
5.34499e-02
5.32178e-02
5.52188e-02
5.42348e-02
5.68034e-02
5.20496e-02
4.76210e-02
4.75623e-02
4.96978e-02
5.27894e-02
5.77623e-02
5.25474e-02
4.81325e-02
4.43924e-02
4.44977e-02
4.64849e-02
5.16143e-02
4.70718e-02
4.28992e-02
4.66194e-02
5.40394e-02
6.39867e-02
7.50962e-02
7.10054e-02
6.74504e-02
5.67652e-02
5.03433e-02
5.12782e-02
5.95461e-02
5.65277e-02
5.40965e-02
5.22725e-02
5.11886e-02
4.71432e-02
5.04559e-02
6.71980e-02
8.83940e-02
8.29659e-02
7.99922e-02
8.00088e-02
8.34771e-02
6.22311e-02
4.22545e-02
