1.80180e-02
3.63917e-02
5.24042e-02
5.00020e-02
4.87861e-02
4.84348e-02
4.86825e-02
4.24957e-02
5.93065e-02
7.19079e-02
8.75673e-02
8.71176e-02
8.75574e-02
7.87741e-02
7.88010e-02
7.51239e-02
7.76127e-02
7.44165e-02
7.17411e-02
6.69281e-02
6.93293e-02
6.81504e-02
7.30364e-02
6.86939e-02
6.49617e-02
6.70022e-02
7.41780e-02
7.70372e-02
8.35987e-02
7.80843e-02
7.30196e-02
7.10989e-02
7.33568e-02
7.24382e-02
7.78059e-02
7.28953e-02
6.88454e-02
6.54329e-02
6.27723e-02
6.47911e-02
7.12664e-02
8.61684e-02
1.06761e-01
1.00628e-01
9.69649e-02
9.54888e-02
9.63038e-02
8.40429e-02
6.93169e-02
