3.48824e-02
5.44974e-02
7.35830e-02
6.87805e-02
6.48246e-02
6.12160e-02
5.78969e-02
5.33494e-02
5.12524e-02
5.09818e-02
5.25518e-02
4.85096e-02
4.44760e-02
4.33725e-02
4.42143e-02
4.71029e-02
5.14035e-02
4.70615e-02
4.27390e-02
4.16540e-02
4.22154e-02
4.53158e-02
4.95873e-02
4.49480e-02
4.02919e-02
3.98365e-02
4.11379e-02
4.49175e-02
4.98231e-02
4.50586e-02
4.02611e-02
3.98252e-02
4.09880e-02
4.44813e-02
4.88995e-02
4.38183e-02
3.87372e-02
3.35542e-02
2.85025e-02
3.30958e-02
4.03912e-02
5.01440e-02
6.12117e-02
5.74068e-02
5.40704e-02
5.11903e-02
4.91771e-02
4.08443e-02
3.64400e-02
