1.81795e+03
3.38695e+03
4.93620e+03
4.61067e+03
4.36483e+03
4.15882e+03
3.96705e+03
3.69260e+03
3.68488e+03
4.07849e+03
4.75716e+03
4.30184e+03
3.90095e+03
3.51323e+03
3.38079e+03
3.70921e+03
4.21964e+03
3.75174e+03
3.32330e+03
2.99177e+03
2.95281e+03
3.28589e+03
3.72483e+03
3.29909e+03
2.87430e+03
2.79244e+03
2.91593e+03
3.24376e+03
3.61386e+03
3.17575e+03
2.73378e+03
2.69957e+03
2.96195e+03
3.62283e+03
4.39376e+03
3.98660e+03
3.63558e+03
3.30406e+03
2.98633e+03
2.72828e+03
2.88785e+03
3.42149e+03
4.13813e+03
3.87736e+03
3.63660e+03
3.37675e+03
3.05574e+03
2.84908e+03
2.50063e+03
