2.77269e-02
4.36946e-02
6.11832e-02
5.64902e-02
5.31333e-02
5.09306e-02
4.98251e-02
4.87774e-02
5.23692e-02
5.61053e-02
6.43583e-02
6.19522e-02
6.02059e-02
5.59410e-02
5.53761e-02
5.68388e-02
6.30959e-02
5.95280e-02
5.65233e-02
5.26907e-02
5.26522e-02
5.58944e-02
6.33282e-02
5.92977e-02
5.57508e-02
5.26810e-02
5.43721e-02
5.88721e-02
6.71117e-02
6.23501e-02
5.78177e-02
5.52049e-02
5.70908e-02
6.39349e-02
7.42703e-02
6.88090e-02
6.37062e-02
5.87762e-02
5.41284e-02
5.19118e-02
5.72905e-02
6.96578e-02
8.66243e-02
8.45844e-02
8.36076e-02
8.35206e-02
8.48586e-02
6.78622e-02
4.98040e-02
