1.24321e+03
2.99043e+03
4.70628e+03
4.35705e+03
4.14665e+03
4.03025e+03
3.99535e+03
3.85484e+03
4.05881e+03
4.35382e+03
4.90672e+03
4.71320e+03
4.58329e+03
4.04960e+03
3.99294e+03
4.34621e+03
4.90712e+03
4.72196e+03
4.58548e+03
4.15427e+03
4.18288e+03
4.63470e+03
5.30762e+03
5.14033e+03
5.02221e+03
4.56058e+03
4.57226e+03
5.14024e+03
5.92301e+03
5.76624e+03
5.62418e+03
4.76676e+03
4.27974e+03
5.06156e+03
6.35719e+03
5.95025e+03
5.59115e+03
5.36676e+03
5.46816e+03
4.34503e+03
3.23922e+03
3.40159e+03
3.91441e+03
3.74032e+03
3.58994e+03
3.45816e+03
3.35544e+03
2.85164e+03
2.29008e+03
