2.83664e+03
4.27480e+03
5.57381e+03
5.51433e+03
5.50841e+03
5.52121e+03
5.52994e+03
4.55940e+03
4.32215e+03
4.89838e+03
5.82800e+03
5.48916e+03
5.18701e+03
4.79616e+03
4.66847e+03
4.79124e+03
5.01075e+03
4.74023e+03
4.48459e+03
4.06875e+03
3.98018e+03
4.21052e+03
4.52585e+03
4.24660e+03
3.97357e+03
3.67482e+03
3.61858e+03
3.80185e+03
4.13856e+03
3.80811e+03
3.47870e+03
3.34216e+03
3.45123e+03
3.76389e+03
4.20090e+03
3.91386e+03
3.63748e+03
3.35819e+03
3.08006e+03
3.10975e+03
3.34305e+03
3.77503e+03
4.35767e+03
4.09478e+03
3.85453e+03
3.61840e+03
3.38004e+03
3.05001e+03
2.63990e+03
