9.14885e+02
2.27173e+03
3.69621e+03
3.24320e+03
2.85404e+03
2.51277e+03
2.24188e+03
2.35985e+03
2.65448e+03
2.76893e+03
2.94017e+03
2.73160e+03
2.56934e+03
2.45779e+03
2.58296e+03
2.72012e+03
2.95862e+03
2.74132e+03
2.55896e+03
2.51388e+03
2.71406e+03
2.98794e+03
3.38935e+03
3.19671e+03
3.03397e+03
2.98234e+03
3.16608e+03
3.45457e+03
3.87024e+03
3.63522e+03
3.43866e+03
3.00412e+03
2.98815e+03
3.66279e+03
4.77918e+03
4.63810e+03
4.57040e+03
4.57080e+03
4.62907e+03
3.77240e+03
3.33425e+03
3.74930e+03
4.76020e+03
4.48550e+03
4.22592e+03
3.99307e+03
3.80368e+03
3.12010e+03
2.28078e+03
