1.38620e+03
2.47025e+03
3.63378e+03
3.29586e+03
3.03482e+03
2.81553e+03
2.64021e+03
2.66139e+03
2.80621e+03
2.96397e+03
3.25611e+03
3.14350e+03
3.07401e+03
2.83897e+03
2.85190e+03
3.25167e+03
3.92677e+03
3.73624e+03
3.57801e+03
3.22157e+03
3.20660e+03
3.63765e+03
4.31056e+03
4.08435e+03
3.88492e+03
3.48176e+03
3.40593e+03
3.77412e+03
4.32909e+03
4.00287e+03
3.67650e+03
3.04137e+03
2.86958e+03
3.18183e+03
3.69125e+03
3.52779e+03
3.39656e+03
3.28634e+03
3.19811e+03
2.69178e+03
2.38684e+03
2.58099e+03
3.15146e+03
2.98194e+03
2.82763e+03
2.69664e+03
2.59449e+03
2.14848e+03
1.74156e+03
