3.18329e+03
3.44116e+03
3.79086e+03
3.62620e+03
3.51062e+03
3.42396e+03
3.35686e+03
2.84508e+03
2.34080e+03
1.92870e+03
1.56397e+03
1.47737e+03
1.43952e+03
1.78266e+03
2.20623e+03
2.61624e+03
3.08172e+03
2.92162e+03
2.77350e+03
2.64197e+03
2.63669e+03
2.73321e+03
3.01934e+03
2.80724e+03
2.61508e+03
2.69134e+03
2.94037e+03
3.37571e+03
3.94367e+03
3.73181e+03
3.52609e+03
2.90358e+03
2.46255e+03
2.38836e+03
2.53576e+03
2.40339e+03
2.26073e+03
2.10595e+03
1.94643e+03
2.02291e+03
2.16864e+03
2.82093e+03
3.56950e+03
3.21452e+03
2.87860e+03
2.51498e+03
2.12242e+03
2.15494e+03
2.07246e+03
