1.255219999999999947e-01 6.365709999999999424e-02 1.406189999999999940e-01 -6.450680000000000303e-02 6.124000000000000320e-05 4.790529999999999788e-02 3.056920000000000123e-02 -3.909789999999999793e-02
8.862679999999999517e-03 -1.420620000000000042e-02 5.410550000000000082e-02 7.101010000000000655e-02 1.138549999999999979e-01 3.399749999999999994e-02 7.728150000000000297e-02 9.733500000000000485e-02
6.564369999999999927e-03 1.104610000000000036e-01 2.630789999999999865e-02 1.035679999999999934e-01 9.630820000000000006e-03 9.211320000000000618e-02 1.053020000000000067e-01 8.927960000000000063e-02
-1.071659999999999974e-01 5.155060000000000198e-02 4.438729999999999759e-02 5.976130000000000331e-02 4.362040000000000188e-03 8.523680000000000145e-02 -1.554389999999999938e-02 -7.467089999999999839e-02
-4.325319999999999859e-02 1.435809999999999864e-01 1.035830000000000084e-02 1.247230000000000005e-01 1.014960000000000029e-01 -1.223820000000000047e-01 -3.882719999999999921e-02 -8.155600000000000349e-02
1.198099999999999998e-01 2.520009999999999750e-01 2.377269999999999939e-01 1.031910000000000049e-01 3.147470000000000129e-02 1.031229999999999994e-02 1.986990000000000110e-03 2.056979999999999920e-02
1.855209999999999915e-01 1.309719999999999981e-02 2.213239999999999930e-01 1.293640000000000068e-01 2.248630000000000073e-02 1.022020000000000012e-01 -9.595729999999999538e-02 -6.264930000000000498e-02
-4.364529999999999799e-02 4.435739999999999822e-02 1.613809999999999967e-01 -6.181590000000000001e-02 9.569489999999999941e-02 2.153799999999999881e-01 2.115569999999999951e-01 3.511589999999999850e-02
1.252840000000000065e-01 -7.271149999999999836e-02 6.610279999999999628e-03 1.141459999999999975e-01 7.717359999999999498e-02 1.028479999999999950e-01 2.880979999999999999e-02 5.235170000000000101e-02
1.946039999999999923e-02 1.201730000000000020e-01 1.091909999999999964e-01 4.282949999999999952e-02 9.538570000000000122e-04 7.102479999999999905e-02 1.103559999999999958e-01 -9.027739999999999376e-02
-2.360119999999999840e-03 -6.596380000000000299e-02 3.856009999999999993e-02 -3.312949999999999836e-03 1.147380000000000067e-01 1.113750000000000018e-01 -3.417669999999999823e-03 1.019329999999999958e-01
6.519279999999999693e-05 -1.524700000000000014e-02 3.942609999999999865e-02 -3.922350000000000142e-02 9.150350000000000150e-02 2.923330000000000026e-03 6.112689999999999790e-02 -2.651119999999999866e-02
9.204620000000000163e-03 1.219979999999999953e-01 -3.469549999999999718e-02 1.619599999999999929e-01 -1.534760000000000013e-01 -7.759829999999999679e-03 -1.233059999999999989e-01 4.082979999999999943e-02
-5.218310000000000309e-02 -1.951880000000000021e-03 7.996910000000000129e-02 -8.802830000000000377e-02 6.992120000000000279e-02 -1.934740000000000071e-02 1.865170000000000022e-02 4.313109999999999861e-02
-1.083599999999999980e-01 2.019570000000000046e-02 -2.699920000000000098e-02 -3.341070000000000151e-02 6.066819999999999852e-02 5.793419999999999820e-02 -1.001220000000000027e-01 -1.114339999999999949e-02
7.005440000000000278e-02 8.952440000000000397e-02 4.278470000000000190e-02 4.782240000000000102e-02 -6.923659999999999537e-02 -1.701110000000000122e-02 7.852430000000000521e-02 8.632449999999999846e-02
-2.025750000000000120e-02 6.520159999999999845e-02 -3.472770000000000024e-02 8.138969999999999538e-02 2.248419999999999933e-02 4.876160000000000216e-02 1.103640000000000038e-01 1.471219999999999993e-02
1.738109999999999959e-03 -1.339030000000000081e-02 -9.499870000000000536e-03 1.074429999999999968e-01 -7.574920000000000264e-02 -1.090739999999999982e-03 8.269210000000000449e-02 -4.235949999999999611e-03
1.525849999999999949e-02 2.135760000000000089e-02 4.574419999999999875e-02 1.774610000000000076e-01 1.087889999999999968e-01 3.916970000000000174e-02 -7.325199999999999767e-02 7.119849999999999790e-02
3.381320000000000159e-02 1.679570000000000021e-02 -2.912290000000000018e-02 1.694330000000000003e-01 1.489749999999999963e-01 4.882569999999999966e-02 9.781199999999999617e-02 2.079910000000000092e-02
1.009830000000000033e-01 1.566359999999999975e-01 1.158600000000000046e-01 7.983250000000000068e-02 -3.453040000000000276e-02 8.180800000000000571e-02 -8.160290000000000599e-02 -3.957660000000000344e-02
1.449850000000000028e-01 -1.264069999999999916e-01 3.714880000000000265e-02 8.171589999999999410e-02 1.567750000000000046e-02 -5.976020000000000290e-03 -1.062899999999999956e-01 1.303580000000000017e-01
3.998820000000000152e-02 1.071700000000000083e-02 2.106569999999999970e-02 2.969240000000000074e-02 -1.159560000000000035e-01 6.624320000000000208e-02 -1.203739999999999949e-01 -5.629220000000000057e-02
6.940419999999999923e-02 2.578969999999999874e-02 -3.731360000000000232e-02 -9.660719999999999377e-03 2.135110000000000063e-01 2.177559999999999934e-04 1.619329999999999936e-01 -2.023399999999999851e-02
-7.049619999999999498e-02 7.674570000000000003e-02 1.683329999999999896e-02 -6.934600000000000486e-02 -2.112849999999999884e-03 1.031149999999999983e-01 9.068619999999999459e-02 7.472689999999999888e-02
1.710170000000000023e-01 1.039989999999999942e-01 2.175399999999999903e-02 8.918710000000000526e-02 1.071750000000000064e-01 9.781839999999999979e-02 4.300679999999999781e-02 1.059200000000000003e-01
1.173949999999999994e-01 4.993319999999999703e-02 -3.243059999999999866e-03 -3.708899999999999697e-02 1.178400000000000003e-01 8.362619999999999776e-02 -5.077829999999999844e-02 1.567550000000000054e-01
-1.556570000000000002e-02 5.956410000000000177e-02 6.339589999999999982e-03 -3.015440000000000134e-02 8.918689999999999951e-03 6.142120000000000218e-02 1.070320000000000021e-01 2.512050000000000116e-01
1.353459999999999941e-01 -1.873980000000000090e-02 8.107989999999999642e-02 1.215330000000000021e-01 7.883600000000000330e-02 1.378630000000000133e-01 9.066490000000000660e-02 4.984910000000000035e-02
3.649120000000000141e-02 -7.148780000000000412e-02 1.926609999999999989e-01 -8.135999999999999135e-03 1.129320000000000046e-01 2.696950000000000042e-02 7.709009999999999474e-02 -4.068789999999999907e-02
1.624130000000000018e-02 8.536230000000000206e-02 3.693520000000000136e-02 2.822660000000000100e-02 7.855900000000000383e-02 7.508080000000000309e-02 6.849560000000000370e-02 -5.339270000000000127e-04
7.899330000000000240e-02 1.131719999999999948e-01 2.335470000000000046e-01 6.974629999999999719e-02 -5.232760000000000189e-02 -1.766529999999999836e-02 1.665750000000000008e-01 -1.733760000000000162e-02
1.347339999999999927e-01 7.755910000000000408e-03 1.435889999999999944e-01 3.981389999999999929e-02 6.222639999999999769e-03 -2.792740000000000153e-02 2.440799999999999914e-02 3.535520000000000329e-02
-6.118349999999999830e-03 -1.010550000000000059e-01 -1.065259999999999992e-02 -6.037660000000000249e-02 8.186820000000000208e-02 1.234380000000000061e-01 1.594699999999999937e-02 2.002120000000000011e-01
-5.166710000000000053e-02 3.163440000000000002e-02 6.225080000000000197e-02 -1.280820000000000049e-02 2.695260000000000017e-02 6.861970000000000569e-02 5.739919999999999745e-02 7.700229999999999748e-03
1.245580000000000020e-01 -4.532699999999999924e-02 1.511299999999999866e-01 -1.804969999999999838e-02 6.974790000000000156e-02 -4.476610000000000311e-02 -3.263060000000000266e-02 1.245740000000000042e-01
-1.403500000000000060e-02 7.651559999999999959e-03 8.219780000000000142e-02 -7.630679999999999408e-02 1.299119999999999997e-01 1.062049999999999939e-01 1.180719999999999964e-01 6.083439999999999681e-02
-1.409609999999999943e-03 -3.332509999999999899e-03 5.527599999999999875e-02 2.259079999999999977e-01 -3.868139999999999773e-02 8.101940000000000530e-02 -9.769609999999999753e-03 3.484389999999999710e-02
1.136359999999999974e-02 5.685620000000000257e-02 -9.433610000000000259e-03 1.054520000000000041e-01 7.115870000000000528e-02 8.694109999999999339e-02 1.169509999999999907e-03 6.946070000000000022e-02
3.199779999999999985e-02 2.067870000000000125e-02 2.035790000000000100e-01 2.092859999999999859e-02 -7.802180000000000226e-02 -1.726360000000000047e-02 5.288980000000000070e-02 6.466120000000000201e-02
6.888950000000000629e-02 -9.026660000000000239e-02 5.551570000000000116e-02 3.730019999999999863e-02 -8.580089999999999939e-02 1.374960000000000071e-01 2.134170000000000164e-02 5.868290000000000312e-02
-2.217850000000000030e-02 9.742760000000000309e-02 -1.265100000000000079e-02 1.581240000000000076e-02 -1.940139999999999920e-02 8.016330000000000677e-02 -9.442319999999999880e-02 6.471240000000000325e-02
6.359349999999999725e-03 -2.980710000000000130e-03 3.179630000000000130e-03 -4.134929999999999856e-02 1.601479999999999917e-02 -2.187679999999999833e-02 2.711770000000000153e-02 -5.027089999999999684e-03
1.193909999999999971e-01 5.452839999999999770e-02 -9.800879999999999315e-02 -7.815569999999999462e-02 2.085520000000000082e-02 2.325980000000000061e-02 5.066980000000000095e-02 7.237359999999999627e-02
-9.603609999999999924e-02 1.445280000000000002e-02 9.861910000000000120e-02 -1.916470000000000118e-01 4.225280000000000008e-02 1.032620000000000066e-01 2.315319999999999878e-02 1.176340000000000025e-02
3.509439999999999955e-03 1.910709999999999908e-01 1.107559999999999933e-01 -2.118630000000000166e-02 8.112719999999999654e-02 -4.483149999999999982e-03 6.530840000000000256e-02 -1.387069999999999970e-01
1.424989999999999868e-01 9.827809999999999324e-02 1.390620000000000051e-02 -4.630470000000000245e-03 6.021200000000000163e-02 3.607629999999999865e-02 -4.646700000000000136e-03 -1.157870000000000080e-02
-9.483089999999999575e-02 3.334840000000000027e-02 9.575100000000000278e-02 4.881690000000000335e-02 -6.325479999999999992e-02 4.797570000000000306e-02 9.856959999999999680e-03 -7.847550000000000012e-03
8.219540000000000179e-02 1.027679999999999982e-01 7.033860000000000112e-02 4.425599999999999673e-02 3.057220000000000076e-02 1.405490000000000073e-01 -7.017320000000000502e-02 1.328100000000000114e-01
1.144069999999999948e-01 9.344760000000000566e-02 1.396479999999999944e-01 5.261740000000000167e-02 1.548269999999999924e-01 1.685059999999999943e-03 -5.557410000000000128e-02 1.909959999999999991e-01
4.768329999999999791e-02 2.251710000000000170e-02 2.385079999999999839e-02 2.004950000000000135e-02 6.635549999999999782e-02 -5.959060000000000051e-02 3.547199999999999919e-03 -7.468710000000000626e-02
1.255549999999999999e-01 -6.106280000000000041e-02 8.527700000000000558e-02 -1.141400000000000053e-01 -3.934630000000000072e-02 5.377090000000000342e-02 -7.640870000000000127e-03 8.643109999999999682e-02
9.197020000000000195e-02 1.174500000000000023e-02 7.708180000000000240e-03 3.416070000000000109e-04 1.047300000000000036e-01 5.520259999999999750e-02 1.959200000000000108e-01 -4.863370000000000193e-02
8.624460000000000459e-02 4.183329999999999688e-02 -7.321709999999999330e-02 1.039569999999999939e-01 4.625839999999999813e-02 1.400539999999999945e-02 3.455559999999999882e-02 4.078999999999999987e-02
3.498090000000000227e-02 6.977849999999999331e-02 1.740150000000000030e-02 2.749129999999999976e-02 -2.838649999999999854e-02 4.571479999999999988e-02 1.433360000000000016e-02 1.269799999999999922e-02
1.105779999999999957e-01 2.901890000000000025e-02 7.251109999999999847e-03 1.533809999999999896e-01 8.800209999999999977e-02 -1.792940000000000028e-03 5.631649999999999850e-02 9.784059999999999979e-02
9.699449999999999739e-02 1.276519999999999877e-01 5.327579999999999816e-02 4.721990000000000215e-02 1.969400000000000039e-01 1.438740000000000019e-01 -3.409140000000000087e-02 -1.210929999999999992e-02
4.527469999999999585e-03 7.059440000000000159e-02 -1.935740000000000030e-02 2.030990000000000018e-01 1.899299999999999947e-02 7.199410000000000531e-02 -5.240299999999999819e-02 -1.302480000000000027e-01
-2.803330000000000058e-02 1.631259999999999932e-01 1.216679999999999984e-01 2.153829999999999981e-02 -3.048160000000000106e-02 7.353310000000000402e-02 5.465609999999999913e-02 -6.955020000000000126e-03
8.242620000000000502e-02 1.142989999999999978e-01 1.077159999999999923e-02 1.013539999999999996e-01 -1.040330000000000005e-01 1.169020000000000059e-01 -1.084959999999999918e-02 1.036450000000000010e-01
9.178030000000000216e-03 5.431219999999999798e-02 -5.550199999999999925e-03 -4.503879999999999689e-02 -6.894360000000000419e-03 1.292570000000000108e-01 9.882199999999999318e-02 4.099270000000000344e-03
7.689780000000000226e-02 1.505330000000000001e-01 1.433410000000000066e-02 -4.496499999999999629e-03 -4.738599999999999930e-03 2.280029999999999904e-02 1.529240000000000044e-01 1.937170000000000003e-01
2.194810000000000164e-02 5.411819999999999825e-02 4.214600000000000291e-02 5.293439999999999951e-03 3.632890000000000164e-03 3.250809999999999811e-02 1.857170000000000001e-02 1.193290000000000045e-01
2.948459999999999970e-02 1.036929999999999926e-03 4.073580000000000256e-02 4.966509999999999675e-02 7.210569999999999480e-02 2.240359999999999921e-02 7.979340000000000044e-02 4.384670000000000234e-02
-9.793609999999999816e-02 -6.882240000000000406e-03 1.036640000000000061e-01 8.304469999999999907e-02 -2.651890000000000150e-02 1.454820000000000002e-01 1.294720000000000037e-01 3.713570000000000065e-02
-2.530239999999999920e-02 -2.190539999999999848e-02 8.647799999999999931e-02 1.119460000000000038e-01 1.384050000000000002e-01 5.011089999999999989e-02 1.579840000000000133e-01 -2.870400000000000035e-02
-5.455320000000000308e-02 1.192640000000000020e-02 7.658510000000000317e-02 6.996660000000000032e-03 8.765390000000000681e-02 -1.052369999999999972e-01 8.089029999999999831e-02 6.771989999999999954e-02
3.209710000000000341e-02 2.353090000000000043e-02 -3.133060000000000012e-02 -5.430750000000000161e-02 9.418369999999999520e-02 8.600950000000000262e-02 -6.065910000000000052e-02 2.346530000000000005e-01
5.393900000000000083e-02 -7.909299999999999664e-02 4.701020000000000199e-02 4.419769999999999949e-02 1.317840000000000122e-01 -6.868879999999999431e-02 7.710169999999999524e-02 4.383120000000000072e-02
1.025260000000000060e-01 4.487939999999999985e-02 5.794839999999999713e-02 7.896040000000000003e-02 -3.505709999999999989e-03 3.621869999999999951e-02 -7.190259999999999707e-02 -3.300619999999999943e-02
2.081919999999999882e-01 -8.192130000000000245e-02 3.238300000000000206e-02 -1.072749999999999919e-03 -6.115860000000000046e-02 5.754440000000000249e-02 4.417809999999999793e-02 1.014459999999999945e-01
-9.278920000000000223e-02 7.808750000000000413e-02 -1.788870000000000043e-02 -9.161160000000000136e-02 -3.686049999999999852e-04 -5.552630000000000066e-02 1.304440000000000044e-01 -1.038239999999999996e-02
1.165260000000000046e-01 5.896309999999999746e-02 3.386279999999999846e-02 -1.075269999999999915e-03 -2.635950000000000099e-02 1.446449999999999958e-01 -1.860120000000000107e-01 -6.173809999999999715e-02
5.351809999999999901e-02 1.459310000000000052e-01 1.563619999999999940e-02 1.144590000000000052e-01 7.928989999999999649e-02 3.341369999999999757e-02 8.355260000000000464e-02 7.298350000000000323e-03
-9.240089999999999415e-02 6.108589999999999853e-02 4.643800000000000011e-02 5.025149999999999929e-03 4.935949999999999713e-03 4.270319999999999672e-02 2.874729999999999994e-02 3.571050000000000092e-03
-1.644059999999999966e-02 1.771770000000000012e-01 4.963820000000000038e-02 -1.960040000000000115e-01 9.352449999999999652e-02 2.060079999999999897e-02 9.042309999999999584e-03 4.983350000000000279e-02
7.045880000000000198e-02 -5.221989999999999965e-02 3.700819999999999804e-02 1.174459999999999948e-01 1.484459999999999946e-01 -1.334319999999999951e-01 2.176969999999999947e-02 1.727450000000000097e-01
7.276140000000000385e-02 1.141930000000000028e-01 -8.483090000000000075e-02 -1.382180000000000075e-01 1.281309999999999949e-01 8.724600000000000410e-02 6.166520000000000334e-02 1.173000000000000015e-01
1.206050000000000039e-01 -1.329239999999999866e-01 7.157550000000000023e-02 -8.014340000000000352e-02 -6.841129999999999954e-03 7.807890000000000663e-02 4.875600000000000073e-02 -3.831380000000000202e-02
7.414400000000000157e-02 -4.875480000000000091e-02 1.036079999999999987e-02 4.499269999999999659e-02 2.198180000000000099e-03 2.682610000000000203e-03 -1.230170000000000048e-02 2.529589999999999964e-02
1.141990000000000019e-02 -2.901530000000000081e-02 4.012330000000000063e-02 -1.033159999999999981e-02 3.991820000000000090e-02 8.058650000000000535e-02 4.943560000000000315e-02 6.871539999999999593e-02
2.544779999999999959e-02 5.702510000000000218e-02 1.400139999999999996e-01 -1.285239999999999994e-02 1.118640000000000051e-01 -5.652669999999999917e-02 1.579949999999999966e-01 -2.203700000000000060e-04
1.051450000000000023e-01 4.367069999999999980e-02 6.403300000000000658e-02 7.416430000000000244e-02 3.972910000000000330e-02 6.647799999999999543e-02 5.710080000000000017e-02 -4.188309999999999950e-02
-1.218629999999999991e-01 2.478189999999999907e-02 1.149270000000000014e-01 3.509690000000000205e-03 5.104090000000000016e-02 6.453899999999999915e-02 -1.037949999999999984e-02 8.899170000000000691e-02
-4.097769999999999885e-02 4.656269999999999853e-02 3.837039999999999895e-02 -7.469409999999999938e-02 -1.730280000000000012e-02 1.233640000000000014e-01 1.133080000000000059e-01 1.154199999999999948e-01
1.281359999999999999e-01 -5.765730000000000161e-02 1.695639999999999994e-02 1.140309999999999935e-02 -1.355889999999999873e-01 -5.559359999999999996e-02 5.019209999999999644e-03 6.108460000000000278e-02
-1.687589999999999923e-02 -9.944390000000000174e-02 -9.940780000000000449e-02 -1.396350000000000022e-02 1.441780000000000006e-01 1.222769999999999968e-01 6.285309999999999508e-02 7.750780000000000169e-02
8.040289999999999937e-02 -1.122450000000000010e-02 1.294869999999999910e-01 -8.669469999999999954e-02 -4.552819999999999784e-02 1.323789999999999967e-01 -7.110130000000000616e-02 1.486089999999999911e-01
4.188680000000000181e-03 5.406749999999999751e-02 -5.375529999999999892e-02 3.119190000000000157e-02 2.445829999999999879e-02 1.218329999999999969e-01 9.647650000000000670e-03 2.565310000000000160e-02
-2.535250000000000177e-03 7.414339999999999820e-02 9.782100000000000517e-02 1.363379999999999974e-02 -1.102820000000000050e-01 -3.638929999999999942e-02 1.132230000000000042e-01 7.519750000000000045e-02
-3.539590000000000097e-02 -2.384299999999999788e-03 -1.452120000000000077e-01 9.944980000000000486e-02 -1.598750000000000171e-02 1.001940000000000053e-01 6.843230000000000146e-02 1.015419999999999934e-01
1.308549999999999991e-01 -1.352000000000000077e-02 1.162019999999999997e-01 3.016639999999999947e-02 3.260419999999999985e-02 1.547870000000000079e-01 1.266130000000000033e-01 1.842979999999999965e-02
-2.447250000000000120e-02 7.229909999999999982e-03 2.139020000000000157e-02 1.185699999999999948e-01 1.147880000000000011e-01 3.845910000000000301e-02 1.994080000000000158e-02 5.039659999999999973e-02
8.126410000000000577e-03 1.798419999999999880e-02 2.069850000000000162e-02 6.692910000000000525e-02 4.608999999999999903e-02 1.174530000000000018e-02 7.149519999999999487e-02 1.422490000000000039e-02
-7.347689999999999604e-03 -2.985550000000000009e-02 8.559930000000000316e-03 1.044209999999999999e-01 -9.918889999999999652e-02 -2.953789999999999888e-02 4.935389999999999916e-02 -5.411040000000000294e-02
3.291800000000000281e-02 4.921099999999999780e-02 1.858419999999999950e-03 -1.153269999999999990e-02 8.715499999999999636e-02 1.343399999999999872e-01 8.479960000000000275e-02 -7.944640000000000035e-02
1.960330000000000059e-02 1.603799999999999948e-01 7.740940000000000321e-02 -5.479520000000000224e-02 1.009720000000000062e-01 5.548960000000000004e-02 -1.313890000000000023e-02 -7.540120000000000156e-02
-8.322029999999999705e-02 6.045060000000000017e-02 8.275770000000000348e-02 -4.939129999999999909e-03 3.202340000000000048e-02 -2.826019999999999834e-03 4.535329999999999744e-03 -1.266960000000000031e-01
3.828089999999999965e-02 5.634870000000000156e-03 -2.613709999999999992e-02 4.464420000000000194e-02 5.574250000000000038e-02 1.106059999999999960e-01 6.864349999999999966e-03 1.761429999999999940e-01
8.965380000000000224e-03 -2.752709999999999879e-02 -2.591589999999999866e-02 3.357689999999999980e-02 8.810289999999999788e-02 -7.326420000000000154e-02 1.946760000000000157e-02 1.038980000000000042e-01
9.909089999999999565e-02 -4.991079999999999822e-02 5.239089999999999719e-02 6.325479999999999992e-02 -1.602730000000000127e-02 6.734510000000000496e-02 1.139669999999999989e-01 5.702680000000000249e-02
5.800409999999999767e-03 -5.810139999999999749e-02 -6.410549999999999582e-02 7.662919999999999454e-02 -7.170239999999999600e-03 7.428010000000000168e-02 -7.987470000000000681e-02 -1.922369999999999982e-02
3.130460000000000187e-02 1.450239999999999863e-01 3.267529999999999740e-02 1.440289999999999973e-02 -2.225689999999999960e-02 1.989990000000000162e-02 1.065060000000000034e-01 1.408440000000000039e-02
3.170469999999999886e-03 -6.197249999999999634e-03 -4.479419999999999930e-02 3.261649999999999966e-02 1.050149999999999972e-01 2.414779999999999982e-01 1.514989999999999948e-01 7.247860000000000413e-02
1.073029999999999956e-01 7.021779999999999688e-02 3.378479999999999678e-02 4.721000000000000196e-02 6.031319999999999737e-02 -3.899640000000000051e-02 9.122080000000000466e-02 1.082300000000000068e-01
9.390449999999999839e-03 2.296650000000000080e-02 7.771559999999999580e-02 5.846969999999999945e-02 -3.425360000000000210e-02 1.502110000000000112e-01 5.120439999999999714e-02 1.043009999999999944e-02
-8.222419999999999729e-02 3.542239999999999972e-02 1.119880000000000042e-01 -2.553309999999999955e-02 4.577729999999999994e-02 -7.213859999999999890e-03 -5.494650000000000228e-02 -1.268350000000000033e-02
1.760809999999999875e-01 -5.652959999999999929e-02 1.781580000000000108e-01 4.829850000000000115e-02 7.984270000000000256e-02 1.041239999999999943e-01 1.379009999999999958e-01 1.281900000000000053e-02
1.744050000000000114e-02 1.575589999999999977e-02 4.576920000000000294e-02 2.276080000000000117e-02 -4.676210000000000089e-03 -6.361390000000000100e-02 1.457900000000000038e-03 -1.471109999999999952e-02
1.806200000000000166e-02 7.839119999999999422e-02 9.531620000000000370e-02 -7.990350000000000230e-02 4.210289999999999866e-02 3.693369999999999986e-02 6.917080000000000450e-02 6.969050000000000245e-02
3.442270000000000052e-02 7.523760000000000170e-02 3.689400000000000318e-02 1.154209999999999958e-02 6.555260000000000253e-02 1.426110000000000051e-02 9.835539999999999561e-02 -3.369919999999999860e-02
1.572650000000000090e-02 1.115150000000000030e-01 1.671150000000000135e-01 -1.430919999999999935e-02 -6.599620000000000486e-02 5.757620000000000099e-02 1.272000000000000075e-01 1.873500000000000165e-02
1.725549999999999862e-01 1.408899999999999875e-01 -6.061010000000000009e-02 4.757770000000000055e-02 -3.037360000000000060e-02 4.966090000000000088e-02 2.876039999999999847e-03 -9.158679999999999599e-02
1.911259999999999903e-01 1.539800000000000023e-02 -5.576070000000000332e-02 7.625990000000000546e-02 8.019709999999999339e-02 -5.215480000000000116e-02 -5.395139999999999658e-02 -1.327700000000000061e-02
1.669740000000000113e-02 1.878329999999999930e-02 -6.425530000000000130e-02 -4.000680000000000208e-02 1.024990000000000068e-01 5.383500000000000091e-02 1.076519999999999977e-01 -6.383360000000000249e-03
1.146240000000000037e-01 -1.054519999999999937e-02 7.766460000000000030e-02 7.565199999999999703e-02 -1.225210000000000014e-02 1.488009999999999888e-01 1.178720000000000045e-01 8.401880000000000459e-02
7.379370000000000374e-02 -6.631289999999999407e-02 3.846689999999999832e-02 1.168690000000000007e-01 7.433080000000000243e-02 4.901780000000000026e-02 9.450619999999999854e-02 1.012080000000000063e-01
-6.406010000000000176e-03 3.206169999999999853e-02 9.039609999999999312e-02 -1.721419999999999981e-03 1.148019999999999943e-02 6.057370000000000115e-02 -2.790460000000000163e-02 5.480000000000000149e-02
3.183949999999999975e-02 9.309870000000000645e-02 1.749239999999999962e-01 7.911559999999999426e-02 2.188120000000000065e-01 1.643120000000000136e-01 -1.637279999999999985e-02 -1.611620000000000066e-02
-8.966029999999999833e-02 1.944730000000000070e-02 1.581879999999999953e-01 2.638530000000000042e-02 -5.189490000000000075e-02 2.867079999999999976e-02 1.977059999999999929e-01 -3.109160000000000135e-03
1.050259999999999944e-01 1.527080000000000104e-01 4.361770000000000230e-02 9.328659999999999730e-02 -1.254719999999999967e-02 1.066990000000000082e-03 1.158789999999999959e-01 1.324569999999999914e-01
1.198270000000000064e-02 1.190620000000000012e-01 4.215630000000000072e-02 -3.647340000000000304e-02 6.626369999999999483e-02 8.347300000000000553e-02 -1.626309999999999908e-02 9.910689999999999777e-02
4.689940000000000081e-02 1.282450000000000083e-02 2.801230000000000039e-03 8.802010000000000736e-03 8.954670000000000685e-02 6.362600000000000200e-02 -1.721820000000000017e-01 2.901779999999999984e-02
5.610000000000000403e-03 7.589730000000000087e-02 6.991909999999999792e-02 -4.820889999999999898e-02 8.210540000000000546e-03 9.025790000000000202e-02 1.775590000000000154e-02 1.880039999999999836e-02
1.269500000000000073e-01 1.384589999999999987e-01 5.862519999999999971e-04 6.168470000000000203e-02 1.293090000000000073e-01 -3.505429999999999657e-02 -9.448499999999999954e-02 1.636829999999999952e-01
4.001749999999999752e-02 -7.799169999999999714e-02 3.075340000000000192e-03 5.432429999999999898e-02 9.874349999999999794e-02 1.495910000000000017e-01 1.012500000000000067e-01 -7.433910000000000518e-02
-7.100919999999999455e-02 7.030640000000000500e-02 -3.671010000000000245e-02 -2.598690000000000028e-02 1.068949999999999935e-02 4.659669999999999784e-02 1.091220000000000037e-02 -1.316160000000000073e-02
-1.831699999999999995e-02 5.314460000000000017e-02 5.037840000000000026e-03 1.208560000000000016e-02 9.127419999999999978e-02 1.727519999999999889e-01 5.581400000000000250e-02 4.332210000000000227e-02
-5.442609999999999809e-02 4.853500000000000175e-02 2.470670000000000158e-02 2.864280000000000159e-01 8.747720000000000495e-02 -2.040479999999999952e-04 -4.429390000000000063e-03 5.371070000000000011e-02
-3.777900000000000008e-02 1.707019999999999926e-01 1.098599999999999993e-01 -2.182900000000000118e-02 1.730440000000000034e-01 -7.705299999999999649e-02 1.000240000000000018e-01 1.310820000000000041e-01
4.398749999999999882e-02 1.981430000000000136e-01 -7.015540000000000664e-02 3.989820000000000172e-02 3.043620000000000006e-02 2.528319999999999873e-02 -8.431220000000000381e-02 3.727720000000000339e-02
-8.261910000000000087e-02 -4.466699999999999837e-02 1.133349999999999982e-02 -4.736680000000000057e-02 -2.141090000000000007e-03 1.220689999999999970e-01 -7.226520000000000166e-03 -1.000479999999999980e-01
1.663040000000000004e-02 1.513409999999999929e-02 -9.988419999999999591e-03 -1.487710000000000074e-02 1.045979999999999965e-01 1.470109999999999993e-02 1.166839999999999961e-01 5.776919999999999972e-02
-1.770940000000000014e-02 1.256549999999999889e-01 1.291160000000000085e-01 -8.118440000000000422e-04 4.180999999999999994e-02 -1.083199999999999996e-01 6.850789999999999658e-02 1.179169999999999940e-01
2.841859999999999872e-02 1.292329999999999868e-01 2.827580000000000024e-02 9.091910000000000269e-02 1.893529999999999866e-02 3.068229999999999916e-02 5.827720000000000122e-02 4.651430000000000148e-02
3.992899999999999748e-03 -3.534690000000000054e-02 -8.254759999999999875e-02 -4.764820000000000166e-02 1.034709999999999935e-01 2.176990000000000036e-01 4.266699999999999660e-02 5.435179999999999872e-02
-7.280440000000000002e-03 -1.021159999999999906e-03 -8.991440000000000543e-02 1.283179999999999876e-01 5.029220000000000218e-02 4.495099999999999790e-02 3.459620000000000056e-02 -2.059470000000000051e-02
-1.261980000000000046e-01 2.797430000000000055e-02 2.444440000000000154e-02 1.872069999999999984e-02 1.038680000000000020e-01 5.504910000000000012e-03 4.466289999999999843e-02 1.339359999999999995e-01
2.563659999999999897e-02 1.553519999999999901e-01 1.012220000000000064e-01 -7.978459999999999719e-03 1.228429999999999973e-02 8.044199999999999962e-02 -1.295540000000000060e-02 9.661150000000000293e-02
3.226190000000000307e-02 5.337530000000000052e-02 -4.215580000000000022e-03 -2.733479999999999938e-02 2.812950000000000172e-02 -1.811649999999999841e-05 -7.861529999999999907e-02 9.394729999999999748e-02
-9.936449999999999450e-02 6.358929999999999617e-03 7.900160000000000515e-02 1.208349999999999980e-01 8.786549999999999916e-02 -5.128259999999999763e-02 1.540519999999999945e-01 9.625350000000000572e-02
2.160090000000000066e-01 9.147729999999999750e-02 7.721889999999999310e-02 -3.461229999999999862e-02 1.213430000000000064e-01 -2.007300000000000056e-02 5.108940000000000183e-03 1.545889999999999938e-02
1.290409999999999890e-01 -1.619970000000000021e-01 -1.278890000000000027e-01 1.103449999999999917e-02 -1.206829999999999986e-01 1.013890000000000069e-01 1.762179999999999910e-03 7.005099999999999728e-05
-5.178310000000000204e-03 1.555600000000000038e-01 1.558970000000000078e-01 7.253560000000000563e-02 1.550189999999999901e-01 -8.793330000000000590e-02 -4.840989999999999877e-02 8.452719999999999678e-02
3.125569999999999737e-02 6.744100000000000095e-02 8.387930000000000386e-02 -7.013560000000000280e-03 2.134020000000000084e-01 7.009519999999999640e-02 2.109360000000000054e-02 5.980379999999999724e-02
1.524000000000000077e-01 1.147360000000000047e-01 -6.412750000000000394e-02 1.826590000000000158e-02 1.846609999999999918e-01 1.390510000000000079e-01 -8.044320000000000637e-02 1.710710000000000008e-02
1.496629999999999905e-01 9.594279999999999475e-02 1.484959999999999891e-01 -1.057850000000000040e-01 7.194680000000000519e-02 4.455830000000000207e-02 2.492290000000000061e-01 1.045360000000000039e-01
-2.365280000000000160e-02 5.237959999999999838e-02 7.483389999999999487e-02 6.128019999999999648e-03 -4.280799999999999883e-02 1.132500000000000000e-02 -9.065109999999999835e-02 1.144209999999999949e-01
1.130779999999999980e-01 2.065369999999999966e-03 -5.082550000000000262e-02 5.667590000000000128e-02 -2.606220000000000064e-02 1.710319999999999896e-02 2.657769999999999924e-02 1.543420000000000070e-01
-5.088289999999999653e-03 -4.378710000000000241e-02 9.978839999999999932e-02 1.653789999999999982e-01 3.181200000000000000e-02 5.365260000000000168e-03 1.250709999999999877e-01 3.258130000000000054e-02
7.601850000000000274e-02 1.521519999999999991e-02 2.108940000000000120e-02 7.581700000000000245e-03 5.226250000000000340e-02 8.873520000000000019e-02 1.115430000000000033e-01 9.929010000000000613e-02
9.519909999999999484e-02 1.263839999999999963e-01 4.404770000000000213e-02 -2.856360000000000149e-02 -8.064639999999999309e-02 1.273060000000000025e-01 1.389880000000000004e-01 -2.777440000000000117e-02
5.642540000000000056e-02 1.644429999999999850e-02 2.347759999999999951e-03 2.614790000000000170e-02 2.123080000000000106e-02 -2.186159999999999839e-02 1.238210000000000005e-01 2.823760000000000159e-02
-2.075279999999999833e-02 1.603549999999999975e-01 -2.719600000000000142e-02 1.585889999999999869e-02 1.909230000000000094e-01 -1.444639999999999987e-02 -7.068399999999999857e-03 1.651510000000000131e-02
-9.075850000000000584e-02 -8.011809999999999852e-04 6.579820000000000113e-02 8.535109999999999919e-02 -1.853559999999999930e-02 -7.361220000000000263e-02 -1.191989999999999994e-01 -1.441860000000000086e-01
-1.580270000000000008e-01 1.387279999999999902e-01 3.701680000000000248e-02 1.403939999999999910e-01 3.918040000000000238e-03 3.094149999999999939e-03 1.071320000000000050e-01 -7.235190000000000501e-04
8.882170000000000343e-02 3.637069999999999886e-02 -1.081780000000000068e-02 -8.621230000000000560e-03 6.625490000000000546e-02 4.624369999999999870e-02 6.858019999999999394e-02 1.661030000000000006e-01
3.751890000000000021e-04 5.438230000000000147e-02 -6.045480000000000298e-02 2.868439999999999879e-02 -4.067460000000000173e-03 9.084059999999999357e-02 4.976629999999999943e-02 -8.077189999999999370e-02
3.473840000000000261e-02 6.470349999999999713e-02 1.302470000000000017e-02 4.037090000000000123e-02 -1.061139999999999913e-03 8.078889999999999683e-02 -4.974079999999999648e-03 1.285520000000000065e-03
-7.057130000000000347e-02 1.348049999999999943e-02 -9.766749999999999390e-03 6.269189999999999485e-02 2.038799999999999987e-02 1.160409999999999914e-02 -8.573809999999999765e-02 -4.373599999999999710e-02
1.364080000000000015e-01 -8.072160000000000446e-02 1.206300000000000011e-01 1.646479999999999888e-01 2.667589999999999892e-02 -1.538119999999999939e-02 -2.612909999999999885e-02 -9.270219999999999849e-02
4.626489999999999769e-02 7.840750000000000497e-02 4.953169999999999795e-03 -5.488930000000000198e-02 1.073979999999999935e-01 1.067570000000000047e-01 -3.613100000000000339e-02 1.610530000000000017e-01
1.057780000000000005e-02 4.565770000000000245e-02 4.150120000000000198e-02 5.243110000000000132e-02 9.343990000000000629e-02 6.261849999999999361e-02 1.159120000000000011e-01 6.161719999999999697e-02
5.374349999999999961e-02 1.768919999999999937e-01 9.789059999999999429e-02 -3.705579999999999985e-03 -5.440040000000000153e-02 1.444330000000000058e-01 9.743330000000000046e-02 1.262260000000000049e-01
1.043899999999999967e-01 1.164199999999999957e-01 8.101609999999999367e-02 -8.235910000000000453e-02 3.085639999999999911e-02 7.096049999999999797e-04 9.017709999999999615e-02 2.014749999999999874e-02
1.115960000000000008e-01 1.194749999999999979e-02 4.840579999999999883e-02 3.683050000000000213e-02 -9.338300000000000767e-03 1.754500000000000157e-02 8.629380000000000384e-02 -9.366099999999999426e-02
1.241139999999999952e-02 1.107260000000000050e-01 -9.699069999999999914e-02 -4.113870000000000027e-02 1.357990000000000030e-01 -4.416740000000000249e-02 6.619640000000000246e-02 4.605460000000000109e-02
6.656740000000000400e-03 3.802579999999999849e-02 8.460230000000000528e-02 8.929850000000000287e-02 -8.040369999999999592e-04 4.892320000000000002e-02 -4.171269999999999839e-02 4.527140000000000331e-02
1.641779999999999975e-02 1.023749999999999938e-01 1.131120000000000042e-01 -3.054750000000000174e-03 1.202880000000000060e-01 7.697940000000000338e-02 2.511930000000000066e-02 1.080819999999999975e-01
4.435240000000000016e-02 -4.958100000000000007e-02 6.072709999999999914e-02 2.234869999999999912e-02 -2.398149999999999935e-02 9.408279999999999421e-02 5.050280000000000047e-02 2.645530000000000104e-03
3.966580000000000106e-02 1.177730000000000027e-01 1.050399999999999945e-01 -6.434209999999999929e-02 1.249060000000000031e-01 4.781669999999999671e-02 6.510399999999999521e-02 8.549720000000000236e-03
3.933790000000000203e-02 6.015750000000000264e-02 1.876449999999999993e-02 6.957270000000000121e-02 6.248499999999999888e-02 3.212530000000000246e-02 2.697029999999999914e-02 -5.415009999999999962e-02
4.415209999999999968e-02 -3.626560000000000200e-02 -9.261860000000000231e-03 2.793839999999999865e-02 -1.547770000000000049e-02 2.486029999999999837e-02 1.117839999999999945e-01 2.407439999999999927e-02
-4.022200000000000081e-02 2.716939999999999980e-02 3.859139999999999793e-02 1.043339999999999962e-01 3.909160000000000065e-03 -9.909359999999999870e-04 -2.553810000000000108e-02 6.007490000000000052e-02
9.850250000000000672e-02 -4.945809999999999790e-02 -2.358769999999999964e-02 7.115879999999999775e-03 -1.398429999999999986e-02 -8.162779999999999689e-03 1.009830000000000033e-01 -7.197679999999999356e-02
-2.156140000000000140e-02 -5.183179999999999732e-02 3.382210000000000077e-02 6.416929999999999856e-02 -1.723680000000000004e-02 1.427039999999999975e-01 1.137870000000000027e-02 -2.636919999999999889e-02
4.155230000000000208e-03 6.352270000000000139e-02 -1.682579999999999840e-02 1.121579999999999938e-01 2.205510000000000109e-02 -4.735040000000000082e-02 1.186340000000000033e-01 3.970699999999999924e-02
1.239950000000000080e-02 1.280930000000000124e-01 1.280620000000000092e-01 1.591390000000000027e-01 1.198530000000000081e-02 9.489549999999999375e-02 9.428240000000000232e-02 2.507239999999999989e-03
8.047390000000000099e-02 4.835779999999999940e-02 -4.663140000000000340e-02 4.432450000000000279e-02 7.788960000000000154e-03 1.375939999999999976e-03 5.469589999999999869e-03 -1.072710000000000052e-01
1.051020000000000010e-01 4.736069999999999863e-02 -1.830650000000000072e-03 -3.678410000000000013e-02 3.727729999999999932e-02 2.918549999999999964e-02 1.234589999999999993e-01 8.058600000000000485e-02
4.967749999999999944e-02 -7.074759999999999383e-02 -5.166420000000000040e-02 7.430440000000000655e-02 -3.885170000000000290e-02 6.092479999999999944e-03 1.062879999999999936e-01 1.013270000000000004e-01
2.897649999999999879e-02 -7.209000000000000130e-02 7.221900000000000541e-02 5.060280000000000333e-02 -1.324679999999999955e-02 1.007549999999999973e-01 -1.175339999999999996e-01 1.317909999999999915e-02
1.000459999999999960e-01 8.614010000000000070e-03 -8.256249999999999700e-03 -1.542559999999999938e-02 1.149649999999999977e-01 2.558490000000000070e-02 7.335800000000000654e-02 4.387329999999999702e-02
5.727089999999999959e-02 -1.581170000000000075e-01 -6.350369999999999626e-02 4.824780000000000041e-02 5.439140000000000294e-03 3.597539999999999766e-02 4.872780000000000167e-02 5.780559999999999692e-03
2.678399999999999878e-02 5.059960000000000152e-02 9.953220000000000123e-02 8.210879999999999568e-02 1.028219999999999967e-01 6.352289999999999326e-02 -4.109510000000000246e-02 5.846749999999999864e-02
-8.285800000000000110e-02 -1.806800000000000073e-02 1.572699999999999931e-01 1.004550000000000026e-01 2.361169999999999936e-02 3.785800000000000276e-02 5.015019999999999895e-02 -7.475500000000000200e-02
1.931750000000000134e-02 4.475149999999999961e-02 1.901690000000000047e-01 -2.322029999999999927e-02 6.149029999999999774e-02 -1.140260000000000024e-01 7.429379999999999535e-04 6.765529999999999634e-03
4.064140000000000114e-02 7.104649999999999854e-02 1.961599999999999976e-03 5.098119999999999735e-02 7.713399999999999423e-02 -6.891650000000000553e-02 -5.989239999999999842e-03 -8.500829999999999498e-02
1.106329999999999952e-01 1.421749999999999958e-01 3.708170000000000216e-03 8.667479999999999629e-02 6.294009999999999883e-02 1.535769999999999913e-01 7.268139999999999323e-02 -4.831130000000000146e-02
-5.477780000000000149e-02 2.986909999999999912e-02 1.004049999999999943e-01 1.984849999999999948e-01 3.913359999999999755e-02 1.080300000000000010e-01 8.497889999999999611e-02 8.734150000000000247e-02
6.733709999999999696e-02 -2.354679999999999968e-02 2.363629999999999898e-02 9.940169999999999909e-03 7.479470000000000562e-02 2.651099999999999984e-02 9.669619999999999604e-02 9.851880000000000359e-02
8.097920000000000118e-02 5.539120000000000155e-02 -3.621420000000000194e-02 1.090070000000000067e-01 1.993009999999999921e-02 1.552989999999999926e-02 1.608239999999999947e-01 5.960490000000000232e-02
2.000700000000000048e-02 7.362689999999999513e-02 3.927379999999999760e-02 1.819389999999999896e-02 6.919599999999999362e-02 1.113589999999999997e-01 1.137100000000000055e-01 -4.181760000000000338e-02
9.668309999999999405e-02 2.792580000000000062e-02 1.056789999999999952e-01 4.775709999999999678e-02 -4.885450000000000209e-02 -3.863160000000000205e-02 -2.607119999999999924e-02 4.771249999999999797e-02
1.857530000000000014e-01 1.175609999999999988e-01 1.009179999999999938e-01 -1.264320000000000027e-02 -3.289810000000000000e-04 1.662829999999999864e-01 1.922439999999999913e-02 6.324630000000000356e-03
2.234910000000000022e-02 -5.322489999999999860e-02 -5.880019999999999691e-03 1.756059999999999913e-02 7.444459999999999966e-02 5.757209999999999585e-03 3.289079999999999782e-02 -5.878180000000000210e-02
1.951079999999999828e-02 -3.389059999999999989e-02 1.855149999999999855e-02 1.481030000000000124e-01 7.303120000000000445e-02 1.432930000000000037e-01 -5.705530000000000324e-03 -8.011870000000000103e-02
1.346100000000000074e-01 -5.865680000000000199e-02 -4.418640000000000068e-02 6.550279999999999991e-02 -2.995259999999999936e-02 -1.341390000000000082e-01 1.574299999999999866e-01 4.514039999999999719e-02
1.120789999999999981e-01 -5.621620000000000089e-02 -3.563270000000000326e-02 4.990089999999999804e-02 1.251249999999999932e-02 8.447530000000000316e-02 6.091209999999999680e-02 -8.606619999999999548e-02
-7.389610000000000622e-02 8.466830000000000189e-02 2.025009999999999866e-01 1.304239999999999913e-02 1.788079999999999947e-01 2.774329999999999852e-02 1.283259999999999956e-01 1.495009999999999950e-01
-4.790090000000000320e-02 9.838410000000000211e-02 2.247280000000000111e-02 2.087129999999999888e-02 -1.587190000000000129e-02 -2.494070000000000141e-03 7.189070000000000182e-02 -9.802510000000000390e-03
6.648189999999999655e-02 -6.620139999999999358e-02 8.853729999999999933e-02 -1.842569999999999972e-02 1.666710000000000066e-03 -7.885709999999999942e-02 1.278669999999999980e-03 2.269180000000000155e-02
9.561070000000000679e-02 3.217779999999999946e-02 8.223869999999999791e-02 -1.038709999999999981e-03 9.603390000000000537e-02 5.761140000000000011e-02 4.839090000000000058e-02 2.481310000000000113e-02
2.703339999999999823e-03 7.011539999999999440e-02 9.080950000000000133e-02 -6.860929999999999807e-02 6.157979999999999704e-02 -1.168649999999999967e-01 6.398280000000000634e-02 5.631160000000000332e-02
-4.329480000000000134e-02 1.517879999999999924e-02 1.379629999999999962e-03 -1.512830000000000077e-02 5.755679999999999998e-03 1.578560000000000033e-02 8.308550000000000657e-02 4.352570000000000050e-02
-4.990940000000000133e-03 8.717650000000000399e-03 7.311890000000000056e-02 8.999590000000000367e-02 6.116479999999999834e-02 -7.804610000000000020e-03 1.110270000000000007e-02 6.072269999999999751e-02
5.786379999999999996e-02 4.415000000000000174e-02 3.696420000000000261e-02 8.320170000000000343e-02 6.122149999999999814e-02 1.174509999999999998e-01 1.021429999999999977e-01 -7.702119999999999800e-02
1.368250000000000022e-02 -8.585630000000000345e-03 2.392609999999999876e-02 -1.046229999999999938e-01 -3.490540000000000309e-02 3.471609999999999974e-02 -1.450489999999999939e-02 3.448110000000000064e-02
1.261980000000000046e-01 2.641210000000000085e-02 6.871879999999999655e-02 -4.492560000000000303e-02 8.734179999999999722e-02 2.564949999999999869e-02 1.800349999999999867e-02 2.911840000000000175e-03
4.291910000000000169e-02 -5.892529999999999990e-02 -4.846330000000000082e-02 -7.501900000000000235e-02 7.969869999999999732e-02 -7.726260000000000072e-02 5.312189999999999968e-02 7.504669999999999397e-02
1.266740000000000088e-01 2.854359999999999883e-02 -3.007090000000000110e-02 1.650640000000000093e-02 1.082579999999999931e-01 -8.317399999999999793e-02 1.344289999999999929e-01 1.901380000000000084e-02
1.180209999999999940e-02 -4.285560000000000064e-02 -5.120450000000000002e-02 -3.052490000000000064e-02 1.322190000000000032e-01 9.553979999999999417e-02 1.609530000000000127e-01 2.218210000000000028e-04
2.358470000000000011e-02 1.368840000000000057e-01 1.717789999999999942e-02 1.400039999999999896e-01 -7.694779999999999676e-02 2.684559999999999898e-03 7.685580000000000189e-02 -1.605950000000000086e-02
-7.064870000000000004e-03 4.362180000000000224e-02 -6.537969999999999893e-02 1.066549999999999998e-01 1.142040000000000069e-02 6.490959999999999785e-02 -2.027860000000000079e-02 2.773720000000000005e-02
-3.143619999999999748e-02 4.210869999999999891e-02 -8.873520000000000019e-02 1.054530000000000051e-01 1.970089999999999897e-01 2.291860000000000078e-02 1.359679999999999916e-02 -4.014759999999999857e-02
-7.004129999999999905e-03 6.260749999999999649e-02 -4.700519999999999698e-02 6.935330000000000661e-02 1.218280000000000057e-01 6.322440000000000004e-02 -7.595100000000000462e-02 -6.197489999999999943e-03
-7.996109999999999329e-02 -5.164590000000000153e-03 8.473500000000000476e-02 -1.227439999999999955e-02 5.589759999999999868e-02 1.868730000000000044e-02 1.003740000000000049e-01 -3.581669999999999993e-02
2.154929999999999901e-01 1.917479999999999879e-02 -6.147070000000000312e-02 8.911789999999999989e-02 5.420409999999999812e-02 1.013010000000000022e-01 -6.653180000000000205e-02 9.349000000000000365e-02
1.009660000000000002e-01 2.415190000000000045e-02 -2.351860000000000062e-02 9.646230000000000082e-02 -2.302010000000000167e-02 5.951929999999999721e-02 7.042059999999999986e-02 -4.256499999999999867e-03
4.303060000000000045e-03 4.509479999999999739e-02 -8.843969999999999609e-02 1.446209999999999996e-01 9.740319999999999534e-02 7.823489999999999611e-02 4.662979999999999903e-02 -1.225509999999999933e-01
-2.804970000000000033e-02 9.792789999999999828e-02 -5.340000000000000302e-02 1.052440000000000042e-01 2.345399999999999915e-02 -4.285579999999999945e-02 -9.049049999999999455e-03 4.396080000000000126e-02
-2.716350000000000015e-02 1.237499999999999989e-01 1.735869999999999913e-01 -9.044119999999999937e-02 1.458619999999999917e-01 1.085919999999999941e-01 -5.761949999999999711e-02 -1.493799999999999989e-02
-1.273890000000000022e-01 9.070519999999999972e-02 3.634280000000000149e-02 -1.160529999999999895e-03 1.059849999999999959e-01 -2.741199999999999887e-02 4.713860000000000272e-02 1.449809999999999988e-01
5.556309999999999721e-02 6.998060000000000391e-02 1.055039999999999971e-02 1.010579999999999951e-01 8.861510000000000220e-02 -1.596300000000000149e-02 4.168920000000000264e-02 -1.181600000000000011e-02
-6.059280000000000221e-02 -4.479729999999999823e-02 7.645069999999999644e-02 4.186089999999999950e-02 1.336130000000000095e-01 1.912049999999999991e-03 5.255260000000000313e-03 -4.034100000000000186e-02
-7.096020000000000105e-02 3.546280000000000265e-02 -1.549479999999999955e-02 8.719419999999999948e-02 2.341769999999999963e-02 -5.173599999999999727e-02 5.538099999999999967e-02 -3.537289999999999879e-02
6.257129999999999637e-02 2.342670000000000169e-02 -1.425000000000000051e-02 -6.145889999999999687e-02 6.123629999999999698e-03 4.913130000000000275e-02 8.696590000000000570e-03 -5.802840000000000081e-02
-7.450589999999999991e-02 -1.062010000000000037e-02 -8.036139999999999950e-02 3.586269999999999736e-02 1.233030000000000063e-02 1.616980000000000153e-02 9.579769999999999952e-02 1.194440000000000085e-02
9.992229999999999515e-03 2.307470000000000007e-02 5.477889999999999843e-02 7.242650000000000476e-02 1.098370000000000075e-02 9.035450000000000426e-02 -4.464180000000000231e-02 -2.442520000000000108e-02
1.991539999999999977e-02 3.170220000000000069e-03 -1.580979999999999885e-01 4.226710000000000189e-02 -5.170790000000000108e-02 6.086860000000000187e-02 6.303519999999999956e-02 1.052970000000000078e-03
-6.204470000000000124e-02 1.056960000000000018e-02 6.935510000000000286e-02 4.232810000000000045e-02 6.956060000000000021e-02 9.308039999999999370e-02 8.371420000000000250e-02 8.752559999999999507e-02
-1.064720000000000076e-02 5.368189999999999767e-02 -4.308159999999999767e-02 -4.466050000000000055e-03 8.713809999999999611e-02 9.159939999999999749e-02 -5.522950000000000081e-02 6.949919999999999709e-02
8.976149999999999407e-02 1.381840000000000013e-01 8.785959999999999603e-02 1.334980000000000055e-01 5.043430000000000135e-02 5.583989999999999787e-02 2.995130000000000015e-02 1.682500000000000107e-01
6.789340000000000652e-02 -7.781219999999999803e-02 1.026389999999999941e-01 2.247220000000000120e-02 1.712839999999999849e-02 1.312160000000000062e-02 -1.185049999999999992e-02 2.218859999999999999e-01
3.170119999999999882e-02 -1.314260000000000081e-02 1.443520000000000081e-01 1.473589999999999900e-01 -4.888119999999999965e-02 -4.942970000000000003e-02 -2.406909999999999952e-03 1.010780000000000012e-01
-2.240819999999999965e-02 1.301869999999999937e-02 3.336189999999999989e-02 2.963640000000000024e-02 9.899109999999999160e-03 -1.257070000000000062e-02 2.246099999999999833e-02 -6.947490000000000610e-02
-3.413150000000000212e-02 -3.429709999999999703e-02 3.513689999999999869e-02 -1.517650000000000075e-02 1.580120000000000136e-01 9.305990000000000095e-02 -4.833630000000000218e-03 -9.373650000000000038e-02
-6.587449999999999686e-04 -5.536719999999999836e-02 6.691759999999999375e-02 1.344440000000000079e-01 1.242510000000000003e-01 -3.358679999999999999e-02 1.180570000000000057e-02 8.242810000000000414e-02
2.856799999999999964e-02 8.088969999999999494e-02 1.032469999999999916e-02 1.203729999999999939e-01 -3.909239999999999937e-02 -1.024889999999999968e-01 2.032370000000000010e-02 1.168140000000000012e-01
-9.176139999999999297e-03 1.088589999999999974e-01 4.703859999999999812e-03 -5.481629999999999836e-02 5.357760000000000300e-02 -2.432909999999999934e-02 5.386470000000000147e-02 1.372229999999999978e-02
1.361370000000000080e-01 1.600179999999999936e-01 -8.435039999999999552e-03 1.365999999999999992e-01 1.151439999999999964e-01 -8.822489999999999499e-02 7.277490000000000347e-02 9.093679999999999819e-02
-2.156519999999999878e-03 1.110430000000000028e-01 6.909650000000000514e-02 -1.432489999999999875e-01 9.861350000000000671e-02 8.827870000000000161e-02 -7.428419999999999468e-02 1.943500000000000089e-02
1.707349999999999840e-02 4.347329999999999944e-03 -1.827169999999999836e-02 -6.701879999999999470e-04 -4.115540000000000170e-02 1.335439999999999960e-01 1.070959999999999968e-01 1.225480000000000042e-01
-6.483319999999999361e-02 9.058990000000000098e-02 6.410580000000000445e-02 1.209429999999999950e-01 2.119980000000000128e-02 3.960969999999999769e-02 2.473989999999999870e-02 5.635679999999999856e-02
1.295429999999999915e-01 5.461880000000000207e-02 6.359529999999999350e-02 1.010920000000000013e-01 9.393170000000000686e-02 2.470359999999999917e-02 4.900079999999999714e-02 9.373789999999999900e-02
6.136120000000000116e-03 5.182850000000000130e-03 -3.891329999999999789e-02 -5.909020000000000244e-02 6.339540000000000496e-04 1.321890000000000009e-01 1.959939999999999946e-02 4.059030000000000277e-02
1.049370000000000025e-01 6.380619999999999348e-02 -5.582789999999999975e-02 4.701480000000000242e-02 5.377110000000000223e-02 4.035770000000000329e-02 3.411309999999999863e-03 -1.100310000000000038e-01
1.104939999999999950e-01 6.594490000000000074e-02 1.549929999999999919e-01 5.092800000000000105e-02 2.266119999999999940e-02 4.180919999999999775e-02 -8.132699999999999652e-02 7.794740000000000002e-02
3.774329999999999786e-03 3.767090000000000022e-02 3.156679999999999903e-02 8.864589999999999970e-02 2.567260000000000097e-01 -1.283890000000000031e-02 2.711710000000000162e-02 1.079220000000000040e-01
7.581409999999999538e-02 -1.242090000000000000e-01 6.028950000000000281e-02 1.175130000000000063e-01 4.141829999999999991e-03 1.123730000000000007e-01 2.932670000000000068e-02 1.724340000000000039e-01
-1.488489999999999952e-02 -7.249959999999999738e-02 4.162690000000000140e-02 -3.402459999999999946e-03 9.545460000000000056e-02 9.153189999999999937e-02 -6.710660000000000236e-02 2.039059999999999831e-02
4.547400000000000053e-02 2.047759999999999858e-02 -6.795960000000000405e-06 3.122209999999999916e-02 1.887840000000000074e-01 6.801920000000000188e-02 8.729020000000000529e-03 1.407629999999999992e-01
1.720420000000000005e-01 1.168420000000000014e-01 3.372519999999999685e-02 1.327129999999999976e-01 -6.853509999999999507e-04 5.647540000000000199e-02 9.924760000000000526e-02 5.923149999999999943e-02
3.515000000000000069e-02 1.494020000000000070e-02 1.288009999999999988e-01 -3.120749999999999913e-02 3.448330000000000145e-02 4.240759999999999669e-02 -1.160830000000000056e-01 1.103890000000000010e-01
-1.111150000000000054e-01 6.251389999999999725e-02 7.583869999999999501e-02 1.125329999999999941e-01 1.497880000000000045e-02 1.402319999999999955e-01 1.040160000000000043e-02 -5.846280000000000227e-02
-8.676980000000000803e-03 2.728639999999999885e-02 1.491310000000000136e-01 1.367619999999999947e-01 7.390230000000000410e-02 -1.813599999999999934e-01 9.320180000000000131e-02 1.847779999999999909e-02
8.433649999999999480e-02 2.761239999999999875e-02 -1.101040000000000005e-02 -1.167330000000000034e-01 8.846869999999999734e-02 1.410949999999999982e-01 -9.113680000000000739e-03 1.685790000000000066e-01
1.345140000000000051e-02 7.894299999999999928e-02 -4.328789999999999721e-02 1.674039999999999903e-02 1.888190000000000007e-02 4.695590000000000180e-02 7.472360000000000113e-02 -4.775200000000000278e-02
-2.531879999999999895e-02 4.623610000000000220e-02 1.406840000000000000e-02 -5.685230000000000145e-02 5.216869999999999841e-02 -1.408089999999999897e-01 7.421500000000000319e-02 6.233489999999999864e-02
-5.296429999999999888e-02 -4.589619999999999811e-02 6.547200000000000242e-02 -5.345919999999999839e-02 1.156120000000000064e-01 3.991109999999999797e-02 -9.827569999999999362e-02 -3.602869999999999684e-02
1.924309999999999909e-02 3.212609999999999771e-02 -6.925839999999999774e-02 1.309730000000000061e-01 3.880540000000000031e-03 1.114850000000000008e-01 2.513560000000000100e-02 -6.987989999999999480e-02
1.444550000000000001e-01 1.120489999999999958e-01 -2.419980000000000048e-02 7.991990000000000205e-02 -1.719539999999999957e-02 1.243319999999999981e-01 -9.956610000000000460e-02 -1.015980000000000008e-02
-5.113070000000000115e-02 -2.916660000000000086e-02 -3.377949999999999790e-03 1.431529999999999955e-02 1.027489999999999931e-01 7.557360000000000466e-02 1.936299999999999957e-03 2.034739999999999882e-01
4.028539999999999899e-02 2.759769999999999932e-03 -1.325590000000000102e-01 1.138750000000000040e-01 2.249109999999999998e-02 -8.497730000000000214e-03 1.067940000000000000e-01 1.156120000000000064e-02
5.677129999999999850e-03 -7.248179999999999901e-03 2.426959999999999881e-02 3.937639999999999890e-02 3.915899999999999936e-02 3.637780000000000180e-02 2.174989999999999910e-02 5.034439999999999749e-02
1.472049999999999921e-03 -4.668719999999999815e-02 1.395540000000000114e-01 1.432019999999999960e-01 1.139679999999999999e-01 5.697929999999999662e-02 3.816810000000000341e-02 -6.094499999999999917e-02
-6.941469999999999932e-03 2.848140000000000047e-02 1.319349999999999967e-01 6.923700000000000687e-02 1.395079999999999931e-02 3.299010000000000137e-02 -1.556319999999999926e-02 1.736460000000000087e-02
-2.174449999999999994e-02 1.528999999999999977e-02 5.176900000000000251e-02 2.181589999999999918e-01 -4.567469999999999690e-03 -1.112999999999999962e-01 -5.638710000000000250e-02 7.713960000000000261e-02
1.057840000000000030e-01 -4.404310000000000169e-02 6.448120000000000240e-02 3.350680000000000325e-02 -1.562810000000000032e-01 -3.118189999999999851e-02 1.092339999999999978e-02 2.403679999999999983e-01
5.539500000000000153e-03 -1.062729999999999925e-02 1.322429999999999994e-01 7.806449999999999501e-02 1.005609999999999976e-01 6.331729999999999824e-03 6.168640000000000408e-03 3.197690000000000254e-02
1.086410000000000015e-01 -3.024160000000000129e-03 -3.375480000000000147e-02 6.071050000000000058e-02 6.845900000000000596e-02 1.908380000000000146e-02 1.139629999999999949e-01 -8.865209999999999757e-02
2.078150000000000136e-02 1.230709999999999964e-02 3.776179999999999815e-02 4.532789999999999736e-02 1.961120000000000085e-01 5.814040000000000180e-02 -4.131399999999999656e-02 3.302220000000000155e-02
1.289089999999999958e-01 1.093449999999999934e-03 6.877559999999999577e-03 -5.403299999999999770e-02 -9.840669999999999973e-02 1.482539999999999969e-01 8.196209999999999607e-02 3.232820000000000138e-02
4.482889999999999792e-02 -6.617280000000000384e-02 2.724299999999999986e-02 -6.567599999999999827e-02 4.725809999999999733e-02 1.553030000000000035e-02 -3.835920000000000302e-02 1.141750000000000057e-02
-4.148969999999999742e-02 3.761049999999999810e-02 1.106720000000000065e-01 6.570499999999999952e-02 1.217470000000000011e-02 5.516909999999999870e-03 4.906800000000000050e-02 3.833879999999999927e-02
3.792559999999999681e-02 4.129689999999999750e-02 -8.902599999999999403e-02 7.486779999999999824e-02 1.003760000000000069e-01 1.424580000000000013e-01 8.556179999999999342e-02 1.150169999999999942e-01
1.464719999999999911e-01 9.029520000000000601e-02 -7.424010000000000331e-02 1.621270000000000003e-02 1.231649999999999932e-02 -7.870910000000000406e-02 -8.005410000000000303e-02 -2.882109999999999880e-02
1.280080000000000107e-01 -2.173510000000000025e-02 -1.001350000000000018e-01 5.279650000000000315e-02 -6.952450000000000296e-02 6.368540000000000312e-02 1.747350000000000014e-01 2.726840000000000167e-02
1.718860000000000110e-01 -1.787549999999999903e-02 1.264530000000000098e-01 3.213520000000000265e-02 9.969039999999999846e-02 1.681960000000000052e-02 -5.109810000000000220e-03 8.715219999999999217e-03
-5.931760000000000331e-03 2.202919999999999878e-01 2.459249999999999978e-02 -7.514060000000000183e-02 -8.740440000000000362e-04 8.919889999999999763e-02 4.346869999999999901e-02 1.298439999999999872e-01
-6.827179999999999360e-02 4.660159999999999997e-02 -8.954030000000000322e-02 4.283859999999999751e-02 -4.262370000000000048e-02 -2.029420000000000095e-04 -1.634000000000000036e-02 4.598680000000000129e-02
3.852330000000000337e-02 1.404479999999999895e-01 -3.977929999999999661e-02 1.119730000000000031e-01 -5.191969999999999745e-03 3.668219999999999814e-02 8.807969999999999688e-02 2.490380000000000024e-02
1.996860000000000024e-01 1.266970000000000041e-01 1.041730000000000017e-01 1.786580000000000112e-01 -1.734180000000000096e-02 -6.029169999999999668e-02 1.699770000000000100e-02 1.437160000000000104e-01
2.766380000000000141e-03 3.720899999999999902e-02 -5.383159999999999681e-03 -1.138370000000000007e-02 9.467699999999999727e-02 1.695339999999999903e-01 9.397990000000000510e-02 6.746019999999999794e-02
6.791830000000000089e-02 -5.733909999999999701e-02 4.848100000000000326e-02 1.501840000000000119e-01 9.334649999999999892e-03 8.437659999999999605e-02 2.478630000000000069e-02 3.087969999999999951e-02
-2.221170000000000089e-02 4.260080000000000117e-02 4.773109999999999853e-02 2.444929999999999881e-01 9.673360000000000292e-02 4.877209999999999879e-02 -1.011800000000000060e-01 8.222970000000000279e-02
1.067020000000000052e-01 1.321729999999999954e-02 8.306760000000000272e-04 6.366259999999999974e-02 7.749280000000000057e-02 -6.682600000000000345e-03 3.805010000000000336e-02 -1.590779999999999972e-02
-4.766370000000000329e-02 8.301749999999999408e-02 4.057410000000000183e-02 5.945219999999999672e-02 1.079539999999999944e-01 -3.520810000000000085e-03 -2.017160000000000133e-02 7.135489999999999888e-02
4.466110000000000219e-02 -5.686519999999999769e-02 2.846120000000000160e-03 -9.946399999999999686e-02 2.018280000000000074e-01 3.189809999999999738e-04 -3.195719999999999811e-02 -8.263539999999999774e-03
1.058850000000000069e-01 -1.976469999999999963e-02 4.153480000000000193e-03 -3.359240000000000143e-02 1.338670000000000138e-01 -1.822050000000000058e-02 1.650600000000000123e-01 -1.004030000000000061e-01
-1.451320000000000041e-02 8.972439999999999583e-02 -1.203789999999999999e-01 2.353970000000000021e-02 3.779609999999999914e-02 1.466540000000000066e-01 1.017959999999999976e-01 -4.906689999999999663e-02
-7.515189999999999371e-02 1.253469999999999862e-01 2.789729999999999814e-03 -6.823219999999999633e-03 -2.959300000000000125e-02 1.359640000000000015e-01 7.340080000000000215e-02 1.023339999999999944e-01
1.734930000000000153e-02 -8.830369999999999886e-02 -6.711319999999999786e-02 7.014789999999999914e-02 1.800489999999999868e-01 1.272079999999999878e-01 -2.436119999999999952e-02 -3.798409999999999981e-02
3.531589999999999729e-02 1.337450000000000010e-04 7.194079999999999919e-02 5.748469999999999969e-02 1.391479999999999939e-01 5.313260000000000205e-02 9.847259999999999347e-02 3.203659999999999841e-02
9.713070000000000037e-02 -1.043560000000000043e-01 -1.954140000000000044e-02 1.873279999999999954e-03 -5.845190000000000108e-03 -3.323160000000000003e-02 8.429259999999999531e-02 8.772960000000000480e-02
8.438940000000000677e-03 7.033120000000000344e-03 1.857759999999999967e-01 1.669200000000000128e-01 5.939459999999999705e-03 1.270799999999999985e-01 5.003780000000000033e-02 2.703710000000000141e-02
1.551429999999999997e-02 5.274240000000000178e-02 1.181169999999999998e-01 1.529510000000000036e-01 -2.412610000000000102e-02 -5.390500000000000326e-03 3.396190000000000320e-02 8.932080000000000575e-02
1.223920000000000008e-01 1.119730000000000031e-01 -1.242870000000000086e-02 -3.386080000000000079e-03 3.183579999999999743e-02 1.002340000000000036e-01 1.168040000000000050e-01 -4.116179999999999839e-02
1.081130000000000008e-01 -1.449540000000000030e-02 -5.249600000000000100e-02 2.051320000000000088e-01 1.153689999999999993e-01 3.503699999999999870e-02 2.254559999999999897e-02 1.391979999999999953e-02
1.482140000000000124e-01 -4.889000000000000290e-02 4.410940000000000000e-02 -1.145849999999999994e-02 5.206059999999999854e-02 3.592709999999999654e-02 6.609479999999999522e-02 1.227010000000000045e-01
1.041320000000000093e-03 5.659129999999999716e-02 -2.020769999999999858e-02 9.087290000000000645e-02 1.676360000000000003e-02 -2.801249999999999921e-03 9.421179999999999485e-03 6.190869999999999707e-02
5.005180000000000046e-02 7.142619999999999698e-03 3.751829999999999748e-02 -4.069579999999999725e-02 4.124950000000000144e-02 1.108839999999999965e-01 1.301950000000000052e-01 1.073090000000000016e-01
-1.607379999999999920e-02 1.076850000000000029e-01 1.307850000000000124e-01 1.170579999999999954e-01 -9.784260000000000179e-02 6.162329999999999891e-02 6.035080000000000305e-02 1.017419999999999991e-01
1.988070000000000115e-01 4.295689999999999925e-02 6.922280000000000100e-02 2.024929999999999872e-03 6.208720000000000211e-02 2.400049999999999961e-01 2.919619999999999854e-02 8.535860000000000669e-02
4.774919999999999859e-02 6.900910000000000377e-02 1.233300000000000021e-02 -1.588619999999999963e-02 -5.597799999999999998e-02 -1.623250000000000040e-02 1.280489999999999962e-01 1.651980000000000115e-01
-8.539239999999999331e-02 2.147299999999999903e-02 7.904039999999999677e-02 6.563929999999999765e-02 4.276540000000000202e-02 3.240239999999999787e-02 4.007899999999999657e-02 -2.377049999999999996e-02
2.177890000000000034e-02 -3.873639999999999722e-02 -3.395700000000000107e-02 3.388589999999999658e-02 5.590710000000000124e-02 1.123399999999999954e-01 7.144860000000000100e-02 1.004030000000000061e-01
6.494669999999999610e-02 4.499360000000000165e-02 8.733420000000000072e-02 1.146120000000000055e-01 1.302619999999999889e-01 1.663409999999999889e-01 7.851569999999999383e-02 -2.696590000000000098e-02
1.576230000000000131e-01 -1.110889999999999968e-02 2.330619999999999914e-02 9.512099999999999722e-02 2.896719999999999851e-02 1.269630000000000064e-02 6.175500000000000217e-04 5.172999999999999821e-02
1.457209999999999894e-01 7.336279999999999711e-03 -1.170059999999999894e-03 -7.325030000000000430e-02 4.537660000000000304e-02 7.170980000000000409e-02 2.230749999999999955e-01 -1.151049999999999990e-01
-4.160319999999999990e-02 9.449430000000000329e-02 5.865650000000000031e-02 -4.632349999999999662e-02 -7.135759999999999326e-02 7.646630000000000094e-02 5.590049999999999880e-02 -4.354979999999999962e-02
1.304390000000000063e-02 1.016159999999999980e-01 -6.987999999999999767e-02 5.572470000000000201e-02 -5.430100000000000204e-02 -7.552820000000000367e-02 -7.026179999999999926e-03 -7.465320000000000289e-02
1.906669999999999893e-02 1.268519999999999925e-01 2.188910000000000161e-02 6.347849999999999326e-02 1.839000000000000010e-02 5.204149999999999748e-02 -3.048980000000000093e-02 1.363029999999999971e-02
1.740159999999999971e-02 1.590769999999999962e-01 9.934279999999999500e-02 1.087739999999999957e-01 5.495909999999999684e-02 1.368429999999999924e-01 1.561359999999999970e-01 4.560950000000000247e-03
-2.787699999999999900e-02 9.312189999999999704e-03 5.546840000000000104e-02 -7.491349999999999919e-03 1.399610000000000021e-01 2.244279999999999886e-01 3.590580000000000160e-02 9.568010000000000403e-02
-6.003060000000000340e-02 1.201210000000000055e-01 1.858829999999999927e-01 1.345330000000000137e-01 -4.590170000000000188e-03 -2.169170000000000126e-02 3.339890000000000220e-02 9.675759999999999916e-02
4.146949999999999942e-02 1.410119999999999950e-02 -3.701109999999999817e-02 9.854159999999999309e-02 1.573100000000000054e-01 1.013850000000000029e-01 4.173480000000000245e-02 6.179599999999999677e-02
1.825999999999999845e-02 -3.388200000000000239e-02 2.003209999999999991e-01 2.404919999999999974e-02 1.660249999999999920e-02 1.102770000000000000e-01 -5.079190000000000094e-02 1.017239999999999950e-01
-1.025419999999999943e-01 3.640870000000000217e-02 9.266969999999999374e-02 8.641920000000000157e-02 1.965230000000000102e-02 7.067519999999999879e-03 1.154160000000000047e-01 4.128020000000000300e-02
1.079869999999999997e-01 7.491789999999999561e-02 -9.573699999999999224e-03 5.432529999999999998e-02 7.707740000000000424e-02 9.365110000000000101e-02 -6.060249999999999665e-02 -5.440729999999999872e-02
3.952479999999999882e-02 8.212400000000000255e-02 1.472830000000000059e-03 -8.000100000000000267e-02 -4.266009999999999941e-02 7.678219999999999490e-02 5.998740000000000322e-02 6.415719999999999756e-02
-1.915609999999999882e-02 1.181080000000000046e-01 7.177870000000000084e-02 6.233469999999999983e-02 1.269570000000000073e-02 1.890939999999999982e-02 -1.042150000000000021e-02 9.071419999999999484e-02
-1.364299999999999957e-01 -1.720079999999999873e-02 6.832219999999999960e-03 1.583670000000000078e-01 1.391139999999999877e-01 3.161590000000000233e-02 4.331700000000000134e-02 5.664260000000000128e-02
1.899180000000000035e-01 -1.586330000000000032e-02 9.136800000000000477e-02 -7.446840000000000404e-02 -9.743770000000000556e-03 -5.735770000000000278e-03 3.240780000000000050e-02 6.654849999999999655e-02
4.259779999999999817e-02 -2.256249999999999922e-02 -2.779690000000000147e-05 4.074989999999999862e-02 3.853809999999999875e-02 -4.084299999999999910e-03 1.725909999999999944e-01 1.421260000000000023e-01
1.462130000000000096e-01 7.234210000000000640e-02 1.280729999999999924e-01 -2.159970000000000206e-03 4.843829999999999664e-02 7.989140000000000130e-02 1.502000000000000036e-02 1.482150000000000134e-01
1.102110000000000034e-01 1.326319999999999999e-01 2.823610000000000009e-02 1.933489999999999862e-02 1.605609999999999937e-03 6.507129999999999859e-02 1.081949999999999995e-01 6.173329999999999790e-02
8.075910000000000033e-02 5.847449999999999870e-02 1.507780000000000058e-02 3.836710000000000120e-02 7.154879999999999574e-02 2.837900000000000145e-02 5.283829999999999777e-02 1.283269999999999966e-01
2.775220000000000117e-02 -1.221880000000000015e-02 7.301599999999999757e-02 6.825509999999999911e-03 -1.007239999999999941e-01 3.890409999999999702e-02 2.002579999999999985e-02 1.566339999999999955e-01
5.033560000000000118e-02 -8.509189999999999809e-02 9.633579999999999921e-02 7.965250000000000108e-02 2.221259999999999901e-02 1.103660000000000058e-01 -9.224920000000000342e-02 1.050800000000000067e-01
5.013390000000000207e-02 2.757129999999999997e-02 -2.704010000000000094e-02 -1.435559999999999961e-02 3.160000000000000309e-02 -9.988989999999999241e-04 -5.902469999999999939e-03 -5.804440000000000120e-03
-5.901719999999999883e-02 1.616720000000000101e-01 3.022959999999999883e-02 -3.117639999999999995e-02 7.254389999999999450e-02 2.999599999999999836e-02 1.309069999999999956e-01 3.122969999999999913e-02
1.987880000000000029e-03 9.837799999999999323e-02 -1.244529999999999942e-01 -2.533520000000000043e-03 6.210990000000000261e-02 2.101240000000000052e-01 6.337909999999999378e-02 -1.922139999999999916e-03
-2.304530000000000120e-02 -7.887479999999999492e-02 -1.052949999999999980e-03 1.127750000000000002e-01 -1.746290000000000064e-01 2.100449999999999887e-02 3.597070000000000128e-02 3.650799999999999879e-02
1.577440000000000092e-02 8.008250000000000091e-02 1.035630000000000023e-01 1.829300000000000023e-02 -3.181230000000000169e-03 2.067890000000000006e-01 -1.885540000000000133e-02 5.955890000000000142e-03
-1.159589999999999926e-02 5.687670000000000226e-02 3.237929999999999975e-02 4.699319999999999886e-02 2.070170000000000066e-01 9.409170000000000034e-02 9.110509999999999442e-02 3.096969999999999931e-02
3.981479999999999742e-02 -1.762009999999999965e-01 -7.862660000000000482e-02 6.837840000000000584e-02 3.306570000000000342e-02 6.497020000000000572e-02 7.823029999999999914e-03 1.078469999999999984e-01
1.919929999999999901e-02 4.099749999999999922e-02 1.087370000000000003e-01 1.259879999999999889e-01 7.402759999999999896e-02 9.495510000000000062e-02 2.915250000000000133e-02 -1.560180000000000074e-02
7.860479999999999551e-03 4.480180000000000273e-02 4.933110000000000273e-02 -1.783049999999999913e-02 1.153129999999999988e-01 -4.811420000000000280e-02 -4.303089999999999758e-04 1.732279999999999931e-01
4.120870000000000088e-02 6.085059999999999775e-04 5.668720000000000009e-02 1.871710000000000040e-01 6.450229999999999853e-02 5.467500000000000138e-02 6.008059999999999790e-02 -1.014349999999999974e-02
4.154410000000000047e-02 1.677819999999999867e-01 1.227899999999999964e-01 2.434879999999999944e-03 1.136479999999999956e-02 9.915729999999999336e-04 -1.505620000000000049e-02 8.997410000000000130e-02
1.265090000000000103e-01 4.314929999999999807e-03 3.912199999999999706e-02 8.175649999999999584e-02 -1.496310000000000001e-02 -7.288369999999999571e-02 -2.185559999999999933e-02 1.225910000000000055e-01
-3.982150000000000273e-03 1.066749999999999990e-02 -5.715449999999999697e-02 1.254800000000000082e-01 1.599009999999999876e-01 2.425269999999999856e-02 1.074750000000000011e-01 5.382159999999999722e-02
-2.774510000000000171e-02 1.571499999999999980e-02 1.202229999999999965e-01 1.056919999999999943e-01 -1.089980000000000023e-04 1.553659999999999937e-02 4.324759999999999716e-02 -1.472900000000000077e-02
-7.455259999999999665e-02 1.172229999999999939e-01 5.038019999999999825e-03 5.385890000000000122e-02 -4.135649999999999743e-02 -1.149730000000000023e-02 3.749639999999999918e-02 7.443560000000000454e-02
2.720720000000000083e-02 -5.694110000000000144e-02 4.251499999999999724e-02 7.681250000000000577e-02 1.726180000000000075e-02 -4.330390000000000259e-04 1.379420000000000091e-01 6.699270000000000225e-02
4.443260000000000265e-02 -7.381250000000000311e-02 -8.171090000000000644e-03 3.200599999999999973e-02 -6.802779999999999938e-02 1.666539999999999966e-01 6.592309999999999837e-02 1.256670000000000009e-01
8.531370000000000620e-02 6.501730000000000009e-02 8.944720000000000448e-02 2.144400000000000125e-02 4.709170000000000023e-02 1.680899999999999894e-01 -2.829469999999999902e-02 1.722120000000000040e-01
8.203459999999999919e-02 3.680350000000000201e-03 3.838609999999999939e-02 6.956310000000000271e-02 1.540749999999999897e-01 -2.394519999999999982e-01 -1.810960000000000000e-02 6.911169999999999813e-02
2.270990000000000075e-03 7.310080000000000050e-03 -5.675350000000000013e-03 1.049619999999999997e-01 -7.395869999999999701e-03 5.883939999999999830e-03 -4.506809999999999983e-02 6.936960000000000348e-02
-5.696419999999999956e-02 1.168550000000000005e-01 2.503690000000000082e-02 -5.469809999999999950e-02 7.635930000000000495e-02 1.411719999999999989e-03 1.039759999999999990e-02 3.948290000000000133e-02
-7.456599999999999340e-02 2.876099999999999837e-02 -1.038029999999999899e-03 2.832770000000000080e-02 -5.602010000000000323e-02 5.738240000000000354e-03 8.965520000000000433e-02 1.737690000000000068e-01
4.006749999999999895e-02 1.403250000000000053e-01 8.330390000000000017e-02 7.490059999999999774e-02 4.862679999999999780e-02 4.794439999999999640e-03 1.398010000000000086e-01 1.901160000000000072e-01
9.754680000000000295e-02 1.141940000000000038e-01 2.356860000000000066e-01 5.367840000000000111e-02 -2.043460000000000068e-02 1.381159999999999888e-01 4.737899999999999751e-02 8.927129999999999788e-02
1.409870000000000012e-01 2.103649999999999964e-02 3.337450000000000139e-02 -2.265570000000000084e-02 7.588390000000000413e-02 -5.580179999999999862e-02 3.520009999999999806e-02 8.709400000000000475e-02
5.564349999999999852e-02 1.626650000000000040e-01 -4.005670000000000064e-02 -4.306250000000000182e-03 5.297110000000000013e-02 1.183560000000000029e-01 -7.823549999999999949e-02 1.008980000000000016e-01
2.199039999999999884e-01 1.416120000000000052e-02 -1.089389999999999942e-01 4.248529999999999668e-02 1.006110000000000060e-01 -8.861380000000000645e-02 1.179049999999999959e-01 -1.465879999999999961e-02
2.084129999999999872e-01 -1.379529999999999992e-02 6.553889999999999716e-02 -6.894299999999999908e-03 -5.217249999999999666e-02 9.922690000000000676e-02 8.863310000000000632e-02 -2.410090000000000149e-02
-1.057379999999999952e-02 1.276539999999999966e-02 7.140559999999999963e-02 -1.135399999999999951e-02 -3.264979999999999966e-02 -6.504619999999999846e-02 -3.962630000000000319e-02 3.361460000000000142e-02
1.172170000000000017e-01 -6.375419999999999698e-02 -1.721469999999999945e-02 5.082439999999999874e-02 -4.595810000000000173e-02 3.475209999999999844e-03 1.018730000000000052e-01 4.376000000000000029e-02
4.066639999999999838e-02 6.968950000000000145e-02 -1.348620000000000027e-02 1.092219999999999996e-01 6.345120000000000100e-03 -7.992509999999999892e-02 2.491389999999999924e-02 6.617389999999999384e-02
-2.219070000000000070e-02 1.934100000000000055e-02 1.121550000000000047e-01 1.618690000000000129e-01 5.807219999999999743e-02 1.690180000000000016e-01 5.986380000000000347e-03 1.890199999999999936e-01
7.683740000000000014e-02 -8.079229999999999745e-02 1.236850000000000033e-01 2.885439999999999880e-02 1.063970000000000055e-01 -6.655210000000000292e-02 3.817380000000000079e-02 3.910840000000000150e-02
-3.539950000000000041e-02 -4.112180000000000002e-02 3.088010000000000060e-02 5.352040000000000269e-02 1.176650000000000057e-01 3.599179999999999741e-02 -8.574790000000000190e-02 -3.229220000000000007e-02
-3.285859999999999823e-03 8.686099999999999377e-02 1.013960000000000000e-01 -2.307980000000000101e-02 -9.748329999999999496e-02 1.000920000000000004e-01 -1.317599999999999882e-01 -6.724099999999999522e-02
1.191269999999999968e-01 1.535370000000000068e-01 1.363160000000000066e-02 1.237800000000000011e-02 1.153639999999999943e-01 3.450299999999999895e-02 -1.053739999999999954e-01 -1.988820000000000084e-03
6.231099999999999833e-02 -1.745500000000000107e-01 5.073980000000000157e-02 2.048180000000000139e-02 7.177690000000000459e-02 -3.792199999999999738e-02 -3.694769999999999999e-02 4.085579999999999767e-02
2.006760000000000141e-02 -7.201530000000000431e-02 -1.057879999999999932e-01 8.549900000000000555e-02 -2.537379999999999844e-02 -3.271879999999999927e-02 1.263539999999999941e-01 1.068250000000000033e-01
-3.804989999999999761e-02 6.678720000000000490e-02 3.202519999999999673e-02 1.690089999999999926e-01 2.746370000000000061e-02 1.855230000000000073e-02 -8.903629999999999184e-03 1.354690000000000061e-01
9.905799999999999328e-02 4.445500000000000146e-02 1.380730000000000013e-01 -4.401229999999999726e-02 6.854200000000000570e-02 1.386509999999999999e-02 8.421269999999999797e-03 2.283580000000000054e-01
4.703960000000000086e-03 7.370599999999999374e-02 -1.702930000000000069e-02 2.439900000000000055e-02 1.024189999999999962e-01 6.584869999999999612e-03 2.805349999999999858e-02 -3.123060000000000072e-02
-1.197029999999999969e-02 3.378719999999999987e-03 -4.925319999999999698e-02 -1.679430000000000159e-02 9.586160000000000514e-02 -1.040009999999999962e-01 9.136950000000000627e-02 3.068939999999999863e-02
-1.823539999999999883e-02 6.266480000000000661e-02 3.259549999999999947e-02 3.021249999999999977e-02 -1.364800000000000041e-02 2.265179999999999971e-02 1.004410000000000025e-01 1.146609999999999990e-01
8.207150000000000556e-02 1.431010000000000060e-01 2.901130000000000028e-02 1.939909999999999968e-01 -1.609069999999999988e-03 -1.949909999999999838e-02 -7.731509999999999772e-02 -7.865969999999999906e-02
-1.818950000000000081e-02 3.373820000000000291e-02 3.289129999999999832e-02 -6.081099999999999700e-02 5.163410000000000222e-02 7.175550000000000157e-03 5.425590000000000274e-02 1.723260000000000070e-01
-3.093359999999999860e-03 1.823870000000000005e-02 5.666349999999999859e-02 2.301570000000000005e-02 -4.664399999999999796e-02 9.801500000000000490e-02 -7.107360000000000066e-02 -8.908699999999999952e-02
-2.840629999999999804e-03 1.258249999999999993e-02 4.221769999999999690e-02 1.416489999999999971e-01 1.619210000000000094e-01 1.793069999999999942e-01 6.645650000000000168e-02 4.043929999999999747e-02
-1.226009999999999947e-02 -8.278789999999999760e-02 -7.812970000000000678e-03 7.994350000000000067e-02 1.433270000000000099e-01 -2.296230000000000146e-02 2.122380000000000100e-03 2.192489999999999994e-01
-3.776659999999999739e-02 1.389289999999999969e-01 -9.792190000000000616e-02 -9.706109999999999738e-02 -7.832920000000000160e-03 -4.055740000000000040e-02 2.722369999999999998e-02 1.535269999999999968e-01
9.397320000000000673e-03 1.236059999999999937e-01 1.452640000000000042e-01 1.021610000000000053e-02 7.534050000000000469e-02 -2.457669999999999993e-02 8.349739999999999940e-02 1.392069999999999939e-02
-1.123159999999999957e-02 2.067809999999999926e-01 7.813290000000000513e-02 -4.069940000000000190e-03 4.996070000000000025e-03 1.867529999999999885e-02 -1.349080000000000071e-02 -4.868829999999999686e-02
-7.693690000000000251e-02 3.992710000000000009e-02 5.360279999999999906e-02 -8.364059999999999551e-02 1.271700000000000053e-01 1.666110000000000160e-02 1.053250000000000020e-01 3.673690000000000289e-02
-5.750240000000000212e-03 -3.977119999999999961e-02 6.431599999999999991e-03 -8.757669999999999344e-02 1.445299999999999918e-01 6.481979999999999686e-02 8.181539999999999646e-02 1.121230000000000004e-01
5.172999999999999821e-02 1.692730000000000068e-01 -8.487889999999999324e-02 -9.966310000000000793e-03 9.420710000000000195e-02 2.156980000000000008e-02 1.221829999999999999e-01 2.310819999999999888e-02
-5.583609999999999962e-02 -1.026920000000000055e-01 1.020070000000000005e-02 1.468679999999999986e-01 4.763169999999999904e-02 1.016080000000000039e-01 5.627859999999999807e-02 1.191070000000000045e-01
9.245209999999999539e-02 -9.984309999999999713e-03 4.212140000000000328e-02 7.944370000000000598e-02 2.069980000000000084e-02 1.600340000000000096e-01 1.251059999999999950e-01 5.743340000000000424e-03
1.358399999999999885e-01 1.031170000000000003e-01 8.660130000000000605e-02 -7.567930000000000490e-02 1.464040000000000064e-01 9.939630000000000687e-02 3.859359999999999874e-02 1.009819999999999988e-02
1.817719999999999891e-01 1.085109999999999963e-01 3.686609999999999887e-03 3.378840000000000315e-02 3.985079999999999872e-02 1.955240000000000034e-01 -2.997599999999999917e-02 5.646540000000000240e-03
2.430540000000000131e-02 2.088049999999999976e-02 1.170589999999999999e-02 9.842800000000000160e-02 -1.017310000000000020e-01 1.804389999999999883e-01 1.048680000000000029e-01 1.009609999999999952e-01
-2.139320000000000110e-02 1.117199999999999999e-01 8.291999999999999371e-02 9.082949999999999358e-02 2.984389999999999959e-03 1.168580000000000035e-01 -1.187310000000000032e-01 8.477840000000000376e-02
5.782090000000000146e-03 8.187519999999999520e-02 -3.428309999999999691e-02 2.625560000000000047e-02 8.243540000000000589e-02 5.960769999999999784e-03 -3.726170000000000176e-02 2.221380000000000021e-01
6.216750000000000054e-02 2.681009999999999990e-02 3.508950000000000263e-02 -2.321199999999999930e-01 -5.470409999999999856e-02 1.149229999999999974e-01 3.550459999999999727e-02 -3.671499999999999764e-02
9.806280000000000552e-02 -6.568240000000000363e-03 4.638260000000000299e-02 2.279739999999999892e-02 -9.412389999999999646e-02 3.976729999999999848e-02 -1.035590000000000078e-03 1.406699999999999895e-01
1.323519999999999974e-01 9.877519999999999356e-02 4.351139999999999869e-02 -6.212759999999999810e-02 9.745330000000000659e-02 2.419649999999999926e-02 2.961669999999999928e-02 -5.313269999999999799e-02
-2.199150000000000063e-02 1.044970000000000065e-01 -4.225149999999999739e-02 -4.761679999999999906e-03 1.948439999999999894e-02 1.014849999999999954e-02 1.154909999999999964e-01 2.344210000000000044e-02
3.676739999999999869e-02 -5.354980000000000157e-02 1.525549999999999962e-01 7.632440000000000058e-02 1.193459999999999938e-01 7.109849999999999504e-02 4.350840000000000263e-02 1.584800000000000098e-01
-2.829780000000000142e-02 -8.164269999999999861e-02 -8.546969999999999568e-02 1.194530000000000036e-01 4.840470000000000189e-02 1.204879999999999979e-01 6.557839999999999503e-02 1.320209999999999995e-01
-4.799199999999999994e-02 5.814310000000000311e-02 -5.855579999999999986e-03 -2.625049999999999953e-02 7.108330000000000204e-02 1.461379999999999971e-02 1.770249999999999879e-01 3.364629999999999704e-02
-7.263650000000000662e-02 -5.765410000000000326e-03 7.734599999999999809e-02 -1.660729999999999845e-02 -7.719909999999999967e-03 2.274549999999999905e-01 7.751159999999999994e-02 -5.026259999999999756e-02
2.287449999999999900e-02 -3.484899999999999977e-03 -1.193690000000000029e-01 1.374749999999999930e-02 2.777330000000000076e-02 1.195950000000000069e-01 5.778969999999999940e-02 1.523849999999999927e-01
-9.452230000000000354e-02 -2.889560000000000045e-02 1.125810000000000005e-01 1.591819999999999902e-01 -1.077570000000000056e-01 1.124099999999999960e-01 -1.024650000000000005e-01 -1.111029999999999966e-04
3.255519999999999942e-02 3.025379999999999823e-03 6.684819999999999651e-02 8.557929999999999704e-02 8.816960000000000075e-02 -2.962899999999999909e-02 1.256920000000000086e-02 -8.698010000000000160e-04
-5.001839999999999758e-02 1.106850000000000056e-01 -3.486530000000000185e-02 8.347229999999999928e-02 -1.182069999999999996e-02 4.757249999999999673e-02 -8.677189999999999903e-02 -1.382579999999999920e-02
7.518080000000000596e-02 1.132869999999999988e-01 -3.688310000000000199e-02 -9.036439999999999750e-03 5.749560000000000087e-02 -1.190139999999999948e-02 9.483900000000000663e-02 -3.019089999999999881e-03
1.705409999999999981e-01 -4.633639999999999981e-02 -1.084579999999999919e-02 5.391499999999999765e-02 2.428910000000000097e-02 -6.872709999999999930e-02 1.858289999999999942e-01 1.780220000000000066e-02
3.704149999999999804e-02 -2.033079999999999957e-02 -1.837029999999999913e-03 3.620379999999999866e-03 2.303969999999999976e-02 -5.906020000000000020e-02 8.908459999999999990e-02 2.703519999999999882e-02
-7.912980000000000014e-03 1.010759999999999992e-01 -7.096960000000000247e-03 -1.087159999999999932e-01 1.703280000000000072e-01 7.612019999999999897e-02 2.830339999999999939e-02 2.122169999999999959e-02
1.986600000000000171e-02 -1.698950000000000113e-02 -4.483789999999999998e-02 -4.936120000000000091e-02 1.525370000000000059e-01 -1.278160000000000060e-02 2.169899999999999954e-02 9.897980000000000667e-03
4.658269999999999772e-02 -2.912769999999999943e-02 8.127099999999999602e-02 4.508190000000000114e-02 3.976999999999999980e-02 -6.037019999999999886e-02 8.186509999999999621e-02 4.213610000000000272e-02
-1.614399999999999863e-02 5.430490000000000317e-02 9.942779999999999674e-02 4.447770000000000196e-02 1.917359999999999898e-02 9.290950000000000597e-02 -3.936119999999999897e-02 1.245180000000000071e-02
2.050419999999999847e-03 9.180930000000000341e-03 3.327890000000000015e-02 -1.263140000000000053e-03 -6.798339999999999939e-02 4.949719999999999814e-02 6.230589999999999740e-02 -2.358390000000000139e-02
4.162489999999999940e-02 -1.836230000000000154e-02 2.643799999999999970e-02 4.800399999999999806e-02 9.509249999999999647e-02 -6.361490000000000200e-02 7.631169999999999620e-02 -1.019630000000000015e-02
1.308209999999999928e-01 -2.522500000000000089e-02 4.245310000000000056e-02 -9.586590000000000389e-02 1.859359999999999902e-01 1.217520000000000061e-02 3.159239999999999965e-02 1.297069999999999994e-02
6.184289999999999926e-02 -5.457829999999999886e-04 -3.875630000000000047e-02 4.816009999999999736e-02 1.595310000000000131e-02 4.146569999999999596e-03 3.159689999999999721e-02 9.244610000000000327e-02
-8.509489999999999763e-03 -8.977690000000000670e-02 -4.934600000000000097e-02 1.108490000000000031e-01 -1.146139999999999919e-03 6.903289999999999427e-02 8.359419999999999351e-02 -6.666890000000000316e-02
2.587300000000000016e-02 -5.914989999999999831e-02 1.421179999999999943e-01 7.733329999999999371e-02 1.163980000000000015e-01 1.161260000000000070e-02 1.258769999999999889e-01 2.051029999999999867e-02
7.119359999999999578e-02 -3.114810000000000148e-02 2.121960000000000165e-02 5.103429999999999772e-02 1.411369999999999986e-02 1.258289999999999929e-02 3.213560000000000028e-02 1.614929999999999977e-01
-3.039199999999999888e-02 3.818890000000000132e-03 1.124479999999999924e-02 6.978529999999999456e-02 3.487250000000000072e-02 6.992059999999999942e-02 6.804819999999999619e-03 9.763149999999999606e-02
6.118509999999999921e-02 -4.408740000000000402e-03 2.160189999999999888e-01 -2.941970000000000002e-02 4.319569999999999660e-02 5.646410000000000318e-02 -7.048770000000000036e-02 5.859500000000000125e-02
5.811949999999999755e-02 -1.010059999999999986e-01 3.371749999999999747e-02 8.145770000000000094e-03 3.447560000000000208e-02 1.532270000000000021e-01 -3.743180000000000118e-02 -1.639900000000000038e-02
-8.645410000000000594e-02 4.422620000000000023e-02 7.392470000000000052e-05 2.558339999999999920e-02 2.621440000000000055e-03 7.742369999999999808e-02 9.626899999999999347e-02 2.508779999999999899e-01
1.542920000000000125e-01 7.814889999999999684e-03 -9.716160000000000074e-02 2.489900000000000099e-02 -1.299279999999999879e-01 3.785999999999999782e-02 7.698190000000000588e-02 1.817190000000000125e-02
2.815149999999999944e-02 2.774619999999999864e-02 -5.487720000000000098e-02 1.377539999999999876e-01 2.012500000000000053e-02 3.503180000000000183e-02 1.870549999999999990e-01 -1.329959999999999996e-02
6.431900000000000117e-02 7.598520000000000274e-02 1.534270000000000078e-01 1.435110000000000031e-02 1.790829999999999853e-02 9.233270000000000366e-02 1.073699999999999932e-01 -1.811960000000000046e-03
4.627529999999999925e-04 -3.054029999999999939e-02 3.803909999999999930e-02 2.569480000000000028e-02 1.518560000000000049e-02 -1.334740000000000058e-03 4.050240000000000090e-02 6.966970000000000107e-02
9.537620000000000126e-03 9.543039999999999856e-02 1.497790000000000059e-02 9.032980000000000176e-02 -6.419929999999999908e-03 7.425139999999999518e-02 9.074039999999999884e-02 6.199090000000000156e-02
-1.163329999999999920e-02 1.204510000000000025e-01 4.117959999999999676e-02 6.353310000000000034e-03 -1.558550000000000040e-02 5.049740000000000478e-04 -1.160540000000000044e-01 5.952389999999999765e-02
-1.187749999999999917e-02 1.603140000000000120e-02 -1.180319999999999894e-03 1.939829999999999888e-01 6.281849999999999934e-02 7.950709999999999722e-02 1.058749999999999969e-01 -2.530419999999999892e-02
1.390830000000000122e-01 8.998430000000000317e-02 9.248979999999999702e-02 -1.998149999999999926e-02 -3.304839999999999861e-02 6.179250000000000020e-02 7.462439999999999352e-02 -1.483669999999999954e-02
-7.940350000000000186e-02 -7.748199999999999532e-02 2.290280000000000094e-02 1.833349999999999910e-02 -8.790459999999999940e-02 3.427659999999999908e-03 -7.593560000000000587e-02 1.187010000000000010e-01
-4.835199999999999915e-02 -7.190589999999999482e-02 9.905609999999999415e-02 3.851220000000000337e-02 1.421159999999999923e-01 1.271549999999999903e-01 7.636500000000000232e-02 2.831730000000000011e-02
4.873009999999999842e-02 1.357389999999999985e-01 2.580350000000000005e-02 -2.332680000000000170e-02 8.055980000000000085e-02 -3.585610000000000186e-02 1.113729999999999998e-01 5.202459999999999724e-02
7.872270000000000656e-02 1.084290000000000080e-02 -1.226529999999999981e-02 1.188830000000000026e-01 -7.261660000000000337e-02 3.230520000000000180e-03 3.191349999999999743e-02 -1.520050000000000047e-02
1.505049999999999999e-01 3.754139999999999994e-03 1.262510000000000021e-02 -3.766339999999999966e-02 4.866349999999999842e-02 1.054380000000000039e-01 2.850219999999999837e-02 9.546069999999999556e-02
-1.348100000000000079e-03 -5.478899999999999743e-02 1.816989999999999925e-02 -7.162159999999999360e-02 1.052349999999999952e-01 1.204700000000000042e-02 5.216609999999999997e-02 -3.158419999999999891e-03
-1.195620000000000016e-01 1.366519999999999957e-01 4.365039999999999892e-02 6.296039999999999970e-02 1.299730000000000052e-01 3.659670000000000284e-02 1.203960000000000030e-01 9.898700000000000554e-02
-7.291159999999999308e-02 4.756239999999999774e-02 -6.589960000000000262e-02 7.860520000000000007e-02 6.326020000000000254e-02 1.268559999999999965e-01 3.614130000000000120e-03 -8.547670000000000268e-02
1.682559999999999958e-02 9.219940000000000080e-02 1.096089999999999981e-01 -5.269929999999999927e-03 -6.582290000000000363e-02 9.148420000000000163e-02 1.837650000000000117e-01 9.397709999999999397e-02
4.807940000000000130e-02 -2.915989999999999902e-02 -2.399509999999999837e-02 -4.766870000000000135e-02 1.373830000000000051e-01 1.719690000000000107e-02 -2.127949999999999980e-02 5.173360000000000111e-03
6.930379999999999874e-02 5.662289999999999685e-02 2.736320000000000072e-02 8.316969999999999918e-02 9.040829999999999700e-02 1.441189999999999971e-01 5.761340000000000211e-02 -6.255170000000000001e-03
9.431130000000000069e-02 1.061170000000000030e-01 7.546379999999999755e-02 -1.508379999999999964e-02 9.611039999999999861e-02 5.219449999999999611e-03 7.317370000000000124e-03 1.896060000000000106e-02
