-2.004450000000000068e-03 1.237490000000000107e-04 -1.615820000000000017e-03 -7.175589999999999920e-04 4.518309999999999774e-04 -7.461430000000000015e-04 -1.523080000000000007e-03 -4.686590000000000135e-04
1.058270000000000044e-01 5.033229999999999649e-03 1.799210000000000045e-02 -4.481259999999999931e-03 1.498290000000000038e-02 1.237989999999999924e-02 3.066369999999999860e-02 4.331279999999999852e-02
8.370289999999999675e-02 8.678489999999999815e-02 5.519729999999999775e-02 -5.199279999999999700e-03 8.741609999999999658e-02 6.809410000000000462e-02 1.987389999999999990e-02 8.354960000000000164e-02
3.439189999999999747e-01 4.315760000000000152e-01 3.567660000000000275e-01 2.940619999999999901e-01 3.255589999999999873e-01 3.640220000000000122e-01 1.354069999999999996e-01 4.183600000000000096e-01
8.078980000000000050e-01 7.623309999999999809e-01 8.002110000000000056e-01 8.022319999999999451e-01 8.056410000000000515e-01 7.997020000000000239e-01 8.047530000000000516e-01 6.836769999999999792e-01
8.674490000000000256e-01 8.663380000000000525e-01 8.166649999999999743e-01 8.675110000000000321e-01 8.649780000000000246e-01 7.718540000000000401e-01 8.663140000000000285e-01 8.666810000000000347e-01
8.951149999999999940e-01 8.976979999999999960e-01 8.998869999999999925e-01 8.971630000000000438e-01 8.963640000000000496e-01 8.964779999999999971e-01 8.987650000000000361e-01 9.001019999999999577e-01
9.179429999999999534e-01 9.190629999999999633e-01 9.149899999999999700e-01 9.196379999999999555e-01 9.190150000000000263e-01 9.201019999999999754e-01 9.166370000000000351e-01 9.202730000000000077e-01
9.377330000000000387e-01 9.283200000000000340e-01 9.345020000000000548e-01 9.385390000000000121e-01 9.343730000000000091e-01 9.346499999999999808e-01 9.344749999999999446e-01 9.378659999999999775e-01
9.470180000000000264e-01 9.504939999999999500e-01 9.533239999999999492e-01 9.470239999999999769e-01 9.529199999999999893e-01 9.502300000000000191e-01 9.508640000000000425e-01 9.533220000000000027e-01
9.382470000000000532e-01 9.371899999999999675e-01 9.371009999999999618e-01 9.370619999999999505e-01 9.217670000000000030e-01 9.410439999999999916e-01 9.371950000000000003e-01 9.355539999999999967e-01
8.705479999999999885e-01 8.730409999999999560e-01 8.712259999999999449e-01 8.743440000000000101e-01 8.746059999999999945e-01 8.731189999999999785e-01 8.752389999999999892e-01 8.711119999999999974e-01
1.402629999999999988e-01 1.194420000000000065e-01 3.441870000000000207e-01 3.046400000000000219e-01 2.393579999999999874e-01 1.951170000000000126e-01 3.870879999999999876e-01 5.606250000000000400e-01
1.649819999999999898e-01 1.368840000000000057e-01 9.787500000000000366e-02 1.254000000000000115e-01 1.424219999999999930e-01 1.302760000000000029e-01 1.376699999999999868e-01 1.239620000000000027e-01
4.876860000000000223e-02 3.369819999999999760e-02 6.054729999999999834e-02 7.632890000000000508e-02 8.278850000000000098e-02 9.044950000000000212e-02 5.011220000000000258e-02 4.337909999999999683e-02
3.111120000000000205e-03 3.100850000000000047e-03 7.045019999999999928e-03 1.077400000000000059e-02 3.835340000000000017e-03 8.420840000000000616e-03 5.240670000000000224e-03 -4.877540000000000196e-04
9.724790000000000517e-03 1.027649999999999918e-02 6.972179999999999697e-03 4.402460000000000401e-03 7.769759999999999688e-03 5.619250000000000113e-03 9.830820000000000530e-03 9.366899999999999185e-03
9.872529999999999153e-03 1.148990000000000081e-02 1.033869999999999928e-02 1.104519999999999981e-02 1.043499999999999983e-02 9.656039999999999415e-03 1.031879999999999950e-02 1.086080000000000031e-02
1.215339999999999997e-02 1.389819999999999944e-02 1.211309999999999991e-02 1.289049999999999918e-02 1.337089999999999980e-02 1.370880000000000015e-02 1.195539999999999971e-02 1.177199999999999948e-02
1.324870000000000041e-02 1.179400000000000066e-02 1.172390000000000064e-02 1.339530000000000061e-02 1.242090000000000034e-02 1.344659999999999953e-02 1.249819999999999924e-02 1.251050000000000079e-02
1.300929999999999968e-02 1.273190000000000086e-02 1.141499999999999980e-02 1.644040000000000085e-02 1.297719999999999950e-02 1.379030000000000013e-02 1.599930000000000102e-02 1.278119999999999951e-02
-1.696760000000000065e-03 -1.732419999999999924e-03 -1.627320000000000025e-03 -1.158359999999999989e-03 -1.236810000000000079e-03 -1.720479999999999926e-03 -1.692729999999999929e-03 -1.680800000000000089e-03
3.458819999999999950e-02 3.815120000000000317e-02 5.804659999999999681e-02 6.292649999999999633e-02 4.422100000000000336e-02 4.900499999999999995e-02 7.965999999999999557e-04 1.984589999999999965e-02
4.028110000000000024e-02 1.601489999999999858e-02 6.134389999999999982e-02 1.286609999999999976e-01 7.340779999999999528e-02 7.453369999999999440e-02 7.347049999999999415e-02 1.582260000000000055e-01
4.524850000000000261e-01 1.133870000000000017e-01 3.418829999999999925e-01 2.937660000000000271e-01 4.668180000000000107e-01 2.583300000000000041e-01 4.878319999999999879e-01 1.325600000000000112e-01
7.995179999999999509e-01 7.911660000000000359e-01 8.035870000000000513e-01 8.045309999999999961e-01 7.986670000000000158e-01 7.412720000000000420e-01 8.093139999999999779e-01 8.029650000000000398e-01
8.657340000000000035e-01 8.664030000000000342e-01 8.671769999999999756e-01 8.657650000000000068e-01 8.661849999999999827e-01 8.665319999999999689e-01 8.677340000000000053e-01 8.666519999999999779e-01
8.960590000000000499e-01 8.963670000000000249e-01 9.009709999999999663e-01 8.958099999999999952e-01 9.010880000000000001e-01 9.001500000000000057e-01 8.979610000000000092e-01 8.968840000000000146e-01
9.182709999999999484e-01 9.194689999999999808e-01 9.198509999999999742e-01 9.196729999999999627e-01 9.153790000000000537e-01 9.223949999999999649e-01 9.156940000000000079e-01 9.145250000000000323e-01
9.381380000000000274e-01 9.377659999999999885e-01 9.352479999999999682e-01 9.345200000000000173e-01 9.450739999999999696e-01 9.389779999999999793e-01 9.382040000000000379e-01 9.341089999999999671e-01
9.534420000000000117e-01 9.502450000000000063e-01 9.514829999999999677e-01 9.493749999999999689e-01 9.505949999999999678e-01 9.356039999999999912e-01 9.509940000000000060e-01 9.512589999999999657e-01
9.415120000000000156e-01 9.373660000000000325e-01 9.371859999999999635e-01 9.367180000000000506e-01 9.370589999999999753e-01 9.369300000000000406e-01 9.391080000000000538e-01 9.236910000000000398e-01
8.692870000000000319e-01 8.708949999999999747e-01 8.610940000000000261e-01 8.742760000000000531e-01 8.709780000000000300e-01 8.733539999999999637e-01 8.645049999999999679e-01 8.671419999999999684e-01
2.718909999999999938e-01 2.065889999999999949e-01 2.121210000000000040e-01 5.973789999999999933e-01 4.193319999999999825e-01 4.585319999999999951e-01 5.430890000000000439e-01 5.228819999999999579e-01
8.316410000000000469e-02 9.499720000000000386e-02 1.130560000000000037e-01 1.260560000000000014e-01 1.227860000000000062e-01 9.464090000000000003e-02 1.004619999999999957e-01 2.114830000000000043e-01
8.747860000000000358e-02 4.686300000000000188e-02 6.310409999999999631e-02 6.426049999999999818e-02 8.082069999999999532e-02 7.262290000000000412e-02 3.858679999999999749e-02 1.012559999999999988e-01
1.065939999999999943e-02 7.929590000000000249e-03 8.972199999999999620e-03 3.302390000000000100e-03 -3.415019999999999948e-03 3.727419999999999952e-03 1.924690000000000081e-02 1.386360000000000023e-02
1.110799999999999982e-02 9.833450000000000524e-03 8.247390000000000276e-03 5.731629999999999711e-03 9.130859999999999324e-03 7.247329999999999744e-03 9.935599999999999293e-03 9.970530000000000018e-03
1.163110000000000012e-02 1.153219999999999940e-02 1.156639999999999925e-02 1.058399999999999966e-02 1.051200000000000051e-02 1.115589999999999984e-02 1.017490000000000061e-02 9.892490000000000311e-03
1.260670000000000020e-02 1.226919999999999920e-02 1.184619999999999944e-02 1.192930000000000032e-02 1.244149999999999943e-02 1.263489999999999926e-02 1.286810000000000037e-02 1.273280000000000071e-02
1.294819999999999999e-02 1.231499999999999956e-02 1.362760000000000013e-02 1.331030000000000060e-02 1.139060000000000072e-02 1.374069999999999979e-02 1.335509999999999996e-02 1.231999999999999935e-02
1.246120000000000040e-02 1.247189999999999931e-02 1.319569999999999944e-02 1.609640000000000029e-02 1.456619999999999963e-02 1.416120000000000052e-02 1.420109999999999949e-02 1.243589999999999973e-02
-4.203580000000000164e-04 -7.463430000000000064e-04 -1.237459999999999906e-03 1.615660000000000045e-05 -1.407360000000000078e-03 -1.600429999999999908e-03 4.975929999999999503e-04 -4.501240000000000292e-05
2.911129999999999968e-02 4.020139999999999825e-02 7.630839999999999845e-02 8.706020000000000512e-04 3.369350000000000123e-02 4.784680000000000183e-02 2.216579999999999939e-02 2.033969999999999875e-02
7.257539999999999825e-02 -1.145440000000000000e-02 1.528650000000000009e-01 6.131820000000000326e-02 7.260429999999999662e-02 3.060720000000000107e-02 1.769849999999999896e-02 6.801899999999999613e-02
4.091009999999999924e-01 9.835489999999999511e-02 1.467710000000000126e-01 1.657150000000000012e-01 3.066229999999999789e-01 3.903699999999999948e-01 4.416390000000000038e-01 4.081380000000000008e-01
8.072369999999999823e-01 8.072399999999999576e-01 7.991089999999999582e-01 8.040950000000000042e-01 8.032540000000000235e-01 5.762199999999999545e-01 8.034099999999999575e-01 4.816389999999999838e-01
8.678150000000000031e-01 8.664209999999999967e-01 8.664770000000000527e-01 8.670529999999999626e-01 8.662609999999999477e-01 8.663560000000000150e-01 8.664720000000000200e-01 8.642879999999999452e-01
9.006760000000000321e-01 8.999329999999999830e-01 8.963799999999999546e-01 9.007730000000000459e-01 8.972869999999999457e-01 8.959479999999999666e-01 8.987420000000000408e-01 8.965490000000000403e-01
9.182770000000000099e-01 9.237530000000000463e-01 9.202620000000000244e-01 9.205879999999999619e-01 9.199800000000000200e-01 9.202979999999999494e-01 8.947810000000000485e-01 9.198119999999999630e-01
9.366079999999999961e-01 9.392779999999999463e-01 9.378309999999999702e-01 9.396339999999999693e-01 9.370319999999999760e-01 9.389739999999999753e-01 9.376689999999999747e-01 9.378840000000000510e-01
9.509539999999999660e-01 9.532460000000000377e-01 9.511389999999999567e-01 9.505120000000000235e-01 9.536470000000000224e-01 9.514730000000000132e-01 9.536909999999999554e-01 9.533059999999999867e-01
9.305339999999999723e-01 9.377590000000000092e-01 9.408579999999999721e-01 9.401559999999999917e-01 9.371890000000000498e-01 9.318290000000000184e-01 9.379960000000000520e-01 9.402650000000000174e-01
8.742750000000000243e-01 8.735309999999999464e-01 8.743049999999999988e-01 8.743060000000000276e-01 8.729190000000000005e-01 8.727420000000000178e-01 8.722269999999999746e-01 8.740250000000000519e-01
5.643259999999999943e-01 3.248070000000000124e-01 4.412400000000000211e-01 5.716689999999999827e-01 4.816110000000000113e-01 2.433160000000000045e-01 2.897109999999999963e-01 2.405259999999999898e-01
1.100659999999999972e-01 1.229449999999999987e-01 9.505230000000000623e-02 1.469489999999999963e-01 1.694730000000000125e-01 1.261249999999999871e-01 5.906730000000000314e-02 1.612389999999999934e-01
6.059019999999999684e-02 5.743829999999999769e-02 7.730560000000000209e-02 9.705099999999999838e-02 6.879380000000000217e-02 5.088179999999999786e-02 6.328659999999999841e-02 5.090519999999999767e-02
-2.186909999999999972e-04 1.003390000000000011e-02 -4.347840000000000385e-03 1.330519999999999967e-02 7.941029999999999964e-03 5.077250000000000166e-03 2.700189999999999882e-03 9.219490000000000324e-03
7.899410000000000806e-03 7.453350000000000079e-03 5.634929999999999800e-03 9.982150000000000398e-03 8.038609999999999853e-03 8.629589999999999483e-03 9.833059999999999370e-03 9.443200000000000552e-03
1.031879999999999950e-02 1.026580000000000027e-02 1.183030000000000019e-02 1.180890000000000065e-02 1.233270000000000026e-02 1.341559999999999975e-02 1.045830000000000023e-02 1.248999999999999937e-02
1.334049999999999993e-02 1.167950000000000065e-02 1.202139999999999979e-02 1.318889999999999993e-02 9.774460000000000440e-03 1.252660000000000058e-02 1.263219999999999968e-02 1.147390000000000042e-02
1.251739999999999971e-02 1.407410000000000085e-02 1.142529999999999935e-02 1.409000000000000009e-02 1.463459999999999935e-02 1.521100000000000056e-02 1.246079999999999931e-02 1.152240000000000035e-02
1.349090000000000011e-02 1.201860000000000081e-02 1.377059999999999916e-02 1.220210000000000045e-02 1.303409999999999985e-02 1.254609999999999927e-02 1.134330000000000060e-02 1.501450000000000007e-02
-8.072080000000000140e-04 1.339330000000000067e-04 -7.124769999999999888e-04 -7.725709999999999999e-04 -1.485750000000000091e-03 -1.302800000000000008e-03 -1.673720000000000069e-03 -1.549699999999999992e-03
1.231939999999999945e-02 2.468590000000000020e-02 8.104980000000000517e-02 5.624200000000000033e-02 3.146319999999999673e-02 3.506290000000000101e-02 6.121559999999999849e-03 3.494549999999999740e-02
1.419330000000000036e-01 5.680290000000000339e-02 8.534809999999999619e-02 4.449009999999999770e-02 4.745549999999999768e-02 2.480840000000000128e-02 -2.881370000000000112e-02 1.367889999999999939e-01
4.002829999999999999e-01 3.982249999999999956e-01 2.774130000000000207e-01 7.184930000000000483e-02 3.154140000000000277e-01 2.693789999999999796e-01 2.783269999999999911e-01 1.500940000000000052e-01
8.020789999999999864e-01 8.032439999999999580e-01 8.026229999999999754e-01 8.049300000000000344e-01 8.014470000000000205e-01 7.987790000000000168e-01 7.444690000000000474e-01 8.074970000000000203e-01
8.616160000000000485e-01 8.664129999999999887e-01 8.647690000000000099e-01 8.678649999999999975e-01 8.650560000000000471e-01 8.664779999999999704e-01 8.660400000000000320e-01 8.664269999999999472e-01
8.987829999999999986e-01 8.990599999999999703e-01 9.008270000000000444e-01 8.956190000000000540e-01 8.967779999999999641e-01 8.967030000000000278e-01 8.939869999999999761e-01 8.966910000000000158e-01
9.155969999999999942e-01 9.188779999999999726e-01 9.196940000000000115e-01 9.209159999999999568e-01 9.157579999999999609e-01 9.155130000000000212e-01 9.199969999999999537e-01 9.185520000000000351e-01
9.339920000000000444e-01 9.398140000000000382e-01 9.377529999999999477e-01 9.379560000000000120e-01 9.346250000000000391e-01 9.383420000000000094e-01 9.357670000000000154e-01 9.385229999999999961e-01
9.514169999999999572e-01 9.533279999999999532e-01 9.530499999999999527e-01 9.513639999999999874e-01 9.505430000000000268e-01 9.504219999999999891e-01 9.533669999999999645e-01 9.533270000000000355e-01
9.367400000000000171e-01 9.407149999999999679e-01 9.352160000000000473e-01 9.415989999999999638e-01 9.390739999999999643e-01 9.367600000000000371e-01 9.386560000000000459e-01 9.384019999999999584e-01
8.711449999999999472e-01 8.256529999999999703e-01 8.749900000000000455e-01 8.720480000000000453e-01 8.703410000000000313e-01 8.713229999999999587e-01 8.398219999999999574e-01 8.675589999999999691e-01
2.833260000000000223e-01 5.409460000000000379e-01 2.881199999999999872e-01 2.977339999999999987e-01 1.727360000000000007e-01 3.987029999999999741e-01 4.831219999999999959e-02 5.118479999999999697e-01
1.058159999999999934e-01 1.906899999999999984e-01 1.271039999999999948e-01 9.730610000000000648e-02 1.788329999999999920e-01 1.309899999999999953e-01 1.081440000000000040e-01 1.441280000000000061e-01
6.005230000000000290e-02 9.229990000000000416e-02 9.339600000000000679e-02 3.802819999999999812e-02 7.492319999999999536e-02 9.122750000000000303e-02 5.914660000000000056e-02 3.223379999999999995e-02
-3.732580000000000099e-04 1.456350000000000006e-02 1.125510000000000052e-02 1.011779999999999971e-02 3.522060000000000034e-03 -1.230039999999999953e-03 1.073029999999999991e-02 8.157950000000000618e-03
1.011079999999999965e-02 8.787629999999999400e-03 8.478060000000000804e-03 7.980370000000000519e-03 9.868399999999999395e-03 7.633690000000000267e-03 9.288920000000000857e-03 8.004380000000000175e-03
9.673889999999999226e-03 1.029219999999999961e-02 1.103619999999999948e-02 1.124320000000000007e-02 1.150419999999999915e-02 1.060619999999999966e-02 1.039400000000000046e-02 1.098649999999999974e-02
1.111400000000000061e-02 1.438889999999999961e-02 1.207740000000000029e-02 1.226980000000000084e-02 1.216519999999999928e-02 1.248860000000000074e-02 1.200060000000000016e-02 1.081660000000000087e-02
1.356680000000000039e-02 1.216339999999999956e-02 1.426099999999999937e-02 1.422020000000000055e-02 1.297549999999999919e-02 1.304740000000000066e-02 1.190680000000000037e-02 1.271760000000000078e-02
1.359370000000000023e-02 1.287780000000000001e-02 1.194429999999999971e-02 1.312649999999999928e-02 1.285000000000000031e-02 1.435640000000000006e-02 1.436929999999999978e-02 1.134630000000000014e-02
-1.707479999999999935e-03 -3.207659999999999982e-04 -1.500679999999999896e-03 3.368199999999999905e-04 -3.031269999999999863e-04 -8.546870000000000248e-04 -1.602740000000000067e-03 -1.115569999999999973e-03
1.031660000000000042e-02 8.668409999999999657e-03 8.608920000000000808e-03 2.507130000000000122e-02 2.358050000000000077e-02 6.343949999999999589e-02 5.196700000000000277e-03 5.618200000000000277e-02
-5.646980000000000229e-03 4.382640000000000147e-02 4.296669999999999656e-02 1.471999999999999975e-01 5.973420000000000119e-02 4.135769999999999724e-02 6.496659999999999588e-03 8.994610000000000105e-02
2.011169999999999902e-01 5.363040000000000168e-02 3.069850000000000079e-01 4.323839999999999906e-01 3.469019999999999881e-01 1.206839999999999996e-01 3.208219999999999961e-01 5.390000000000000346e-01
6.826499999999999790e-01 8.068579999999999641e-01 8.042470000000000452e-01 7.994449999999999612e-01 8.080089999999999772e-01 7.799850000000000394e-01 5.534289999999999488e-01 8.076600000000000446e-01
8.666329999999999867e-01 8.661609999999999587e-01 8.657770000000000188e-01 8.659719999999999640e-01 8.669900000000000384e-01 8.674460000000000504e-01 8.664920000000000400e-01 8.656270000000000353e-01
8.963719999999999466e-01 8.964990000000000459e-01 9.006110000000000504e-01 8.956969999999999654e-01 8.978800000000000114e-01 9.006830000000000114e-01 8.990489999999999871e-01 8.966939999999999911e-01
9.157490000000000352e-01 9.282169999999999588e-01 9.139620000000000521e-01 9.161899999999999489e-01 9.203489999999999727e-01 9.183069999999999844e-01 9.199429999999999552e-01 9.164970000000000061e-01
9.382110000000000172e-01 9.398130000000000095e-01 9.345099999999999518e-01 9.376569999999999627e-01 9.381909999999999972e-01 9.356689999999999729e-01 9.391389999999999461e-01 9.397469999999999990e-01
9.504970000000000363e-01 9.535439999999999472e-01 9.507440000000000335e-01 9.533890000000000420e-01 9.534399999999999542e-01 9.533409999999999940e-01 9.538149999999999684e-01 9.507060000000000510e-01
9.397400000000000198e-01 9.391969999999999485e-01 9.395130000000000425e-01 9.376219999999999555e-01 9.380899999999999794e-01 9.317379999999999551e-01 9.364930000000000199e-01 9.403070000000000039e-01
8.653530000000000388e-01 8.613570000000000393e-01 8.705910000000000037e-01 8.731050000000000200e-01 4.871090000000000142e-01 6.473100000000000520e-01 8.750499999999999945e-01 8.723720000000000363e-01
2.370359999999999967e-01 5.387530000000000097e-02 4.820929999999999938e-01 3.846510000000000207e-01 5.798619999999999886e-01 2.694860000000000033e-01 7.933840000000000336e-02 1.263839999999999963e-01
1.117380000000000040e-01 1.540839999999999987e-01 1.239920000000000050e-01 6.146510000000000168e-02 1.544280000000000097e-01 4.556650000000000283e-02 1.092780000000000001e-01 1.548400000000000054e-01
8.088950000000000307e-02 7.249529999999999863e-02 3.187179999999999874e-02 5.294539999999999663e-02 7.645209999999999506e-02 8.657049999999999468e-02 1.049510000000000026e-01 6.581739999999999813e-02
7.026659999999999677e-03 2.112570000000000073e-02 6.597289999999999578e-03 8.488300000000000706e-03 4.128350000000000249e-03 5.702409999999999771e-03 4.821149999999999741e-04 4.063390000000000057e-03
9.131389999999999646e-03 2.514460000000000046e-03 1.049250000000000009e-02 9.313669999999999588e-03 7.491300000000000216e-03 8.047510000000000774e-03 8.297989999999999880e-03 8.897489999999999219e-03
1.147789999999999921e-02 1.218110000000000026e-02 1.119610000000000050e-02 1.120230000000000010e-02 1.018110000000000022e-02 1.141110000000000041e-02 1.157399999999999922e-02 1.049500000000000086e-02
1.282239999999999942e-02 1.132760000000000017e-02 1.096360000000000043e-02 1.185340000000000005e-02 1.138250000000000026e-02 1.173210000000000051e-02 1.249250000000000013e-02 1.241639999999999931e-02
1.238159999999999955e-02 1.226980000000000084e-02 1.257830000000000059e-02 1.242399999999999928e-02 1.233420000000000002e-02 1.465520000000000017e-02 1.154679999999999943e-02 1.353129999999999958e-02
1.350640000000000000e-02 1.369800000000000011e-02 1.286720000000000051e-02 1.363119999999999957e-02 1.261190000000000054e-02 1.378309999999999952e-02 1.246049999999999935e-02 1.348150000000000043e-02
-3.150270000000000153e-03 -1.703050000000000007e-03 -1.472919999999999958e-03 -1.191180000000000017e-03 -1.037390000000000014e-03 -3.754650000000000110e-04 4.557969999999999730e-04 -1.699500000000000056e-03
5.104349999999999860e-02 1.938230000000000161e-02 3.496200000000000089e-03 2.447140000000000079e-02 1.048510000000000067e-02 1.245019999999999981e-02 -4.716790000000000219e-03 4.820309999999999873e-02
1.443819999999999999e-02 1.353719999999999923e-01 -2.726809999999999998e-02 4.053029999999999827e-02 1.970629999999999951e-02 7.561790000000000178e-02 5.625589999999999757e-02 1.350959999999999939e-01
3.908400000000000207e-01 4.154079999999999995e-01 2.756739999999999746e-01 3.360250000000000181e-01 2.595250000000000057e-01 2.181349999999999956e-01 2.494689999999999963e-01 3.723759999999999848e-01
8.020650000000000279e-01 8.040119999999999489e-01 8.056250000000000355e-01 8.084179999999999700e-01 8.040979999999999794e-01 7.985029999999999628e-01 8.013240000000000363e-01 8.010519999999999863e-01
8.665119999999999489e-01 8.668780000000000374e-01 8.665180000000000105e-01 8.664739999999999664e-01 8.664849999999999497e-01 8.670879999999999699e-01 8.648639999999999661e-01 8.589719999999999578e-01
8.976499999999999480e-01 9.010930000000000328e-01 8.978639999999999954e-01 8.961329999999999574e-01 8.970050000000000523e-01 8.963879999999999626e-01 9.005729999999999569e-01 8.990209999999999591e-01
9.187560000000000171e-01 9.149699999999999500e-01 9.197130000000000027e-01 9.148650000000000393e-01 9.195990000000000553e-01 9.152740000000000320e-01 9.156279999999999974e-01 9.150740000000000540e-01
9.398220000000000462e-01 9.379330000000000167e-01 9.382430000000000492e-01 9.398609999999999465e-01 9.344839999999999813e-01 9.369779999999999776e-01 9.384599999999999609e-01 9.397759999999999447e-01
9.512890000000000512e-01 9.508710000000000218e-01 9.504460000000000131e-01 9.514289999999999692e-01 9.538739999999999997e-01 9.507929999999999993e-01 9.504660000000000331e-01 9.508820000000000050e-01
9.400439999999999907e-01 9.402070000000000149e-01 9.392270000000000341e-01 9.376100000000000545e-01 9.416390000000000038e-01 9.368670000000000053e-01 9.413780000000000481e-01 9.246820000000000039e-01
8.190159999999999663e-01 8.707519999999999705e-01 8.730409999999999560e-01 7.217179999999999707e-01 8.701250000000000373e-01 7.694819999999999993e-01 8.712560000000000304e-01 8.737200000000000522e-01
2.830179999999999918e-01 1.102009999999999934e-01 5.208139999999999992e-01 4.432050000000000156e-01 4.544779999999999931e-01 5.879630000000000134e-01 1.269369999999999943e-01 1.428939999999999932e-01
1.482070000000000054e-01 1.358080000000000120e-01 1.499199999999999977e-01 1.239780000000000049e-01 1.706050000000000066e-01 1.515749999999999875e-01 1.083950000000000052e-01 1.509850000000000081e-01
8.369600000000000650e-02 9.017479999999999940e-02 6.849610000000000420e-02 7.235740000000000227e-02 6.605469999999999398e-02 5.489829999999999710e-02 2.219729999999999967e-02 3.526909999999999767e-02
2.491510000000000166e-03 1.551899999999999981e-02 1.768009999999999981e-03 1.078070000000000070e-02 8.242029999999999149e-03 2.182719999999999973e-03 5.246610000000000509e-04 8.268479999999999927e-03
7.464880000000000126e-03 9.100310000000000343e-03 7.993629999999999833e-03 5.842820000000000305e-03 1.054079999999999948e-02 4.208169999999999793e-03 1.000539999999999936e-02 1.016339999999999952e-02
1.112490000000000007e-02 1.081209999999999984e-02 1.126860000000000014e-02 9.593320000000000666e-03 1.109510000000000010e-02 1.107759999999999995e-02 1.237360000000000022e-02 1.251919999999999943e-02
1.203959999999999926e-02 1.275440000000000081e-02 1.226250000000000083e-02 1.170919999999999947e-02 1.264509999999999940e-02 1.155489999999999989e-02 1.328720000000000075e-02 1.328900000000000046e-02
1.255700000000000045e-02 1.372040000000000065e-02 1.197540000000000063e-02 1.193439999999999952e-02 1.346619999999999935e-02 1.467279999999999973e-02 1.175900000000000035e-02 1.226499999999999986e-02
1.437270000000000041e-02 1.467560000000000045e-02 1.510330000000000006e-02 1.531970000000000033e-02 1.303810000000000038e-02 1.306159999999999960e-02 1.531770000000000007e-02 1.256340000000000061e-02
-1.062210000000000064e-03 -1.764270000000000074e-03 1.290429999999999962e-03 -1.032359999999999962e-03 -1.718249999999999942e-03 -4.306019999999999813e-04 -1.429970000000000026e-03 -1.617720000000000009e-03
5.737350000000000089e-02 2.334169999999999995e-02 5.811929999999999874e-03 2.130840000000000165e-02 2.607570000000000027e-02 9.997360000000000274e-03 4.787099999999999689e-02 2.357410000000000061e-02
5.214239999999999847e-02 1.156080000000000024e-01 6.239900000000000307e-02 9.784059999999999979e-02 1.157839999999999980e-01 3.810670000000000029e-02 1.354009999999999936e-01 9.092419999999999669e-02
3.073299999999999921e-01 3.666479999999999739e-01 1.415790000000000104e-01 1.694420000000000093e-01 2.640489999999999782e-01 3.284130000000000105e-01 2.098480000000000067e-01 3.581570000000000031e-01
7.810850000000000293e-01 8.035649999999999737e-01 5.207619999999999472e-01 5.820990000000000331e-01 8.020239999999999592e-01 8.074409999999999643e-01 5.196819999999999773e-01 7.998159999999999714e-01
8.655049999999999688e-01 8.673980000000000024e-01 8.657930000000000348e-01 8.672800000000000509e-01 8.666730000000000267e-01 8.604399999999999826e-01 8.642699999999999827e-01 8.655869999999999953e-01
8.985689999999999511e-01 8.964069999999999538e-01 8.983989999999999476e-01 8.981599999999999584e-01 8.991500000000000048e-01 9.008230000000000404e-01 8.956429999999999669e-01 8.964410000000000434e-01
9.200760000000000050e-01 9.184259999999999646e-01 9.213069999999999871e-01 9.196779999999999955e-01 9.184790000000000454e-01 9.193959999999999910e-01 9.209559999999999969e-01 9.215309999999999890e-01
9.388130000000000086e-01 9.345269999999999966e-01 9.344379999999999908e-01 9.359309999999999574e-01 9.344090000000000451e-01 9.345750000000000446e-01 9.376649999999999707e-01 9.395259999999999723e-01
9.510229999999999517e-01 9.515630000000000477e-01 9.536480000000000512e-01 9.536010000000000320e-01 9.509680000000000355e-01 9.516649999999999832e-01 9.528210000000000290e-01 9.503420000000000201e-01
9.371920000000000250e-01 9.368549999999999933e-01 9.398100000000000342e-01 9.381049999999999667e-01 9.367609999999999548e-01 9.412369999999999903e-01 9.385940000000000394e-01 9.209460000000000424e-01
8.742419999999999636e-01 8.718930000000000291e-01 8.743009999999999948e-01 8.636559999999999793e-01 6.213020000000000209e-01 8.698770000000000113e-01 8.740860000000000296e-01 8.742999999999999661e-01
3.281769999999999965e-01 4.702450000000000241e-01 1.283590000000000009e-01 1.847449999999999926e-01 4.585009999999999919e-01 3.177420000000000244e-01 1.553579999999999961e-01 3.732829999999999759e-01
1.194680000000000047e-01 1.355590000000000128e-01 2.198130000000000084e-01 1.180230000000000029e-01 1.317659999999999942e-01 9.122099999999999653e-02 1.392210000000000114e-01 1.582040000000000113e-01
9.315909999999999469e-02 3.481270000000000198e-02 1.014380000000000004e-01 2.618260000000000032e-02 5.684739999999999932e-02 7.955139999999999434e-02 5.218060000000000059e-02 5.946239999999999859e-02
6.318210000000000319e-03 -3.557540000000000095e-04 8.112249999999999669e-03 6.294189999999999854e-03 6.141419999999999865e-03 1.106900000000000071e-02 1.009580000000000026e-02 8.247739999999999932e-03
2.883629999999999874e-03 1.101429999999999944e-02 9.417329999999999798e-03 7.795599999999999752e-03 9.353639999999999871e-03 1.141829999999999928e-02 7.818540000000000559e-03 6.374590000000000291e-03
1.086149999999999963e-02 9.649370000000000863e-03 1.108209999999999924e-02 1.164839999999999973e-02 8.445730000000000251e-03 1.147660000000000000e-02 1.026769999999999940e-02 1.161539999999999968e-02
1.353670000000000047e-02 1.200840000000000067e-02 1.303750000000000048e-02 1.287289999999999962e-02 1.178090000000000040e-02 1.207369999999999971e-02 1.206250000000000031e-02 1.251039999999999965e-02
1.331069999999999996e-02 1.233539999999999984e-02 1.231890000000000068e-02 1.364710000000000055e-02 1.184110000000000024e-02 1.300549999999999970e-02 1.407560000000000061e-02 1.117119999999999919e-02
1.333499999999999963e-02 1.486789999999999987e-02 1.402040000000000057e-02 1.318509999999999995e-02 1.467100000000000001e-02 1.258869999999999954e-02 1.591280000000000125e-02 1.414080000000000024e-02
-2.894030000000000127e-03 -6.031580000000000144e-04 -1.477699999999999977e-03 -1.644559999999999989e-03 -7.682960000000000180e-04 -1.584729999999999906e-03 -1.687080000000000090e-03 1.391949999999999980e-04
5.380519999999999747e-02 4.966840000000000144e-02 4.986390000000000267e-02 -1.506670000000000058e-02 3.118220000000000020e-02 4.730079999999999701e-02 3.441070000000000240e-02 1.654030000000000084e-02
7.260590000000000099e-02 5.570800000000000057e-02 1.180680000000000063e-01 4.392019999999999952e-02 1.466600000000000022e-02 8.353299999999999614e-02 6.451100000000000410e-03 9.261560000000000625e-02
3.874020000000000241e-01 4.371439999999999770e-01 2.512139999999999929e-01 2.245270000000000044e-01 3.836370000000000058e-01 2.513000000000000234e-01 3.674399999999999888e-01 3.822240000000000082e-01
8.023919999999999941e-01 8.067330000000000334e-01 8.007400000000000073e-01 8.039209999999999967e-01 7.519580000000000153e-01 4.400009999999999755e-01 8.068300000000000471e-01 8.061260000000000092e-01
8.445070000000000077e-01 8.641560000000000352e-01 8.624460000000000459e-01 8.674460000000000504e-01 8.658249999999999558e-01 8.480919999999999570e-01 8.649320000000000341e-01 8.650160000000000071e-01
8.955210000000000115e-01 8.995279999999999943e-01 9.010920000000000041e-01 9.039850000000000385e-01 9.008659999999999446e-01 8.963750000000000329e-01 8.992890000000000050e-01 9.001470000000000304e-01
9.154609999999999692e-01 9.150859999999999550e-01 9.150760000000000005e-01 9.204379999999999784e-01 9.148640000000000105e-01 9.167739999999999778e-01 9.197999999999999510e-01 9.200409999999999977e-01
9.349499999999999478e-01 9.379939999999999944e-01 9.382030000000000092e-01 9.396989999999999510e-01 9.349450000000000260e-01 9.336839999999999584e-01 9.379450000000000287e-01 9.346029999999999616e-01
9.492650000000000254e-01 9.533530000000000060e-01 9.533519999999999772e-01 9.534179999999999877e-01 9.513700000000000490e-01 9.509779999999999900e-01 9.533310000000000395e-01 9.505069999999999908e-01
9.367339999999999556e-01 9.404120000000000257e-01 9.372040000000000370e-01 9.371190000000000353e-01 9.416309999999999958e-01 9.386520000000000419e-01 9.395940000000000403e-01 9.276640000000000441e-01
8.750040000000000040e-01 8.696599999999999886e-01 8.708789999999999587e-01 8.732739999999999947e-01 8.155240000000000267e-01 8.007779999999999898e-01 8.721670000000000256e-01 8.716479999999999784e-01
2.085740000000000094e-01 3.480650000000000133e-01 5.356990000000000363e-01 2.874110000000000276e-01 5.800779999999999825e-01 2.512429999999999941e-01 5.538710000000000022e-01 2.573360000000000092e-01
1.169240000000000002e-01 2.078119999999999967e-01 9.809819999999999651e-02 1.264500000000000068e-01 9.418830000000000258e-02 2.096389999999999920e-01 1.162689999999999974e-01 1.757299999999999973e-01
1.230730000000000018e-02 1.149970000000000020e-01 2.864620000000000014e-02 7.303419999999999357e-02 8.549180000000000668e-02 9.231280000000000041e-02 6.810710000000000375e-02 6.596849999999999936e-02
1.411259999999999945e-02 4.225689999999999828e-03 4.156080000000000364e-03 6.749559999999999935e-03 1.050350000000000068e-02 6.788419999999999871e-03 7.947239999999999513e-03 7.808520000000000218e-03
8.422360000000000263e-03 9.755230000000000151e-03 7.520230000000000144e-03 6.309079999999999896e-03 8.039680000000000437e-03 1.027110000000000002e-02 4.048600000000000289e-03 6.727780000000000045e-03
9.699100000000000429e-03 1.050109999999999932e-02 1.157049999999999919e-02 1.080339999999999946e-02 1.121250000000000024e-02 1.034580000000000048e-02 1.122719999999999968e-02 1.085640000000000042e-02
1.277350000000000013e-02 1.091149999999999932e-02 1.231679999999999928e-02 1.152099999999999999e-02 1.259520000000000084e-02 8.638230000000000214e-03 1.150630000000000056e-02 1.331390000000000004e-02
1.228970000000000062e-02 1.218340000000000048e-02 1.378539999999999974e-02 1.285080000000000076e-02 1.250979999999999974e-02 1.409370000000000067e-02 1.119979999999999934e-02 1.276090000000000037e-02
1.229640000000000073e-02 1.342390000000000076e-02 1.535440000000000069e-02 1.270310000000000016e-02 1.331910000000000038e-02 1.431890000000000072e-02 1.442219999999999960e-02 1.580669999999999992e-02
-3.586629999999999913e-05 -8.159050000000000157e-04 -1.353849999999999975e-03 9.343259999999999716e-04 -1.742920000000000016e-03 5.019150000000000217e-04 -1.330809999999999979e-03 -1.341549999999999947e-03
-1.292809999999999977e-04 1.326319999999999930e-02 3.462949999999999796e-03 -1.684369999999999964e-02 2.992540000000000130e-02 4.266570000000000085e-02 4.272700000000000109e-02 1.998099999999999876e-02
9.653710000000000069e-02 1.194280000000000064e-01 7.834499999999999451e-03 1.353659999999999863e-01 5.616600000000000065e-02 7.332519999999999316e-02 1.305540000000000034e-01 4.064330000000000026e-02
3.763929999999999776e-01 3.831800000000000206e-01 4.242319999999999980e-01 3.445719999999999894e-01 2.819900000000000184e-01 3.861689999999999845e-01 7.688440000000000552e-02 2.239339999999999942e-01
8.026109999999999634e-01 8.061610000000000165e-01 7.999640000000000084e-01 7.896980000000000111e-01 8.065350000000000019e-01 6.913559999999999706e-01 8.033500000000000085e-01 8.035210000000000408e-01
8.648890000000000189e-01 8.663870000000000182e-01 8.678259999999999863e-01 8.659120000000000150e-01 8.658580000000000165e-01 8.665990000000000082e-01 8.670679999999999499e-01 8.656899999999999595e-01
8.984020000000000339e-01 8.997570000000000290e-01 8.969840000000000035e-01 8.962710000000000399e-01 8.967479999999999896e-01 8.991130000000000511e-01 8.990869999999999695e-01 8.973259999999999570e-01
9.162169999999999481e-01 9.178659999999999597e-01 9.202339999999999964e-01 9.222759999999999847e-01 9.199800000000000200e-01 9.190540000000000376e-01 9.159699999999999509e-01 9.276149999999999674e-01
9.276269999999999794e-01 9.345539999999999958e-01 9.379589999999999872e-01 9.417990000000000528e-01 9.347950000000000426e-01 9.398050000000000015e-01 9.346419999999999728e-01 9.347509999999999986e-01
9.508429999999999938e-01 9.537679999999999492e-01 9.514070000000000027e-01 9.533220000000000027e-01 9.531439999999999912e-01 9.534380000000000077e-01 9.513549999999999507e-01 9.513960000000000194e-01
9.041559999999999597e-01 9.412099999999999911e-01 9.409999999999999476e-01 9.407250000000000334e-01 9.371709999999999763e-01 9.415540000000000020e-01 9.247520000000000184e-01 9.379260000000000375e-01
8.717850000000000321e-01 8.741900000000000226e-01 8.673840000000000439e-01 8.715779999999999639e-01 8.627280000000000504e-01 8.188839999999999453e-01 8.605000000000000426e-01 8.728409999999999780e-01
3.452529999999999766e-01 4.930669999999999775e-01 1.533490000000000131e-01 1.880000000000000004e-01 4.487639999999999962e-01 2.291930000000000078e-01 5.502970000000000361e-01 1.571619999999999961e-01
1.106420000000000042e-01 9.139949999999999464e-02 1.931319999999999981e-01 1.305890000000000106e-01 2.053200000000000025e-01 1.367450000000000054e-01 1.434229999999999949e-01 8.292900000000000271e-02
8.268599999999999561e-02 1.230750000000000038e-01 6.194410000000000194e-02 7.565529999999999478e-02 3.936159999999999659e-02 4.046700000000000297e-02 4.133219999999999950e-02 8.450850000000000029e-02
2.458510000000000122e-03 1.011579999999999945e-02 1.451239999999999995e-02 5.492699999999999666e-03 1.066369999999999992e-02 6.150990000000000277e-03 1.597149999999999959e-02 1.092109999999999956e-02
8.174620000000000497e-03 7.367920000000000025e-03 6.361939999999999956e-03 1.072030000000000032e-02 8.282700000000000479e-03 9.974250000000000477e-03 4.603460000000000191e-03 9.170189999999999939e-03
1.118060000000000061e-02 1.134429999999999987e-02 1.245650000000000056e-02 1.165820000000000051e-02 1.235810000000000033e-02 1.001310000000000047e-02 1.173820000000000072e-02 1.161139999999999915e-02
1.287209999999999917e-02 1.106919999999999953e-02 1.263869999999999924e-02 1.218619999999999946e-02 1.272399999999999920e-02 1.190959999999999935e-02 1.204999999999999995e-02 1.235900000000000019e-02
1.322199999999999938e-02 1.254809999999999953e-02 1.418799999999999922e-02 1.230260000000000034e-02 1.154220000000000072e-02 1.216309999999999961e-02 1.344569999999999967e-02 1.118509999999999990e-02
1.220689999999999970e-02 1.412749999999999943e-02 1.461340000000000035e-02 1.354400000000000048e-02 1.513070000000000040e-02 1.269960000000000012e-02 1.582549999999999929e-02 1.540170000000000081e-02
-4.174949999999999863e-04 -2.160420000000000135e-03 -1.263809999999999977e-03 5.403339999999999532e-04 5.961080000000000328e-04 -1.495969999999999895e-03 -1.549559999999999957e-03 7.120279999999999665e-04
1.149550000000000051e-02 5.798640000000000044e-02 2.297180000000000055e-02 1.472840000000000087e-02 4.213480000000000003e-02 4.242920000000000025e-02 1.598439999999999930e-02 1.054989999999999921e-02
8.842319999999999347e-02 -1.147639999999999945e-02 8.192779999999999507e-02 1.304220000000000101e-01 4.776470000000000021e-02 2.667009999999999867e-02 9.333729999999999805e-02 1.121049999999999963e-01
4.159320000000000239e-01 3.681729999999999725e-01 5.306509999999999838e-01 3.656320000000000126e-01 3.921540000000000026e-01 2.129429999999999934e-01 2.775170000000000137e-01 3.524280000000000190e-01
8.070629999999999749e-01 8.022489999999999899e-01 7.664210000000000189e-01 8.031989999999999963e-01 8.018469999999999764e-01 7.998979999999999979e-01 8.007100000000000328e-01 8.037530000000000507e-01
8.672600000000000309e-01 8.669879999999999809e-01 8.664319999999999800e-01 8.668400000000000549e-01 8.663950000000000262e-01 8.670200000000000129e-01 8.674600000000000088e-01 8.662900000000000045e-01
9.005849999999999689e-01 9.010639999999999761e-01 8.995680000000000343e-01 9.009430000000000494e-01 9.009770000000000278e-01 8.968970000000000553e-01 8.968810000000000393e-01 8.964010000000000034e-01
9.199869999999999992e-01 9.155590000000000117e-01 9.153850000000000042e-01 9.181040000000000312e-01 9.198250000000000037e-01 9.196999999999999620e-01 9.150129999999999653e-01 9.179100000000000037e-01
9.344149999999999956e-01 9.384259999999999824e-01 9.384280000000000399e-01 9.344440000000000524e-01 9.378199999999999870e-01 9.384059999999999624e-01 9.351009999999999600e-01 9.396910000000000540e-01
9.533829999999999805e-01 9.533230000000000315e-01 9.511640000000000095e-01 9.509330000000000283e-01 9.402160000000000517e-01 9.505310000000000148e-01 9.504749999999999588e-01 8.468830000000000524e-01
9.416330000000000533e-01 9.401310000000000500e-01 9.383380000000000054e-01 9.317090000000000094e-01 9.267840000000000522e-01 9.409760000000000346e-01 9.366640000000000521e-01 9.372000000000000330e-01
8.721940000000000248e-01 8.708069999999999977e-01 8.707559999999999745e-01 8.718770000000000131e-01 8.717570000000000041e-01 8.290399999999999991e-01 7.326540000000000274e-01 8.696859999999999591e-01
1.883779999999999899e-01 3.241350000000000064e-01 1.637470000000000037e-01 5.070059999999999567e-01 1.270600000000000063e-01 2.791060000000000207e-01 2.728389999999999982e-01 1.930570000000000064e-01
1.173320000000000057e-01 1.936720000000000108e-01 1.174359999999999987e-01 9.811989999999999601e-02 1.368769999999999987e-01 1.439469999999999916e-01 1.264139999999999986e-01 1.611779999999999879e-01
8.906820000000000015e-02 5.975199999999999956e-02 6.988089999999999580e-02 4.540410000000000279e-02 4.043820000000000053e-02 3.447009999999999658e-02 4.083830000000000099e-02 2.851659999999999959e-02
4.699329999999999827e-03 6.913690000000000113e-03 3.451669999999999999e-03 1.341239999999999967e-02 -2.378499999999999972e-03 1.675839999999999969e-02 1.899300000000000033e-03 1.169790000000000066e-02
1.076399999999999926e-02 1.141550000000000030e-02 1.035029999999999978e-02 8.324430000000000718e-03 7.490929999999999811e-03 7.948679999999999635e-03 9.990590000000000581e-03 9.503350000000000686e-03
1.158140000000000037e-02 1.074209999999999922e-02 1.391159999999999966e-02 1.016139999999999925e-02 1.061630000000000039e-02 9.872239999999999141e-03 1.124409999999999993e-02 1.154469999999999975e-02
1.385119999999999928e-02 1.263489999999999926e-02 1.231609999999999996e-02 1.109839999999999959e-02 1.195120000000000036e-02 1.389789999999999949e-02 1.210420000000000072e-02 1.207459999999999957e-02
1.181130000000000027e-02 1.216959999999999917e-02 1.315760000000000020e-02 1.132730000000000022e-02 1.460790000000000005e-02 1.482830000000000086e-02 1.299289999999999994e-02 1.379419999999999952e-02
1.468999999999999993e-02 1.361380000000000055e-02 1.512980000000000054e-02 1.447969999999999986e-02 1.462259999999999949e-02 1.276760000000000048e-02 1.409739999999999951e-02 1.233279999999999967e-02
-1.672000000000000092e-03 -1.396059999999999966e-03 -1.228340000000000074e-03 -1.025849999999999944e-04 -1.476560000000000025e-03 1.683559999999999961e-03 -7.669530000000000141e-04 -2.285090000000000038e-03
3.814920000000000117e-02 4.083570000000000255e-02 3.482930000000000054e-02 2.034650000000000000e-02 5.800670000000000132e-02 5.874379999999999880e-02 4.300940000000000318e-02 1.555559999999999929e-02
4.216149999999999759e-02 6.096279999999999755e-02 1.574160000000000004e-01 1.029489999999999988e-01 3.481780000000000291e-02 7.008739999999999415e-02 -1.540820000000000037e-02 6.053650000000000003e-02
1.828710000000000058e-01 2.553429999999999866e-01 3.048489999999999811e-01 4.138640000000000096e-01 2.016340000000000077e-01 8.385570000000000523e-02 2.706160000000000232e-01 2.407910000000000050e-01
8.029699999999999616e-01 8.006569999999999521e-01 8.039760000000000240e-01 6.393229999999999746e-01 8.006790000000000296e-01 6.550000000000000266e-01 8.022979999999999556e-01 8.011570000000000080e-01
8.642560000000000242e-01 8.667080000000000339e-01 8.656150000000000233e-01 8.662459999999999605e-01 8.658169999999999478e-01 8.654300000000000326e-01 8.684340000000000392e-01 8.669630000000000392e-01
8.963179999999999481e-01 8.973900000000000210e-01 8.970460000000000100e-01 9.003729999999999789e-01 8.967340000000000311e-01 9.003600000000000492e-01 8.971409999999999663e-01 8.991550000000000376e-01
9.153949999999999587e-01 9.197589999999999932e-01 9.150009999999999533e-01 9.240249999999999853e-01 9.196659999999999835e-01 9.156509999999999927e-01 9.151700000000000390e-01 9.197370000000000267e-01
9.375390000000000112e-01 9.418560000000000265e-01 9.392110000000000181e-01 9.377469999999999972e-01 9.391000000000000458e-01 9.381099999999999994e-01 9.398320000000000007e-01 9.351329999999999920e-01
9.507229999999999848e-01 9.530279999999999863e-01 9.505259999999999820e-01 9.506590000000000318e-01 9.529710000000000125e-01 9.512410000000000032e-01 9.509739999999999860e-01 9.536189999999999944e-01
9.389129999999999976e-01 9.381460000000000354e-01 9.410950000000000149e-01 9.402810000000000334e-01 9.371469999999999523e-01 9.356680000000000552e-01 9.406889999999999974e-01 9.372070000000000123e-01
8.721219999999999528e-01 8.746249999999999858e-01 8.711010000000000142e-01 8.598740000000000272e-01 5.134950000000000347e-01 8.754709999999999992e-01 8.721619999999999928e-01 7.695290000000000186e-01
2.056419999999999915e-01 2.873939999999999828e-01 5.208519999999999817e-01 5.627590000000000092e-01 3.034669999999999868e-01 2.611709999999999865e-01 1.964049999999999963e-01 4.365149999999999864e-01
1.309460000000000068e-01 1.183700000000000030e-01 1.859790000000000054e-01 1.055389999999999939e-01 1.586760000000000115e-01 1.237540000000000029e-01 1.383540000000000048e-01 8.715749999999999886e-02
6.363489999999999425e-02 4.394440000000000152e-02 4.822440000000000060e-02 4.666170000000000040e-02 8.152040000000000675e-02 1.134840000000000015e-01 5.051279999999999659e-02 7.476159999999999750e-02
2.842180000000000140e-03 -1.551829999999999920e-03 5.912449999999999650e-03 4.293909999999999741e-03 5.938340000000000285e-03 1.280440000000000050e-02 8.548220000000000471e-03 7.638400000000000051e-03
4.731479999999999714e-03 9.927909999999999860e-03 8.284569999999999781e-03 8.793910000000000268e-03 8.352719999999999242e-03 8.580739999999999895e-03 6.577930000000000062e-03 9.601230000000000528e-03
1.147180000000000075e-02 1.142969999999999924e-02 1.257680000000000083e-02 1.267650000000000027e-02 1.252810000000000035e-02 1.084579999999999919e-02 1.143029999999999914e-02 1.027360000000000079e-02
1.293090000000000038e-02 1.147160000000000020e-02 1.237090000000000065e-02 1.145179999999999983e-02 1.058590000000000052e-02 1.116890000000000070e-02 1.225440000000000036e-02 1.247960000000000041e-02
1.476210000000000022e-02 1.398639999999999953e-02 1.367190000000000072e-02 1.274529999999999934e-02 1.280880000000000039e-02 1.368420000000000053e-02 1.313970000000000068e-02 1.385420000000000054e-02
1.306460000000000087e-02 1.392679999999999960e-02 1.233249999999999971e-02 1.360669999999999935e-02 1.206609999999999974e-02 1.222499999999999976e-02 1.483250000000000020e-02 1.483720000000000004e-02
-1.410669999999999936e-03 -1.649309999999999969e-03 4.047079999999999883e-04 -1.396920000000000063e-03 -1.034820000000000097e-03 4.823359999999999844e-04 -8.552389999999999992e-03 -2.328850000000000158e-06
1.943239999999999898e-02 7.032940000000000025e-02 2.204429999999999931e-02 4.967799999999999994e-02 3.408880000000000243e-02 1.627009999999999915e-02 1.462570000000000016e-02 3.343940000000000107e-02
5.581950000000000106e-02 7.476710000000000300e-02 1.390339999999999979e-02 8.669119999999999604e-02 1.151729999999999976e-01 1.441409999999999914e-01 1.108149999999999968e-01 1.633900000000000075e-01
4.426729999999999832e-01 4.187270000000000159e-01 3.305119999999999725e-01 3.155359999999999832e-01 2.901170000000000138e-01 3.350369999999999737e-01 2.836489999999999845e-01 3.567150000000000043e-01
8.076440000000000285e-01 8.033439999999999470e-01 8.010199999999999543e-01 8.068030000000000479e-01 8.000650000000000261e-01 8.027339999999999476e-01 8.034909999999999553e-01 8.039960000000000440e-01
8.652999999999999581e-01 8.671180000000000554e-01 8.673640000000000239e-01 8.648320000000000451e-01 8.667179999999999884e-01 8.672959999999999559e-01 8.674720000000000208e-01 8.647899999999999476e-01
8.922830000000000483e-01 8.998209999999999820e-01 8.963809999999999834e-01 8.988000000000000433e-01 8.951820000000000332e-01 9.010340000000000016e-01 8.884239999999999915e-01 9.005640000000000311e-01
9.188530000000000308e-01 9.200169999999999737e-01 9.157129999999999992e-01 9.152230000000000087e-01 9.199180000000000135e-01 8.674669999999999881e-01 9.203559999999999519e-01 9.197210000000000107e-01
9.345830000000000526e-01 9.380730000000000457e-01 9.380020000000000024e-01 9.346130000000000271e-01 9.351509999999999545e-01 9.362810000000000299e-01 9.379979999999999984e-01 9.350640000000000063e-01
9.518090000000000162e-01 9.510030000000000427e-01 9.514099999999999779e-01 9.534989999999999855e-01 9.514690000000000092e-01 9.512019999999999920e-01 9.524500000000000188e-01 9.500089999999999923e-01
9.384280000000000399e-01 9.371289999999999898e-01 9.369210000000000038e-01 9.351920000000000233e-01 9.373529999999999918e-01 9.165630000000000166e-01 9.367480000000000251e-01 9.369570000000000398e-01
7.427319999999999478e-01 8.720839999999999703e-01 8.480590000000000073e-01 8.641250000000000320e-01 8.749810000000000088e-01 8.745079999999999520e-01 8.469470000000000054e-01 8.705310000000000548e-01
1.534959999999999936e-01 2.859160000000000035e-01 2.152360000000000106e-01 4.093069999999999764e-01 5.389930000000000554e-01 2.450269999999999948e-01 1.360699999999999965e-01 5.700140000000000207e-01
1.037720000000000031e-01 1.101769999999999972e-01 1.048469999999999958e-01 1.126429999999999931e-01 7.007910000000000528e-02 1.419610000000000039e-01 1.585679999999999867e-01 1.596829999999999916e-01
6.097770000000000273e-02 3.251649999999999680e-02 7.540929999999999855e-02 9.630479999999999596e-02 6.000950000000000034e-02 6.110190000000000066e-02 3.374980000000000341e-02 7.236549999999999927e-02
6.706319999999999990e-03 -1.306379999999999998e-03 6.856459999999999985e-03 9.931950000000001021e-04 1.082639999999999991e-02 1.118599999999999976e-02 4.170090000000000428e-03 5.525969999999999840e-03
7.434450000000000433e-03 1.055679999999999986e-02 1.024240000000000046e-02 8.738990000000000299e-03 6.282399999999999617e-03 2.893360000000000203e-03 8.340590000000000157e-03 1.050380000000000064e-02
9.938090000000000118e-03 9.539519999999999250e-03 1.198680000000000058e-02 1.191719999999999932e-02 1.039960000000000016e-02 1.266499999999999918e-02 1.027759999999999958e-02 1.169109999999999941e-02
1.272500000000000020e-02 1.199970000000000030e-02 1.161880000000000031e-02 1.414200000000000006e-02 1.061920000000000051e-02 1.179820000000000001e-02 1.301509999999999993e-02 1.400369999999999913e-02
1.220429999999999952e-02 1.402340000000000010e-02 1.275699999999999924e-02 1.352420000000000011e-02 1.565559999999999868e-02 1.257899999999999990e-02 1.214999999999999934e-02 1.389899999999999990e-02
1.567889999999999909e-02 1.275229999999999940e-02 1.418819999999999977e-02 1.479579999999999958e-02 1.233530000000000043e-02 1.350520000000000019e-02 1.338489999999999992e-02 1.366509999999999947e-02
4.900370000000000247e-04 -1.441460000000000094e-03 -1.160889999999999925e-03 -1.392519999999999956e-03 2.756419999999999877e-04 -2.271359999999999883e-04 1.493069999999999987e-03 -1.162059999999999916e-03
7.156830000000000136e-02 3.376130000000000103e-02 2.116490000000000038e-02 1.299070000000000086e-02 -3.697600000000000105e-03 2.548769999999999855e-02 1.592280000000000084e-02 5.429609999999999992e-02
1.500950000000000027e-02 7.569520000000000415e-02 9.602170000000000150e-02 2.455919999999999978e-02 1.141449999999999965e-01 4.417159999999999836e-02 8.464589999999999267e-03 1.001100000000000045e-01
2.308640000000000136e-01 3.358990000000000031e-01 4.941440000000000277e-01 3.065570000000000239e-01 2.468249999999999889e-01 1.558390000000000053e-01 5.319730000000000292e-01 1.762219999999999898e-01
8.043959999999999999e-01 8.011179999999999968e-01 8.040599999999999969e-01 8.003200000000000314e-01 7.774710000000000232e-01 8.042820000000000524e-01 8.038889999999999647e-01 8.031580000000000386e-01
8.646660000000000457e-01 8.653589999999999893e-01 8.648940000000000516e-01 8.668379999999999974e-01 8.584650000000000336e-01 8.658679999999999710e-01 8.662119999999999820e-01 8.650780000000000136e-01
8.935450000000000337e-01 8.996140000000000247e-01 8.960449999999999804e-01 8.955089999999999995e-01 8.982930000000000081e-01 8.974710000000000187e-01 8.964299999999999491e-01 8.998490000000000100e-01
9.196889999999999787e-01 9.196299999999999475e-01 9.194379999999999775e-01 9.203040000000000109e-01 9.183980000000000476e-01 9.204339999999999744e-01 9.165470000000000006e-01 9.194430000000000103e-01
9.342589999999999506e-01 9.354749999999999455e-01 9.348619999999999708e-01 9.395639999999999548e-01 9.316740000000000022e-01 9.344360000000000444e-01 9.392239999999999478e-01 9.378659999999999775e-01
9.509020000000000250e-01 9.513819999999999499e-01 9.469159999999999799e-01 9.529900000000000038e-01 9.527419999999999778e-01 9.502540000000000431e-01 9.501749999999999918e-01 9.507480000000000375e-01
9.367670000000000163e-01 9.357010000000000050e-01 9.373399999999999510e-01 9.370070000000000343e-01 9.398840000000000527e-01 9.400749999999999940e-01 9.391469999999999541e-01 9.365919999999999801e-01
8.732149999999999634e-01 5.510350000000000525e-01 8.185829999999999496e-01 8.718059999999999699e-01 7.781719999999999748e-01 8.690909999999999469e-01 8.734880000000000422e-01 8.704690000000000483e-01
5.075300000000000367e-01 5.166919999999999846e-02 2.675330000000000208e-01 1.184059999999999974e-01 3.137190000000000256e-01 4.333650000000000002e-01 2.571530000000000205e-01 5.676830000000000487e-01
9.527489999999999570e-02 1.227749999999999952e-01 1.123699999999999977e-01 1.290540000000000020e-01 1.344779999999999864e-01 1.091850000000000043e-01 1.348360000000000114e-01 1.222479999999999956e-01
7.711940000000000461e-02 1.161520000000000052e-01 5.926519999999999705e-02 7.355899999999999939e-02 6.727930000000000021e-02 6.022709999999999869e-02 5.197260000000000074e-02 1.862880000000000091e-02
2.361269999999999949e-03 1.912520000000000019e-03 1.167529999999999957e-02 1.311340000000000075e-02 3.620840000000000169e-03 5.975140000000000312e-03 -6.981039999999999988e-03 1.809650000000000147e-02
9.904029999999999431e-03 7.870679999999999690e-03 9.066740000000000216e-03 2.717330000000000006e-03 9.304859999999999867e-03 1.040450000000000055e-02 9.900050000000000516e-03 9.484519999999999756e-03
1.176980000000000040e-02 1.062180000000000069e-02 1.235430000000000035e-02 1.003470000000000056e-02 1.171460000000000036e-02 1.037210000000000042e-02 9.624519999999999256e-03 9.978499999999999523e-03
1.213389999999999955e-02 1.288060000000000073e-02 1.245839999999999968e-02 1.089030000000000033e-02 1.225180000000000019e-02 1.314670000000000075e-02 1.177809999999999968e-02 1.216279999999999965e-02
1.302219999999999940e-02 1.323790000000000036e-02 1.258410000000000084e-02 1.299259999999999998e-02 1.454139999999999947e-02 1.270349999999999951e-02 1.325849999999999945e-02 1.261770000000000079e-02
1.440559999999999931e-02 1.407809999999999964e-02 1.336080000000000080e-02 1.442079999999999924e-02 1.516439999999999975e-02 1.485189999999999948e-02 1.323640000000000060e-02 1.355750000000000011e-02
-1.617139999999999984e-03 -7.480009999999999556e-05 -1.729330000000000060e-03 1.020690000000000014e-04 -1.952599999999999974e-04 -1.677630000000000050e-03 -1.045960000000000075e-03 5.392889999999999793e-04
1.612629999999999966e-02 5.156890000000000085e-02 2.411519999999999983e-02 3.715469999999999884e-02 -8.722499999999999785e-04 3.436730000000000340e-02 3.542340000000000072e-02 1.846789999999999890e-02
2.931279999999999997e-02 3.468120000000000230e-02 1.103459999999999996e-01 7.564410000000000578e-02 7.712270000000000236e-02 5.431110000000000104e-02 9.292129999999999834e-02 9.647550000000000570e-02
1.811709999999999987e-01 2.074489999999999945e-01 4.217899999999999983e-01 1.351009999999999989e-01 3.250279999999999836e-01 3.383099999999999996e-01 2.978740000000000276e-01 3.086610000000000187e-01
8.026879999999999571e-01 8.026320000000000121e-01 8.062669999999999559e-01 7.995200000000000085e-01 8.068539999999999601e-01 8.032890000000000308e-01 8.029920000000000391e-01 7.928380000000000427e-01
8.633960000000000523e-01 8.675519999999999898e-01 8.661799999999999500e-01 8.656380000000000186e-01 8.653129999999999988e-01 8.649510000000000254e-01 8.644720000000000182e-01 8.653030000000000443e-01
8.982040000000000024e-01 9.006239999999999801e-01 9.130709999999999660e-01 8.986480000000000024e-01 9.003780000000000117e-01 8.983090000000000241e-01 8.961999999999999966e-01 8.995999999999999552e-01
9.163829999999999476e-01 9.183280000000000332e-01 9.193230000000000013e-01 9.200559999999999850e-01 9.194780000000000175e-01 9.151399999999999535e-01 9.270350000000000534e-01 9.196860000000000035e-01
9.381479999999999819e-01 9.390439999999999898e-01 9.374679999999999680e-01 9.345360000000000333e-01 9.398469999999999880e-01 9.344569999999999821e-01 9.343909999999999716e-01 9.383359999999999479e-01
9.533049999999999580e-01 9.508839999999999515e-01 9.504979999999999540e-01 9.507590000000000208e-01 9.505169999999999453e-01 9.524449999999999861e-01 9.514529999999999932e-01 9.520629999999999926e-01
9.408290000000000264e-01 9.371000000000000441e-01 9.370840000000000281e-01 7.624210000000000154e-01 9.415310000000000068e-01 9.365900000000000336e-01 9.372150000000000203e-01 9.411680000000000046e-01
6.121429999999999927e-01 8.418560000000000487e-01 8.704129999999999923e-01 8.706180000000000030e-01 8.730750000000000455e-01 8.712159999999999904e-01 8.699379999999999891e-01 8.712090000000000112e-01
2.674849999999999728e-01 2.508529999999999927e-01 1.339700000000000057e-01 5.405130000000000212e-01 3.333550000000000124e-01 5.001470000000000082e-01 1.243520000000000042e-01 3.276209999999999956e-01
1.000550000000000050e-01 2.072890000000000010e-01 6.764670000000000405e-02 1.067540000000000017e-01 1.917040000000000133e-01 1.437470000000000137e-01 1.082010000000000055e-01 6.686490000000000489e-02
3.886520000000000252e-02 1.687999999999999917e-02 4.578800000000000231e-02 8.287219999999999309e-02 6.433980000000000254e-02 4.716270000000000184e-02 7.709280000000000299e-02 6.179529999999999745e-02
5.659380000000000313e-03 1.048400000000000026e-02 1.269130000000000084e-02 -4.023130000000000087e-04 1.530480000000000035e-02 4.493360000000000062e-03 1.143770000000000030e-02 1.883569999999999993e-03
8.517280000000000337e-03 8.624069999999999306e-03 7.701269999999999644e-03 7.149629999999999701e-03 1.010059999999999951e-02 9.162949999999999567e-03 8.607599999999999973e-03 8.204080000000000747e-03
1.105979999999999984e-02 1.103690000000000053e-02 1.000569999999999932e-02 1.278669999999999980e-02 1.156489999999999949e-02 1.054539999999999991e-02 1.070070000000000049e-02 1.138040000000000058e-02
1.182320000000000072e-02 1.261480000000000067e-02 1.162320000000000020e-02 1.209859999999999929e-02 1.300690000000000006e-02 1.260679999999999960e-02 1.193759999999999960e-02 1.227409999999999959e-02
1.390710000000000036e-02 1.223600000000000035e-02 1.398759999999999934e-02 1.392529999999999983e-02 1.322820000000000072e-02 1.441699999999999926e-02 1.372209999999999923e-02 1.288350000000000085e-02
1.490969999999999969e-02 1.514360000000000012e-02 1.583489999999999898e-02 1.341700000000000011e-02 1.270169999999999980e-02 1.446960000000000086e-02 1.246330000000000007e-02 1.424929999999999947e-02
-7.685119999999999495e-04 -1.579370000000000079e-03 -3.833169999999999893e-03 -1.380050000000000070e-03 1.383400000000000070e-04 -6.170670000000000061e-04 4.626930000000000235e-04 3.434249999999999857e-05
2.163489999999999858e-02 4.547360000000000291e-02 1.331339999999999954e-02 8.206620000000000581e-02 1.089449999999999967e-02 3.371289999999999704e-02 2.790530000000000094e-02 3.636020000000000224e-02
4.376039999999999791e-02 1.680119999999999877e-02 3.211730000000000140e-02 7.682250000000000190e-02 8.641529999999999698e-03 3.685929999999999762e-02 1.342760000000000065e-01 1.214090000000000030e-01
4.243310000000000137e-01 1.201070000000000054e-01 4.249689999999999857e-01 2.507530000000000037e-01 3.931870000000000087e-01 4.749360000000000248e-01 2.972629999999999995e-01 4.225709999999999744e-01
8.017180000000000417e-01 8.028990000000000293e-01 7.999370000000000092e-01 8.066659999999999942e-01 7.670050000000000479e-01 7.869249999999999856e-01 8.081920000000000215e-01 7.586399999999999810e-01
8.605699999999999461e-01 8.670799999999999619e-01 8.662170000000000147e-01 8.669329999999999536e-01 8.665049999999999697e-01 8.667569999999999997e-01 8.647169999999999579e-01 8.645009999999999639e-01
8.962219999999999631e-01 8.965330000000000243e-01 9.008720000000000061e-01 8.994769999999999710e-01 9.006290000000000129e-01 8.984959999999999614e-01 8.953659999999999952e-01 8.981249999999999512e-01
9.132839999999999847e-01 9.195830000000000393e-01 9.203120000000000189e-01 9.192979999999999485e-01 9.195809999999999818e-01 9.213540000000000063e-01 9.198969999999999647e-01 9.201610000000000067e-01
9.387520000000000309e-01 9.361049999999999649e-01 9.335849999999999982e-01 9.372650000000000148e-01 9.365729999999999889e-01 9.347910000000000386e-01 9.393599999999999728e-01 9.398060000000000302e-01
9.522749999999999826e-01 9.504810000000000203e-01 9.521699999999999608e-01 9.506229999999999958e-01 9.506700000000000150e-01 9.515719999999999734e-01 9.534580000000000277e-01 9.505940000000000500e-01
9.385679999999999579e-01 9.371699999999999475e-01 9.372920000000000140e-01 9.366309999999999913e-01 9.369549999999999823e-01 9.370969999999999578e-01 9.369680000000000231e-01 9.368490000000000428e-01
8.727530000000000010e-01 8.714950000000000196e-01 8.456380000000000008e-01 8.731590000000000185e-01 8.698949999999999738e-01 8.738700000000000356e-01 8.392469999999999652e-01 8.726699999999999458e-01
2.689199999999999924e-01 2.657729999999999815e-01 5.801659999999999595e-01 1.609289999999999887e-01 1.809620000000000117e-01 1.374190000000000134e-01 1.415089999999999959e-01 4.215920000000000223e-01
1.116439999999999932e-01 1.264170000000000016e-01 7.939720000000000111e-02 9.167269999999999586e-02 9.064759999999999485e-02 1.049439999999999956e-01 1.265709999999999891e-01 1.745379999999999987e-01
4.101069999999999716e-02 5.646709999999999924e-02 7.771390000000000242e-02 7.429390000000000126e-03 9.484570000000000500e-02 7.907140000000000002e-02 5.912739999999999663e-02 5.480659999999999699e-02
1.021269999999999990e-02 1.204760000000000032e-02 -3.226609999999999982e-03 2.903939999999999820e-03 5.081259999999999770e-03 6.391410000000000147e-03 6.779920000000000044e-03 4.514029999999999605e-03
9.459280000000000466e-03 1.078969999999999929e-02 7.721239999999999874e-03 1.065379999999999973e-02 4.706929999999999795e-03 1.061050000000000014e-02 9.366050000000000764e-03 1.002910000000000086e-02
9.600759999999999850e-03 1.126040000000000027e-02 1.134879999999999917e-02 1.123949999999999949e-02 1.069130000000000080e-02 1.045950000000000005e-02 1.046769999999999992e-02 1.123569999999999951e-02
1.065669999999999985e-02 1.097599999999999965e-02 1.303080000000000037e-02 1.224749999999999971e-02 1.379080000000000063e-02 1.329709999999999920e-02 1.307999999999999961e-02 1.141829999999999928e-02
1.373390000000000027e-02 1.387460000000000082e-02 1.418699999999999996e-02 1.275800000000000024e-02 1.488689999999999979e-02 1.388479999999999923e-02 1.353569999999999947e-02 1.278100000000000069e-02
1.566379999999999856e-02 1.481930000000000053e-02 1.445899999999999963e-02 1.500070000000000049e-02 1.557459999999999921e-02 1.585150000000000101e-02 1.357530000000000021e-02 1.427840000000000012e-02
2.842840000000000042e-05 4.899600000000000049e-04 -1.655489999999999913e-03 -1.658350000000000058e-03 -1.360840000000000096e-03 7.101650000000000150e-04 -1.193130000000000010e-04 -1.633310000000000014e-03
5.053980000000000278e-02 5.583260000000000306e-02 3.259800000000000197e-02 4.397750000000000270e-02 1.952069999999999847e-02 5.399020000000000208e-02 3.689549999999999774e-02 -4.552999999999999756e-03
6.372450000000000336e-02 1.627769999999999911e-02 4.803129999999999900e-02 1.258400000000000074e-01 7.020769999999999789e-02 8.853030000000000621e-02 3.213329999999999659e-02 1.061829999999999996e-01
3.766450000000000076e-01 8.967340000000000033e-02 5.189130000000000131e-02 3.688279999999999892e-01 3.060820000000000207e-01 4.888069999999999915e-01 4.841389999999999860e-01 1.519890000000000130e-01
8.004409999999999581e-01 7.784290000000000376e-01 8.000789999999999846e-01 8.007309999999999706e-01 4.778109999999999857e-01 8.036710000000000242e-01 8.042340000000000044e-01 8.033759999999999790e-01
8.671609999999999596e-01 8.650750000000000384e-01 8.658310000000000173e-01 8.660619999999999985e-01 8.670809999999999906e-01 8.667300000000000004e-01 8.664969999999999617e-01 8.662459999999999605e-01
9.022299999999999764e-01 8.987049999999999761e-01 8.954539999999999722e-01 8.958239999999999537e-01 9.000949999999999784e-01 8.994590000000000085e-01 8.996769999999999490e-01 8.963710000000000289e-01
9.171350000000000335e-01 9.198250000000000037e-01 9.156090000000000062e-01 9.195740000000000025e-01 9.202939999999999454e-01 9.215480000000000338e-01 9.197469999999999812e-01 9.169709999999999805e-01
9.397510000000000030e-01 9.341429999999999456e-01 9.350969999999999560e-01 9.345269999999999966e-01 9.397579999999999822e-01 9.379849999999999577e-01 9.353449999999999820e-01 9.382340000000000124e-01
9.535059999999999647e-01 9.533500000000000307e-01 9.514369999999999772e-01 9.535860000000000447e-01 9.492890000000000494e-01 9.504890000000000283e-01 9.514629999999999477e-01 9.507409999999999473e-01
9.401209999999999845e-01 9.345769999999999911e-01 9.391040000000000498e-01 9.375740000000000185e-01 9.373609999999999998e-01 9.371669999999999723e-01 9.370899999999999785e-01 9.397149999999999670e-01
8.743889999999999718e-01 8.715500000000000469e-01 8.723530000000000451e-01 8.726709999999999745e-01 8.721130000000000271e-01 7.996619999999999839e-01 8.733819999999999917e-01 8.734579999999999567e-01
4.548220000000000041e-01 2.261839999999999962e-01 5.726970000000000116e-01 4.751630000000000020e-01 5.520629999999999704e-01 5.597520000000000273e-01 1.394990000000000119e-01 1.961489999999999900e-01
1.545650000000000079e-01 1.173720000000000041e-01 6.960360000000000158e-02 1.205449999999999994e-01 1.221420000000000006e-01 1.109009999999999996e-01 1.758510000000000073e-01 1.012160000000000004e-01
7.184699999999999420e-02 4.320559999999999679e-02 8.424239999999999506e-02 3.619700000000000001e-02 7.497510000000000285e-02 2.224579999999999960e-02 3.809400000000000286e-02 1.012939999999999952e-01
2.024699999999999937e-03 6.891689999999999795e-03 4.780949999999999957e-04 7.723609999999999677e-03 9.996490000000000237e-03 1.458390000000000034e-02 1.396140000000000055e-02 5.646879999999999955e-03
1.071940000000000046e-02 8.095059999999999409e-03 9.686919999999999906e-03 9.147759999999999572e-03 1.097139999999999921e-02 8.860770000000000451e-03 1.026419999999999937e-02 5.154050000000000298e-03
1.162870000000000049e-02 1.097109999999999926e-02 1.163630000000000046e-02 1.157279999999999941e-02 1.043600000000000083e-02 1.091489999999999995e-02 1.183649999999999980e-02 1.206989999999999973e-02
1.407800000000000024e-02 1.353299999999999989e-02 1.261029999999999963e-02 1.151220000000000021e-02 1.275530000000000067e-02 1.204050000000000085e-02 1.377620000000000060e-02 1.181120000000000086e-02
1.404970000000000004e-02 1.336430000000000083e-02 1.065080000000000020e-02 1.297719999999999950e-02 1.313150000000000081e-02 1.452640000000000008e-02 1.174389999999999983e-02 1.310129999999999975e-02
1.269099999999999916e-02 1.438170000000000073e-02 1.251999999999999988e-02 1.451060000000000023e-02 1.329379999999999971e-02 1.385579999999999971e-02 1.276369999999999935e-02 1.297749999999999945e-02
-1.534820000000000108e-03 -5.220550000000000017e-05 -1.380029999999999972e-03 -1.756870000000000003e-03 6.879860000000000229e-04 -1.475420000000000073e-03 -3.057649999999999865e-03 -1.695749999999999992e-03
2.986230000000000134e-02 2.760340000000000016e-02 5.914570000000000244e-02 1.618700000000000000e-02 3.055530000000000052e-02 2.700079999999999841e-02 2.970139999999999933e-02 2.316179999999999975e-02
1.282069999999999876e-01 5.446249999999999702e-02 3.447120000000000045e-02 8.815059999999999563e-02 5.077410000000000256e-02 7.702900000000000025e-02 6.886480000000000379e-02 8.231620000000000603e-02
4.084920000000000218e-01 2.498180000000000123e-01 1.826909999999999923e-01 2.930809999999999804e-01 2.419360000000000122e-01 3.811370000000000036e-01 5.235800000000000454e-01 4.132959999999999967e-01
8.046600000000000419e-01 8.044099999999999584e-01 7.998530000000000362e-01 8.070239999999999636e-01 4.740750000000000242e-01 8.052599999999999758e-01 7.205430000000000446e-01 7.051490000000000258e-01
8.664500000000000535e-01 8.676930000000000476e-01 8.659480000000000510e-01 8.678789999999999560e-01 8.672790000000000221e-01 8.676479999999999748e-01 8.568139999999999645e-01 8.668400000000000549e-01
8.977180000000000160e-01 8.971620000000000150e-01 8.962400000000000366e-01 9.002780000000000227e-01 9.005800000000000471e-01 8.993449999999999500e-01 8.959650000000000114e-01 8.992869999999999475e-01
9.191780000000000506e-01 9.154849999999999932e-01 9.170639999999999903e-01 9.163400000000000434e-01 9.199159999999999560e-01 9.197450000000000347e-01 9.156189999999999607e-01 9.203240000000000309e-01
9.375949999999999562e-01 9.387029999999999541e-01 9.346339999999999648e-01 9.346600000000000463e-01 9.299739999999999673e-01 9.343789999999999596e-01 9.351939999999999698e-01 9.396700000000000053e-01
9.536010000000000320e-01 9.532960000000000322e-01 9.506740000000000190e-01 9.508140000000000480e-01 9.506240000000000245e-01 9.507929999999999993e-01 9.535289999999999599e-01 9.505259999999999820e-01
9.414150000000000018e-01 9.410070000000000379e-01 9.244069999999999787e-01 9.365679999999999561e-01 9.382160000000000499e-01 9.371220000000000105e-01 9.373519999999999630e-01 9.371899999999999675e-01
8.677970000000000406e-01 8.716540000000000399e-01 8.610929999999999973e-01 8.196569999999999689e-01 8.731299999999999617e-01 8.733779999999999877e-01 8.717740000000000489e-01 8.706589999999999607e-01
3.286950000000000149e-01 2.013449999999999962e-01 2.836159999999999792e-01 2.529939999999999967e-01 8.614299999999999735e-02 4.341349999999999931e-01 3.277720000000000078e-01 2.221049999999999969e-01
1.318860000000000032e-01 1.753589999999999871e-01 1.515309999999999990e-01 1.667510000000000103e-01 5.606730000000000047e-02 1.293420000000000125e-01 1.184530000000000027e-01 7.908709999999999352e-02
6.496480000000000310e-02 7.874799999999999855e-02 5.017690000000000344e-02 5.748240000000000294e-02 1.135020000000000057e-01 6.062290000000000040e-02 5.922829999999999762e-02 6.364129999999999787e-02
5.327329999999999913e-03 1.405950000000000082e-02 3.308800000000000196e-03 3.295709999999999872e-03 1.363409999999999969e-02 5.894719999999999994e-03 5.013929999999999776e-03 -2.565899999999999865e-03
1.009600000000000081e-02 8.407879999999999521e-03 7.615979999999999625e-03 7.839149999999999591e-03 9.654799999999999841e-03 9.699609999999999135e-03 6.840100000000000000e-03 9.855209999999999665e-03
1.058899999999999945e-02 1.130699999999999934e-02 1.006220000000000031e-02 1.122010000000000021e-02 1.023519999999999985e-02 1.127210000000000018e-02 1.241790000000000081e-02 1.133789999999999971e-02
1.131880000000000039e-02 1.150220000000000062e-02 1.228689999999999991e-02 1.073479999999999920e-02 1.383020000000000083e-02 1.325540000000000052e-02 1.049250000000000009e-02 1.135249999999999974e-02
1.195180000000000027e-02 1.354610000000000015e-02 1.262560000000000071e-02 1.262480000000000026e-02 1.377220000000000007e-02 1.497919999999999981e-02 1.476509999999999975e-02 1.359329999999999913e-02
1.604490000000000083e-02 1.463219999999999972e-02 1.429380000000000060e-02 1.392050000000000058e-02 1.235960000000000010e-02 1.362140000000000052e-02 1.268500000000000009e-02 1.440229999999999982e-02
-1.034130000000000075e-03 -1.688969999999999924e-03 -1.482999999999999943e-03 4.686219999999999730e-04 -1.643780000000000067e-03 -5.050690000000000257e-04 -2.894160000000000222e-04 -1.218029999999999937e-03
8.748740000000000683e-02 2.602199999999999999e-02 6.056229999999999947e-02 3.791089999999999738e-02 3.379370000000000290e-02 2.434410000000000046e-02 6.201059999999999905e-02 1.740150000000000030e-02
1.148789999999999950e-01 3.179169999999999913e-02 3.535420000000000229e-02 2.396370000000000097e-02 1.614739999999999925e-02 7.494989999999999986e-02 1.022689999999999988e-01 2.126520000000000146e-02
2.959680000000000089e-01 2.053109999999999935e-01 2.578639999999999821e-01 4.017660000000000120e-01 2.895349999999999868e-01 1.224969999999999948e-01 5.215729999999999533e-01 2.220979999999999899e-01
8.065890000000000004e-01 4.471870000000000012e-01 8.011220000000000008e-01 8.030150000000000343e-01 7.558960000000000123e-01 8.002019999999999689e-01 8.072730000000000183e-01 8.065090000000000314e-01
8.668620000000000214e-01 8.660489999999999577e-01 8.641259999999999497e-01 8.658719999999999750e-01 8.655610000000000248e-01 8.678360000000000518e-01 8.675059999999999993e-01 8.652640000000000331e-01
8.955309999999999659e-01 8.967910000000000048e-01 8.964250000000000274e-01 8.979409999999999892e-01 8.963259999999999561e-01 8.996239999999999792e-01 8.963910000000000489e-01 8.963790000000000369e-01
9.191240000000000521e-01 9.152299999999999880e-01 9.149869999999999948e-01 9.204560000000000519e-01 9.040209999999999635e-01 9.155379999999999630e-01 9.281840000000000090e-01 9.154989999999999517e-01
9.397950000000000470e-01 9.346879999999999633e-01 9.382449999999999957e-01 9.381199999999999539e-01 9.362460000000000226e-01 9.345099999999999518e-01 9.346039999999999903e-01 9.398530000000000495e-01
9.468419999999999614e-01 9.528489999999999460e-01 9.536419999999999897e-01 9.505949999999999678e-01 9.532699999999999507e-01 9.533540000000000347e-01 9.534399999999999542e-01 9.516240000000000254e-01
9.370389999999999553e-01 9.277649999999999508e-01 9.378309999999999702e-01 9.371819999999999595e-01 9.371180000000000065e-01 9.393099999999999783e-01 9.399830000000000130e-01 9.413930000000000353e-01
8.736220000000000097e-01 8.728350000000000275e-01 8.597540000000000182e-01 8.752480000000000260e-01 8.713779999999999859e-01 8.717019999999999769e-01 8.711330000000000462e-01 8.713049999999999962e-01
3.955520000000000147e-01 3.260759999999999770e-01 2.612320000000000197e-01 3.082389999999999852e-01 2.545749999999999957e-01 1.334430000000000061e-01 4.520129999999999981e-01 1.818839999999999901e-01
1.375319999999999876e-01 1.293690000000000118e-01 6.615210000000000534e-02 1.411640000000000117e-01 1.734519999999999951e-01 1.546160000000000034e-01 1.062590000000000062e-01 7.587299999999999600e-02
8.467940000000000189e-02 1.038179999999999936e-01 5.564460000000000239e-02 4.982999999999999929e-02 1.235229999999999939e-01 2.159710000000000102e-02 5.607449999999999934e-02 8.823100000000000387e-02
9.561770000000000685e-03 1.504209999999999922e-02 7.246960000000000207e-03 1.055399999999999915e-02 3.738650000000000046e-03 5.671640000000000362e-03 5.027069999999999803e-03 1.703620000000000134e-02
8.138340000000000851e-03 7.321799999999999836e-03 1.078499999999999945e-02 1.000449999999999950e-02 5.309740000000000293e-03 9.072520000000000584e-03 9.996990000000000737e-03 8.812040000000000151e-03
1.116840000000000020e-02 1.099729999999999978e-02 1.048770000000000084e-02 1.167950000000000065e-02 1.212279999999999955e-02 1.141759999999999997e-02 1.073610000000000016e-02 1.311629999999999914e-02
1.198759999999999930e-02 1.367769999999999923e-02 1.084949999999999977e-02 1.095759999999999963e-02 1.205810000000000042e-02 1.229399999999999937e-02 1.293200000000000079e-02 1.231450000000000079e-02
1.368690000000000011e-02 1.363639999999999991e-02 1.371630000000000071e-02 1.269580000000000014e-02 1.214420000000000083e-02 1.365189999999999980e-02 1.236770000000000057e-02 1.159929999999999989e-02
1.422260000000000017e-02 1.328520000000000048e-02 1.390240000000000052e-02 1.303379999999999990e-02 1.249560000000000080e-02 1.300920000000000028e-02 1.258680000000000042e-02 1.318579999999999926e-02
-3.773989999999999962e-04 -1.379669999999999942e-03 1.982879999999999962e-04 5.052369999999999604e-04 -1.315140000000000016e-03 2.954659999999999795e-04 5.090300000000000510e-04 1.460290000000000040e-05
3.980170000000000236e-02 2.309189999999999854e-02 4.534359999999999780e-02 3.036070000000000088e-02 2.918220000000000015e-03 4.367800000000000155e-02 2.583540000000000142e-02 7.836819999999999897e-02
1.122770000000000018e-01 2.659540000000000168e-02 6.634929999999999994e-02 1.685139999999999902e-02 9.873510000000000619e-02 4.112210000000000171e-02 5.423789999999999861e-02 7.724079999999999835e-02
5.396699999999999831e-01 3.777349999999999874e-01 3.010200000000000098e-01 1.034130000000000049e-01 2.845610000000000084e-01 1.501879999999999882e-01 1.726989999999999914e-01 2.471270000000000133e-01
7.598519999999999719e-01 7.994630000000000347e-01 8.082350000000000367e-01 8.039209999999999967e-01 6.460350000000000259e-01 8.014019999999999477e-01 7.984430000000000138e-01 8.002939999999999499e-01
8.532910000000000217e-01 8.672870000000000301e-01 8.670369999999999466e-01 8.657200000000000450e-01 7.487230000000000274e-01 8.652670000000000083e-01 8.649710000000000454e-01 8.660120000000000040e-01
8.953430000000000000e-01 8.967870000000000008e-01 9.008319999999999661e-01 8.985889999999999711e-01 8.908800000000000052e-01 9.001829999999999554e-01 8.996739999999999737e-01 8.957300000000000262e-01
9.198410000000000197e-01 9.202310000000000212e-01 9.196940000000000115e-01 9.169490000000000141e-01 9.182040000000000202e-01 9.155699999999999950e-01 9.182289999999999619e-01 9.197330000000000227e-01
9.344400000000000484e-01 9.345489999999999631e-01 9.379100000000000215e-01 9.391150000000000331e-01 9.389739999999999753e-01 9.397910000000000430e-01 9.380370000000000097e-01 9.346510000000000096e-01
9.529659999999999798e-01 9.513779999999999459e-01 9.503479999999999706e-01 9.535839999999999872e-01 9.501279999999999726e-01 9.512990000000000057e-01 9.513819999999999499e-01 9.504949999999999788e-01
9.318239999999999856e-01 8.888270000000000337e-01 9.416240000000000165e-01 9.374700000000000255e-01 9.368980000000000086e-01 9.416309999999999958e-01 9.371950000000000003e-01 8.805809999999999471e-01
8.727200000000000513e-01 8.732259999999999467e-01 8.657820000000000515e-01 6.901920000000000277e-01 6.267989999999999950e-01 8.730839999999999712e-01 8.704910000000000148e-01 8.705509999999999637e-01
4.003999999999999782e-01 5.683080000000000354e-01 5.929520000000000346e-01 3.163030000000000008e-01 5.687250000000000361e-01 5.474329999999999474e-01 4.400499999999999967e-01 1.772040000000000004e-01
1.355399999999999938e-01 1.235070000000000057e-01 1.599440000000000028e-01 1.075340000000000046e-01 7.566009999999999402e-02 1.409999999999999865e-01 1.504840000000000066e-01 1.132250000000000062e-01
8.823040000000000049e-02 9.134810000000000152e-02 9.365099999999999814e-02 6.302119999999999944e-02 1.237280000000000046e-01 7.265829999999999511e-02 4.028360000000000274e-02 5.570370000000000182e-02
-5.493800000000000072e-03 3.647249999999999884e-03 4.947649999999999618e-03 1.992680000000000146e-03 8.161959999999999354e-03 -3.273780000000000006e-03 1.388359999999999941e-02 3.051309999999999786e-03
7.938129999999999839e-03 9.921269999999999395e-03 9.952179999999999707e-03 9.598169999999999619e-03 8.475379999999999373e-03 1.043569999999999914e-02 5.762200000000000308e-03 8.118709999999999469e-03
1.143689999999999984e-02 1.206929999999999982e-02 1.039320000000000001e-02 1.069499999999999965e-02 1.191919999999999959e-02 1.276389999999999990e-02 1.189529999999999928e-02 1.138079999999999994e-02
1.057259999999999971e-02 1.270289999999999961e-02 1.236390000000000058e-02 1.240800000000000063e-02 1.149949999999999931e-02 1.246069999999999990e-02 1.055530000000000010e-02 1.244010000000000081e-02
1.138800000000000055e-02 1.376740000000000082e-02 1.078250000000000042e-02 1.192640000000000020e-02 1.407390000000000030e-02 1.460859999999999936e-02 1.256159999999999916e-02 1.215579999999999959e-02
1.268599999999999936e-02 1.500499999999999924e-02 1.571010000000000115e-02 1.357069999999999978e-02 1.294440000000000000e-02 1.415289999999999951e-02 1.272049999999999917e-02 1.370500000000000017e-02
-9.737660000000000413e-04 -2.667930000000000215e-03 -1.453120000000000019e-03 -4.422839999999999823e-05 -1.536809999999999999e-03 3.072889999999999780e-04 -9.732989999999999524e-04 -1.366210000000000081e-03
1.003680000000000024e-02 1.615829999999999957e-03 5.027929999999999899e-02 3.693219999999999836e-02 1.021930000000000061e-02 4.841709999999999764e-02 5.152299999999999935e-02 1.161919999999999967e-02
6.230680000000000246e-02 1.088829999999999937e-01 9.335569999999999979e-02 7.751249999999999807e-02 1.219640000000000030e-01 1.279279999999999862e-01 3.754960000000000242e-02 1.129570000000000018e-01
3.660459999999999825e-01 3.427660000000000151e-01 3.397780000000000244e-01 4.321510000000000074e-01 3.815080000000000138e-01 4.385260000000000269e-01 3.939969999999999861e-01 3.511960000000000082e-01
8.087860000000000049e-01 8.074649999999999883e-01 8.017870000000000275e-01 8.060380000000000322e-01 8.009840000000000293e-01 8.065330000000000554e-01 8.026210000000000289e-01 8.051580000000000403e-01
8.656310000000000393e-01 8.659189999999999943e-01 8.635319999999999663e-01 8.648160000000000291e-01 8.665859999999999674e-01 8.677190000000000181e-01 8.642840000000000522e-01 8.659480000000000510e-01
9.007770000000000499e-01 9.010089999999999488e-01 8.994750000000000245e-01 8.992820000000000258e-01 9.005520000000000191e-01 8.963299999999999601e-01 8.995589999999999975e-01 8.953950000000000520e-01
9.146959999999999535e-01 9.155630000000000157e-01 9.153540000000000010e-01 9.199840000000000240e-01 9.157180000000000319e-01 9.202040000000000219e-01 9.182209999999999539e-01 9.204419999999999824e-01
9.351800000000000113e-01 9.395919999999999828e-01 9.398579999999999712e-01 9.153529999999999722e-01 9.344719999999999693e-01 9.391180000000000083e-01 9.338220000000000409e-01 9.335440000000000405e-01
9.513190000000000257e-01 9.513800000000000034e-01 9.513650000000000162e-01 9.513150000000000217e-01 9.506529999999999703e-01 9.507229999999999848e-01 9.516329999999999512e-01 9.527099999999999458e-01
9.374249999999999527e-01 9.097549999999999804e-01 9.360439999999999872e-01 9.416109999999999758e-01 9.411620000000000541e-01 9.371880000000000210e-01 9.399779999999999802e-01 9.411469999999999558e-01
8.717489999999999961e-01 8.706479999999999775e-01 8.728590000000000515e-01 8.684539999999999482e-01 8.554680000000000062e-01 8.732360000000000122e-01 8.194869999999999655e-01 8.040920000000000289e-01
1.519800000000000040e-01 5.870699999999999807e-01 2.832250000000000045e-01 2.143400000000000027e-01 4.146020000000000261e-01 2.599690000000000056e-01 4.850470000000000059e-01 3.006900000000000128e-01
9.422869999999999857e-02 1.084620000000000029e-01 9.109169999999999767e-02 1.502819999999999989e-01 9.392699999999999660e-02 1.302760000000000029e-01 7.439450000000000229e-02 1.190299999999999969e-01
6.775910000000000266e-02 2.848840000000000053e-02 5.049230000000000038e-03 5.206680000000000336e-02 9.625209999999999322e-02 6.944509999999999572e-02 6.370879999999999599e-02 1.912969999999999948e-02
4.770489999999999627e-03 6.605910000000000427e-03 7.351769999999999659e-03 1.020279999999999972e-02 5.563349999999999893e-03 1.528440000000000007e-02 9.831029999999999283e-03 -3.902789999999999948e-04
7.789950000000000346e-03 7.721310000000000326e-03 8.408530000000000865e-03 9.139390000000000708e-03 8.593240000000000253e-03 9.582870000000000277e-03 1.011150000000000070e-02 9.785270000000000426e-03
1.108999999999999916e-02 1.138169999999999980e-02 1.082619999999999937e-02 1.159029999999999956e-02 1.078119999999999946e-02 1.080489999999999923e-02 1.033610000000000084e-02 1.030859999999999936e-02
1.215439999999999923e-02 1.155879999999999928e-02 1.230020000000000072e-02 1.220199999999999931e-02 1.209479999999999930e-02 1.289919999999999956e-02 1.255769999999999977e-02 1.218769999999999923e-02
1.441510000000000014e-02 1.087839999999999988e-02 1.244040000000000076e-02 1.125929999999999986e-02 1.181210000000000072e-02 1.201080000000000030e-02 1.277310000000000077e-02 1.332470000000000009e-02
1.127910000000000024e-02 1.264760000000000016e-02 1.461840000000000014e-02 1.383159999999999945e-02 1.489260000000000063e-02 1.427510000000000064e-02 1.264490000000000058e-02 1.405550000000000029e-02
2.981840000000000033e-04 -3.354710000000000276e-05 -1.508430000000000057e-03 3.484879999999999879e-04 -5.453429999999999996e-04 -1.602560000000000052e-03 -1.643579999999999954e-03 -1.087999999999999991e-03
3.747330000000000105e-02 2.424319999999999947e-02 7.540360000000000291e-03 2.961489999999999956e-02 4.325690000000000091e-02 1.973460000000000145e-02 1.860039999999999957e-02 3.387240000000000129e-03
5.548890000000000072e-02 3.651329999999999854e-02 1.091919999999999974e-01 3.405539999999999956e-02 3.740910000000000069e-02 6.309170000000000056e-02 4.184159999999999963e-02 5.903989999999999932e-02
3.359590000000000076e-01 2.004110000000000058e-01 9.252860000000000251e-02 4.300729999999999831e-01 3.510650000000000159e-01 1.768619999999999914e-01 4.049599999999999866e-01 1.496000000000000107e-01
8.035919999999999730e-01 8.041449999999999987e-01 8.071040000000000436e-01 4.712279999999999802e-01 8.057630000000000070e-01 6.639479999999999826e-01 8.067509999999999959e-01 8.020810000000000439e-01
8.660219999999999585e-01 8.639409999999999590e-01 8.648179999999999756e-01 8.007220000000000448e-01 8.673560000000000159e-01 8.655089999999999728e-01 8.670790000000000441e-01 8.677280000000000548e-01
9.005400000000000071e-01 9.008289999999999909e-01 8.997880000000000322e-01 8.964090000000000114e-01 8.974760000000000515e-01 8.979740000000000499e-01 8.971040000000000125e-01 8.953349999999999920e-01
9.165360000000000174e-01 9.147710000000000008e-01 9.191080000000000361e-01 9.200990000000000002e-01 9.158340000000000369e-01 9.198169999999999957e-01 9.155659999999999910e-01 9.178349999999999564e-01
9.377739999999999965e-01 9.345759999999999623e-01 9.379509999999999792e-01 9.346700000000000008e-01 9.379739999999999744e-01 9.341639999999999944e-01 9.397720000000000518e-01 9.391289999999999916e-01
9.476679999999999549e-01 9.509959999999999525e-01 9.515839999999999854e-01 9.523329999999999851e-01 9.506040000000000045e-01 9.513650000000000162e-01 9.535989999999999744e-01 9.504799999999999915e-01
9.412260000000000071e-01 9.369570000000000398e-01 9.364029999999999854e-01 9.381850000000000467e-01 9.391549999999999621e-01 9.395419999999999883e-01 9.368940000000000046e-01 9.372979999999999645e-01
8.689390000000000169e-01 8.643750000000000044e-01 8.586519999999999708e-01 8.723070000000000546e-01 8.743170000000000108e-01 8.663509999999999822e-01 8.732919999999999572e-01 8.752330000000000387e-01
3.216519999999999935e-01 2.999769999999999937e-01 1.794070000000000109e-01 5.848950000000000538e-01 2.525810000000000000e-01 5.348979999999999846e-01 1.516460000000000030e-01 5.458640000000000159e-01
1.339609999999999967e-01 6.242410000000000320e-02 1.082790000000000002e-01 9.344660000000000466e-02 7.409899999999999820e-02 8.636989999999999945e-02 1.134170000000000039e-01 1.408159999999999967e-01
3.690750000000000280e-02 6.100799999999999973e-02 4.645529999999999798e-02 9.073799999999999921e-02 4.681749999999999801e-02 7.502739999999999410e-02 3.936570000000000347e-02 4.904569999999999763e-02
7.018220000000000361e-03 -1.160369999999999978e-03 -1.610399999999999896e-03 1.190599999999999992e-02 2.341830000000000040e-03 -4.922680000000000241e-04 5.567759999999999723e-03 3.406970000000000050e-03
9.041479999999999309e-03 8.469729999999999967e-03 8.384310000000000720e-03 7.625370000000000238e-03 4.772219999999999761e-03 8.232810000000000128e-03 1.039550000000000023e-02 1.102930000000000056e-02
1.134950000000000021e-02 1.163520000000000006e-02 1.010619999999999921e-02 1.202680000000000068e-02 1.153880000000000010e-02 1.125989999999999977e-02 1.059399999999999925e-02 1.001750000000000036e-02
1.251520000000000063e-02 1.319749999999999916e-02 1.168220000000000022e-02 1.285140000000000067e-02 1.067260000000000084e-02 1.272389999999999979e-02 1.297790000000000055e-02 1.154939999999999960e-02
1.260610000000000029e-02 1.194899999999999955e-02 1.284620000000000033e-02 1.229779999999999936e-02 1.368809999999999992e-02 1.308059999999999952e-02 1.205239999999999957e-02 1.278220000000000051e-02
1.240059999999999947e-02 1.271139999999999944e-02 1.286759999999999987e-02 1.492759999999999920e-02 1.267940000000000039e-02 1.432190000000000026e-02 1.549569999999999940e-02 1.548910000000000044e-02
