-4.725490000000000051e-04 1.192439999999999988e-04 6.397459999999999562e-04 5.545049999999999502e-04 -1.930919999999999870e-04 1.318690000000000075e-04 1.014249999999999988e-04 8.396960000000000188e-04
-5.342869999999999889e-05 4.152240000000000076e-04 1.817250000000000072e-03 1.062070000000000028e-03 -3.279180000000000002e-05 -5.076329999999999558e-04 -3.421869999999999816e-04 -4.580389999999999695e-05
-1.392459999999999878e-04 -1.560039999999999951e-03 1.098559999999999945e-03 2.417789999999999902e-04 7.559909999999999926e-05 -3.289629999999999876e-04 -3.236410000000000003e-04 5.927190000000000149e-04
-4.303600000000000199e-04 4.383160000000000094e-04 2.925779999999999896e-04 4.957390000000000321e-04 -6.291180000000000166e-04 -1.337250000000000114e-04 1.776280000000000090e-03 5.007679999999999597e-04
3.116309999999999984e-05 5.131530000000000249e-04 -1.643579999999999941e-05 -1.878799999999999969e-04 3.768379999999999994e-04 5.699409999999999698e-05 3.079539999999999860e-04 5.782170000000000105e-04
-3.454130000000000134e-03 1.429140000000000076e-04 5.716570000000000055e-05 1.157180000000000058e-04 7.246969999999999497e-05 3.553199999999999794e-05 -3.699560000000000202e-05 -3.145960000000000163e-03
8.691870000000000520e-05 -2.765089999999999996e-03 -4.748199999999999703e-05 8.467130000000000195e-07 -2.224639999999999897e-04 -3.563239999999999854e-04 5.479210000000000417e-04 -5.428809999999999951e-05
4.708940000000000218e-04 9.458959999999999981e-04 7.183600000000000272e-04 9.551549999999999581e-04 5.424100000000000059e-04 -6.871699999999999954e-05 2.387000000000000016e-05 -3.378209999999999763e-04
-2.384750000000000097e-04 -2.013420000000000113e-05 1.690759999999999919e-04 -3.804449999999999802e-04 -3.052480000000000292e-05 1.028690000000000073e-03 4.844140000000000143e-04 2.220380000000000097e-03
-3.230470000000000260e-04 -3.259279999999999816e-03 -3.172329999999999898e-04 -6.415609999999999380e-05 -1.911310000000000103e-04 -1.394160000000000082e-04 4.914300000000000027e-05 -2.943509999999999877e-03
-2.970709999999999887e-04 6.184410000000000645e-05 4.935439999999999489e-04 3.905180000000000175e-04 1.696670000000000003e-04 4.447520000000000271e-04 -4.327359999999999849e-05 2.092589999999999899e-05
-9.775740000000000953e-07 4.831279999999999863e-04 -5.381229999999999976e-05 1.810389999999999992e-04 3.299730000000000068e-04 3.130070000000000205e-04 1.516869999999999929e-05 -3.094020000000000169e-04
-3.370080000000000233e-04 1.384330000000000022e-03 -3.290309999999999849e-03 5.349709999999999709e-04 1.153049999999999946e-04 5.006859999999999696e-04 -1.939750000000000122e-04 -3.410590000000000155e-05
3.862229999999999917e-04 4.081460000000000188e-04 1.168579999999999982e-04 5.179069999999999865e-05 -5.438999999999999933e-05 1.028879999999999948e-04 4.331839999999999779e-04 2.629080000000000110e-04
-2.116019999999999978e-04 -1.723399999999999932e-04 -1.708170000000000012e-04 3.771240000000000031e-04 6.134440000000000173e-05 1.761939999999999871e-04 3.635409999999999944e-04 1.519640000000000074e-05
-5.526959999999999816e-04 2.174929999999999995e-04 -3.652409999999999815e-04 -2.783340000000000019e-05 1.120780000000000067e-04 -3.191420000000000151e-04 -2.537950000000000188e-04 -3.416170000000000193e-05
1.020969999999999950e-03 -1.697880000000000081e-05 -6.294999999999999869e-05 2.496479999999999923e-04 3.133779999999999666e-05 -2.136490000000000004e-04 -2.373810000000000069e-03 1.452249999999999982e-03
1.135610000000000059e-04 5.802119999999999939e-05 -2.694819999999999789e-04 -2.743189999999999951e-03 -3.207369999999999752e-04 2.059010000000000129e-05 1.724260000000000029e-03 -2.518469999999999758e-04
1.304970000000000077e-04 -1.481579999999999967e-05 5.907320000000000219e-05 -1.702469999999999982e-04 9.404250000000000500e-04 -4.785599999999999988e-04 -3.366780000000000207e-03 -3.411239999999999845e-03
-6.499999999999999431e-05 1.122029999999999989e-03 3.023180000000000081e-05 -2.818179999999999991e-03 1.684149999999999927e-03 -3.390579999999999918e-04 8.709090000000000061e-04 1.637700000000000126e-04
-5.599879999999999788e-04 -2.125039999999999915e-03 -2.328739999999999933e-04 4.599970000000000209e-04 -3.197109999999999969e-03 7.626110000000000072e-05 2.123760000000000144e-03 4.036959999999999919e-04
7.177949999999999945e-05 -2.630149999999999936e-03 5.160199999999999824e-05 -7.233710000000000237e-05 1.477010000000000009e-04 1.296860000000000048e-04 -3.503900000000000113e-04 9.997619999999999326e-05
1.408050000000000046e-04 -3.413339999999999951e-04 -1.696629999999999916e-04 4.404579999999999764e-05 -5.929740000000000184e-04 -5.106890000000000160e-05 -2.918360000000000051e-03 3.902189999999999988e-05
8.354080000000000490e-05 3.779380000000000261e-04 -5.710510000000000320e-05 5.219740000000000274e-04 -2.845729999999999874e-04 1.585930000000000044e-04 -9.276010000000000657e-05 5.222269999999999723e-05
-3.139129999999999742e-04 3.646410000000000211e-04 9.992009999999999087e-04 1.210350000000000011e-03 9.257259999999999794e-04 -2.737959999999999786e-04 -3.111729999999999835e-04 -3.658119999999999731e-04
3.717649999999999753e-04 4.698759999999999851e-04 -3.191069999999999925e-05 -2.342289999999999910e-03 -6.995759999999999576e-05 -4.812440000000000294e-05 -3.727829999999999848e-05 -8.665310000000000558e-05
2.403740000000000130e-04 -2.780270000000000267e-04 3.593739999999999782e-04 -2.084719999999999922e-04 1.980040000000000104e-05 -3.967980000000000183e-04 -1.740830000000000068e-04 1.973660000000000074e-04
1.685409999999999843e-05 5.945099999999999712e-05 -4.434670000000000013e-05 8.495069999999999965e-04 3.137659999999999907e-04 -7.688929999999999582e-05 7.031280000000000212e-05 4.763069999999999782e-04
1.501759999999999987e-03 4.289530000000000162e-07 -5.255230000000000166e-05 -5.073029999999999640e-04 -5.441509999999999880e-04 1.822269999999999966e-03 -2.888799999999999853e-04 -1.193929999999999948e-03
3.761640000000000122e-04 1.198939999999999902e-03 -9.950090000000000139e-05 1.852260000000000104e-03 -3.294530000000000050e-04 3.368609999999999855e-04 1.835519999999999936e-04 4.554280000000000177e-04
-3.143330000000000277e-05 3.721730000000000025e-05 3.797909999999999828e-04 4.324159999999999744e-04 2.036550000000000008e-05 -1.587829999999999873e-04 1.217730000000000011e-04 6.254389999999999592e-05
-4.527719999999999943e-04 -1.548309999999999953e-04 1.510679999999999922e-03 5.986719999999999629e-04 4.470540000000000061e-04 1.405300000000000115e-04 2.791860000000000066e-05 -2.030590000000000086e-04
-5.879649999999999686e-06 -1.408210000000000126e-04 1.095459999999999978e-04 6.029390000000000221e-05 4.257719999999999886e-04 -1.911120000000000093e-05 -6.320039999999999886e-06 -3.352289999999999849e-04
-5.711829999999999826e-05 6.960579999999999686e-05 -4.284149999999999970e-05 1.426029999999999897e-04 7.973409999999999948e-05 -3.147010000000000215e-04 3.996320000000000254e-04 -5.993450000000000020e-05
1.726189999999999951e-04 -2.572009999999999791e-04 -1.760989999999999889e-05 1.001039999999999916e-03 1.522890000000000051e-04 -3.480169999999999987e-04 1.892429999999999904e-04 5.419860000000000519e-04
9.336109999999999624e-05 -2.426830000000000046e-03 1.448999999999999984e-03 6.646050000000000514e-05 7.625639999999999719e-05 6.002309999999999796e-05 1.280529999999999993e-03 6.873100000000000314e-05
-3.485790000000000112e-04 -3.029400000000000235e-04 6.205399999999999913e-05 3.072749999999999744e-04 3.023090000000000087e-04 -9.773769999999999767e-05 9.682620000000000072e-04 -9.746000000000000539e-05
-2.123729999999999943e-04 2.325089999999999926e-04 1.353650000000000025e-04 6.113739999999999507e-05 -1.729040000000000102e-04 3.189800000000000122e-04 4.371509999999999892e-04 -4.861919999999999827e-04
8.072530000000000450e-05 -2.945690000000000049e-04 1.764930000000000058e-03 1.381710000000000024e-04 7.582059999999999841e-04 -4.688229999999999936e-04 -1.023959999999999974e-03 1.298170000000000075e-04
-8.396830000000000038e-05 -3.190670000000000268e-04 -2.808080000000000057e-05 4.605429999999999984e-04 -4.466219999999999804e-04 -3.356119999999999980e-05 1.786269999999999959e-03 7.096079999999999998e-05
-1.493189999999999980e-04 1.781650000000000128e-04 9.641829999999999672e-04 1.853009999999999933e-04 -3.288799999999999818e-04 4.949750000000000373e-04 -1.902750000000000036e-04 8.771280000000000222e-04
-2.148949999999999949e-04 8.178449999999999869e-04 3.787139999999999929e-04 -3.758929999999999737e-04 -4.111779999999999992e-04 6.244130000000000134e-05 1.581469999999999968e-03 1.638120000000000071e-03
-7.565059999999999970e-04 4.661210000000000049e-04 5.491100000000000332e-05 -5.007529999999999810e-05 1.053219999999999894e-03 -2.646269999999999992e-05 -4.380830000000000271e-04 -3.796019999999999885e-04
2.858159999999999889e-04 6.552479999999999850e-04 -1.279040000000000005e-04 -6.958700000000000172e-04 -3.867659999999999761e-04 6.956279999999999744e-05 -2.833830000000000073e-04 3.584829999999999896e-04
-3.326490000000000198e-04 8.426229999999999452e-05 1.035920000000000070e-03 1.809339999999999993e-04 8.384169999999999384e-05 1.102839999999999897e-03 3.077719999999999935e-04 4.866410000000000050e-04
1.189829999999999957e-04 -1.168569999999999960e-04 -2.553499999999999997e-04 6.831819999999999516e-04 -2.384059999999999912e-03 9.615440000000000217e-05 1.130850000000000084e-03 -5.679679999999999804e-05
-1.368320000000000072e-04 -7.335869999999999544e-04 5.492439999999999475e-04 9.956130000000000101e-04 1.303880000000000100e-03 -5.458920000000000244e-05 -2.250519999999999927e-05 4.535499999999999927e-04
-3.899010000000000063e-04 2.717719999999999858e-04 -2.890419999999999882e-04 3.527380000000000099e-04 1.122029999999999989e-03 -4.245909999999999875e-04 -3.286059999999999936e-03 -2.075060000000000085e-05
1.130839999999999927e-03 5.663569999999999716e-04 5.922570000000000048e-04 1.367769999999999923e-03 -1.262440000000000090e-03 9.719260000000000182e-04 -5.901850000000000152e-04 3.651109999999999946e-04
1.113499999999999907e-03 7.262469999999999603e-04 7.341959999999999752e-05 8.751859999999999924e-05 3.656129999999999840e-04 1.382189999999999938e-03 1.366349999999999900e-03 -5.159469999999999985e-04
1.440330000000000082e-03 1.957669999999999842e-05 1.150889999999999953e-04 -2.956600000000000200e-03 -2.238609999999999819e-03 1.356070000000000018e-03 3.229519999999999938e-04 -3.516270000000000268e-04
-1.935829999999999929e-04 -2.929799999999999766e-04 -1.456540000000000092e-03 -1.906009999999999866e-04 -2.219979999999999870e-03 1.219100000000000034e-04 -7.458049999999999685e-06 -2.908370000000000074e-04
-2.665759999999999766e-04 1.160970000000000101e-03 6.036909999999999499e-04 -1.764450000000000022e-05 -1.253179999999999952e-04 7.507070000000000615e-05 9.668509999999999694e-06 -2.734500000000000060e-04
-4.381349999999999785e-04 -2.980429999999999855e-06 4.197639999999999878e-04 2.498489999999999858e-05 4.782610000000000073e-04 3.017340000000000083e-04 2.423779999999999891e-04 -1.900030000000000035e-03
5.596219999999999624e-04 7.553459999999999471e-04 -1.690480000000000118e-05 -1.430199999999999961e-04 2.332640000000000082e-05 -2.327619999999999917e-05 -3.799569999999999944e-04 5.224239999999999570e-04
3.157179999999999882e-04 -1.368169999999999879e-04 4.867590000000000198e-04 4.293519999999999780e-04 5.335169999999999539e-04 -2.456170000000000033e-04 5.762599999999999884e-04 1.013739999999999954e-04
1.743760000000000123e-04 -3.679259999999999736e-04 -6.963040000000000201e-04 6.166599999999999946e-04 -1.174220000000000016e-04 -1.093539999999999969e-04 3.740260000000000168e-06 -2.499129999999999906e-04
-3.173889999999999958e-03 4.112289999999999891e-04 2.448160000000000223e-04 3.366280000000000032e-04 -1.222169999999999938e-06 1.573520000000000140e-05 1.828330000000000027e-04 5.775710000000000306e-04
1.951680000000000125e-04 -1.659080000000000114e-04 3.848170000000000258e-04 5.417389999999999576e-04 -2.068919999999999971e-04 1.454879999999999975e-03 3.745840000000000037e-05 -6.779309999999999980e-04
2.176499999999999914e-05 -4.700829999999999917e-04 5.990019999999999953e-05 1.168029999999999996e-04 1.090229999999999975e-03 -1.976799999999999911e-04 -1.115539999999999962e-04 4.597329999999999841e-04
7.394549999999999734e-04 4.134760000000000236e-04 -4.721919999999999677e-05 1.581010000000000098e-03 5.939740000000000427e-04 1.333630000000000037e-04 -7.424070000000000224e-05 -1.120239999999999967e-04
1.808500000000000049e-04 -5.718840000000000425e-04 1.855879999999999924e-05 1.653790000000000034e-04 4.474340000000000261e-04 1.313370000000000065e-04 3.964619999999999998e-05 6.016180000000000529e-04
-1.048350000000000051e-05 8.880500000000000102e-05 5.243760000000000088e-04 4.094720000000000261e-04 -2.146729999999999906e-03 -5.192169999999999858e-04 1.210210000000000056e-04 2.335589999999999910e-04
-2.418669999999999935e-03 9.989790000000000453e-05 -4.110440000000000036e-04 -5.128679999999999828e-05 3.926040000000000107e-04 9.009450000000000282e-05 -6.093630000000000135e-05 1.130219999999999923e-03
1.727710000000000099e-05 9.860499999999999528e-05 5.254570000000000074e-04 -5.423259999999999843e-04 1.946360000000000115e-04 -3.933309999999999785e-05 2.699849999999999841e-04 -1.749569999999999988e-03
-4.425160000000000031e-04 -8.552810000000000534e-05 -2.110630000000000058e-03 7.056830000000000264e-04 6.181239999999999792e-05 5.274529999999999930e-04 -3.931629999999999760e-04 -3.920029999999999804e-04
1.189139999999999989e-03 2.985689999999999937e-04 -2.984890000000000026e-03 2.144129999999999951e-04 -3.862480000000000058e-04 1.309510000000000058e-03 1.190059999999999946e-03 6.349139999999999862e-04
-6.166140000000000293e-04 4.759319999999999827e-04 -6.128929999999999882e-04 -7.273230000000000157e-05 1.451310000000000035e-04 -4.783700000000000295e-05 5.571849999999999720e-04 -6.597460000000000358e-05
5.390780000000000181e-04 8.665009999999999900e-04 3.582829999999999847e-04 2.825099999999999769e-04 -3.926099999999999967e-04 -9.984540000000000461e-05 1.568299999999999902e-03 1.417529999999999962e-05
-4.487350000000000328e-05 -4.381039999999999783e-04 1.176390000000000031e-04 -3.059659999999999772e-05 8.677269999999999948e-04 5.965760000000000290e-04 1.844720000000000051e-04 5.491320000000000272e-04
1.340249999999999916e-04 -3.052660000000000009e-04 1.310970000000000061e-03 -5.276069999999999783e-05 -1.175710000000000031e-04 1.227699999999999918e-04 -3.754529999999999847e-04 2.782740000000000127e-04
1.413930000000000091e-03 -9.628639999999999346e-05 -1.283239999999999999e-04 -6.151280000000000506e-05 -2.901080000000000217e-04 -7.010440000000000595e-05 1.530779999999999869e-04 -4.436880000000000251e-04
-3.280679999999999903e-05 5.589399999999999577e-04 2.780859999999999799e-04 -6.163079999999999817e-04 -3.634159999999999778e-04 3.949059999999999761e-05 2.351250000000000096e-04 -6.866990000000000333e-04
2.681070000000000133e-04 5.668459999999999731e-04 5.419129999999999867e-04 1.197099999999999940e-05 -3.601130000000000130e-03 2.762419999999999888e-05 -1.268870000000000067e-04 1.299950000000000020e-03
-2.802759999999999843e-04 -9.342160000000000015e-05 -2.171960000000000123e-04 1.263989999999999992e-03 9.684869999999999720e-04 -8.706360000000000444e-05 5.583089999999999971e-04 -7.921079999999999723e-05
2.422439999999999934e-04 -6.951190000000000103e-04 5.508340000000000458e-04 7.459270000000000158e-05 2.316469999999999998e-04 -2.403369999999999996e-04 -6.054889999999999621e-04 3.663490000000000258e-04
1.293590000000000061e-04 -3.090949999999999861e-03 1.024090000000000070e-03 5.551589999999999477e-04 -5.250940000000000382e-04 2.045890000000000024e-04 -7.133409999999999859e-05 4.974839999999999688e-04
-1.485959999999999983e-04 1.350260000000000045e-03 6.208390000000000371e-05 4.764769999999999986e-04 -1.306749999999999915e-04 1.359999999999999989e-04 3.945950000000000260e-04 -2.958759999999999841e-04
-1.328579999999999995e-03 -3.123120000000000063e-03 -2.156439999999999974e-04 5.022860000000000085e-04 -2.939579999999999797e-04 -4.349579999999999782e-05 -1.756480000000000096e-04 1.238509999999999958e-03
4.773520000000000063e-04 -8.457280000000000450e-05 1.528019999999999943e-03 -4.891049999999999868e-05 2.733170000000000261e-04 -9.784189999999999576e-05 3.123709999999999811e-04 5.481979999999999579e-04
9.435049999999999730e-05 5.636979999999999552e-04 6.807329999999999891e-04 9.519390000000000349e-05 -2.423480000000000046e-04 -7.441809999999999820e-05 1.492510000000000115e-04 2.914770000000000013e-04
6.581939999999999666e-04 3.733850000000000038e-04 1.982259999999999957e-04 1.595760000000000050e-04 1.175140000000000082e-03 -2.442929999999999841e-03 -3.123029999999999811e-05 -2.855770000000000097e-03
1.069920000000000041e-06 1.518029999999999965e-04 6.942460000000000612e-05 -4.555849999999999960e-04 5.510699999999999670e-04 1.566740000000000060e-03 2.720509999999999877e-04 9.736540000000000125e-05
6.063550000000000450e-04 3.611350000000000042e-04 1.581829999999999998e-03 1.572440000000000036e-03 1.015299999999999918e-05 5.033550000000000350e-04 2.072069999999999967e-04 -5.802580000000000270e-05
-3.310009999999999840e-05 1.153909999999999935e-04 6.597299999999999736e-04 9.432029999999999885e-04 1.330389999999999980e-04 -3.905749999999999934e-04 4.231530000000000057e-04 -4.127719999999999979e-04
-4.507909999999999738e-04 -3.064939999999999939e-03 1.226800000000000113e-04 -5.155399999999999870e-04 2.343550000000000017e-04 -2.794790000000000054e-05 -7.133460000000000105e-04 6.456719999999999398e-05
4.345950000000000225e-04 8.896230000000000034e-05 2.907879999999999948e-04 -1.421930000000000123e-04 -3.259520000000000126e-04 4.034139999999999970e-04 1.435399999999999979e-04 1.396139999999999924e-03
4.324859999999999924e-04 7.000809999999999672e-04 -2.498959999999999940e-04 7.343859999999999581e-04 7.576679999999999429e-05 2.256779999999999897e-04 8.192020000000000215e-05 1.356130000000000042e-04
-4.654869999999999971e-04 -3.428549999999999827e-04 4.376620000000000120e-04 -6.375699999999999553e-04 6.468339999999999940e-04 1.807449999999999942e-03 -1.439210000000000012e-03 1.092880000000000067e-03
1.453279999999999936e-03 -1.416389999999999902e-04 -5.612310000000000345e-04 -4.982440000000000089e-04 1.063450000000000072e-03 1.065369999999999946e-03 2.298470000000000103e-04 -3.994399999999999839e-04
-4.891169999999999589e-04 6.006069999999999638e-04 5.900450000000000063e-05 -1.791879999999999927e-04 1.413629999999999921e-03 1.051170000000000034e-04 -7.579779999999999721e-04 7.582720000000000475e-04
-4.810220000000000034e-04 1.993359999999999902e-04 2.025130000000000040e-04 6.119990000000000336e-05 -5.739560000000000321e-04 -5.929349999999999465e-04 -1.134120000000000045e-04 -1.297909999999999993e-03
-5.110769999999999723e-04 -6.070789999999999520e-04 1.497419999999999903e-04 3.546020000000000313e-05 4.031790000000000238e-05 -3.839040000000000161e-04 -1.337590000000000046e-03 -7.661049999999999978e-04
8.296119999999999710e-04 4.632400000000000168e-04 4.474489999999999913e-04 5.418939999999999993e-05 4.503449999999999988e-04 3.201459999999999668e-05 3.424689999999999766e-04 -7.526720000000000198e-04
-1.271720000000000055e-03 1.234520000000000018e-03 3.809980000000000137e-04 3.664529999999999827e-04 2.480180000000000232e-04 1.785609999999999867e-04 -5.734629999999999676e-04 1.673460000000000095e-03
6.526249999999999391e-05 7.047099999999999664e-05 -4.465800000000000238e-04 -2.527499999999999907e-04 -3.204499999999999883e-03 -1.045879999999999900e-03 -6.883609999999999642e-04 4.148050000000000240e-04
7.460579999999999642e-04 3.648580000000000226e-04 1.131470000000000089e-03 -6.700869999999999830e-04 8.711670000000000568e-05 -5.200829999999999603e-04 4.565590000000000108e-06 7.566670000000000350e-06
-6.044870000000000148e-04 1.866050000000000065e-04 -4.898390000000000513e-04 9.328340000000000069e-04 -2.617969999999999846e-03 1.389889999999999962e-03 -7.050049999999999763e-04 7.019489999999999974e-04
-2.805659999999999968e-04 6.248149999999999462e-05 -9.172450000000000178e-04 1.788979999999999911e-03 -1.258010000000000107e-04 2.464190000000000000e-04 2.265660000000000124e-04 1.242480000000000071e-04
5.637979999999999847e-05 1.163369999999999942e-04 -2.216619999999999929e-04 -2.795489999999999867e-03 2.684419999999999753e-04 -2.232309999999999937e-03 -1.316769999999999931e-04 -7.057230000000000057e-04
4.086100000000000062e-04 -5.084220000000000189e-04 6.202129999999999926e-04 -3.093729999999999831e-03 4.072769999999999971e-04 -1.326670000000000063e-03 8.167380000000000126e-04 3.983279999999999850e-04
-3.017319999999999985e-03 -2.955740000000000103e-03 -5.489709999999999859e-04 -2.435080000000000071e-05 6.961689999999999545e-04 -3.031939999999999896e-03 -5.230729999999999841e-04 4.942359999999999890e-05
3.109510000000000117e-04 -2.934099999999999816e-03 5.448169999999999576e-04 4.130189999999999838e-04 7.978700000000000028e-04 1.013210000000000065e-03 -1.767300000000000077e-03 8.548049999999999583e-05
3.246599999999999985e-04 9.011789999999999991e-04 -1.015080000000000046e-04 -1.803609999999999979e-03 1.130160000000000035e-04 -4.456090000000000224e-04 2.497569999999999738e-04 7.340590000000000136e-04
9.693389999999999700e-05 7.712309999999999348e-05 2.766530000000000226e-04 3.233639999999999757e-04 -3.617989999999999965e-04 9.656040000000000066e-04 -5.039460000000000163e-04 5.706780000000000273e-05
-3.123729999999999909e-03 1.679619999999999887e-04 4.564150000000000000e-04 1.612460000000000076e-04 2.880110000000000179e-04 8.430980000000000245e-04 1.360219999999999930e-04 -1.928839999999999917e-04
5.889960000000000508e-04 -3.045729999999999857e-04 8.827760000000000468e-04 3.231169999999999897e-04 -3.090139999999999901e-03 -4.580510000000000094e-04 1.703169999999999944e-03 1.972479999999999926e-04
2.577360000000000003e-04 -1.582789999999999935e-03 1.282850000000000093e-03 -9.595330000000000439e-04 1.240219999999999994e-04 -5.071999999999999686e-04 -3.447309999999999762e-04 3.747210000000000059e-04
-2.075620000000000026e-04 2.189310000000000084e-04 1.803669999999999894e-04 -2.934840000000000192e-03 -7.486139999999999852e-04 -3.905740000000000318e-05 -3.193979999999999801e-04 -6.510409999999999895e-04
-6.184619999999999614e-04 9.808900000000001038e-04 3.388199999999999849e-04 -1.672049999999999958e-04 -5.145160000000000185e-04 -3.912559999999999823e-04 1.346879999999999952e-04 2.983780000000000221e-04
-8.119909999999999715e-04 4.831890000000000252e-05 -4.138090000000000084e-04 2.402569999999999868e-04 -2.410760000000000073e-04 -7.486209999999999870e-04 9.193489999999999692e-04 1.999969999999999895e-04
6.783349999999999623e-04 5.373179999999999536e-04 6.728069999999999841e-04 3.524489999999999860e-05 -9.509240000000000455e-05 -7.672900000000000076e-04 -3.099520000000000031e-04 -7.717940000000000174e-04
-1.460809999999999995e-04 -3.512899999999999790e-04 1.504409999999999916e-04 -5.281259999999999644e-04 -5.112380000000000136e-04 -2.800949999999999968e-03 1.169759999999999995e-04 8.321459999999999708e-04
3.063319999999999802e-04 1.548740000000000056e-03 -7.798590000000000426e-04 3.467079999999999880e-04 -3.212940000000000175e-04 9.355820000000000152e-04 -8.279399999999999368e-05 -8.614679999999999994e-04
4.203699999999999885e-04 -1.280019999999999986e-03 -3.333820000000000143e-04 -1.009359999999999945e-03 1.603599999999999893e-04 1.321930000000000023e-03 -1.011959999999999900e-03 -7.509790000000000345e-04
-1.368669999999999891e-04 -8.197490000000000419e-04 -6.098880000000000127e-05 -1.250180000000000041e-03 -4.263480000000000047e-04 1.823419999999999967e-04 3.238079999999999735e-04 -2.653289999999999989e-03
2.102860000000000124e-04 -4.957139999999999637e-04 5.652899999999999765e-04 -8.129730000000000376e-04 3.586609999999999733e-04 3.916399999999999976e-05 1.475270000000000097e-03 8.510829999999999828e-04
1.759200000000000097e-04 -1.708950000000000096e-04 -6.118290000000000404e-04 1.773319999999999888e-04 -7.080959999999999642e-04 8.557260000000000127e-04 8.102270000000000609e-05 -1.483730000000000107e-04
-2.846959999999999942e-03 -1.636610000000000040e-04 6.520200000000000084e-04 8.099190000000000631e-05 4.808869999999999920e-04 7.359950000000000303e-04 1.541540000000000098e-03 -3.898600000000000112e-04
-8.285509999999999620e-04 4.484350000000000120e-04 -1.908650000000000017e-03 3.248419999999999910e-04 -9.262920000000000008e-04 -8.157890000000000595e-05 1.719849999999999981e-03 4.577070000000000140e-04
-5.334069999999999567e-04 8.712359999999999506e-04 -2.963999999999999946e-04 -1.315280000000000052e-03 8.080150000000000353e-04 1.488149999999999933e-03 4.878099999999999797e-04 -4.679889999999999810e-04
-7.587709999999999897e-04 1.914850000000000059e-03 7.321120000000000405e-04 4.855969999999999926e-04 2.787169999999999947e-04 -7.340409999999999741e-05 -4.444630000000000168e-05 1.839479999999999945e-04
-4.387570000000000142e-04 2.712209999999999838e-04 8.987449999999999476e-04 4.311729999999999730e-04 3.771029999999999977e-04 2.562190000000000214e-04 -1.742070000000000077e-05 -3.366329999999999735e-04
3.679299999999999823e-04 8.337849999999999732e-04 -8.184270000000000162e-05 -7.794170000000000221e-04 -3.953420000000000241e-04 -6.718380000000000142e-04 -6.623049999999999684e-04 8.439660000000000304e-04
2.013589999999999944e-04 1.666369999999999917e-03 1.980779999999999965e-04 1.073210000000000013e-05 2.882539999999999950e-04 8.472749999999999813e-04 2.487179999999999860e-04 -3.232329999999999839e-03
-7.159039999999999545e-04 4.591120000000000183e-04 5.295649999999999620e-04 -5.684110000000000031e-05 9.081319999999999985e-05 6.186870000000000347e-04 1.675679999999999921e-04 -2.986970000000000033e-04
-4.663140000000000080e-04 -6.390350000000000370e-04 -8.913289999999999495e-04 -3.698819999999999799e-04 -7.734449999999999919e-04 -2.615739999999999862e-04 -2.886839999999999892e-04 -1.017749999999999991e-03
-4.764810000000000074e-04 -1.590100000000000107e-04 -3.865319999999999780e-04 -9.298660000000000042e-04 -7.849340000000000440e-04 -8.111410000000000321e-04 -1.381129999999999945e-03 -4.029910000000000046e-04
-6.926740000000000024e-04 -5.598909999999999694e-04 -8.159280000000000525e-04 -5.157539999999999954e-04 -4.226850000000000095e-04 -1.197989999999999906e-03 -4.821849999999999921e-04 -5.752360000000000199e-04
-1.683079999999999884e-04 -9.235139999999999539e-04 -7.503260000000000528e-04 -8.974329999999999981e-04 -6.596529999999999538e-04 -6.988559999999999781e-04 -1.872799999999999986e-03 -1.279549999999999958e-03
-6.182610000000000492e-04 -7.278960000000000118e-04 -2.191449999999999898e-04 1.295740000000000032e-04 -8.972539999999999986e-04 -8.166449999999999577e-04 -3.278380000000000009e-04 -1.014319999999999979e-03
-8.648700000000000051e-04 -1.087249999999999892e-03 -6.558210000000000081e-04 -1.655140000000000040e-03 -1.126950000000000044e-03 -5.349639999999999691e-04 -5.916470000000000496e-04 -1.226730000000000095e-03
-9.493519999999999867e-04 -6.766590000000000278e-04 -9.519710000000000238e-04 -6.695409999999999513e-04 -4.661399999999999788e-04 -3.927609999999999890e-04 -5.013409999999999828e-04 -8.593719999999999571e-04
-5.020369999999999911e-04 -1.127320000000000015e-03 -4.879300000000000260e-04 -8.301339999999999501e-04 -1.018390000000000094e-03 -1.428449999999999945e-03 -4.974759999999999512e-04 -9.049099999999999809e-04
-8.423630000000000527e-04 -7.182049999999999719e-04 -4.756350000000000226e-04 -6.830560000000000277e-04 -6.826000000000000036e-04 -6.849360000000000301e-04 -5.792899999999999916e-04 -2.434950000000000124e-04
-3.615959999999999986e-04 -5.749019999999999651e-04 -2.495010000000000088e-04 -5.064190000000000315e-04 -1.043499999999999940e-03 -6.917330000000000397e-04 -5.477939999999999936e-04 -8.335789999999999823e-04
-8.129250000000000408e-04 -7.523070000000000191e-04 -7.428849999999999863e-04 -2.437019999999999920e-04 -3.887730000000000265e-04 -1.111489999999999917e-03 -1.432679999999999978e-04 -5.445699999999999716e-04
-6.346599999999999984e-04 -6.897319999999999753e-04 -3.745139999999999992e-04 -3.964129999999999737e-04 -7.640350000000000396e-04 -5.890710000000000390e-04 -3.884210000000000136e-04 -4.811589999999999921e-04
-4.255810000000000170e-04 -5.596989999999999821e-04 -5.607430000000000487e-04 -3.531669999999999883e-04 -4.539109999999999846e-04 -3.206029999999999796e-04 -8.322040000000000166e-04 -1.467680000000000070e-03
-2.195370000000000090e-04 -2.841809999999999952e-04 -5.598349999999999551e-04 -6.169189999999999527e-04 -5.854309999999999722e-04 -5.181009999999999782e-04 -5.623600000000000300e-04 -4.433729999999999984e-04
-4.921469999999999621e-04 -5.070120000000000442e-04 -5.144890000000000270e-04 -9.185849999999999745e-04 -5.599669999999999735e-04 -6.553600000000000137e-04 -7.016869999999999922e-04 -6.348799999999999930e-04
-1.060229999999999978e-04 -6.676709999999999980e-04 -4.842049999999999761e-04 -1.045020000000000020e-03 -6.741050000000000384e-04 -4.127229999999999853e-04 -7.124129999999999569e-04 -3.701520000000000027e-04
-4.994380000000000520e-04 -5.999659999999999542e-04 -8.100919999999999952e-04 -1.136069999999999983e-04 7.675670000000000322e-05 -5.336660000000000232e-04 -1.162150000000000032e-03 1.990939999999999949e-05
-1.065919999999999932e-03 -3.909000000000000148e-04 -8.789359999999999751e-04 1.598269999999999997e-04 -2.240579999999999829e-03 -7.646390000000000088e-04 -2.958230000000000169e-04 -5.514899999999999664e-04
-7.239469999999999586e-04 -7.614419999999999782e-04 -1.112530000000000029e-03 -5.200089999999999877e-04 -6.869239999999999981e-04 -1.024530000000000059e-03 -4.401799999999999767e-04 -7.398580000000000304e-04
-5.755520000000000080e-04 -1.300530000000000100e-04 -6.162090000000000492e-04 -7.583460000000000201e-04 -1.066080000000000066e-03 -8.285550000000000250e-04 -1.259850000000000076e-03 -1.024039999999999933e-03
-1.055659999999999932e-03 -9.221910000000000480e-04 -6.631290000000000405e-04 -5.753489999999999559e-04 -7.228710000000000387e-04 -1.262040000000000080e-03 -7.457079999999999828e-04 -7.342299999999999955e-04
-8.016860000000000219e-04 -7.224259999999999710e-04 -6.062729999999999465e-04 -3.394199999999999995e-04 -5.227660000000000293e-04 -9.439550000000000111e-04 -1.301899999999999932e-03 -6.918700000000000284e-04
-3.018030000000000105e-04 -6.689470000000000312e-04 -3.746770000000000178e-04 -4.272759999999999796e-04 -1.207170000000000031e-03 -5.493920000000000010e-04 -8.553599999999999962e-04 -6.848229999999999856e-04
-1.089620000000000047e-04 -7.153129999999999732e-04 -6.523020000000000033e-04 -8.291099999999999816e-04 -8.467499999999999550e-04 -8.590610000000000477e-04 -9.388159999999999778e-04 -9.910550000000000175e-04
-7.009489999999999731e-04 -4.232300000000000255e-04 -1.594609999999999994e-03 -3.245440000000000152e-04 -5.415879999999999653e-04 -9.009120000000000236e-04 -1.920529999999999991e-04 -6.022910000000000243e-04
-4.558349999999999750e-04 -6.141510000000000090e-05 -5.457679999999999693e-04 -5.103339999999999830e-04 1.047359999999999947e-04 -6.994930000000000331e-04 -3.695249999999999967e-04 -6.186909999999999892e-04
-7.906049999999999970e-04 -4.489809999999999895e-04 -8.479219999999999769e-04 -6.980200000000000423e-04 -1.181790000000000054e-03 -6.039490000000000006e-04 -4.641909999999999743e-04 -2.164060000000000080e-05
-6.695339999999999495e-04 -6.902259999999999472e-04 -1.606529999999999948e-04 -3.491820000000000188e-04 -4.628149999999999929e-04 -6.936340000000000474e-04 -3.903700000000000182e-04 -5.490830000000000146e-04
-3.750579999999999995e-04 -6.294119999999999836e-04 -6.211959999999999661e-04 -5.849419999999999707e-04 -5.325780000000000227e-04 -4.693890000000000150e-04 -9.565240000000000461e-04 -7.581639999999999734e-04
-1.021090000000000105e-03 -8.228690000000000527e-04 -3.595800000000000233e-04 -2.893269999999999761e-04 -7.882300000000000070e-04 -3.895920000000000199e-04 -3.339409999999999796e-04 -6.664140000000000471e-04
-5.855479999999999713e-04 -7.574430000000000052e-04 -5.708819999999999867e-04 -5.643409999999999963e-04 -3.866650000000000122e-04 -5.333490000000000193e-04 -1.464739999999999966e-03 -7.672599999999999689e-04
-3.914619999999999732e-04 -1.890879999999999894e-04 -4.719400000000000114e-04 -4.562190000000000039e-04 -6.875940000000000307e-04 -4.604519999999999750e-04 -4.421399999999999918e-04 -5.312360000000000346e-04
-3.332540000000000046e-04 -7.449880000000000304e-04 -4.342659999999999923e-04 -8.337870000000000047e-04 -9.910240000000000715e-04 -5.763079999999999852e-04 -4.637509999999999853e-04 -7.337519999999999503e-04
-5.944869999999999885e-04 -7.391659999999999767e-04 -4.029889999999999731e-04 -7.836050000000000437e-04 -5.179810000000000404e-04 -2.751639999999999967e-04 -5.012390000000000031e-04 -8.549109999999999739e-04
-2.885699999999999832e-04 -4.379550000000000175e-04 -8.206329999999999745e-04 -5.805450000000000194e-04 -9.875859999999999327e-04 -1.008369999999999969e-03 -7.699329999999999889e-04 -6.271490000000000224e-04
-6.556230000000000347e-04 -5.876259999999999470e-04 -9.235740000000000312e-04 -5.166660000000000436e-04 -4.526190000000000248e-04 -1.032909999999999948e-03 -3.088799999999999836e-04 -6.154710000000000573e-05
-9.909350000000000797e-04 -5.558089999999999906e-04 -5.998810000000000253e-04 -2.677019999999999790e-04 -7.664739999999999531e-04 -6.447280000000000112e-04 -7.461780000000000105e-04 -6.270450000000000112e-04
-4.613229999999999740e-04 -7.132040000000000515e-04 -4.543190000000000119e-04 -5.839940000000000062e-04 -2.994809999999999877e-04 -8.597379999999999736e-04 -6.269519999999999564e-04 -2.814960000000000032e-04
-8.314970000000000520e-04 -1.352429999999999952e-03 -8.510899999999999846e-04 -8.124300000000000532e-04 -6.013080000000000508e-04 -1.221470000000000108e-03 -4.099829999999999946e-04 -8.431769999999999673e-04
-6.876439999999999506e-04 -3.680620000000000007e-04 -5.751940000000000091e-04 -1.283209999999999906e-03 -2.959740000000000092e-04 -5.196139999999999483e-04 -3.862320000000000250e-04 -6.328230000000000226e-04
-1.715230000000000042e-04 -9.453349999999999470e-04 -4.066450000000000208e-04 -5.023990000000000530e-04 -5.042570000000000342e-04 -9.059279999999999633e-04 -9.182910000000000074e-04 -5.682789999999999847e-04
-5.282699999999999549e-04 -4.038329999999999806e-04 -2.484429999999999928e-04 -8.722460000000000239e-04 -5.990750000000000198e-04 -7.706289999999999972e-04 -4.329860000000000046e-04 -4.930219999999999698e-04
-7.811219999999999795e-04 -5.978479999999999992e-04 -3.524539999999999835e-04 -3.334119999999999987e-04 -9.281680000000000486e-04 -4.843180000000000206e-04 -6.584829999999999633e-04 -7.585790000000000024e-04
-5.071200000000000100e-04 -7.185349999999999637e-04 -6.501529999999999939e-04 -6.915099999999999979e-04 -6.788490000000000323e-04 -6.683670000000000062e-04 5.547449999999999885e-05 -3.629139999999999883e-04
-4.546959999999999847e-04 -5.342559999999999887e-04 -6.616639999999999588e-04 -7.164040000000000208e-04 -4.051600000000000036e-04 -3.338309999999999824e-04 -7.625019999999999715e-04 -6.851430000000000367e-04
-8.281399999999999959e-04 -4.656530000000000087e-04 -1.011959999999999900e-03 -6.258509999999999681e-04 -4.113349999999999776e-04 -9.160960000000000327e-04 -5.242299999999999868e-04 -3.554200000000000089e-04
-5.691080000000000270e-04 -2.553449999999999752e-04 -3.802470000000000069e-04 -7.324400000000000008e-04 -6.290440000000000441e-04 -6.317150000000000326e-04 -8.724559999999999694e-04 -7.119000000000000111e-04
-3.781619999999999752e-04 -5.780709999999999885e-04 -5.891089999999999868e-04 -5.562839999999999886e-04 -3.301609999999999853e-04 -7.778229999999999693e-04 -5.882469999999999670e-04 -6.353080000000000099e-04
-6.177999999999999464e-04 -5.976170000000000484e-04 -6.144710000000000059e-04 -5.614679999999999714e-04 -5.458340000000000327e-04 -1.135350000000000031e-03 -7.790349999999999706e-04 -1.004209999999999955e-03
-3.486869999999999770e-04 -6.935930000000000524e-04 -4.563330000000000099e-04 -4.327539999999999837e-04 -6.397430000000000174e-04 -8.183889999999999871e-04 -3.956200000000000103e-04 -8.275269999999999935e-04
-3.961340000000000260e-04 -4.403850000000000060e-04 -5.459570000000000178e-04 -3.152920000000000028e-04 -8.739000000000000457e-04 -3.095789999999999848e-04 -4.719939999999999943e-04 -6.039199999999999777e-04
-4.386470000000000169e-04 -8.639869999999999798e-04 -3.233029999999999910e-04 -3.517850000000000209e-04 -1.060479999999999930e-03 -4.004459999999999942e-04 -6.649740000000000338e-04 -3.746199999999999877e-04
-4.325730000000000070e-04 -5.286400000000000344e-04 -9.719649999999999818e-04 -6.902930000000000264e-04 -5.127089999999999729e-04 -4.429459999999999973e-04 -7.186900000000000189e-04 -3.923640000000000265e-04
-5.500010000000000489e-04 -4.769959999999999847e-04 -4.448359999999999944e-04 -5.192099999999999840e-04 -7.927680000000000100e-04 -4.996720000000000501e-04 -6.027720000000000083e-04 -5.406459999999999868e-04
-6.994790000000000296e-04 -7.988799999999999677e-04 -4.004439999999999898e-05 -1.530990000000000085e-03 -6.166840000000000472e-04 -4.306739999999999765e-04 -4.287760000000000161e-04 -1.733209999999999894e-04
-6.583869999999999697e-04 -6.634590000000000322e-04 -3.084569999999999912e-04 -6.678769999999999889e-04 -1.020250000000000106e-03 -6.390599999999999970e-04 -5.954219999999999652e-04 -7.863049999999999467e-04
-4.086340000000000046e-04 -4.928750000000000405e-04 -5.271860000000000174e-04 -2.601060000000000199e-04 -8.532169999999999728e-04 -7.719579999999999975e-04 -8.523950000000000407e-04 -4.876640000000000120e-04
-5.367790000000000322e-04 -3.965369999999999746e-04 -7.943680000000000489e-04 -5.366109999999999890e-04 -9.432379999999999974e-04 -7.725699999999999842e-04 -7.943930000000000088e-04 -5.288170000000000023e-04
-4.730420000000000154e-04 -7.844790000000000357e-04 -4.145269999999999836e-04 -4.952599999999999711e-04 -4.264749999999999986e-04 -3.420990000000000055e-04 -3.886900000000000207e-04 -7.174790000000000334e-04
-5.854719999999999673e-04 -9.342550000000000463e-04 -8.527539999999999469e-04 -5.504140000000000464e-04 -5.444389999999999690e-04 -5.739729999999999745e-04 -4.372600000000000250e-04 -3.522350000000000047e-04
-6.174480000000000419e-04 -2.853759999999999999e-04 -5.972090000000000211e-04 -3.385640000000000199e-04 -1.047200000000000084e-03 -6.661850000000000193e-04 -3.961859999999999774e-04 -5.332960000000000521e-04
-7.140440000000000502e-04 -3.511119999999999953e-04 -5.544740000000000042e-04 -8.263990000000000138e-04 -1.084859999999999991e-03 -9.735899999999999806e-04 -6.479279999999999805e-04 -8.397279999999999805e-04
-5.980480000000000041e-04 -3.766989999999999792e-04 -2.131799999999999884e-04 -6.900260000000000508e-04 -3.400340000000000177e-04 -6.970379999999999762e-04 -6.869099999999999945e-04 -8.993990000000000535e-04
-6.558519999999999541e-04 -5.979810000000000333e-04 -4.717020000000000045e-04 -5.762599999999999884e-04 -4.855920000000000223e-04 -6.209129999999999554e-04 -8.171639999999999980e-04 -4.238119999999999735e-04
-5.017609999999999822e-04 -5.055069999999999833e-04 -6.880360000000000512e-04 -1.026830000000000060e-04 -7.581579999999999873e-04 -3.775580000000000060e-04 -6.766240000000000188e-04 -7.810259999999999859e-04
-5.611909999999999468e-04 -2.952259999999999954e-04 -3.444359999999999935e-04 -3.561659999999999913e-04 -5.906359999999999605e-04 -4.374679999999999932e-04 -7.631419999999999653e-04 -5.846850000000000441e-04
-7.130160000000000187e-04 -1.906009999999999866e-04 -5.054630000000000494e-04 -7.898669999999999780e-04 -7.215340000000000208e-04 -9.212019999999999801e-04 -1.199090000000000095e-03 -6.387129999999999544e-04
-9.066980000000000525e-04 -5.313069999999999599e-04 -3.698470000000000251e-04 -9.476330000000000257e-04 -2.297970000000000091e-04 -4.733329999999999894e-04 -5.874679999999999529e-04 -4.835379999999999908e-04
-5.961550000000000139e-04 -4.328150000000000226e-04 -4.745929999999999875e-04 -4.959260000000000491e-04 -5.723500000000000072e-04 -6.623990000000000390e-04 -7.207780000000000437e-04 -6.501340000000000200e-04
-4.985200000000000178e-04 -5.367139999999999845e-04 -5.591119999999999554e-04 -5.986400000000000011e-04 -6.860469999999999589e-04 -5.333449999999999563e-04 -7.163220000000000308e-04 -5.203669999999999867e-04
-3.145269999999999923e-04 -6.791710000000000065e-04 -5.869850000000000458e-04 -5.845940000000000207e-04 -3.525860000000000018e-04 -4.596840000000000257e-04 -9.738449999999999841e-04 -7.170539999999999553e-04
-1.821969999999999905e-04 -6.628549999999999547e-04 -4.752409999999999989e-04 -6.489970000000000070e-04 -5.666230000000000398e-04 -6.827860000000000049e-04 -5.133670000000000334e-04 -7.638649999999999650e-04
-1.031629999999999960e-03 -5.978970000000000118e-04 -9.859999999999998974e-04 -6.964300000000000525e-04 -5.106400000000000305e-04 -5.434030000000000284e-04 -5.543440000000000173e-04 -8.935850000000000173e-04
-4.330299999999999926e-04 -5.569340000000000315e-04 -7.187839999999999811e-04 -7.613020000000000507e-04 -4.553609999999999928e-04 -1.876840000000000008e-04 -5.238540000000000297e-04 -4.213830000000000006e-04
-5.232499999999999521e-04 -6.938489999999999632e-04 -5.668269999999999992e-04 -8.210090000000000400e-04 -9.950969999999999087e-04 -4.485660000000000146e-04 -7.154530000000000091e-04 -5.961259999999999910e-04
-5.145009999999999991e-04 -3.973660000000000169e-04 -4.983570000000000534e-04 -3.832069999999999921e-04 -4.212390000000000101e-04 -3.681819999999999928e-04 -6.165059999999999551e-04 -9.514190000000000060e-04
-4.007249999999999961e-04 -6.965149999999999814e-04 -5.475249999999999865e-04 -4.811649999999999781e-04 -7.820820000000000246e-04 -3.425069999999999786e-04 -4.173590000000000134e-04 -6.819779999999999679e-04
-3.303299999999999900e-04 -6.600339999999999896e-04 -6.385279999999999689e-04 -9.405320000000000000e-04 -3.852390000000000024e-04 -6.134930000000000027e-04 -6.105470000000000211e-04 -6.391040000000000392e-04
-4.172049999999999739e-04 -1.134880000000000003e-03 -2.405220000000000123e-04 -4.902949999999999670e-04 -6.051399999999999965e-04 -6.279649999999999685e-04 -5.024699999999999783e-04 -7.957790000000000393e-04
-6.749660000000000425e-04 -5.020800000000000176e-04 -6.239499999999999604e-04 -2.402390000000000016e-04 -5.141009999999999894e-04 -5.046459999999999791e-04 -4.869580000000000089e-04 -3.627619999999999803e-04
-6.620000000000000450e-04 -5.273730000000000345e-04 -3.662620000000000112e-04 -2.678010000000000199e-04 -5.251449999999999738e-04 -7.304590000000000345e-04 -9.554539999999999496e-05 -7.316700000000000200e-04
-5.064699999999999671e-04 -2.971490000000000242e-04 -4.809179999999999922e-04 -4.578299999999999991e-04 -6.262769999999999535e-04 -1.016610000000000040e-03 -4.195010000000000210e-04 -4.504910000000000208e-04
-3.660390000000000236e-04 -9.451769999999999530e-04 -6.551540000000000228e-04 -4.490060000000000036e-04 -5.245210000000000150e-04 -6.634209999999999760e-04 -4.180589999999999762e-04 -6.193480000000000339e-04
-6.404680000000000486e-04 -6.289110000000000100e-04 -5.687269999999999912e-04 -5.808820000000000129e-04 -2.969770000000000265e-04 -5.989839999999999965e-04 -4.304460000000000187e-04 -5.706980000000000169e-04
-4.003410000000000215e-04 -9.712219999999999924e-04 -4.032560000000000029e-04 -4.023359999999999914e-04 -5.806939999999999802e-04 -6.272289999999999810e-04 -5.256759999999999862e-04 -1.287000000000000112e-04
-8.129230000000000093e-04 -5.391769999999999506e-04 -6.475390000000000356e-04 -8.570259999999999901e-04 -2.078899999999999899e-04 -6.787499999999999914e-04 -3.837050000000000270e-04 -7.784069999999999488e-04
-3.940360000000000065e-04 -5.660189999999999623e-04 -7.306129999999999656e-04 -4.857689999999999903e-04 -5.070489999999999763e-04 -5.957140000000000091e-04 -9.706559999999999711e-04 -8.319749999999999888e-04
-4.882290000000000176e-04 -4.083800000000000169e-04 -1.003229999999999920e-03 -8.052180000000000145e-04 -3.723420000000000072e-04 -2.709049999999999956e-04 -7.624319999999999535e-04 -6.662769999999999500e-04
-9.379430000000000016e-04 -3.578249999999999834e-04 -6.876700000000000347e-04 -6.523759999999999759e-04 -7.947129999999999516e-04 -6.059659999999999916e-04 -6.009509999999999592e-04 -2.115300000000000025e-04
-8.545620000000000082e-04 -5.666529999999999701e-04 -7.084189999999999541e-04 -5.728299999999999755e-04 -5.580459999999999761e-04 -5.799400000000000345e-04 -4.944529999999999498e-04 -5.964720000000000178e-04
-5.458219999999999522e-04 -5.731749999999999866e-04 -3.564180000000000017e-04 -1.074709999999999988e-03 -4.178219999999999851e-04 -5.732029999999999938e-04 -6.422710000000000311e-04 -6.047410000000000025e-04
-1.178970000000000105e-03 -8.997509999999999579e-04 -3.700579999999999863e-04 -7.177929999999999901e-04 -1.666460000000000033e-04 -4.769239999999999894e-04 -3.868279999999999766e-04 -9.036439999999999967e-04
-2.897390000000000122e-04 -7.374080000000000521e-04 -8.275830000000000079e-04 -7.017100000000000290e-04 -4.212099999999999872e-04 -4.448179999999999821e-04 -7.450879999999999786e-04 -4.966589999999999894e-04
-8.662020000000000526e-04 -5.789140000000000345e-04 -4.508499999999999812e-04 -8.424059999999999708e-04 -6.369880000000000073e-04 -4.739890000000000184e-04 -3.579349999999999806e-04 -7.088160000000000250e-04
-6.578169999999999937e-04 -3.470629999999999939e-04 -5.680359999999999533e-04 -7.801709999999999678e-04 -9.904210000000000097e-04 -5.113189999999999879e-04 -6.980680000000000392e-04 -6.910650000000000386e-04
-3.080509999999999954e-04 -6.336249999999999652e-04 -4.631279999999999880e-04 -4.526959999999999903e-04 -5.488249999999999639e-04 -6.725039999999999837e-04 -4.626189999999999968e-04 -6.207209999999999681e-04
-7.877630000000000266e-04 -6.898419999999999726e-04 -7.326719999999999674e-04 -3.624580000000000185e-04 -1.006560000000000094e-03 -7.065100000000000373e-04 -6.445140000000000027e-04 -7.061669999999999493e-04
-3.109170000000000184e-04 -5.546359999999999528e-04 -6.133080000000000172e-04 -4.444030000000000072e-04 -7.670809999999999695e-04 -9.417639999999999909e-04 -5.147259999999999639e-04 -6.723449999999999739e-04
-4.047580000000000166e-04 -3.395970000000000217e-04 -4.855759999999999872e-04 -4.791190000000000184e-04 -5.372359999999999636e-04 -6.775670000000000130e-04 -8.985139999999999967e-04 -6.353380000000000485e-04
-7.452560000000000217e-04 -5.649449999999999654e-04 -6.993610000000000148e-04 -7.750679999999999592e-04 -4.707879999999999791e-04 -7.986589999999999575e-04 -7.559389999999999599e-04 -4.239930000000000044e-04
-6.522299999999999539e-04 -7.415559999999999860e-04 -8.926679999999999988e-04 -3.931559999999999742e-04 -7.077220000000000386e-04 -7.306329999999999552e-04 -5.111230000000000460e-04 -6.180829999999999571e-04
-7.695529999999999688e-04 -7.876380000000000642e-05 -7.194150000000000501e-04 -7.836740000000000459e-04 -6.843819999999999808e-04 -6.206399999999999938e-04 -6.458030000000000237e-04 -6.043039999999999523e-04
-7.801680000000000290e-04 -5.388149999999999971e-04 -3.236059999999999913e-04 -7.260590000000000360e-04 -5.818929999999999936e-04 -4.729600000000000254e-04 -4.717410000000000223e-04 -5.188719999999999747e-04
-3.661250000000000225e-04 -5.464429999999999722e-04 -4.286010000000000254e-04 -7.246810000000000231e-04 -6.051189999999999911e-04 -7.729250000000000443e-04 -9.149089999999999914e-04 -6.106660000000000245e-05
-5.164969999999999848e-04 -6.251720000000000107e-04 -8.606759999999999975e-04 -5.720379999999999736e-04 -5.701550000000000324e-04 -4.092279999999999789e-04 -3.396559999999999749e-04 -5.035130000000000291e-04
-2.168510000000000012e-04 -8.368479999999999539e-04 -7.033710000000000526e-04 -3.843769999999999826e-04 -5.244890000000000533e-04 -4.296799999999999925e-04 -5.720480000000000226e-04 -8.950670000000000414e-04
-7.524460000000000393e-04 -2.499210000000000082e-04 -4.247580000000000149e-04 -4.767470000000000215e-04 -7.512009999999999521e-04 -4.931290000000000283e-04 -3.658879999999999771e-04 -5.821140000000000038e-04
-4.394989999999999878e-04 -2.446579999999999740e-04 -9.203720000000000304e-04 -4.985960000000000218e-04 -1.809620000000000065e-04 -5.387160000000000104e-05 -6.624870000000000151e-04 -6.459140000000000367e-04
-7.852430000000000304e-04 -6.167699999999999919e-04 -4.843080000000000258e-04 -6.578410000000000464e-04 -7.590080000000000351e-04 -7.202369999999999823e-04 -4.505980000000000250e-04 -6.366020000000000012e-04
-6.211689999999999746e-04 -7.234239999999999638e-04 -4.120789999999999826e-04 -5.064930000000000040e-04 -5.564079999999999894e-04 -6.908590000000000477e-04 -4.576310000000000100e-04 -8.911480000000000269e-04
-5.311120000000000337e-04 -5.314439999999999486e-04 -4.240959999999999999e-04 -6.317469999999999943e-04 -5.355489999999999643e-04 -3.849619999999999778e-04 -4.401739999999999906e-04 -7.518149999999999703e-04
-5.050360000000000483e-04 -5.453460000000000469e-04 -4.421750000000000008e-04 -4.458199999999999837e-04 -5.128179999999999544e-04 -2.925070000000000101e-04 -4.227810000000000032e-04 -5.157389999999999761e-04
-7.051940000000000248e-04 -5.044710000000000426e-04 -6.698459999999999831e-04 -8.179539999999999684e-04 -7.387900000000000196e-04 -6.740850000000000487e-04 -4.427489999999999854e-04 -7.629849999999999870e-04
-6.968480000000000204e-04 -5.315639999999999948e-04 -4.971420000000000049e-04 -2.950609999999999995e-04 -6.381390000000000239e-04 -4.531210000000000142e-04 -7.438720000000000228e-04 -6.894769999999999718e-04
-3.520400000000000243e-04 -8.568099999999999501e-04 -6.174379999999999929e-04 -5.558229999999999942e-04 -6.437949999999999576e-04 -6.929949999999999609e-04 -7.315800000000000124e-04 -4.953870000000000192e-04
-2.918840000000000128e-04 -4.504789999999999944e-04 -3.941220000000000053e-04 -5.080380000000000442e-04 -5.696199999999999571e-04 -6.661759999999999860e-04 -5.651750000000000090e-04 -5.085870000000000148e-04
-4.815759999999999984e-04 -6.323270000000000193e-04 -4.062189999999999811e-04 -5.477429999999999495e-04 -5.756640000000000368e-04 -5.871529999999999805e-04 -6.189470000000000085e-04 -3.853449999999999909e-04
-7.454920000000000513e-04 -6.801879999999999732e-04 -4.106779999999999871e-04 -7.664320000000000507e-04 -6.106290000000000112e-04 -5.242029999999999954e-04 -1.861649999999999904e-04 -3.941950000000000163e-04
-7.363390000000000256e-04 -7.847229999999999744e-04 -6.644990000000000358e-04 -6.237709999999999609e-04 -5.391109999999999956e-04 -4.742169999999999762e-04 -6.615110000000000434e-04 -5.053879999999999527e-04
-5.085590000000000076e-04 -6.965510000000000061e-04 -2.583849999999999732e-04 -4.432710000000000187e-04 -7.098710000000000480e-04 -5.014429999999999625e-04 -5.099139999999999836e-04 -2.859459999999999758e-04
-9.502599999999999719e-04 -8.396599999999999940e-04 -4.483779999999999819e-04 -6.399039999999999503e-04 -4.217760000000000085e-04 -8.423670000000000073e-04 -4.517510000000000189e-04 -6.142460000000000411e-04
-6.290109999999999582e-04 -5.289570000000000383e-04 -5.042560000000000184e-04 -4.180000000000000230e-04 -4.589190000000000153e-04 -4.164540000000000212e-04 -8.627360000000000150e-04 -5.599980000000000279e-04
-8.656379999999999544e-04 -5.916180000000000267e-04 -5.882399999999999652e-04 -8.545449999999999574e-04 -6.914869999999999611e-04 -6.085689999999999936e-04 -1.005360000000000064e-03 -6.328269999999999772e-04
-4.557839999999999852e-04 -7.081509999999999628e-04 -6.390649999999999673e-04 -5.092210000000000226e-04 -6.732560000000000064e-04 -4.501169999999999867e-04 -5.077830000000000408e-04 -6.975510000000000304e-04
-9.461240000000000101e-04 -6.162290000000000389e-04 -4.056309999999999929e-04 -3.383160000000000182e-04 -9.180809999999999535e-04 -5.812600000000000015e-04 -7.485849999999999622e-04 -2.851929999999999917e-04
-5.494900000000000262e-04 -4.027419999999999872e-04 -6.966809999999999930e-04 -6.960599999999999730e-04 -4.096820000000000257e-04 -6.400209999999999493e-04 -4.946240000000000402e-04 -6.207510000000000068e-04
-5.450840000000000416e-04 -5.927309999999999870e-04 -8.089510000000000277e-04 -7.620559999999999964e-04 -5.070030000000000110e-04 -3.502590000000000087e-04 -4.700139999999999895e-04 -7.874040000000000119e-04
-8.203540000000000268e-04 -9.525030000000000519e-04 -4.954850000000000443e-04 -6.036939999999999971e-04 -2.996979999999999891e-04 -4.885389999999999655e-04 -6.198020000000000265e-04 -3.396070000000000165e-04
-7.198919999999999712e-04 -4.485669999999999762e-04 -2.440259999999999977e-04 -6.645309999999999976e-04 -5.869809999999999828e-04 -4.177489999999999741e-04 -6.916819999999999956e-04 -5.598380000000000023e-04
-5.548379999999999892e-04 -4.160869999999999890e-04 -5.111090000000000425e-04 -3.617660000000000190e-04 -5.860810000000000151e-04 -6.249880000000000409e-04 -7.013850000000000076e-04 -4.466839999999999808e-04
-4.186640000000000153e-04 -5.076780000000000138e-04 -3.658590000000000084e-04 -6.186190000000000482e-04 -6.878249999999999816e-04 -5.640429999999999663e-04 -4.705989999999999848e-04 -6.417919999999999701e-04
-7.106080000000000512e-04 -4.373450000000000081e-04 -5.287589999999999565e-04 -6.440740000000000137e-04 -3.445249999999999853e-04 -5.666790000000000542e-04 -7.338950000000000334e-04 -4.214460000000000168e-04
-2.994669999999999841e-04 -6.049309999999999583e-04 -9.262330000000000476e-04 -8.894359999999999593e-04 -6.169329999999999562e-04 -7.297109999999999664e-04 -6.870850000000000395e-04 -4.706940000000000169e-04
-5.558149999999999766e-04 -4.706690000000000027e-04 -5.576999999999999492e-04 -5.037909999999999611e-04 -5.020380000000000068e-04 -4.615849999999999793e-04 -8.039090000000000038e-04 -5.831249999999999845e-04
-5.488700000000000219e-04 -3.957780000000000044e-04 -7.805410000000000473e-04 -1.318570000000000083e-04 -6.232429999999999958e-04 -6.311669999999999694e-04 -3.520530000000000122e-04 -7.665350000000000462e-04
-4.042480000000000097e-04 -8.345209999999999607e-04 -4.184230000000000154e-04 -6.084680000000000297e-04 -2.522329999999999820e-04 -6.686170000000000394e-04 -2.599459999999999943e-04 -7.004259999999999783e-04
-7.361330000000000347e-04 -8.128039999999999788e-04 -4.517510000000000189e-04 -5.728190000000000191e-04 -6.252770000000000376e-04 -6.420659999999999475e-04 -3.840660000000000189e-04 -5.515890000000000072e-04
-6.780659999999999552e-04 -7.632910000000000346e-04 -3.976690000000000173e-04 -9.332049999999999937e-04 -8.471519999999999962e-04 -4.107429999999999805e-04 -4.442560000000000237e-04 -2.298520000000000077e-04
-5.132949999999999839e-04 -6.891350000000000080e-04 -5.496719999999999644e-04 -4.113249999999999827e-04 -4.030190000000000118e-04 -7.342010000000000539e-05 -6.030750000000000086e-04 -4.778359999999999834e-04
-5.730989999999999826e-04 -5.896220000000000410e-04 -8.674120000000000224e-04 -7.121859999999999606e-04 -5.377070000000000070e-04 -4.061889999999999967e-04 -4.637630000000000116e-04 -6.167870000000000427e-04
-6.187859999999999671e-04 -7.759919999999999795e-04 -7.370639999999999484e-04 -4.756189999999999875e-04 -3.968439999999999837e-04 -4.269270000000000139e-04 -8.190930000000000129e-04 -4.188169999999999849e-04
-5.952410000000000426e-04 -5.439779999999999746e-04 -5.793740000000000131e-04 -8.492919999999999723e-04 -7.043130000000000310e-04 -5.360399999999999974e-04 -3.657490000000000112e-04 -3.378379999999999730e-04
-3.351280000000000209e-04 -5.238969999999999478e-04 -3.456069999999999997e-04 -1.249549999999999988e-04 -6.150520000000000466e-04 -5.349559999999999515e-04 -5.315199999999999526e-04 -5.001619999999999591e-04
-7.474240000000000050e-04 -7.576500000000000118e-04 -4.122800000000000032e-04 -3.112990000000000158e-04 -3.307970000000000246e-04 -4.203529999999999918e-04 -4.489179999999999733e-04 -4.739659999999999815e-04
-3.428750000000000265e-04 -5.778559999999999643e-04 -6.340449999999999645e-04 -6.347510000000000218e-04 -5.532879999999999786e-04 -5.489299999999999909e-04 -5.075470000000000112e-04 -4.872960000000000182e-04
-6.260239999999999815e-04 -4.556660000000000246e-04 -5.103959999999999834e-04 -4.815099999999999892e-04 -2.456189999999999806e-04 -8.738529999999999562e-04 -6.274400000000000506e-04 -7.943250000000000224e-04
-3.767399999999999742e-04 -7.364780000000000458e-04 -4.924540000000000254e-04 -4.080280000000000040e-04 -5.466029999999999977e-04 -6.329159999999999691e-04 -3.889380000000000224e-04 -3.440310000000000134e-04
-4.985750000000000164e-04 -8.397879999999999494e-04 -4.676770000000000016e-04 -2.964549999999999933e-04 -4.266730000000000262e-04 -2.663400000000000012e-04 -6.299640000000000014e-04 -2.638070000000000172e-04
-6.129689999999999922e-04 -2.852400000000000269e-04 -1.410220000000000061e-04 -3.210810000000000248e-04 -5.063850000000000382e-04 -4.477360000000000107e-04 -6.587039999999999736e-04 -5.912149999999999697e-04
-3.029980000000000151e-04 -8.436249999999999739e-04 -6.851469999999999913e-04 -4.972120000000000229e-04 -6.268590000000000100e-04 -5.946369999999999651e-04 -5.831719999999999656e-04 -3.693610000000000166e-04
-2.231740000000000015e-04 -2.523839999999999742e-04 -9.992759999999998970e-04 -7.222129999999999782e-04 -6.638980000000000055e-04 -6.250200000000000027e-04 -4.915860000000000195e-04 -4.349159999999999810e-04
-4.857349999999999971e-04 -5.246219999999999790e-04 -7.009600000000000379e-04 -6.805430000000000333e-04 -5.170570000000000201e-04 -5.725790000000000350e-04 -8.574319999999999858e-04 -6.360100000000000042e-04
-5.914950000000000416e-04 -4.727770000000000171e-04 -7.154789999999999848e-04 -7.603030000000000422e-04 -1.460160000000000060e-04 -7.420449999999999876e-04 -4.891760000000000205e-04 -4.569229999999999754e-04
-4.953279999999999576e-04 -1.762310000000000005e-04 -6.155369999999999852e-04 -5.587040000000000365e-04 -5.484360000000000190e-04 -8.621149999999999950e-04 -6.006759999999999660e-04 -5.846280000000000140e-04
-8.980490000000000477e-04 -5.193389999999999552e-04 -2.307130000000000050e-05 -4.500020000000000192e-04 -4.495699999999999935e-04 -7.558699999999999577e-04 -1.708839999999999990e-04 -9.696830000000000466e-04
-1.216300000000000020e-03 -6.180400000000000390e-04 -5.278060000000000217e-04 -6.696349999999999677e-05 -5.509339999999999940e-04 -6.275659999999999746e-04 -3.224219999999999972e-04 -4.107890000000000001e-04
-2.887070000000000261e-04 -6.567040000000000334e-04 -6.911289999999999621e-04 -7.615239999999999683e-04 -2.890890000000000235e-04 -3.685219999999999794e-04 -4.472820000000000181e-04 -4.947359999999999605e-04
-8.535559999999999979e-04 -7.472419999999999583e-04 -9.234970000000000115e-04 -4.641989999999999918e-04 -4.488369999999999990e-04 -7.015889999999999670e-04 -5.418099999999999913e-04 -1.623790000000000118e-04
-6.282450000000000404e-04 -3.907019999999999872e-04 -8.454569999999999794e-04 -5.054589999999999864e-04 -5.620869999999999599e-04 -6.145529999999999960e-04 -8.164760000000000073e-04 -5.871599999999999823e-04
-5.498750000000000165e-04 -5.456839999999999477e-04 -4.610899999999999916e-04 -6.622610000000000345e-04 -5.539469999999999464e-04 -5.593560000000000025e-04 -5.814589999999999906e-04 -4.976779999999999876e-04
-6.495029999999999510e-04 -5.908679999999999813e-05 -6.573710000000000187e-04 -7.494360000000000258e-04 -7.863600000000000537e-04 -5.008620000000000303e-04 -5.890710000000000390e-04 -6.127389999999999486e-04
-7.274999999999999566e-04 -4.779350000000000243e-04 -5.648559999999999736e-04 -8.671329999999999663e-04 -6.492860000000000038e-04 -4.323530000000000125e-04 -6.573700000000000029e-04 -5.696009999999999832e-04
-7.488679999999999729e-04 -4.098099999999999811e-04 -8.006060000000000390e-04 -7.617449999999999785e-04 -5.109939999999999665e-04 -5.767520000000000372e-04 -5.044109999999999653e-04 -6.163600000000000415e-04
-2.960799999999999977e-04 -2.475889999999999905e-04 -3.859620000000000021e-04 -9.754790000000000162e-05 -3.616900000000000150e-04 -5.320280000000000365e-04 -2.866969999999999827e-04 -4.703339999999999865e-04
-4.743540000000000191e-04 -4.611969999999999958e-04 -2.266380000000000076e-04 -6.088029999999999917e-04 -4.690680000000000023e-04 -4.162179999999999916e-04 -7.128209999999999841e-04 -4.181850000000000085e-04
-2.487689999999999758e-04 -5.824680000000000482e-04 -9.173259999999999921e-04 -6.308330000000000231e-04 -2.720369999999999841e-04 -1.204100000000000049e-03 -5.587489999999999861e-04 -8.890459999999999986e-04
-5.463519999999999488e-04 -5.925880000000000123e-04 -5.712719999999999474e-04 -2.337290000000000114e-04 -5.401499999999999834e-04 -5.304980000000000155e-04 -3.806659999999999905e-04 -7.507269999999999699e-04
-3.557149999999999917e-04 -3.305730000000000213e-04 -5.514919999999999978e-04 -8.365519999999999554e-04 -6.137249999999999693e-04 -2.176389999999999944e-04 -2.523679999999999934e-04 -3.538770000000000002e-04
-3.035220000000000257e-04 -7.372519999999999811e-04 -4.833570000000000141e-04 -7.691790000000000432e-04 -1.203580000000000020e-04 -5.502540000000000209e-04 -9.174089999999999979e-04 -4.332550000000000116e-04
-4.542130000000000234e-04 -7.257369999999999533e-04 -2.894199999999999835e-05 -2.837900000000000188e-04 -2.911489999999999868e-04 -5.527140000000000481e-04 -4.965100000000000286e-04 -7.088549999999999886e-04
-6.388179999999999813e-04 -8.862180000000000318e-04 -4.995320000000000142e-04 -3.523949999999999761e-04 -6.129409999999999850e-04 -5.993290000000000076e-04 -5.465519999999999537e-04 -5.060969999999999488e-04
-5.299499999999999524e-04 -6.375390000000000093e-04 -5.394510000000000364e-04 -2.848649999999999772e-04 -4.631029999999999739e-04 -2.678809999999999785e-04 -3.231490000000000057e-04 -7.094510000000000486e-04
-3.810770000000000108e-04 -6.739989999999999957e-04 -4.569910000000000161e-04 -6.697250000000000295e-04 -5.299389999999999960e-04 -7.355250000000000026e-04 -3.376920000000000052e-04 -4.661579999999999912e-04
-6.483230000000000199e-04 -2.185020000000000029e-04 -1.393610000000000096e-04 -5.088420000000000182e-04 -4.131890000000000042e-04 -3.441270000000000071e-04 -6.206249999999999744e-04 -6.824459999999999641e-04
-6.089339999999999944e-04 -7.203449999999999480e-04 -5.650349999999999730e-04 -3.134389999999999919e-04 -7.462239999999999725e-06 -4.449170000000000230e-04 -3.822179999999999783e-04 -6.567640000000000023e-04
-7.128199999999999684e-04 -3.471869999999999947e-04 -6.337100000000000025e-04 -4.073990000000000207e-04 -3.062920000000000009e-04 -8.001969999999999960e-04 -3.451360000000000105e-04 -4.766080000000000013e-04
-7.526289999999999933e-04 -7.940959999999999946e-04 -5.927439999999999749e-04 -5.292740000000000422e-04 -7.729559999999999903e-04 -4.332329999999999905e-04 -5.444809999999999798e-04 -3.809819999999999787e-04
-2.590760000000000111e-04 -4.491850000000000031e-04 -3.997250000000000260e-04 -4.665110000000000198e-04 -3.590789999999999954e-04 -8.725900000000000193e-04 -5.553329999999999768e-04 -5.767800000000000444e-04
-6.995449999999999845e-04 -2.336240000000000116e-04 -8.994569999999999909e-04 -6.341699999999999811e-04 -3.793350000000000129e-04 -4.492550000000000211e-04 -5.887009999999999596e-04 -6.267070000000000019e-04
-2.121059999999999916e-04 -3.904579999999999943e-04 -6.310719999999999915e-04 -3.823930000000000233e-04 -5.655159999999999571e-04 -3.869550000000000246e-04 -5.942309999999999693e-04 -4.885819999999999920e-04
-7.100020000000000506e-04 -8.389769999999999736e-04 -6.143570000000000541e-04 -7.933190000000000120e-04 -2.614620000000000117e-04 -7.599510000000000293e-04 -6.619310000000000428e-04 -4.310210000000000191e-04
-7.548179999999999820e-04 -5.778639999999999818e-04 -8.197890000000000212e-04 -5.253080000000000466e-04 -5.980399999999999865e-04 -3.328539999999999949e-04 -4.381149999999999888e-04 -6.171599999999999525e-04
-2.516609999999999746e-04 -5.915750000000000001e-04 -4.375989999999999958e-04 -7.150490000000000448e-04 -6.361430000000000383e-04 -3.175809999999999939e-04 -8.075960000000000517e-04 -4.671449999999999735e-04
-6.475699999999999816e-04 -5.010550000000000333e-04 -6.369050000000000015e-04 -3.922570000000000223e-04 -3.378960000000000188e-04 -4.531669999999999796e-04 -5.330759999999999492e-04 -4.851589999999999809e-04
-4.049810000000000042e-04 -7.364140000000000139e-04 -4.258980000000000209e-04 -3.475519999999999955e-04 -2.753270000000000153e-04 -5.492680000000000002e-04 -5.216759999999999974e-04 -5.465739999999999748e-04
-5.598099999999999951e-04 -4.594730000000000103e-04 -5.396959999999999908e-04 -4.925739999999999633e-04 -2.549280000000000231e-04 -5.679660000000000437e-04 -6.643730000000000035e-04 -7.082829999999999812e-04
-7.651519999999999546e-04 -6.738459999999999719e-04 -8.140120000000000255e-04 -5.314029999999999535e-04 -7.917459999999999646e-04 -6.978410000000000429e-04 -5.196890000000000450e-04 -4.555800000000000257e-04
-7.661980000000000526e-04 -7.156979999999999635e-04 -3.409970000000000015e-04 -2.554319999999999898e-04 -9.409989999999999804e-04 -4.504309999999999976e-04 -4.789479999999999823e-04 -4.180440000000000111e-04
-3.691650000000000205e-04 -5.857910000000000027e-04 -6.162850000000000533e-04 -6.917849999999999911e-04 -4.758900000000000261e-04 -6.565920000000000046e-04 -4.647550000000000184e-04 -5.445380000000000099e-04
-4.415959999999999916e-04 -7.711639999999999641e-04 -7.603310000000000493e-04 -2.645780000000000137e-04 -5.771020000000000186e-04 -3.597480000000000122e-04 -8.521099999999999985e-04 -5.028520000000000299e-04
-4.850620000000000257e-04 -4.860439999999999834e-04 -4.658059999999999783e-04 -6.396009999999999500e-04 -8.947459999999999745e-04 -6.643219999999999594e-04 -3.384509999999999754e-04 -7.197980000000000090e-04
-8.113429999999999601e-04 -4.051659999999999897e-04 -6.120010000000000380e-04 -6.757199999999999882e-04 -1.347490000000000070e-04 -4.073600000000000029e-04 -5.468089999999999886e-04 -5.142039999999999849e-04
-3.930170000000000083e-04 -4.851410000000000227e-04 -4.615940000000000125e-04 -8.481279999999999679e-04 -5.913440000000000493e-04 -4.069529999999999914e-04 -3.286410000000000134e-04 -2.559519999999999916e-04
-4.162039999999999880e-04 -5.584599999999999894e-04 -5.162749999999999588e-04 -5.621460000000000215e-04 -5.328629999999999565e-04 -3.627750000000000224e-04 -7.166089999999999960e-04 -7.616640000000000042e-04
-5.909059999999999833e-04 -8.478420000000000184e-04 -2.451660000000000037e-04 -5.383890000000000117e-04 -4.806680000000000132e-04 -4.001130000000000094e-04 -8.931549999999999689e-04 -5.652909999999999923e-04
-3.159290000000000037e-04 -8.046429999999999598e-04 -3.613000000000000001e-04 -7.742870000000000221e-04 -3.226999999999999834e-04 -4.623690000000000178e-04 -3.775319999999999761e-04 -5.677879999999999516e-04
-6.439419999999999953e-04 -6.024539999999999887e-04 -3.565239999999999902e-04 -4.405860000000000267e-04 -6.208809999999999937e-04 -4.076059999999999731e-04 -7.205329999999999808e-04 -6.289930000000000000e-04
-3.388220000000000164e-04 -6.671020000000000378e-04 -2.838399999999999929e-04 -3.231900000000000007e-04 -5.002290000000000382e-04 -6.330599999999999596e-04 -5.952299999999999779e-04 -4.370760000000000010e-04
-4.046079999999999859e-04 -6.402470000000000383e-04 -3.014359999999999783e-04 -6.871590000000000120e-04 -5.941819999999999567e-04 -5.140989999999999579e-04 -7.524969999999999749e-04 -6.240770000000000085e-04
-7.074030000000000032e-04 -5.621569999999999779e-04 -6.753590000000000504e-04 -3.021189999999999987e-04 -5.299260000000000081e-04 -6.674100000000000085e-04 -6.696140000000000165e-04 -5.350759999999999978e-04
-5.955469999999999818e-04 -4.331839999999999779e-04 -5.419189999999999728e-04 -3.582869999999999935e-04 -6.902429999999999980e-04 -6.814160000000000095e-04 -7.993269999999999586e-04 -4.875529999999999990e-04
-3.329979999999999854e-04 -7.237759999999999767e-04 -6.838439999999999666e-04 -7.612689999999999648e-04 -8.209979999999999752e-04 -5.222560000000000223e-04 -7.653249999999999680e-04 -4.573989999999999892e-04
-7.996890000000000205e-04 -4.951330000000000314e-04 -6.534130000000000407e-04 -8.783789999999999870e-04 -1.867349999999999934e-04 -4.836439999999999793e-04 -7.224939999999999574e-04 -6.140689999999999647e-04
-5.684429999999999648e-04 -5.571740000000000156e-04 -5.735570000000000382e-04 -6.170779999999999625e-04 -6.279000000000000293e-04 -1.021190000000000026e-04 -5.118320000000000421e-04 -6.667799999999999552e-04
-6.992230000000000103e-04 -4.568069999999999921e-04 -4.636600000000000161e-04 -4.373970000000000137e-04 -2.927389999999999767e-04 -7.283129999999999639e-04 -3.273509999999999766e-04 -2.355849999999999882e-04
-5.008150000000000492e-04 -5.201809999999999854e-04 -6.922680000000000066e-04 -3.030460000000000120e-04 -4.798000000000000073e-04 -5.748360000000000102e-04 -5.182869999999999795e-04 -2.243900000000000115e-04
-9.683909999999999784e-04 -1.645899999999999946e-04 -3.417679999999999980e-04 -7.153930000000000402e-04 -6.318559999999999758e-04 -5.423910000000000320e-04 -4.128350000000000140e-04 -6.920099999999999559e-04
-5.537299999999999991e-04 -5.417650000000000417e-04 -5.222780000000000434e-04 -4.564400000000000141e-04 -6.375550000000000444e-04 -5.510279999999999562e-04 -4.893879999999999975e-04 -4.721300000000000214e-04
-2.920040000000000049e-04 -3.799049999999999888e-04 -7.784950000000000333e-04 -1.279829999999999976e-04 -4.687059999999999946e-04 -3.576499999999999927e-04 -5.596009999999999570e-04 -3.485060000000000002e-04
-6.353150000000000117e-04 -6.947270000000000181e-04 -5.248969999999999721e-04 -3.979109999999999787e-04 -3.501679999999999853e-04 -2.197920000000000125e-04 -4.221730000000000252e-04 -3.757489999999999832e-04
-7.055159999999999990e-04 -5.546420000000000473e-04 -4.951890000000000458e-04 -3.326089999999999863e-04 -4.396359999999999765e-04 -3.007780000000000262e-04 -4.021130000000000039e-04 -2.166269999999999979e-04
-5.791429999999999538e-04 -4.364230000000000192e-04 -6.402610000000000419e-04 -7.623120000000000156e-04 -6.903340000000000214e-04 -3.744509999999999831e-04 -6.069909999999999759e-04 -6.199579999999999891e-04
-4.502959999999999862e-04 -3.750019999999999851e-04 -5.623930000000000075e-04 -3.758570000000000032e-04 -5.653709999999999508e-04 -6.570439999999999657e-04 -7.547129999999999551e-04 -6.460829999999999872e-04
-6.012800000000000436e-04 -7.230960000000000035e-04 -6.598230000000000284e-04 -5.044109999999999653e-04 -3.711960000000000151e-04 -4.611589999999999938e-04 -5.295760000000000267e-04 -3.425599999999999999e-04
-3.096339999999999835e-04 -2.977389999999999898e-04 -3.703509999999999918e-04 -4.127059999999999887e-04 -5.323759999999999864e-04 -9.619010000000000320e-04 -3.017240000000000135e-04 -7.204180000000000132e-04
-3.586829999999999945e-04 -4.427680000000000136e-04 -6.051579999999999546e-04 -2.540770000000000138e-04 -5.662300000000000319e-04 -7.666189999999999593e-04 -6.123419999999999861e-04 -4.252060000000000214e-04
-2.643030000000000206e-04 -2.155899999999999874e-04 -6.632639999999999977e-04 -4.462409999999999988e-04 -2.627500000000000170e-04 -7.052579999999999483e-04 -3.508100000000000107e-04 -5.373720000000000449e-04
-3.414760000000000083e-04 -3.446999999999999760e-04 -4.071289999999999978e-04 -6.463120000000000150e-04 -5.131860000000000024e-04 -5.036829999999999953e-04 -5.642450000000000026e-04 -2.840039999999999730e-04
-4.770469999999999745e-04 -3.516209999999999865e-04 -6.200230000000000368e-04 -5.023459999999999774e-04 -3.336370000000000178e-04 -3.730030000000000064e-04 -6.343569999999999981e-04 -5.965890000000000169e-04
-6.491220000000000236e-04 -2.402240000000000094e-04 -1.962520000000000041e-04 -5.853110000000000344e-04 -3.668899999999999787e-04 -3.708550000000000128e-04 -5.650580000000000099e-04 -3.891930000000000259e-04
-4.695190000000000019e-04 -4.114599999999999941e-04 -5.089180000000000223e-04 -2.105460000000000133e-04 -4.930470000000000382e-04 -4.393420000000000094e-04 -4.229740000000000062e-04 -4.346290000000000158e-04
-4.679409999999999841e-04 -6.017159999999999696e-04 -5.712659999999999613e-04 -5.080469999999999691e-04 -7.712930000000000437e-04 -7.014810000000000012e-04 -4.494759999999999771e-04 -1.939499999999999981e-04
-4.306119999999999761e-04 -6.045529999999999697e-04 -6.365010000000000372e-04 -9.412869999999999614e-04 -6.267280000000000073e-05 -3.152440000000000060e-04 -3.174119999999999893e-04 -7.218739999999999532e-04
-6.062860000000000428e-04 -5.518009999999999842e-04 -4.491450000000000238e-04 -6.908879999999999622e-04 -5.398620000000000025e-04 -2.508820000000000147e-04 -5.844459999999999673e-04 -5.186659999999999838e-04
-4.884330000000000312e-04 -4.937090000000000532e-04 -2.628770000000000108e-04 -3.926789999999999990e-04 -5.723349999999999878e-04 -3.938300000000000156e-04 -8.977800000000000407e-04 -1.733100000000000059e-04
-5.442570000000000307e-04 -5.345859999999999805e-04 -6.678650000000000168e-04 -6.868770000000000171e-04 -3.846300000000000088e-04 -4.845459999999999785e-04 -2.324639999999999888e-04 -5.128109999999999526e-04
-4.192919999999999829e-04 -6.580200000000000458e-04 -5.549459999999999549e-04 -6.059490000000000492e-04 -1.375199999999999979e-04 -6.308079999999999547e-04 -5.226770000000000374e-04 -4.347280000000000024e-04
-5.390370000000000231e-04 -5.706059999999999778e-04 -5.105179999999999527e-04 -3.792029999999999945e-04 -6.194100000000000343e-04 -4.704819999999999857e-04 -5.446589999999999635e-04 -4.730229999999999873e-04
-7.732509999999999731e-04 -5.964699999999999863e-04 -5.032290000000000027e-04 -5.878749999999999644e-04 -4.902949999999999670e-04 -5.561640000000000507e-04 -4.103239999999999969e-04 -3.212290000000000241e-04
-4.205609999999999871e-05 -7.548890000000000157e-04 -2.992390000000000262e-04 -2.576899999999999807e-04 -6.380319999999999655e-04 -5.999519999999999506e-04 -3.292769999999999985e-04 -2.350709999999999996e-04
-4.519099999999999745e-04 -3.871430000000000032e-04 -4.818610000000000270e-05 -5.240089999999999765e-04 -4.791789999999999873e-04 -4.686320000000000221e-05 -6.571380000000000363e-04 -7.767740000000000408e-04
-2.714969999999999927e-04 -4.367740000000000164e-04 -5.347670000000000114e-04 -1.582350000000000054e-04 -3.459989999999999919e-04 -5.230910000000000507e-04 -4.914659999999999732e-04 -3.133230000000000086e-04
-4.848760000000000244e-04 -5.147520000000000481e-04 -5.305149999999999580e-04 -4.477870000000000006e-04 -5.667380000000000074e-04 -2.701140000000000095e-04 -5.542789999999999696e-04 -4.969899999999999969e-04
-5.850080000000000341e-04 -5.706829999999999976e-04 -2.965019999999999743e-04 -4.254190000000000142e-04 -3.493610000000000183e-04 -5.927620000000000415e-04 -1.890670000000000111e-04 -7.584700000000000209e-04
-5.377819999999999953e-04 -4.292289999999999929e-04 -4.565390000000000008e-04 -5.268960000000000050e-04 -1.965389999999999965e-04 -3.756869999999999828e-04 -6.683330000000000130e-04 -4.157799999999999799e-04
-3.050099999999999817e-04 -3.800429999999999932e-04 -7.427399999999999801e-04 -3.696330000000000167e-04 -6.520599999999999877e-04 -2.481490000000000258e-04 -4.139270000000000232e-04 -1.352380000000000086e-04
-5.981369999999999959e-04 -3.784449999999999858e-04 -9.297100000000000145e-05 -6.906199999999999709e-04 -4.949299999999999793e-04 -4.242900000000000187e-04 -3.809220000000000097e-04 -6.586159999999999974e-04
-2.722479999999999995e-04 -2.724760000000000116e-04 -5.486910000000000225e-04 -3.569639999999999792e-04 -3.177589999999999777e-04 -5.618869999999999551e-04 -2.631479999999999952e-04 -5.876230000000000082e-04
-4.570190000000000233e-04 -4.684150000000000206e-04 -2.587220000000000210e-04 -5.134760000000000149e-04 -3.566110000000000048e-04 -6.318939999999999507e-05 -5.722939999999999928e-04 -3.562770000000000043e-04
-3.275899999999999992e-04 -3.109179999999999800e-04 -4.424280000000000270e-04 -6.884769999999999475e-04 -6.980829999999999501e-04 -3.320420000000000034e-04 -2.509069999999999747e-04 -2.209099999999999974e-04
-6.406330000000000444e-04 -6.034190000000000040e-04 -3.424020000000000058e-04 -5.811020000000000074e-04 -5.242279999999999553e-04 -5.039969999999999520e-04 -1.320109999999999936e-04 -4.332469999999999941e-04
-7.825599999999999614e-04 -6.477209999999999739e-04 -4.337400000000000044e-04 -5.047429999999999885e-04 -5.469649999999999512e-04 -3.661660000000000175e-04 -3.315640000000000124e-04 -5.383599999999999887e-04
-4.042879999999999890e-04 -5.888860000000000535e-04 -3.959190000000000018e-04 -3.572599999999999778e-04 -7.296639999999999853e-04 -2.638019999999999927e-04 -6.158539999999999891e-04 -4.458789999999999911e-04
-3.903530000000000216e-04 -3.631150000000000089e-04 -4.946119999999999597e-04 -6.829450000000000147e-04 -4.243690000000000157e-04 -2.679529999999999738e-04 -2.365430000000000017e-04 -2.751900000000000266e-04
-2.610380000000000035e-04 -4.941270000000000211e-04 -2.927699999999999769e-04 -4.454799999999999971e-04 -2.343799999999999887e-04 -4.377240000000000124e-04 -7.834759999999999641e-04 -2.673889999999999839e-04
-5.926500000000000127e-04 -2.767660000000000129e-04 -6.093319999999999726e-04 -5.390430000000000091e-04 -1.583970000000000083e-04 -2.456609999999999914e-04 -4.477999999999999884e-04 -4.559160000000000035e-04
-7.192649999999999651e-04 -3.293829999999999870e-04 -3.204759999999999857e-04 -4.842779999999999871e-04 -4.410579999999999774e-04 -5.031179999999999897e-04 -7.919869999999999645e-04 -4.218539999999999898e-04
-5.231100000000000246e-04 -5.286069999999999484e-04 -1.169759999999999995e-04 -3.690759999999999744e-04 -5.392279999999999946e-04 -3.229999999999999907e-04 -6.409589999999999732e-04 -3.747690000000000027e-04
-3.174629999999999791e-04 -5.184070000000000258e-04 -4.316459999999999937e-04 -4.814120000000000183e-04 -6.485850000000000252e-04 -8.435060000000000517e-04 -4.170210000000000041e-04 -4.666490000000000243e-04
-3.840410000000000048e-04 -4.179300000000000050e-04 -3.851799999999999950e-04 -5.656879999999999548e-04 -5.331059999999999879e-04 -4.111489999999999763e-04 -6.636430000000000020e-04 -3.424049999999999989e-04
-4.843429999999999806e-04 -5.282439999999999792e-04 -3.788139999999999953e-04 -5.783090000000000496e-04 -2.781209999999999889e-04 -3.184670000000000122e-04 -5.679829999999999861e-04 -4.388239999999999849e-04
-4.528299999999999860e-04 -3.884469999999999893e-04 -5.498770000000000480e-04 -2.824570000000000097e-04 -3.854789999999999866e-04 -4.524870000000000064e-04 -3.359370000000000194e-04 -2.529669999999999922e-04
-3.022030000000000202e-04 -2.839030000000000091e-04 -2.909599999999999925e-04 -1.166570000000000047e-04 9.625380000000000329e-05 -1.950540000000000065e-04 -2.625770000000000035e-04 -3.909529999999999820e-04
-3.150490000000000256e-04 -4.377210000000000058e-05 -1.345170000000000133e-04 -7.137760000000000589e-05 -1.829900000000000081e-04 -1.773979999999999980e-04 -4.087450000000000176e-04 -2.837000000000000112e-04
-2.825279999999999892e-04 -3.276449999999999979e-04 -1.113239999999999933e-04 -2.371580000000000086e-04 -9.308989999999999789e-05 -1.996439999999999879e-04 5.735669999999999923e-05 -4.922699999999999472e-04
-2.012480000000000085e-04 -2.433950000000000100e-04 7.867390000000000581e-05 -4.524139999999999954e-04 -1.374550000000000045e-04 -6.805419999999999634e-05 -2.582129999999999755e-04 -1.730780000000000122e-04
3.714819999999999781e-05 -1.635630000000000059e-04 -4.193549999999999990e-04 -3.118829999999999953e-04 -3.190649999999999953e-04 -2.836170000000000054e-04 -3.354790000000000181e-04 -2.560099999999999832e-04
-1.350300000000000133e-04 -4.669199999999999951e-05 -2.621449999999999779e-04 -3.613840000000000216e-04 -2.835019999999999836e-04 -3.365619999999999940e-04 -3.235709999999999823e-04 -2.862839999999999851e-04
-2.634900000000000133e-04 -5.087470000000000403e-04 -3.014199999999999974e-04 -3.362870000000000009e-04 -1.980270000000000066e-04 -2.886410000000000169e-04 -4.512389999999999804e-04 -1.662529999999999954e-04
-2.737999999999999874e-04 -2.297590000000000071e-04 -2.873229999999999730e-04 3.341159999999999703e-05 -8.327890000000000661e-05 -4.100999999999999936e-04 -2.829980000000000169e-04 -3.241690000000000196e-04
4.267300000000000292e-05 -3.681019999999999800e-04 -1.898129999999999934e-04 -2.897439999999999825e-04 -2.712780000000000139e-04 -1.316540000000000104e-04 -4.535429999999999909e-04 -1.186489999999999951e-04
-1.180470000000000033e-04 -1.507710000000000105e-04 -1.770230000000000024e-04 -1.947460000000000087e-04 -4.016509999999999937e-04 -2.619720000000000187e-04 -1.259509999999999872e-04 -3.427379999999999836e-04
-2.796140000000000236e-04 -1.824370000000000017e-04 -1.169559999999999963e-04 -1.912109999999999960e-04 -6.830079999999999496e-05 -1.763280000000000099e-04 -1.112170000000000026e-04 -2.456329999999999842e-04
-3.206840000000000081e-04 -5.364509999999999906e-05 -2.957549999999999762e-04 -1.296339999999999992e-04 -2.519409999999999922e-04 -2.919080000000000112e-04 -8.518699999999999601e-05 -5.058760000000000470e-04
-2.530449999999999735e-04 -1.985570000000000032e-04 -1.746469999999999967e-04 -8.347630000000000577e-05 -2.388640000000000088e-04 -3.270810000000000080e-04 -3.061690000000000158e-04 -1.507040000000000059e-05
-4.389190000000000170e-04 -3.004440000000000257e-04 4.384169999999999903e-06 -3.504010000000000219e-04 -3.096299999999999747e-04 -1.540869999999999903e-04 -1.490059999999999926e-05 -5.138270000000000120e-04
-4.950790000000000079e-05 -2.168550000000000100e-04 -3.917489999999999926e-04 -3.239049999999999829e-04 1.099870000000000025e-04 -4.406309999999999763e-04 -1.270819999999999871e-04 -2.283329999999999973e-04
-3.029719999999999852e-04 -3.266009999999999855e-04 1.000329999999999958e-05 -1.553299999999999917e-04 -3.974909999999999793e-04 -3.709549999999999745e-05 -3.185919999999999746e-04 -2.424500000000000114e-04
-2.694260000000000188e-04 -8.785639999999999455e-05 -2.471250000000000031e-04 1.110289999999999969e-04 -1.962099999999999934e-04 -5.003759999999999675e-04 4.319279999999999750e-05 -1.925279999999999971e-04
-2.236659999999999961e-04 -4.464700000000000130e-05 -1.921109999999999908e-04 -1.916440000000000103e-04 -3.115939999999999986e-04 -2.189930000000000088e-04 -4.745859999999999857e-04 -1.392090000000000016e-04
-1.838619999999999957e-04 -2.194610000000000050e-04 -2.055100000000000026e-04 -2.150289999999999905e-04 -2.584299999999999770e-04 -2.537920000000000258e-04 -1.262600000000000007e-04 -2.323249999999999957e-04
-4.483499999999999747e-04 -3.946989999999999966e-05 -6.940310000000000641e-05 -4.163640000000000001e-05 -1.854500000000000083e-04 -1.574869999999999916e-04 -1.971669999999999911e-04 -1.926409999999999874e-04
2.144819999999999905e-05 -3.382799999999999935e-04 -5.974859999999999915e-05 -5.191419999999999976e-04 -3.220569999999999965e-04 -6.633860000000000212e-05 -2.420959999999999941e-04 -1.073600000000000021e-05
3.467440000000000127e-04 2.581810000000000138e-04 4.607409999999999989e-05 3.624780000000000081e-04 3.104059999999999957e-04 1.409639999999999873e-04 3.230910000000000140e-04 2.669689999999999845e-04
1.788270000000000007e-04 1.368979999999999893e-04 1.878580000000000028e-04 8.543180000000000424e-05 3.923840000000000162e-04 1.547399999999999991e-04 3.906989999999999942e-04 2.161719999999999896e-04
4.165929999999999872e-04 3.846860000000000232e-04 2.251820000000000134e-04 2.823149999999999965e-04 3.310450000000000263e-04 2.063850000000000103e-04 3.662229999999999934e-04 2.072470000000000030e-04
2.346190000000000114e-04 2.636079999999999738e-04 2.420710000000000071e-04 1.125100000000000053e-04 3.695069999999999843e-04 3.227549999999999820e-04 3.929580000000000009e-04 4.495100000000000246e-04
2.769720000000000038e-04 2.141490000000000125e-04 3.949770000000000234e-04 4.537519999999999748e-04 3.131400000000000004e-04 2.016160000000000022e-04 1.057420000000000050e-04 3.191849999999999874e-04
3.060839999999999785e-04 -8.833740000000000570e-05 1.782580000000000134e-04 3.431500000000000197e-04 2.058109999999999985e-04 2.235080000000000020e-04 1.340339999999999978e-04 3.043629999999999860e-04
1.234990000000000046e-04 1.230679999999999947e-04 1.868489999999999995e-04 3.563260000000000169e-04 4.496600000000000011e-04 4.161799999999999896e-04 3.723190000000000245e-04 2.260789999999999881e-04
3.891119999999999974e-04 1.933930000000000100e-04 -1.099469999999999961e-04 3.008139999999999968e-04 1.511689999999999887e-04 2.990420000000000144e-04 3.951520000000000141e-04 2.670579999999999764e-04
3.724600000000000220e-04 4.327010000000000166e-04 4.419620000000000081e-04 2.816480000000000112e-04 3.213760000000000076e-04 2.192610000000000002e-04 2.947359999999999780e-04 2.087290000000000000e-04
3.146170000000000000e-04 1.264140000000000131e-04 1.068920000000000059e-04 1.565419999999999930e-04 3.358500000000000049e-04 1.799299999999999934e-04 3.258010000000000203e-04 2.697900000000000038e-04
3.535049999999999976e-04 8.988740000000000271e-05 1.966430000000000077e-04 1.987199999999999947e-04 1.931590000000000119e-04 1.931280000000000117e-04 2.794489999999999735e-04 2.856630000000000193e-04
1.168569999999999960e-04 4.353730000000000208e-04 3.467850000000000077e-04 5.584350000000000295e-04 1.289910000000000123e-04 1.885730000000000121e-04 1.941520000000000073e-04 9.244649999999999656e-05
2.979500000000000052e-04 3.371289999999999769e-04 2.070910000000000134e-04 1.993449999999999964e-04 1.648890000000000132e-04 5.676499999999999472e-04 5.166899999999999878e-04 1.311189999999999892e-04
2.837359999999999817e-04 2.549650000000000093e-04 1.894020000000000003e-04 3.065690000000000255e-04 1.399580000000000041e-04 5.554469999999999693e-05 8.486969999999999822e-05 7.554439999999999723e-04
-9.958959999999999937e-05 2.380190000000000127e-04 1.448370000000000094e-04 2.500620000000000056e-04 1.206240000000000025e-04 3.158950000000000104e-04 2.741250000000000089e-04 1.589709999999999930e-04
2.584770000000000123e-04 4.231840000000000059e-04 4.759440000000000090e-04 1.709090000000000132e-04 1.803490000000000041e-04 4.864560000000000195e-04 4.652309999999999779e-04 1.059979999999999972e-04
6.110709999999999639e-06 1.480660000000000016e-04 3.630969999999999966e-04 3.514039999999999850e-04 5.064180000000000157e-04 3.491580000000000204e-04 3.556440000000000122e-04 2.585199999999999846e-04
1.063079999999999993e-04 5.354019999999999943e-05 1.532240000000000088e-04 -6.072990000000000278e-05 2.902289999999999753e-04 -4.395059999999999896e-05 1.720430000000000060e-04 8.083369999999999824e-05
1.176549999999999975e-04 3.635879999999999754e-04 2.027769999999999866e-04 -4.207119999999999794e-05 2.880199999999999969e-04 1.745949999999999911e-04 3.913109999999999809e-04 3.351310000000000140e-04
2.277880000000000085e-04 4.829459999999999938e-04 1.881060000000000045e-04 3.364649999999999846e-04 2.538740000000000159e-04 4.976890000000000524e-04 3.531590000000000250e-04 2.611019999999999812e-04
2.330560000000000129e-04 1.781800000000000050e-04 5.771529999999999949e-05 2.602449999999999859e-04 6.000149999999999668e-04 3.025459999999999998e-04 3.248360000000000049e-04 3.452579999999999798e-04
1.256820000000000073e-03 8.614990000000000538e-04 1.056920000000000038e-03 8.752389999999999866e-04 1.065240000000000067e-03 1.097899999999999961e-03 1.084270000000000025e-03 1.143989999999999894e-03
9.082510000000000019e-04 1.027169999999999993e-03 1.094689999999999943e-03 1.148509999999999939e-03 1.150690000000000003e-03 1.129089999999999911e-03 1.309819999999999951e-03 1.076020000000000015e-03
1.020300000000000026e-03 1.040380000000000037e-03 1.191519999999999949e-03 1.108030000000000083e-03 1.097139999999999921e-03 1.066399999999999900e-03 9.637839999999999732e-04 1.061319999999999928e-03
1.043410000000000041e-03 1.258519999999999951e-03 1.065310000000000085e-03 1.015559999999999987e-03 1.043569999999999958e-03 1.032270000000000063e-03 1.035509999999999903e-03 1.108499999999999893e-03
1.234539999999999900e-03 1.180499999999999909e-03 8.234650000000000043e-04 9.342200000000000374e-04 8.985930000000000480e-04 8.330660000000000365e-04 1.056979999999999899e-03 1.273379999999999955e-03
9.634780000000000341e-04 8.388850000000000430e-04 1.139000000000000038e-03 1.037310000000000055e-03 8.425460000000000067e-04 1.257700000000000051e-03 1.014799999999999947e-03 1.342550000000000080e-03
9.577089999999999475e-04 9.595419999999999687e-04 1.231370000000000077e-03 1.022450000000000052e-03 9.420200000000000101e-04 1.251319999999999993e-03 1.036510000000000035e-03 1.126609999999999895e-03
1.226969999999999970e-03 9.924529999999999116e-04 1.039460000000000080e-03 1.123169999999999941e-03 1.233259999999999912e-03 1.004010000000000059e-03 1.078490000000000091e-03 1.158809999999999918e-03
9.255799999999999575e-04 9.135729999999999892e-04 1.034790000000000059e-03 8.919919999999999802e-04 1.210010000000000079e-03 9.596389999999999781e-04 9.982089999999999019e-04 1.076279999999999988e-03
1.004799999999999921e-03 1.065500000000000041e-03 1.042839999999999956e-03 8.544130000000000474e-04 1.171839999999999948e-03 8.616830000000000236e-04 1.108250000000000077e-03 1.103779999999999952e-03
9.541330000000000210e-04 1.049419999999999910e-03 1.097930000000000000e-03 1.130439999999999917e-03 1.149059999999999925e-03 1.027729999999999920e-03 8.124579999999999519e-04 9.961609999999999649e-04
1.380039999999999913e-03 9.807539999999999140e-04 9.685460000000000336e-04 1.072210000000000090e-03 1.013659999999999995e-03 9.896600000000000622e-04 9.705749999999999968e-04 9.236580000000000528e-04
1.076109999999999914e-03 1.161259999999999896e-03 1.050520000000000100e-03 1.085349999999999900e-03 9.522890000000000434e-04 1.165449999999999950e-03 1.095459999999999923e-03 1.119090000000000102e-03
1.169289999999999913e-03 1.102349999999999988e-03 8.730810000000000523e-04 8.715209999999999927e-04 7.330939999999999982e-04 8.947440000000000514e-04 1.096050000000000106e-03 1.076570000000000001e-03
1.193929999999999948e-03 9.820720000000000664e-04 8.446270000000000297e-04 1.170009999999999974e-03 9.626250000000000475e-04 1.009359999999999945e-03 9.136790000000000319e-04 1.297119999999999914e-03
9.832179999999998959e-04 1.138300000000000076e-03 1.098299999999999971e-03 1.002539999999999898e-03 8.098170000000000021e-04 1.076099999999999973e-03 1.083500000000000045e-03 8.934509999999999674e-04
9.799669999999999909e-04 9.864109999999999719e-04 1.202830000000000002e-03 1.015159999999999977e-03 1.215060000000000012e-03 1.056389999999999933e-03 1.011870000000000000e-03 9.747479999999999990e-04
1.164419999999999995e-03 9.869020000000000049e-04 1.263550000000000003e-03 1.085550000000000013e-03 1.126419999999999939e-03 1.204619999999999996e-03 1.033510000000000071e-03 1.184619999999999944e-03
1.141120000000000025e-03 1.052130000000000079e-03 1.163699999999999934e-03 9.642620000000000184e-04 9.479970000000000107e-04 9.241110000000000296e-04 8.517979999999999649e-04 1.137250000000000023e-03
9.596809999999999889e-04 1.065439999999999963e-03 9.048269999999999751e-04 1.161920000000000097e-03 1.095590000000000019e-03 1.066729999999999892e-03 1.009719999999999975e-03 1.117619999999999942e-03
9.107930000000000192e-04 8.490729999999999935e-04 1.031610000000000079e-03 1.120640000000000004e-03 1.117079999999999896e-03 1.024069999999999972e-03 8.105000000000000225e-04 1.103529999999999919e-03
