7.167319999999999594e-03 9.309490000000000126e-03 8.027879999999999391e-03 8.371639999999999637e-03 7.974280000000000257e-03 8.130039999999999836e-03 7.990749999999999589e-03 8.347890000000000171e-03
7.940970000000000320e-03 8.112889999999999338e-03 8.446649999999999991e-03 7.562509999999999719e-03 8.646199999999999719e-03 8.586730000000000751e-03 9.857909999999999243e-03 8.801740000000000605e-03
8.830319999999999142e-03 7.322819999999999850e-03 8.910370000000000790e-03 8.656360000000000096e-03 1.006020000000000005e-02 8.936329999999999274e-03 8.188330000000000608e-03 7.375650000000000088e-03
8.359870000000000148e-03 9.129850000000000118e-03 8.209640000000000687e-03 9.762679999999999275e-03 9.534469999999999751e-03 8.592719999999999872e-03 8.724499999999999617e-03 8.461700000000000818e-03
8.912639999999999452e-03 8.107059999999999267e-03 9.030730000000000701e-03 9.104519999999999627e-03 9.980499999999999788e-03 8.561269999999999297e-03 8.317349999999999396e-03 8.675459999999999422e-03
8.958590000000000650e-03 7.503909999999999920e-03 7.975569999999999535e-03 9.447419999999999776e-03 7.003119999999999831e-03 9.136039999999999786e-03 6.528749999999999831e-03 8.277450000000000432e-03
8.772230000000000652e-03 8.979900000000000729e-03 7.810560000000000246e-03 8.104399999999999452e-03 7.286530000000000264e-03 7.791359999999999779e-03 7.963990000000000652e-03 8.702259999999999857e-03
8.961590000000000181e-03 7.436169999999999759e-03 8.401779999999999318e-03 9.344540000000000138e-03 8.846919999999999437e-03 9.179450000000000456e-03 7.057540000000000167e-03 7.291399999999999965e-03
9.130620000000000749e-03 9.074429999999999649e-03 9.065619999999999928e-03 9.306359999999999633e-03 8.648289999999999450e-03 8.838050000000000073e-03 9.010129999999999875e-03 8.271749999999999589e-03
8.396139999999999853e-03 9.750959999999999489e-03 9.014299999999999397e-03 8.877180000000000140e-03 7.738870000000000124e-03 9.518030000000000240e-03 8.282410000000000466e-03 8.650959999999999206e-03
8.695649999999999213e-03 8.754829999999999904e-03 8.066890000000000172e-03 8.475500000000000395e-03 8.149879999999999972e-03 8.680699999999999528e-03 8.289279999999999565e-03 9.125539999999999694e-03
8.161750000000000602e-03 8.079299999999999329e-03 8.408910000000000343e-03 8.367640000000000841e-03 9.689969999999999140e-03 7.925009999999999694e-03 9.946359999999999577e-03 7.798969999999999687e-03
7.737209999999999574e-03 9.254300000000000026e-03 7.945910000000000473e-03 8.205489999999999312e-03 7.642419999999999596e-03 8.221610000000000723e-03 8.694449999999999401e-03 7.422340000000000361e-03
8.735029999999999531e-03 9.530049999999999980e-03 7.664190000000000412e-03 8.467340000000000283e-03 8.377010000000000706e-03 8.698730000000000004e-03 1.035130000000000078e-02 8.617230000000000029e-03
8.225659999999999222e-03 8.265760000000000468e-03 8.453560000000000588e-03 7.648349999999999940e-03 8.265279999999999849e-03 8.400259999999999672e-03 8.455739999999999784e-03 7.438239999999999609e-03
8.967380000000000490e-03 8.921619999999999898e-03 8.525460000000000330e-03 7.430570000000000057e-03 8.365269999999999304e-03 8.180649999999999381e-03 8.189929999999999780e-03 8.563299999999999385e-03
9.070329999999999712e-03 8.863209999999999839e-03 8.595919999999999950e-03 9.435910000000000478e-03 8.471730000000000232e-03 7.778819999999999658e-03 8.513369999999999271e-03 8.379239999999999605e-03
9.273999999999999258e-03 8.741759999999999461e-03 7.901230000000000406e-03 7.886109999999999995e-03 7.859869999999999704e-03 9.117270000000000235e-03 8.094940000000000122e-03 8.429849999999999149e-03
8.739429999999999421e-03 8.180639999999999440e-03 9.230910000000000157e-03 8.098829999999999571e-03 9.058909999999999879e-03 9.053550000000000486e-03 1.004069999999999963e-02 9.236720000000000347e-03
8.465330000000000077e-03 7.941029999999999964e-03 8.574389999999999443e-03 8.582189999999999958e-03 8.655329999999999274e-03 7.790860000000000146e-03 7.723630000000000426e-03 7.720349999999999956e-03
8.476430000000000076e-03 8.309240000000000723e-03 7.295560000000000413e-03 8.222129999999999370e-03 9.570659999999999931e-03 9.260179999999999800e-03 8.879669999999999230e-03 8.588870000000000185e-03
8.568380000000000440e-03 8.967779999999999849e-03 7.203720000000000262e-03 7.660619999999999929e-03 8.484280000000000294e-03 8.929819999999999772e-03 9.248779999999999848e-03 8.688879999999999520e-03
8.494309999999999708e-03 8.493819999999999149e-03 8.767129999999999715e-03 8.044620000000000590e-03 8.335429999999999576e-03 7.605269999999999912e-03 7.357439999999999813e-03 8.889460000000000070e-03
7.762090000000000135e-03 9.151249999999999662e-03 8.627700000000000299e-03 8.322120000000000559e-03 8.130639999999999742e-03 7.664269999999999937e-03 8.746099999999999708e-03 9.530769999999999173e-03
8.739520000000000621e-03 7.177829999999999627e-03 8.040669999999999762e-03 8.643569999999999726e-03 7.869700000000000306e-03 8.920670000000000335e-03 8.538179999999999381e-03 7.312189999999999662e-03
8.430770000000000625e-03 8.093110000000000581e-03 6.926169999999999723e-03 8.611769999999999495e-03 8.149389999999999412e-03 8.242899999999999186e-03 8.976160000000000388e-03 8.458570000000000325e-03
7.633710000000000148e-03 9.410359999999999558e-03 9.143659999999999635e-03 8.512199999999999281e-03 9.317419999999999869e-03 8.832289999999999586e-03 7.790290000000000062e-03 7.961400000000000421e-03
8.603579999999999561e-03 8.408189999999999414e-03 8.477339999999999876e-03 9.113849999999999729e-03 8.752110000000000445e-03 8.832029999999999395e-03 8.198060000000000069e-03 8.568529999999999550e-03
8.758659999999999710e-03 8.446220000000000810e-03 8.245310000000000486e-03 9.082710000000000783e-03 8.845139999999999600e-03 7.215029999999999881e-03 9.657690000000000025e-03 9.832610000000000308e-03
8.515319999999999834e-03 8.499800000000000064e-03 8.320869999999999309e-03 8.183140000000000205e-03 7.966269999999999255e-03 9.628039999999999168e-03 9.261270000000000266e-03 8.350009999999999724e-03
7.293459999999999874e-03 8.890489999999999157e-03 8.628919999999999993e-03 8.699969999999999579e-03 7.295590000000000235e-03 7.749429999999999860e-03 8.986759999999999887e-03 8.666240000000000401e-03
9.395389999999999991e-03 8.780410000000000645e-03 6.320459999999999967e-03 9.125569999999999515e-03 7.772989999999999587e-03 9.061460000000000348e-03 7.697410000000000016e-03 9.018399999999999334e-03
8.806609999999999439e-03 8.682739999999999556e-03 9.400890000000000288e-03 7.211470000000000206e-03 7.663190000000000279e-03 8.297880000000000533e-03 8.594839999999999425e-03 8.265979999999999162e-03
9.647239999999999635e-03 7.859400000000000761e-03 9.131610000000000074e-03 8.063360000000000319e-03 8.167920000000000388e-03 9.535580000000000098e-03 8.040600000000000178e-03 7.973829999999999460e-03
7.398980000000000314e-03 7.761360000000000134e-03 8.682429999999999662e-03 7.370840000000000031e-03 7.790319999999999884e-03 9.157480000000000828e-03 7.851419999999999580e-03 8.909860000000000349e-03
8.974680000000000504e-03 8.606630000000000530e-03 7.685349999999999647e-03 7.610160000000000362e-03 8.424980000000000316e-03 8.883290000000000283e-03 8.977080000000000129e-03 7.554990000000000143e-03
8.442780000000000423e-03 8.838240000000000679e-03 7.881360000000000449e-03 7.157519999999999681e-03 7.531809999999999894e-03 9.064489999999999700e-03 9.008389999999999800e-03 8.196399999999999519e-03
8.370479999999999587e-03 9.070260000000000128e-03 9.370649999999999466e-03 7.594530000000000378e-03 9.858620000000000230e-03 9.472700000000000564e-03 8.434439999999999646e-03 7.850070000000000658e-03
1.000080000000000066e-02 7.349409999999999797e-03 8.890900000000000192e-03 9.565689999999999957e-03 9.317070000000000213e-03 8.161629999999999580e-03 8.964259999999999937e-03 7.232610000000000428e-03
7.399479999999999946e-03 8.263049999999999215e-03 7.750439999999999933e-03 8.157579999999999346e-03 8.427689999999999834e-03 7.986250000000000293e-03 8.004209999999999450e-03 8.982800000000000853e-03
9.006979999999999500e-03 7.834940000000000307e-03 8.020229999999999720e-03 9.329769999999999383e-03 9.176109999999999475e-03 8.642949999999999938e-03 8.111449999999999216e-03 7.878549999999999789e-03
8.655569999999999584e-03 8.463740000000000846e-03 7.892679999999999141e-03 9.323990000000000750e-03 8.753459999999999366e-03 8.520220000000000224e-03 7.869070000000000578e-03 8.690710000000000796e-03
7.823099999999999499e-03 9.021849999999999661e-03 9.546809999999999324e-03 8.152519999999999906e-03 9.406299999999999384e-03 7.611030000000000399e-03 8.642820000000000710e-03 7.840210000000000234e-03
8.807920000000000332e-03 9.010580000000000672e-03 7.663259999999999864e-03 7.896059999999999884e-03 8.479070000000000010e-03 7.435630000000000364e-03 8.615650000000000738e-03 8.225500000000000173e-03
7.544160000000000275e-03 8.788249999999999187e-03 7.909519999999999745e-03 9.446849999999999692e-03 8.804330000000000836e-03 9.248599999999999183e-03 8.131980000000000458e-03 9.717659999999999493e-03
7.801149999999999751e-03 8.941380000000000508e-03 9.414739999999999567e-03 8.469209999999999586e-03 9.215070000000000552e-03 8.643520000000000023e-03 8.785760000000000097e-03 8.394669999999999910e-03
8.837599999999999276e-03 9.056609999999999661e-03 8.309620000000000201e-03 9.287049999999999819e-03 9.764049999999999813e-03 9.038120000000000182e-03 7.273550000000000154e-03 8.681309999999999374e-03
8.126639999999999212e-03 9.063710000000000863e-03 8.415610000000000451e-03 9.058770000000000711e-03 8.771579999999999308e-03 8.362090000000000842e-03 8.024150000000000726e-03 8.412380000000000552e-03
8.496679999999999511e-03 9.083950000000000358e-03 8.188749999999999848e-03 8.183609999999999149e-03 9.902489999999999903e-03 9.213259999999999159e-03 8.252519999999999301e-03 8.668040000000000120e-03
8.857649999999999899e-03 1.003240000000000035e-02 8.427409999999999762e-03 9.478040000000000076e-03 8.466829999999999842e-03 9.244320000000000315e-03 8.527029999999999679e-03 8.637799999999999298e-03
8.714370000000000796e-03 8.608470000000000011e-03 8.927660000000000456e-03 8.631309999999999677e-03 7.746079999999999806e-03 9.120339999999999350e-03 8.015690000000000662e-03 8.637050000000000283e-03
8.273259999999999295e-03 8.706729999999999331e-03 8.909479999999999136e-03 7.633970000000000339e-03 8.848889999999999881e-03 9.088409999999999891e-03 8.191300000000000317e-03 8.661880000000000274e-03
8.126440000000000399e-03 8.611580000000000623e-03 7.613049999999999679e-03 8.754349999999999285e-03 8.703739999999999741e-03 8.030529999999999266e-03 8.235940000000000621e-03 8.633959999999999552e-03
7.935760000000000036e-03 8.248240000000000433e-03 8.229210000000000691e-03 7.485359999999999930e-03 8.528430000000000039e-03 8.689650000000000152e-03 8.519489999999999355e-03 7.779760000000000147e-03
9.070289999999999950e-03 8.622869999999999494e-03 8.148290000000000741e-03 8.372330000000000744e-03 8.176430000000000156e-03 7.697800000000000302e-03 8.779260000000000536e-03 8.979990000000000194e-03
8.233390000000000153e-03 8.502880000000000854e-03 8.073890000000000233e-03 7.754640000000000144e-03 8.610190000000000204e-03 1.014089999999999957e-02 8.302830000000000626e-03 8.537450000000000247e-03
9.724850000000000161e-03 7.246739999999999779e-03 8.836880000000000082e-03 8.793650000000000078e-03 8.270660000000000858e-03 8.597199999999999287e-03 8.288989999999999553e-03 9.058909999999999879e-03
6.998930000000000429e-03 8.872579999999999703e-03 8.494059999999999458e-03 8.536850000000000341e-03 8.439439999999999442e-03 7.284589999999999642e-03 6.696360000000000159e-03 9.197900000000000173e-03
8.647349999999999828e-03 8.255240000000000494e-03 7.908220000000000527e-03 8.038899999999999865e-03 9.396989999999999163e-03 7.764329999999999843e-03 8.443610000000000698e-03 9.004150000000000695e-03
9.668269999999999642e-03 9.310759999999999523e-03 7.876710000000000308e-03 8.200960000000000194e-03 8.211289999999999561e-03 8.519040000000000293e-03 9.420009999999999495e-03 8.706290000000000209e-03
8.868730000000000016e-03 8.891700000000000645e-03 7.634570000000000245e-03 8.848190000000000568e-03 8.217679999999999776e-03 7.946339999999999654e-03 9.109159999999999827e-03 8.670290000000000635e-03
7.553149999999999795e-03 8.415320000000000439e-03 8.832039999999999336e-03 8.657540000000000027e-03 7.635890000000000212e-03 7.881449999999999914e-03 8.005800000000000416e-03 7.407509999999999963e-03
9.366509999999999767e-03 8.543989999999999571e-03 8.961280000000000287e-03 9.446790000000000048e-03 6.473429999999999636e-03 8.628220000000000681e-03 8.338649999999999535e-03 8.696799999999999323e-03
7.274690000000000323e-03 8.366220000000000601e-03 8.709120000000000750e-03 8.647590000000000138e-03 9.320379999999999637e-03 7.805379999999999784e-03 8.855699999999999336e-03 8.341130000000000419e-03
9.256089999999999804e-03 8.380200000000000843e-03 9.014650000000000787e-03 8.950980000000000741e-03 8.347860000000000349e-03 9.192670000000000008e-03 7.816319999999999865e-03 9.138649999999999898e-03
8.322029999999999358e-03 8.502449999999999938e-03 8.915690000000000420e-03 7.794569999999999797e-03 8.895999999999999394e-03 8.239430000000000712e-03 7.850070000000000658e-03 7.294959999999999639e-03
8.487810000000000146e-03 8.081690000000000748e-03 7.873730000000000659e-03 8.006910000000000763e-03 7.973249999999999435e-03 9.056260000000000004e-03 8.056970000000000104e-03 8.802340000000000511e-03
8.041869999999999574e-03 8.527339999999999573e-03 5.789980000000000127e-03 8.283580000000000457e-03 8.891339999999999313e-03 8.037000000000000741e-03 9.269980000000000581e-03 8.529409999999999423e-03
9.325500000000000456e-03 9.027880000000000280e-03 7.487470000000000410e-03 8.229290000000000216e-03 9.261959999999999638e-03 8.752940000000000720e-03 8.300909999999999886e-03 8.849829999999999502e-03
7.552299999999999638e-03 8.265009999999999718e-03 8.679110000000000297e-03 8.277200000000000182e-03 7.818729999999999430e-03 8.710350000000000384e-03 1.009050000000000051e-02 9.102529999999999302e-03
9.002790000000000098e-03 7.112890000000000185e-03 9.204900000000000235e-03 7.985640000000000446e-03 8.277700000000000682e-03 8.323779999999999374e-03 8.540930000000000397e-03 8.478199999999999972e-03
8.457050000000000678e-03 8.473009999999999570e-03 9.200510000000000285e-03 7.585019999999999610e-03 8.459249999999999756e-03 8.650460000000000441e-03 9.352390000000000356e-03 7.624030000000000390e-03
7.656829999999999886e-03 7.647550000000000354e-03 8.592229999999999313e-03 7.075510000000000133e-03 8.550840000000000524e-03 8.153109999999999871e-03 8.746109999999999648e-03 7.524079999999999831e-03
8.241429999999999242e-03 5.975489999999999968e-03 7.987360000000000640e-03 7.273260000000000142e-03 7.587950000000000424e-03 8.763740000000000765e-03 8.670989999999999948e-03 8.182000000000000037e-03
8.223950000000000704e-03 8.951779999999999460e-03 8.183549999999999505e-03 9.344770000000000507e-03 9.146210000000000104e-03 9.309909999999999367e-03 9.846670000000000075e-03 7.770639999999999666e-03
8.747359999999999164e-03 8.834820000000000173e-03 8.214660000000000364e-03 9.307700000000000348e-03 8.597449999999999537e-03 8.407809999999999936e-03 8.257530000000000772e-03 8.744959999999999539e-03
8.669839999999999838e-03 7.821699999999999139e-03 8.907270000000000118e-03 9.367079999999999851e-03 9.108230000000000146e-03 7.960349999999999718e-03 8.533660000000000204e-03 9.409479999999999580e-03
8.976369999999999141e-03 8.020040000000000849e-03 9.841900000000000648e-03 8.446040000000000145e-03 9.288080000000000641e-03 8.398489999999999775e-03 8.471730000000000232e-03 8.699200000000000682e-03
8.552860000000000670e-03 8.383840000000000042e-03 7.836569999999999300e-03 7.371339999999999663e-03 7.367789999999999929e-03 7.542459999999999963e-03 8.517139999999999433e-03 9.159739999999999549e-03
8.464420000000000277e-03 7.938409999999999911e-03 8.381069999999999146e-03 8.949099999999999763e-03 8.674670000000000644e-03 8.035969999999999919e-03 9.593140000000000001e-03 8.517000000000000265e-03
8.311100000000000085e-03 8.965070000000000330e-03 7.556639999999999885e-03 8.671210000000000376e-03 7.915830000000000435e-03 8.675030000000000241e-03 8.823789999999999759e-03 7.032700000000000236e-03
8.129670000000000299e-03 8.359099999999999517e-03 8.955589999999999384e-03 8.289720000000000422e-03 8.779580000000000370e-03 8.832120000000000595e-03 9.002980000000000704e-03 8.090790000000000481e-03
9.410609999999999808e-03 9.069129999999999900e-03 9.295120000000000465e-03 8.728100000000000788e-03 8.308619999999999201e-03 8.218899999999999470e-03 8.813069999999999238e-03 7.972999999999999185e-03
8.841899999999999760e-03 8.426950000000000759e-03 8.971130000000000770e-03 8.165769999999999279e-03 7.728529999999999948e-03 9.077629999999999727e-03 8.550210000000000796e-03 8.918600000000000486e-03
7.967969999999999567e-03 7.842580000000000037e-03 7.806429999999999619e-03 8.101320000000000396e-03 7.644510000000000194e-03 8.416450000000000667e-03 9.183999999999999456e-03 9.000199999999999867e-03
8.164420000000000358e-03 8.337759999999999616e-03 8.993179999999999924e-03 8.506770000000000304e-03 8.255039999999999947e-03 8.806790000000000104e-03 8.077249999999999361e-03 9.617920000000000288e-03
8.015539999999999818e-03 8.012059999999999668e-03 7.935309999999999239e-03 7.491150000000000239e-03 8.460999999999999771e-03 8.598359999999999337e-03 8.794220000000000162e-03 7.482739999999999878e-03
7.626059999999999610e-03 7.831879999999999398e-03 8.625809999999999381e-03 8.698120000000000157e-03 8.159359999999999183e-03 7.910429999999999545e-03 9.284860000000000682e-03 9.731359999999999663e-03
7.890869999999999482e-03 8.133289999999999617e-03 6.660290000000000134e-03 8.723089999999999317e-03 8.590979999999999797e-03 7.681979999999999711e-03 8.194669999999999385e-03 8.484500000000000722e-03
8.559910000000000435e-03 8.363340000000000357e-03 8.283220000000000860e-03 8.787839999999999888e-03 9.590100000000000707e-03 7.337549999999999975e-03 7.770909999999999797e-03 9.151770000000000044e-03
8.149280000000000065e-03 9.009079999999999172e-03 7.035310000000000348e-03 8.521970000000000239e-03 9.607469999999999899e-03 8.859809999999999214e-03 7.907660000000000383e-03 8.176189999999999847e-03
7.359550000000000293e-03 8.250739999999999463e-03 8.806249999999999842e-03 8.536409999999999484e-03 8.028419999999999654e-03 8.266100000000000184e-03 8.481320000000000525e-03 8.751619999999999885e-03
9.027320000000000136e-03 8.054570000000000479e-03 9.031259999999999288e-03 8.736519999999999356e-03 8.153530000000000846e-03 8.172920000000000185e-03 9.566460000000000588e-03 9.092559999999999532e-03
8.738900000000000834e-03 8.528640000000000526e-03 8.680800000000000669e-03 9.318450000000000691e-03 8.368119999999999725e-03 8.835489999999999663e-03 8.788209999999999425e-03 7.852380000000000818e-03
9.393179999999999238e-03 8.584470000000000295e-03 8.604169999999999527e-03 9.664580000000000740e-03 8.490610000000000865e-03 7.165979999999999746e-03 8.541669999999999471e-03 7.573700000000000050e-03
8.319870000000000043e-03 8.967090000000000477e-03 7.048880000000000423e-03 8.638790000000000358e-03 8.212570000000000633e-03 9.046689999999999593e-03 8.396650000000000294e-03 8.803709999999999314e-03
9.091639999999999791e-03 8.309739999999999488e-03 6.883700000000000409e-03 8.706300000000000150e-03 8.425610000000000044e-03 8.211160000000000334e-03 8.967839999999999492e-03 8.097450000000000828e-03
8.188439999999999955e-03 8.742520000000000152e-03 7.718680000000000332e-03 8.325360000000000399e-03 8.865279999999999688e-03 8.288939999999999850e-03 7.718649999999999643e-03 9.048779999999999324e-03
7.905010000000000508e-03 9.627480000000000759e-03 8.723200000000000398e-03 8.246099999999999264e-03 9.039600000000000066e-03 8.233370000000000272e-03 7.592549999999999993e-03 7.754950000000000038e-03
9.447340000000000251e-03 8.591649999999999288e-03 9.263510000000000841e-03 8.557169999999999360e-03 8.151840000000000475e-03 8.768959999999999255e-03 8.548889999999999961e-03 8.359810000000000504e-03
8.361369999999999914e-03 9.119040000000000132e-03 9.142940000000000442e-03 7.465369999999999819e-03 9.029380000000000045e-03 8.568690000000000334e-03 8.905629999999999449e-03 8.160060000000000230e-03
8.613789999999999641e-03 7.721519999999999946e-03 7.669819999999999936e-03 7.972399999999999279e-03 9.403339999999999615e-03 9.186029999999999543e-03 7.349310000000000391e-03 8.960579999999999240e-03
8.313849999999999366e-03 8.981619999999999188e-03 8.586279999999999954e-03 8.540110000000000062e-03 7.772270000000000394e-03 7.530450000000000164e-03 8.692870000000000111e-03 1.008880000000000020e-02
8.569200000000000775e-03 8.138340000000000851e-03 9.340160000000000129e-03 8.007759999999999184e-03 8.679080000000000475e-03 8.689739999999999617e-03 7.667140000000000240e-03 9.434190000000000284e-03
8.212489999999999374e-03 9.089200000000000404e-03 8.470780000000000670e-03 8.009439999999999615e-03 9.197580000000000339e-03 9.073329999999999243e-03 8.376130000000000728e-03 9.345449999999999938e-03
8.921530000000000432e-03 7.615180000000000039e-03 8.620769999999999822e-03 8.138289999999999413e-03 8.930449999999999500e-03 6.754610000000000301e-03 7.162579999999999988e-03 8.821219999999999409e-03
7.060209999999999923e-03 8.109909999999999689e-03 8.471499999999999864e-03 7.651719999999999876e-03 8.298770000000000452e-03 8.800820000000000864e-03 9.850750000000000131e-03 8.283739999999999506e-03
8.556660000000000654e-03 8.396179999999999616e-03 9.191219999999999946e-03 8.295850000000000446e-03 9.272630000000000455e-03 7.942740000000000217e-03 8.431849999999999415e-03 9.738039999999999891e-03
7.611709999999999830e-03 8.782500000000000376e-03 8.429809999999999387e-03 8.602179999999999202e-03 8.983730000000000535e-03 8.606789999999999580e-03 8.367229999999999807e-03 9.797290000000000165e-03
8.083150000000000751e-03 9.087329999999999366e-03 7.236189999999999983e-03 8.834510000000000279e-03 8.746999999999999567e-03 8.393140000000000323e-03 9.433769999999999309e-03 8.279279999999999973e-03
7.826200000000000170e-03 8.650089999999999169e-03 8.897650000000000003e-03 8.388289999999999635e-03 8.050299999999999817e-03 7.980489999999999806e-03 6.971749999999999649e-03 9.206840000000000857e-03
8.684539999999999274e-03 9.591660000000000116e-03 7.659580000000000034e-03 9.310370000000000104e-03 8.393950000000000716e-03 8.215409999999999380e-03 8.930489999999999262e-03 9.292770000000000544e-03
8.923099999999999782e-03 8.783549999999999344e-03 8.395520000000000066e-03 9.129490000000000521e-03 8.920420000000000085e-03 9.024330000000000546e-03 8.856120000000000311e-03 8.882019999999999152e-03
8.407370000000000815e-03 8.409869999999999846e-03 8.232420000000000709e-03 8.649659999999999987e-03 8.498199999999999157e-03 9.203829999999999650e-03 9.171230000000000701e-03 8.223380000000000620e-03
9.193730000000000652e-03 7.570229999999999841e-03 8.060509999999999897e-03 8.747700000000000614e-03 9.380400000000000543e-03 8.619510000000000366e-03 9.163779999999999842e-03 8.234139999999999168e-03
7.225950000000000081e-03 8.465929999999999983e-03 7.357029999999999646e-03 7.119069999999999912e-03 8.867150000000000726e-03 8.683520000000000127e-03 9.198359999999999176e-03 8.543769999999999143e-03
7.935950000000000643e-03 7.628359999999999828e-03 7.537020000000000178e-03 8.235050000000000703e-03 8.352460000000000787e-03 8.557530000000000692e-03 8.707579999999999487e-03 9.362189999999999401e-03
8.807040000000000354e-03 9.008399999999999741e-03 8.919490000000000404e-03 7.722220000000000126e-03 8.319550000000000209e-03 1.089919999999999951e-02 9.287119999999999403e-03 8.113709999999999672e-03
7.989599999999999480e-03 1.011579999999999945e-02 7.814289999999999778e-03 8.273130000000000067e-03 9.492759999999999393e-03 7.497199999999999871e-03 8.533310000000000548e-03 7.720590000000000265e-03
9.017340000000000425e-03 7.884020000000000264e-03 8.333349999999999785e-03 9.194130000000000011e-03 9.512359999999999219e-03 8.407249999999999793e-03 7.882790000000000630e-03 8.136040000000000633e-03
9.537220000000000766e-03 8.397379999999999428e-03 8.539210000000000203e-03 8.440909999999999386e-03 8.158310000000000214e-03 8.133809999999999998e-03 7.632120000000000050e-03 7.207510000000000305e-03
9.341230000000000713e-03 9.020079999999999765e-03 7.921140000000000125e-03 7.615659999999999791e-03 8.967960000000000514e-03 8.075300000000000533e-03 8.644290000000000654e-03 8.409430000000000724e-03
8.857800000000000742e-03 8.589360000000000744e-03 9.320729999999999293e-03 8.831510000000000749e-03 8.131539999999999602e-03 8.737810000000000368e-03 7.788299999999999737e-03 8.140100000000000807e-03
6.218269999999999700e-03 7.658700000000000056e-03 9.315119999999999650e-03 8.696119999999999892e-03 9.050120000000000040e-03 8.771750000000000033e-03 9.487769999999999537e-03 7.751319999999999912e-03
8.917629999999999307e-03 8.944129999999999789e-03 8.044729999999999936e-03 6.279400000000000086e-03 8.731849999999999334e-03 9.188329999999999761e-03 8.298250000000000071e-03 9.108839999999999992e-03
8.902840000000000406e-03 8.354699999999999627e-03 8.744999999999999302e-03 8.079239999999999686e-03 7.138320000000000082e-03 8.867500000000000382e-03 9.067270000000000538e-03 7.642640000000000024e-03
7.826869999999999661e-03 7.933950000000000377e-03 8.764539999999999484e-03 8.967289999999999289e-03 8.806130000000000554e-03 7.823460000000000830e-03 9.005060000000000495e-03 7.585399999999999955e-03
8.883510000000000711e-03 8.687310000000000171e-03 7.901220000000000465e-03 9.528989999999999336e-03 8.087439999999999560e-03 8.723879999999999829e-03 7.247919999999999710e-03 8.687200000000000824e-03
7.701569999999999597e-03 7.823119999999999380e-03 8.163180000000000783e-03 8.467070000000000152e-03 8.672849999999999310e-03 8.474690000000000001e-03 9.242770000000000846e-03 7.019939999999999687e-03
7.940249999999999392e-03 8.831969999999999751e-03 7.337530000000000094e-03 8.083599999999999813e-03 7.690480000000000406e-03 7.261789999999999738e-03 8.096960000000000268e-03 8.285159999999999747e-03
9.080629999999999258e-03 8.424920000000000672e-03 7.994309999999999264e-03 8.514280000000000806e-03 7.404700000000000171e-03 9.299009999999999915e-03 8.928909999999999972e-03 8.183710000000000290e-03
8.159039999999999349e-03 8.559459999999999638e-03 7.900060000000000415e-03 8.987159999999999246e-03 8.656769999999999396e-03 8.619780000000000497e-03 9.152320000000000247e-03 9.419780000000000861e-03
8.098219999999999724e-03 8.732610000000000025e-03 7.701770000000000144e-03 8.631440000000000640e-03 8.155189999999999662e-03 8.312800000000000397e-03 7.901129999999999265e-03 8.600810000000000399e-03
8.196429999999999341e-03 8.922189999999999982e-03 8.384370000000000364e-03 8.572089999999999224e-03 8.257940000000000072e-03 9.529080000000000536e-03 7.292179999999999669e-03 8.557870000000000407e-03
7.993019999999999986e-03 8.479820000000000760e-03 8.143660000000000482e-03 6.587309999999999867e-03 8.262719999999999440e-03 9.223379999999999773e-03 7.800920000000000250e-03 7.480220000000000098e-03
9.635549999999999671e-03 8.162469999999999795e-03 9.263989999999999725e-03 8.236369999999999802e-03 7.758250000000000389e-03 8.036649999999999350e-03 8.125230000000000646e-03 8.544549999999999715e-03
7.606029999999999736e-03 9.053469999999999226e-03 8.171660000000000729e-03 7.169929999999999706e-03 9.149130000000000110e-03 8.506619999999999460e-03 7.995099999999999776e-03 8.612430000000000779e-03
7.906079999999999358e-03 8.939209999999999517e-03 7.871170000000000250e-03 9.920979999999999382e-03 8.224129999999999635e-03 7.932099999999999221e-03 8.425429999999999378e-03 9.114920000000000314e-03
8.220160000000000661e-03 8.374349999999999156e-03 8.527140000000000761e-03 6.889969999999999602e-03 8.818450000000000247e-03 8.037539999999999268e-03 8.118790000000000728e-03 7.437430000000000083e-03
8.120129999999999709e-03 7.519579999999999667e-03 8.507980000000000056e-03 8.306020000000000764e-03 7.578979999999999918e-03 8.741240000000000815e-03 9.190089999999999718e-03 8.869059999999999791e-03
7.460679999999999916e-03 8.389280000000000695e-03 7.098600000000000049e-03 8.870259999999999603e-03 9.162359999999999602e-03 7.895330000000000750e-03 7.728969999999999937e-03 8.975630000000000067e-03
8.887970000000000245e-03 7.704830000000000186e-03 7.843140000000000181e-03 9.460529999999999981e-03 9.472670000000000742e-03 7.427999999999999707e-03 9.384860000000000077e-03 8.205709999999999740e-03
8.693569999999999423e-03 8.769429999999999933e-03 9.156020000000000825e-03 6.984970000000000068e-03 8.556209999999999857e-03 9.889989999999999545e-03 7.451160000000000075e-03 8.268170000000000033e-03
7.764140000000000104e-03 8.765939999999999843e-03 8.099210000000000784e-03 9.055389999999999967e-03 8.725860000000000213e-03 8.642709999999999629e-03 8.801279999999999867e-03 7.090479999999999700e-03
8.028969999999999857e-03 8.696960000000000107e-03 9.691850000000000118e-03 8.977060000000000248e-03 7.474979999999999992e-03 9.260090000000000335e-03 9.269660000000000746e-03 7.035320000000000289e-03
8.422239999999999241e-03 7.047539999999999707e-03 8.786379999999999885e-03 8.550850000000000464e-03 8.243020000000000208e-03 8.210159999999999333e-03 8.639179999999999776e-03 8.282150000000000276e-03
8.651590000000000669e-03 7.128630000000000383e-03 8.477359999999999757e-03 8.902200000000000737e-03 7.930619999999999337e-03 8.341480000000000075e-03 8.557870000000000407e-03 7.460760000000000308e-03
8.593810000000000338e-03 8.747319999999999401e-03 8.547340000000000493e-03 7.279129999999999975e-03 8.065430000000000169e-03 7.265770000000000388e-03 7.158359999999999897e-03 8.923630000000000104e-03
8.009219999999999187e-03 7.577770000000000165e-03 7.593850000000000079e-03 8.885290000000000549e-03 7.606629999999999642e-03 7.709399999999999933e-03 9.084989999999999385e-03 8.646730000000000041e-03
6.786829999999999773e-03 8.714939999999999146e-03 7.995779999999999207e-03 7.768490000000000291e-03 7.974010000000000126e-03 8.132500000000000839e-03 8.568370000000000500e-03 7.570119999999999627e-03
8.587799999999999601e-03 8.410439999999999930e-03 8.316679999999999906e-03 9.008220000000000810e-03 8.524300000000000280e-03 9.404730000000000034e-03 9.708849999999999772e-03 8.768979999999999136e-03
9.049240000000000061e-03 8.124279999999999349e-03 7.861919999999999673e-03 8.399290000000000228e-03 8.553409999999999139e-03 8.634839999999999530e-03 8.120699999999999794e-03 7.587990000000000186e-03
8.469010000000000774e-03 8.920020000000000726e-03 8.306130000000000110e-03 8.166210000000000135e-03 8.857069999999999874e-03 8.387159999999999407e-03 9.041510000000000866e-03 7.913069999999999479e-03
8.250159999999999438e-03 8.549209999999999796e-03 8.751709999999999351e-03 8.510359999999999800e-03 8.906280000000000793e-03 8.216829999999999620e-03 7.852720000000000533e-03 7.532679999999999931e-03
8.574979999999999408e-03 9.457770000000000760e-03 8.944199999999999373e-03 8.368270000000000569e-03 7.558770000000000246e-03 8.195410000000000195e-03 7.663599999999999579e-03 8.345230000000000356e-03
7.977049999999999419e-03 9.218860000000000596e-03 8.647339999999999888e-03 7.834310000000000579e-03 9.054569999999999633e-03 8.083830000000000182e-03 9.137980000000000408e-03 8.600170000000000731e-03
7.761829999999999945e-03 7.377080000000000269e-03 8.708910000000000262e-03 8.877219999999999903e-03 9.367659999999999876e-03 7.690660000000000204e-03 9.014690000000000550e-03 7.466490000000000106e-03
8.743710000000000024e-03 7.980050000000000684e-03 8.570740000000000303e-03 8.958719999999999878e-03 8.632010000000000724e-03 8.349399999999999877e-03 8.981190000000000007e-03 9.098939999999999806e-03
9.222430000000000211e-03 8.749359999999999429e-03 9.567680000000000282e-03 8.865519999999999998e-03 7.386430000000000252e-03 8.241309999999999955e-03 8.028020000000000295e-03 8.314500000000000710e-03
9.115750000000000589e-03 8.778779999999999917e-03 9.294439999999999300e-03 9.127420000000000672e-03 7.438880000000000145e-03 8.866870000000000654e-03 8.014820000000000624e-03 8.431450000000000056e-03
9.455250000000000113e-03 7.586490000000000421e-03 8.564799999999999150e-03 8.861650000000000429e-03 8.640619999999999898e-03 7.796019999999999860e-03 7.043129999999999877e-03 8.391219999999999582e-03
9.218660000000000049e-03 7.713679999999999669e-03 7.180240000000000060e-03 9.321980000000000544e-03 8.547290000000000790e-03 8.483799999999999675e-03 8.210200000000000831e-03 7.607270000000000178e-03
8.138380000000000614e-03 9.116920000000000579e-03 8.749500000000000333e-03 8.865500000000000116e-03 7.674300000000000219e-03 8.982290000000000413e-03 8.767830000000000762e-03 8.573640000000000427e-03
7.581449999999999995e-03 7.707699999999999621e-03 8.193139999999999798e-03 8.957259999999999875e-03 7.391370000000000405e-03 7.393389999999999684e-03 7.823089999999999558e-03 9.212039999999999465e-03
8.586669999999999373e-03 7.417700000000000161e-03 8.055539999999999923e-03 8.313100000000000350e-03 8.237120000000000553e-03 7.672489999999999692e-03 8.689930000000000224e-03 8.756689999999999266e-03
8.627640000000000656e-03 6.696979999999999947e-03 8.739959999999999743e-03 8.508959999999999441e-03 9.336109999999999895e-03 8.700390000000000554e-03 9.023629999999999499e-03 8.469720000000000026e-03
9.781329999999999539e-03 8.099429999999999477e-03 8.443779999999999689e-03 8.621790000000000703e-03 8.615329999999999169e-03 8.560669999999999391e-03 8.746669999999999792e-03 7.806340000000000154e-03
8.474169999999999620e-03 9.036399999999999988e-03 8.298669999999999311e-03 8.389920000000000364e-03 8.410710000000000061e-03 8.719029999999999142e-03 8.042139999999999705e-03 7.343330000000000343e-03
8.324520000000000183e-03 7.908069999999999683e-03 8.311799999999999397e-03 8.536969999999999628e-03 7.859319999999999501e-03 7.046039999999999942e-03 7.124440000000000113e-03 8.858200000000000102e-03
7.238829999999999917e-03 7.977649999999999325e-03 7.709510000000000148e-03 7.609880000000000290e-03 8.972680000000000239e-03 7.381310000000000301e-03 8.184139999999999471e-03 9.870479999999999185e-03
8.685929999999999693e-03 8.399159999999999265e-03 7.968299999999999342e-03 7.337999999999999905e-03 8.573789999999999537e-03 9.085189999999999932e-03 8.210419999999999524e-03 8.666860000000000189e-03
9.589709999999999554e-03 8.214179999999999746e-03 7.242969999999999617e-03 7.966590000000000824e-03 9.269380000000000674e-03 8.807920000000000332e-03 8.919949999999999407e-03 9.259669999999999360e-03
8.908569999999999336e-03 8.183589999999999268e-03 1.022419999999999926e-02 7.629490000000000056e-03 7.825129999999999586e-03 7.881950000000000414e-03 8.513730000000000603e-03 9.147419999999999857e-03
8.808299999999999810e-03 9.755049999999999485e-03 8.066610000000000100e-03 7.946750000000000688e-03 8.315919999999999215e-03 8.794949999999999296e-03 7.302349999999999987e-03 6.910310000000000237e-03
7.247299999999999923e-03 8.815099999999999325e-03 8.136199999999999682e-03 8.530640000000000792e-03 8.769300000000000705e-03 7.883060000000000761e-03 9.268679999999999627e-03 7.956029999999999353e-03
9.205810000000000035e-03 8.767179999999999418e-03 9.529940000000000633e-03 9.038070000000000478e-03 6.876000000000000167e-03 8.362700000000000689e-03 8.751439999999999220e-03 8.608160000000000117e-03
8.702309999999999560e-03 8.810000000000000123e-03 9.480560000000000723e-03 8.577080000000000815e-03 8.318789999999999518e-03 8.492490000000000108e-03 9.453460000000000335e-03 9.423420000000000060e-03
8.281310000000000060e-03 8.891029999999999420e-03 8.568110000000000309e-03 8.033220000000000638e-03 6.989719999999999614e-03 9.198960000000000817e-03 7.985219999999999471e-03 8.283070000000000016e-03
8.731219999999999606e-03 8.448129999999999876e-03 8.967179999999999943e-03 8.021169999999999342e-03 9.107509999999999217e-03 9.063649999999999485e-03 9.318049999999999597e-03 7.825169999999999348e-03
9.280019999999999936e-03 8.698179999999999801e-03 7.596359999999999918e-03 8.636529999999999901e-03 8.440859999999999683e-03 8.498199999999999157e-03 8.623360000000000053e-03 8.209160000000000068e-03
6.954479999999999863e-03 8.467550000000000771e-03 8.971659999999999358e-03 8.496889999999999998e-03 8.016900000000000415e-03 9.263189999999999272e-03 8.616220000000000823e-03 8.265949999999999340e-03
8.584470000000000295e-03 7.983270000000000644e-03 8.216499999999999845e-03 8.808569999999999942e-03 9.785790000000000807e-03 8.469199999999999645e-03 7.933310000000000708e-03 7.575479999999999887e-03
8.068930000000000199e-03 8.199269999999999822e-03 9.151309999999999306e-03 8.535130000000000147e-03 9.060270000000000476e-03 8.166359999999999245e-03 7.752890000000000129e-03 8.225490000000000232e-03
8.827430000000000693e-03 8.479010000000000366e-03 9.067659999999999956e-03 8.675530000000000741e-03 8.437909999999999855e-03 7.308740000000000202e-03 7.249590000000000201e-03 7.899990000000000831e-03
8.569379999999999706e-03 8.730200000000000460e-03 8.305939999999999504e-03 8.522319999999999895e-03 8.580439999999999942e-03 8.467310000000000461e-03 9.020240000000000549e-03 7.747440000000000403e-03
6.703739999999999699e-03 8.975739999999999413e-03 8.724199999999999663e-03 8.287579999999999253e-03 6.853279999999999789e-03 8.073910000000000114e-03 7.251750000000000383e-03 8.867520000000000263e-03
7.986639999999999712e-03 8.266570000000000862e-03 8.404439999999999134e-03 8.519179999999999461e-03 8.788519999999999319e-03 9.017829999999999249e-03 8.942870000000000333e-03 8.930109999999999784e-03
8.760139999999999594e-03 8.156500000000000555e-03 8.795719999999999927e-03 8.738309999999999134e-03 8.009209999999999247e-03 8.430450000000000790e-03 8.726799999999999835e-03 8.131229999999999708e-03
8.132550000000000542e-03 9.080750000000000280e-03 7.492630000000000123e-03 8.951320000000000457e-03 8.610390000000000751e-03 8.049080000000000124e-03 6.358810000000000330e-03 7.574609999999999850e-03
8.472439999999999485e-03 7.821679999999999258e-03 8.352190000000000655e-03 9.192799999999999236e-03 7.555240000000000393e-03 8.127660000000000093e-03 8.303450000000000414e-03 7.499200000000000137e-03
8.054079999999999920e-03 7.577539999999999797e-03 8.280630000000000629e-03 8.289309999999999387e-03 9.392309999999999201e-03 6.944579999999999677e-03 1.014340000000000033e-02 7.049790000000000223e-03
8.978699999999999182e-03 8.032289999999999222e-03 8.452470000000000122e-03 8.818029999999999272e-03 8.222989999999999466e-03 8.867939999999999504e-03 8.291559999999999903e-03 6.877819999999999767e-03
9.164580000000000296e-03 7.301410000000000365e-03 7.105600000000000110e-03 7.932049999999999518e-03 9.180219999999999353e-03 7.486790000000000112e-03 8.890379999999999810e-03 8.214469999999999758e-03
8.368950000000000000e-03 8.267409999999999343e-03 8.836600000000000010e-03 8.479600000000000332e-03 8.180770000000000403e-03 6.904399999999999774e-03 8.000520000000000548e-03 9.670309999999999670e-03
7.967609999999999970e-03 8.390099999999999295e-03 7.982710000000000500e-03 7.613309999999999869e-03 8.610039999999999361e-03 7.777789999999999704e-03 8.851799999999999946e-03 8.567240000000000272e-03
8.907750000000000737e-03 7.948590000000000169e-03 1.012960000000000076e-02 8.148219999999999422e-03 8.330380000000000076e-03 8.852020000000000374e-03 7.827950000000000186e-03 8.536439999999999306e-03
8.470609999999999945e-03 9.081509999999999236e-03 9.216270000000000365e-03 8.431030000000000815e-03 9.090610000000000704e-03 8.346869999999999290e-03 9.191839999999999733e-03 8.142949999999999494e-03
8.522349999999999717e-03 8.946680000000000257e-03 8.248560000000000267e-03 8.279919999999999641e-03 8.290020000000000375e-03 9.060399999999999704e-03 7.798850000000000400e-03 7.268629999999999883e-03
9.293130000000000140e-03 8.804799999999999779e-03 8.545590000000000477e-03 7.110960000000000371e-03 8.431410000000000293e-03 8.634630000000000777e-03 7.311159999999999708e-03 9.686049999999999868e-03
8.924100000000000782e-03 8.499790000000000123e-03 8.426529999999999784e-03 8.423589999999999897e-03 9.610729999999999620e-03 9.181909999999999725e-03 9.069729999999999806e-03 7.828699999999999201e-03
8.780730000000000479e-03 9.031010000000000773e-03 9.553729999999999861e-03 8.633359999999999645e-03 7.622999999999999568e-03 8.521729999999999930e-03 8.837740000000000179e-03 8.844780000000000003e-03
8.857850000000000446e-03 8.662470000000000239e-03 8.205449999999999550e-03 8.971279999999999880e-03 8.304390000000000036e-03 9.094019999999999535e-03 8.643480000000000260e-03 8.227079999999999463e-03
8.640159999999999160e-03 8.653199999999999781e-03 7.040180000000000049e-03 8.622660000000000741e-03 9.222130000000000258e-03 7.309829999999999800e-03 7.746020000000000162e-03 8.312009999999999885e-03
9.029860000000000664e-03 9.325530000000000277e-03 9.049240000000000061e-03 7.801800000000000228e-03 8.231360000000000066e-03 8.799549999999999733e-03 7.048549999999999781e-03 8.858800000000000008e-03
8.256430000000000366e-03 8.758639999999999828e-03 7.931419999999999790e-03 7.662839999999999756e-03 8.583310000000000245e-03 9.077119999999999286e-03 9.534940000000000429e-03 8.451300000000000132e-03
9.617870000000000585e-03 8.958509999999999390e-03 8.154460000000000527e-03 9.228170000000000817e-03 7.386300000000000157e-03 8.603549999999999739e-03 9.205140000000000544e-03 8.602780000000000843e-03
9.068710000000000659e-03 9.146299999999999569e-03 7.511140000000000351e-03 8.090019999999999850e-03 8.408310000000000436e-03 8.129159999999999858e-03 7.494569999999999878e-03 7.005660000000000359e-03
9.286469999999999794e-03 8.654300000000000187e-03 8.373290000000000247e-03 9.175539999999999391e-03 8.764680000000000387e-03 9.061289999999999623e-03 7.351850000000000052e-03 9.018500000000000474e-03
8.432709999999999512e-03 8.816579999999999209e-03 1.052230000000000006e-02 8.415159999999999654e-03 7.768670000000000089e-03 8.143680000000000363e-03 8.043820000000000137e-03 7.788269999999999915e-03
8.067960000000000756e-03 7.590549999999999728e-03 7.899039999999999534e-03 9.245410000000000780e-03 7.703940000000000267e-03 8.867200000000000429e-03 9.378090000000000384e-03 7.739870000000000257e-03
9.180310000000000553e-03 7.936459999999999348e-03 8.595159999999999259e-03 8.340959999999999694e-03 7.624269999999999832e-03 9.125879999999999409e-03 7.740770000000000116e-03 8.919989999999999170e-03
8.533249999999999169e-03 9.116189999999999710e-03 8.282009999999999372e-03 8.660019999999999177e-03 7.674410000000000433e-03 8.654469999999999177e-03 9.024610000000000617e-03 8.962869999999999518e-03
9.108530000000000099e-03 9.104869999999999283e-03 9.138069999999999873e-03 8.251780000000000226e-03 8.641630000000000839e-03 9.542449999999999197e-03 8.288749999999999243e-03 7.137450000000000044e-03
8.191429999999999545e-03 7.592400000000000017e-03 8.107319999999999457e-03 8.453719999999999637e-03 7.585409999999999896e-03 8.356199999999999392e-03 9.079000000000000264e-03 7.290220000000000034e-03
9.108899999999999636e-03 7.450159999999999942e-03 8.598750000000000490e-03 8.496349999999999736e-03 8.116979999999999335e-03 8.789409999999999237e-03 8.532309999999999547e-03 8.520009999999999736e-03
9.096279999999999991e-03 8.718180000000000721e-03 8.328320000000000167e-03 9.088070000000000176e-03 7.955769999999999162e-03 8.239820000000000130e-03 9.345479999999999760e-03 9.619080000000000338e-03
7.677540000000000059e-03 8.287859999999999325e-03 9.364769999999999692e-03 6.974099999999999570e-03 9.401609999999999481e-03 8.647010000000000113e-03 8.965259999999999202e-03 7.778690000000000430e-03
7.295310000000000163e-03 8.590000000000000413e-03 9.105919999999999986e-03 8.091380000000000447e-03 8.881440000000000862e-03 9.212510000000000143e-03 9.056099999999999220e-03 8.401520000000000862e-03
8.121230000000000115e-03 8.634630000000000777e-03 8.719229999999999689e-03 7.758750000000000022e-03 8.431320000000000828e-03 8.668359999999999954e-03 8.560550000000000104e-03 8.053070000000000714e-03
7.881729999999999986e-03 9.110099999999999448e-03 8.098309999999999190e-03 8.878070000000000059e-03 8.520210000000000283e-03 7.240589999999999873e-03 8.162900000000000711e-03 9.770940000000000528e-03
8.814920000000000394e-03 7.678690000000000168e-03 8.517069999999999849e-03 9.042780000000000262e-03 8.558939999999999257e-03 8.740889999999999424e-03 9.227370000000000363e-03 8.524159999999999376e-03
6.620140000000000052e-03 9.207289999999999919e-03 7.656529999999999933e-03 8.115999999999999950e-03 9.234799999999999606e-03 9.111410000000000342e-03 8.087620000000000225e-03 8.157160000000000105e-03
7.245309999999999598e-03 9.744519999999999571e-03 8.188219999999999527e-03 9.810450000000000073e-03 8.862429999999999267e-03 9.031350000000000489e-03 9.360389999999999683e-03 7.921849999999999378e-03
8.224069999999999991e-03 8.255619999999999972e-03 8.223859999999999504e-03 9.631580000000000696e-03 1.026290000000000015e-02 9.485810000000000769e-03 7.730690000000000131e-03 8.096189999999999637e-03
8.338480000000000544e-03 8.637540000000000842e-03 8.722709999999999839e-03 7.562830000000000420e-03 8.572889999999999677e-03 8.351739999999999858e-03 7.348999999999999630e-03 7.548359999999999619e-03
8.712070000000000577e-03 8.735869999999999747e-03 8.575350000000000680e-03 8.017909999999999621e-03 8.058950000000000488e-03 8.419700000000000448e-03 8.702829999999999941e-03 8.601859999999999368e-03
7.812030000000000189e-03 8.375679999999999931e-03 8.916419999999999554e-03 9.082740000000000605e-03 8.532180000000000319e-03 8.112299999999999373e-03 8.787680000000000838e-03 8.808989999999999182e-03
8.298989999999999145e-03 9.602519999999999806e-03 8.338939999999999547e-03 9.056440000000000670e-03 9.071370000000000475e-03 8.562399999999999525e-03 8.742319999999999605e-03 8.416560000000000014e-03
8.629319999999999352e-03 7.555580000000000108e-03 8.811430000000000304e-03 9.227090000000000292e-03 9.184140000000000359e-03 8.753240000000000673e-03 9.006470000000000795e-03 8.850059999999999871e-03
7.972949999999999482e-03 8.184759999999999258e-03 8.783730000000000010e-03 8.658529999999999352e-03 7.725639999999999764e-03 9.195790000000000561e-03 9.362769999999999426e-03 8.213289999999999827e-03
9.556049999999999961e-03 7.962600000000000233e-03 8.403759999999999702e-03 8.061959999999999960e-03 8.924249999999999891e-03 8.019220000000000514e-03 9.390499999999999542e-03 8.828920000000000518e-03
8.209809999999999677e-03 7.268900000000000014e-03 7.893169999999999700e-03 8.618590000000000625e-03 8.172650000000000053e-03 8.425329999999999972e-03 7.753280000000000415e-03 8.433430000000000440e-03
9.096160000000000703e-03 8.077430000000000027e-03 9.717190000000000549e-03 9.018579999999999999e-03 8.924939999999999263e-03 8.078389999999999530e-03 9.890710000000000474e-03 9.438139999999999377e-03
8.935820000000000568e-03 9.283470000000000263e-03 8.874820000000000278e-03 7.670259999999999925e-03 7.998659999999999451e-03 8.778150000000000189e-03 7.556529999999999671e-03 9.244040000000000243e-03
7.741439999999999606e-03 8.199450000000000488e-03 8.785259999999999597e-03 8.235249999999999515e-03 9.066750000000000156e-03 7.919850000000000848e-03 7.066819999999999699e-03 8.915549999999999517e-03
8.659580000000000055e-03 8.668079999999999882e-03 8.609349999999999989e-03 7.765979999999999585e-03 8.132220000000000767e-03 8.461279999999999843e-03 8.513959999999999237e-03 8.227899999999999797e-03
7.609399999999999671e-03 7.342190000000000175e-03 7.021509999999999904e-03 7.008799999999999926e-03 8.166919999999999388e-03 8.017830000000000096e-03 8.426170000000000188e-03 9.465140000000000359e-03
7.798860000000000341e-03 8.239220000000000224e-03 7.483929999999999749e-03 8.002060000000000076e-03 7.737400000000000180e-03 8.496550000000000283e-03 8.166470000000000326e-03 8.204339999999999203e-03
8.305899999999999742e-03 9.081689999999999902e-03 8.976339999999999320e-03 8.137780000000000707e-03 8.286450000000000760e-03 9.302639999999999174e-03 7.919419999999999932e-03 8.524500000000000827e-03
8.482019999999999837e-03 8.475419999999999135e-03 7.452900000000000150e-03 8.646030000000000729e-03 9.137889999999999208e-03 8.617599999999999566e-03 8.544909999999999312e-03 8.387330000000000133e-03
8.660769999999999927e-03 8.110140000000000057e-03 9.732360000000000663e-03 8.729819999999999247e-03 8.636859999999999676e-03 8.260540000000000244e-03 8.859969999999999998e-03 8.579689999999999192e-03
9.929610000000000172e-03 8.101509999999999267e-03 8.138309999999999295e-03 8.745009999999999242e-03 9.325119999999999243e-03 8.706119999999999484e-03 8.615150000000000238e-03 8.060879999999999435e-03
9.275739999999999333e-03 8.200259999999999147e-03 8.637550000000000783e-03 7.944899999999999532e-03 9.265729999999999800e-03 9.146990000000000676e-03 8.787929999999999353e-03 8.556170000000000095e-03
8.095230000000000134e-03 9.559369999999999326e-03 8.631849999999999939e-03 7.585459999999999599e-03 9.161620000000000527e-03 8.321890000000000190e-03 9.383600000000000621e-03 8.256410000000000485e-03
7.697569999999999933e-03 8.976909999999999404e-03 7.821559999999999971e-03 8.920350000000000501e-03 9.026680000000000467e-03 9.235600000000000059e-03 9.296600000000000349e-03 8.811489999999999947e-03
8.242779999999999899e-03 8.361850000000000532e-03 7.958859999999999893e-03 8.915809999999999708e-03 7.844610000000000125e-03 8.474100000000000035e-03 8.882759999999999961e-03 9.923059999999999173e-03
8.331699999999999176e-03 7.946029999999999760e-03 7.971580000000000679e-03 8.204710000000000475e-03 9.192149999999999627e-03 8.703300000000000619e-03 8.609969999999999776e-03 9.008389999999999800e-03
8.665209999999999579e-03 8.700619999999999188e-03 7.661170000000000133e-03 8.471009999999999304e-03 8.200990000000000016e-03 8.263049999999999215e-03 9.289290000000000394e-03 7.764670000000000426e-03
9.599099999999999300e-03 8.816360000000000516e-03 8.665400000000000186e-03 8.402220000000000175e-03 9.029930000000000248e-03 8.390770000000000520e-03 8.789560000000000081e-03 8.953440000000000010e-03
8.672819999999999488e-03 8.620150000000000035e-03 7.812869999999999537e-03 8.109599999999999795e-03 7.417189999999999721e-03 8.787220000000000100e-03 8.720419999999999561e-03 7.726389999999999647e-03
8.315400000000000569e-03 7.406509999999999830e-03 8.504720000000000335e-03 8.517719999999999458e-03 9.175350000000000519e-03 8.544690000000000618e-03 8.333170000000000854e-03 8.854010000000000699e-03
8.788739999999999747e-03 8.433569999999999608e-03 8.390840000000000104e-03 8.809209999999999610e-03 8.928860000000000269e-03 8.880149999999999849e-03 6.780679999999999867e-03 8.378979999999999415e-03
7.729399999999999986e-03 9.010040000000000410e-03 9.263169999999999391e-03 8.830990000000000367e-03 8.809539999999999385e-03 8.791999999999999468e-03 8.171460000000000182e-03 8.997049999999999492e-03
8.262330000000000021e-03 9.323969999999999134e-03 8.842259999999999356e-03 9.506239999999999135e-03 8.611100000000000004e-03 8.224129999999999635e-03 8.909260000000000443e-03 7.163590000000000062e-03
8.865500000000000116e-03 7.778539999999999587e-03 7.977009999999999657e-03 8.423760000000000622e-03 7.685929999999999672e-03 8.597789999999999253e-03 8.330670000000000089e-03 8.925550000000000844e-03
8.134300000000000558e-03 8.787390000000000825e-03 7.117499999999999695e-03 9.852369999999999184e-03 8.908930000000000668e-03 7.967639999999999792e-03 8.246740000000000667e-03 6.314779999999999872e-03
8.176839999999999456e-03 8.515490000000000559e-03 8.732220000000000606e-03 8.377060000000000409e-03 6.734539999999999797e-03 8.114619999999999472e-03 6.511040000000000057e-03 8.198659999999999975e-03
9.339300000000000032e-03 8.363390000000000060e-03 8.630610000000000365e-03 8.971979999999999192e-03 7.473429999999999657e-03 8.693150000000000183e-03 9.040209999999999912e-03 8.688980000000000661e-03
8.917009999999999520e-03 8.041529999999999859e-03 7.221840000000000204e-03 8.116760000000000641e-03 8.185579999999999593e-03 7.761699999999999849e-03 8.115860000000000782e-03 9.138240000000000599e-03
7.498399999999999684e-03 8.164309999999999276e-03 8.844450000000000228e-03 1.000359999999999965e-02 7.776139999999999962e-03 7.639860000000000054e-03 7.560270000000000011e-03 7.714480000000000122e-03
8.583570000000000436e-03 6.961189999999999913e-03 8.153310000000000418e-03 8.780750000000000360e-03 7.667420000000000312e-03 9.557839999999999739e-03 8.620150000000000035e-03 9.218880000000000477e-03
8.163909999999999917e-03 9.131290000000000240e-03 8.882710000000000258e-03 8.257900000000000310e-03 8.144399999999999556e-03 7.603089999999999848e-03 8.809869999999999160e-03 8.852519999999999140e-03
8.251539999999999916e-03 9.307910000000000836e-03 7.756609999999999720e-03 7.646280000000000091e-03 9.111259999999999498e-03 7.934139999999999249e-03 8.159589999999999552e-03 8.481249999999999206e-03
9.307489999999999861e-03 9.215489999999999793e-03 7.251500000000000133e-03 9.503150000000000139e-03 8.293850000000000181e-03 8.568330000000000737e-03 7.482560000000000079e-03 7.589270000000000391e-03
9.194930000000000464e-03 9.155699999999999256e-03 7.659739999999999951e-03 8.257449999999999513e-03 7.915880000000000138e-03 9.977619999999999545e-03 9.079500000000000764e-03 7.446050000000000064e-03
8.900999999999999190e-03 8.806480000000000211e-03 8.493360000000000146e-03 7.483570000000000152e-03 8.884519999999999917e-03 8.846430000000000612e-03 8.860869999999999858e-03 8.892970000000000041e-03
8.805250000000000576e-03 8.186469999999999511e-03 7.953139999999999168e-03 8.116019999999999832e-03 8.887400000000000161e-03 8.175309999999999869e-03 8.663600000000000467e-03 9.605519999999999337e-03
8.716099999999999196e-03 9.113110000000000654e-03 8.707299999999999415e-03 8.983909999999999466e-03 8.180720000000000700e-03 9.030629999999999560e-03 8.840149999999999744e-03 8.403070000000000331e-03
8.743300000000000724e-03 8.642429999999999557e-03 7.615300000000000194e-03 7.747849999999999702e-03 7.992370000000000377e-03 8.646779999999999744e-03 8.878280000000000546e-03 8.570059999999999137e-03
8.226980000000000057e-03 9.809480000000000630e-03 8.339700000000000238e-03 7.877349999999999977e-03 9.023180000000000436e-03 8.863180000000000017e-03 8.779890000000000264e-03 8.131720000000000267e-03
8.562810000000000560e-03 8.469799999999999551e-03 9.214059999999999612e-03 8.635379999999999792e-03 8.112239999999999729e-03 8.493999999999999814e-03 8.899030000000000482e-03 8.640860000000000207e-03
7.996599999999999542e-03 9.311869999999999870e-03 8.820619999999999503e-03 8.893649999999999473e-03 8.943430000000000477e-03 8.402190000000000353e-03 7.593670000000000281e-03 8.245910000000000392e-03
7.521790000000000420e-03 8.615229999999999763e-03 8.390270000000000020e-03 7.272950000000000248e-03 8.467409999999999867e-03 8.816040000000000681e-03 8.059480000000000810e-03 8.608859999999999429e-03
8.505280000000000479e-03 8.689880000000000521e-03 7.208970000000000308e-03 9.307350000000000692e-03 8.178480000000000125e-03 8.187830000000000108e-03 7.985559999999999187e-03 7.900300000000000725e-03
9.035460000000000366e-03 8.516829999999999540e-03 6.893400000000000048e-03 8.797730000000000133e-03 8.248170000000000848e-03 8.274309999999999998e-03 8.643460000000000379e-03 8.175649999999999584e-03
8.324490000000000361e-03 8.996519999999999170e-03 8.034799999999999928e-03 7.914269999999999292e-03 8.118280000000000288e-03 8.402230000000000115e-03 8.190420000000000339e-03 7.555339999999999799e-03
8.393440000000000276e-03 8.366320000000000007e-03 7.008290000000000353e-03 8.392389999999999572e-03 8.084980000000000291e-03 7.873170000000000515e-03 7.091870000000000118e-03 9.012020000000000794e-03
8.189739999999999173e-03 8.728059999999999291e-03 8.176579999999999265e-03 8.100990000000000621e-03 8.859830000000000830e-03 8.204400000000000581e-03 8.869530000000000469e-03 9.029479999999999451e-03
7.580700000000000112e-03 8.931919999999999443e-03 8.989610000000000309e-03 8.720109999999999667e-03 8.787919999999999413e-03 7.956809999999999924e-03 8.814499999999999419e-03 8.521179999999999727e-03
7.287000000000000074e-03 8.620320000000000760e-03 8.609069999999999917e-03 8.952039999999999650e-03 9.575959999999999681e-03 8.111749999999999169e-03 7.262710000000000346e-03 8.831250000000000558e-03
9.702010000000000495e-03 8.276530000000000692e-03 7.741640000000000153e-03 7.881080000000000377e-03 8.458000000000000240e-03 7.388170000000000327e-03 7.648180000000000082e-03 8.227619999999999725e-03
8.756419999999999135e-03 9.238780000000000256e-03 8.848800000000000415e-03 9.300680000000000405e-03 9.001330000000000095e-03 7.237569999999999594e-03 9.029910000000000367e-03 8.768959999999999255e-03
9.005529999999999438e-03 8.727910000000000182e-03 8.239790000000000308e-03 8.227560000000000082e-03 8.137919999999999876e-03 7.770550000000000200e-03 9.155649999999999553e-03 7.993329999999999880e-03
7.945729999999999807e-03 8.278040000000000398e-03 8.172580000000000469e-03 7.789639999999999585e-03 9.053880000000000261e-03 8.666590000000000057e-03 6.571350000000000108e-03 7.681359999999999924e-03
9.299629999999999702e-03 9.532030000000000364e-03 9.268570000000000281e-03 9.122569999999999985e-03 8.770850000000000174e-03 8.331009999999999804e-03 9.063200000000000423e-03 8.219270000000000742e-03
7.971550000000000857e-03 8.962839999999999696e-03 9.138040000000000052e-03 8.399590000000000181e-03 8.607570000000000152e-03 8.089660000000000253e-03 8.198179999999999357e-03 8.792049999999999171e-03
8.594390000000000363e-03 8.998829999999999329e-03 8.441070000000000170e-03 9.620290000000000091e-03 8.420800000000000854e-03 9.038360000000000491e-03 8.604129999999999764e-03 8.408389999999999961e-03
8.215339999999999795e-03 9.117460000000000842e-03 8.136829999999999410e-03 8.914500000000000549e-03 8.031570000000000029e-03 8.711619999999999781e-03 9.374779999999999225e-03 8.515409999999999299e-03
8.598440000000000596e-03 9.071159999999999987e-03 9.036900000000000488e-03 9.931610000000000438e-03 8.513319999999999568e-03 8.257880000000000428e-03 8.481300000000000644e-03 9.097350000000000575e-03
8.969740000000000352e-03 8.265869999999999815e-03 9.357660000000000283e-03 7.787080000000000043e-03 8.829599999999999949e-03 7.615939999999999863e-03 8.340810000000000585e-03 8.657659999999999315e-03
8.578240000000000864e-03 7.938280000000000683e-03 7.722009999999999638e-03 9.571949999999999209e-03 7.121019999999999607e-03 8.996809999999999183e-03 8.289970000000000672e-03 9.630800000000000125e-03
8.531820000000000723e-03 8.262330000000000021e-03 7.974840000000000401e-03 9.240629999999999677e-03 8.850850000000000384e-03 9.158470000000000152e-03 8.949530000000000679e-03 7.689299999999999607e-03
8.094689999999999871e-03 8.247050000000000561e-03 8.351139999999999952e-03 9.077889999999999918e-03 7.273950000000000381e-03 7.913309999999999789e-03 7.871990000000000584e-03 7.889320000000000013e-03
8.019079999999999611e-03 8.884690000000000643e-03 9.139609999999999401e-03 9.265070000000000250e-03 8.025950000000000445e-03 8.661069999999999880e-03 8.862210000000000573e-03 8.292110000000000106e-03
9.317560000000000772e-03 7.687509999999999830e-03 8.501379999999999354e-03 8.513539999999999996e-03 6.639800000000000389e-03 8.639439999999999967e-03 9.637240000000000043e-03 9.649029999999999413e-03
8.590350000000000069e-03 7.335470000000000185e-03 8.485819999999999821e-03 8.692840000000000289e-03 8.855899999999999883e-03 8.996570000000000608e-03 8.147750000000000478e-03 7.796420000000000086e-03
7.734979999999999807e-03 9.027290000000000314e-03 9.405689999999999537e-03 9.064229999999999510e-03 8.972749999999999823e-03 9.174109999999999210e-03 8.594100000000000350e-03 8.336359999999999257e-03
7.369139999999999718e-03 7.123199999999999671e-03 7.805760000000000129e-03 8.340230000000000560e-03 9.719900000000000068e-03 8.728750000000000397e-03 8.137089999999999601e-03 7.871190000000000131e-03
8.328340000000000048e-03 8.526080000000000117e-03 8.806349999999999248e-03 8.649099999999999844e-03 9.388900000000000370e-03 9.821190000000000475e-03 8.226219999999999366e-03 8.191789999999999142e-03
8.737639999999999643e-03 8.755580000000000654e-03 9.225099999999999967e-03 8.177550000000000444e-03 8.511909999999999268e-03 8.361340000000000092e-03 7.698070000000000433e-03 8.967829999999999552e-03
8.714440000000000380e-03 9.146740000000000426e-03 8.348559999999999662e-03 8.906789999999999499e-03 8.306330000000000657e-03 9.060159999999999395e-03 7.825159999999999408e-03 8.514030000000000556e-03
8.741900000000000365e-03 8.716359999999999386e-03 8.322480000000000155e-03 9.796130000000000115e-03 8.050049999999999567e-03 8.050450000000000661e-03 8.473690000000000735e-03 9.027649999999999911e-03
9.519120000000000706e-03 7.802719999999999968e-03 7.718420000000000142e-03 8.761780000000000262e-03 8.015289999999999568e-03 6.641300000000000155e-03 9.252790000000000320e-03 8.662339999999999277e-03
9.217970000000000677e-03 9.189179999999999918e-03 7.484979999999999585e-03 7.807480000000000323e-03 8.556609999999999217e-03 8.570219999999999921e-03 8.381770000000000193e-03 8.935679999999999665e-03
7.332400000000000202e-03 7.414480000000000202e-03 9.024390000000000189e-03 9.686439999999999287e-03 8.708920000000000203e-03 7.245080000000000096e-03 8.163319999999999951e-03 8.151220000000000687e-03
9.392730000000000176e-03 8.879009999999999680e-03 8.310949999999999241e-03 8.176769999999999872e-03 7.935769999999999977e-03 9.287570000000000200e-03 8.570440000000000350e-03 8.838320000000000204e-03
9.784309999999999188e-03 9.208660000000000456e-03 6.891890000000000342e-03 7.017220000000000228e-03 7.169799999999999611e-03 8.721299999999999539e-03 7.963899999999999452e-03 7.172429999999999604e-03
7.606090000000000247e-03 7.239950000000000205e-03 8.357299999999999798e-03 7.827179999999999555e-03 9.526750000000000496e-03 8.694560000000000483e-03 8.168210000000000401e-03 8.579929999999999501e-03
8.552819999999999173e-03 8.864069999999999935e-03 7.263740000000000301e-03 8.590010000000000354e-03 9.322810000000000819e-03 7.376299999999999697e-03 8.712430000000000174e-03 8.994999999999999524e-03
8.663040000000000324e-03 8.321540000000000534e-03 7.915969999999999604e-03 8.266050000000000481e-03 8.338889999999999844e-03 7.911770000000000261e-03 8.055180000000000326e-03 8.198409999999999725e-03
9.270079999999999987e-03 8.950200000000000169e-03 7.242389999999999592e-03 9.028029999999999389e-03 8.723339999999999567e-03 8.842150000000000010e-03 9.509530000000000413e-03 8.084879999999999151e-03
8.740209999999999993e-03 8.046899999999999192e-03 9.689029999999999518e-03 7.882580000000000142e-03 8.481149999999999800e-03 9.040559999999999569e-03 8.759599999999999331e-03 8.718689999999999427e-03
8.908700000000000299e-03 8.814529999999999241e-03 8.625360000000000318e-03 7.859970000000000845e-03 8.218619999999999398e-03 8.828980000000000161e-03 8.540860000000000812e-03 9.021059999999999149e-03
8.994560000000000402e-03 7.974059999999999829e-03 9.185260000000000646e-03 8.075179999999999511e-03 8.404889999999999931e-03 8.077320000000000680e-03 7.962749999999999342e-03 8.208810000000000412e-03
8.921580000000000135e-03 8.949699999999999669e-03 6.839170000000000318e-03 9.471729999999999386e-03 7.802100000000000181e-03 8.392149999999999263e-03 8.370749999999999719e-03 8.824590000000000212e-03
7.550340000000000003e-03 8.480220000000000119e-03 9.162909999999999805e-03 7.870490000000000819e-03 8.809940000000000479e-03 9.038529999999999481e-03 9.374880000000000366e-03 7.808050000000000407e-03
8.577049999999999258e-03 7.674190000000000005e-03 7.076240000000000134e-03 8.883739999999999346e-03 9.110339999999999758e-03 8.390510000000000329e-03 8.824399999999999605e-03 7.473300000000000429e-03
8.355670000000000805e-03 7.217689999999999696e-03 9.361760000000000220e-03 7.848859999999999171e-03 8.241399999999999421e-03 9.225489999999999385e-03 9.574670000000000403e-03 7.787259999999999842e-03
8.885030000000000358e-03 8.558009999999999576e-03 8.745150000000000146e-03 8.131259999999999530e-03 7.774409999999999828e-03 8.805949999999999889e-03 8.118939999999999838e-03 7.865330000000000238e-03
8.298410000000000855e-03 8.864179999999999282e-03 8.794669999999999224e-03 7.948560000000000347e-03 8.215190000000000686e-03 8.689189999999999414e-03 8.245219999999999286e-03 7.303429999999999644e-03
7.686020000000000005e-03 7.606510000000000354e-03 7.920979999999999341e-03 9.625039999999999638e-03 8.574969999999999468e-03 9.045680000000000387e-03 8.645089999999999372e-03 8.795010000000000674e-03
8.451979999999999563e-03 8.637870000000000617e-03 9.340869999999999382e-03 7.859849999999999823e-03 8.003259999999999888e-03 8.696080000000000129e-03 8.493060000000000193e-03 8.796129999999999227e-03
8.331889999999999782e-03 8.116260000000000141e-03 7.565249999999999926e-03 9.069890000000000591e-03 8.786910000000000207e-03 7.973199999999999732e-03 8.178919999999999246e-03 8.215919999999999820e-03
7.790329999999999824e-03 8.234909999999999800e-03 8.922750000000000126e-03 8.720689999999999692e-03 7.905199999999999380e-03 7.466229999999999915e-03 7.784720000000000181e-03 8.029200000000000226e-03
7.724710000000000083e-03 8.658259999999999221e-03 8.862109999999999432e-03 8.986660000000000481e-03 8.016090000000000021e-03 8.296180000000000221e-03 9.176560000000000272e-03 7.626899999999999825e-03
8.285980000000000081e-03 9.103989999999999305e-03 9.034900000000000223e-03 8.167880000000000626e-03 7.378159999999999927e-03 8.401129999999999709e-03 8.211239999999999858e-03 8.658779999999999602e-03
7.790870000000000087e-03 9.057710000000000067e-03 9.008300000000000335e-03 9.014960000000000681e-03 8.298550000000000024e-03 7.921889999999999141e-03 8.914550000000000252e-03 7.586380000000000207e-03
8.637389999999999998e-03 8.406330000000000052e-03 9.653200000000000669e-03 8.644779999999999479e-03 8.956119999999999706e-03 8.307190000000000754e-03 9.008230000000000751e-03 8.670509999999999329e-03
7.807350000000000227e-03 8.358350000000000501e-03 8.740990000000000565e-03 1.001179999999999952e-02 7.428849999999999863e-03 9.685610000000000747e-03 9.115689999999999210e-03 8.932719999999999896e-03
8.336430000000000576e-03 9.291010000000000588e-03 9.432789999999999925e-03 8.354769999999999211e-03 9.013619999999999965e-03 7.340239999999999612e-03 8.573360000000000355e-03 8.564640000000000100e-03
9.195540000000000311e-03 7.801790000000000287e-03 8.758619999999999947e-03 8.551529999999999895e-03 8.533749999999999669e-03 8.123800000000000465e-03 7.815269999999999162e-03 8.522160000000000846e-03
8.542450000000000043e-03 8.983629999999999394e-03 8.654169999999999224e-03 6.987809999999999681e-03 8.505840000000000622e-03 8.094989999999999825e-03 8.518309999999999424e-03 8.372269999999999365e-03
7.260149999999999937e-03 9.054730000000000417e-03 8.311010000000000619e-03 9.348169999999999397e-03 9.376149999999999762e-03 9.064259999999999332e-03 8.463939999999999658e-03 9.061210000000000098e-03
9.337279999999999885e-03 7.733890000000000209e-03 8.304610000000000464e-03 7.399909999999999995e-03 7.962000000000000327e-03 7.535739999999999973e-03 8.533249999999999169e-03 8.287100000000000369e-03
8.962370000000000753e-03 7.710329999999999614e-03 1.035610000000000003e-02 8.479169999999999416e-03 7.190619999999999998e-03 9.282520000000000701e-03 8.721539999999999848e-03 8.194969999999999338e-03
8.209239999999999593e-03 8.766339999999999202e-03 8.276520000000000751e-03 8.641180000000000042e-03 7.898290000000000519e-03 7.104240000000000381e-03 8.626540000000000250e-03 8.392989999999999479e-03
8.621490000000000750e-03 7.251750000000000383e-03 8.513240000000000043e-03 7.697589999999999814e-03 1.004500000000000011e-02 8.041480000000000156e-03 9.130730000000000096e-03 7.776970000000000237e-03
8.515780000000000571e-03 7.204109999999999681e-03 9.269329999999999237e-03 8.321490000000000831e-03 7.174879999999999799e-03 7.638119999999999979e-03 8.491850000000000440e-03 7.941089999999999607e-03
8.041839999999999752e-03 8.477329999999999935e-03 9.087579999999999616e-03 9.133530000000000815e-03 7.616870000000000411e-03 8.453910000000000244e-03 9.466630000000000184e-03 7.217140000000000361e-03
8.244200000000000139e-03 8.674480000000000038e-03 9.080440000000000386e-03 8.024639999999999551e-03 9.548020000000000812e-03 9.031900000000000692e-03 9.861840000000000189e-03 9.088119999999999879e-03
9.018450000000000771e-03 8.777280000000000151e-03 8.456019999999999856e-03 8.983450000000000463e-03 8.448789999999999425e-03 7.894619999999999763e-03 8.260530000000000303e-03 8.518539999999999793e-03
8.879959999999999243e-03 8.523539999999999589e-03 7.819470000000000240e-03 8.352669999999999539e-03 9.187050000000000424e-03 8.925550000000000844e-03 8.931130000000000665e-03 9.143590000000000051e-03
7.726750000000000111e-03 8.715459999999999527e-03 8.931659999999999253e-03 7.537789999999999942e-03 8.952299999999999841e-03 8.407849999999999699e-03 8.308090000000000613e-03 7.181019999999999764e-03
8.394159999999999469e-03 7.802479999999999659e-03 9.272549999999999196e-03 8.693789999999999851e-03 7.398830000000000337e-03 8.273400000000000198e-03 9.405739999999999240e-03 7.758400000000000366e-03
7.440040000000000195e-03 8.742299999999999724e-03 9.019169999999999965e-03 8.465149999999999411e-03 8.079299999999999329e-03 9.101019999999999596e-03 8.683889999999999665e-03 9.311599999999999738e-03
9.139790000000000067e-03 8.337119999999999947e-03 8.030920000000000419e-03 8.738690000000000346e-03 8.744039999999999799e-03 8.979890000000000788e-03 9.230759999999999313e-03 8.516900000000000859e-03
9.037069999999999478e-03 8.386340000000000808e-03 9.492449999999999499e-03 8.987339999999999912e-03 8.225490000000000232e-03 9.279569999999999139e-03 8.594060000000000588e-03 9.506499999999999326e-03
8.883979999999999655e-03 8.371240000000000278e-03 8.746800000000000755e-03 8.262359999999999843e-03 8.454480000000000328e-03 8.743120000000000058e-03 8.310490000000000238e-03 7.820479999999999446e-03
8.154500000000000290e-03 7.693720000000000246e-03 7.146150000000000418e-03 8.534220000000000347e-03 7.240370000000000313e-03 8.269969999999999752e-03 7.585839999999999944e-03 8.485579999999999512e-03
8.427300000000000416e-03 8.893260000000000054e-03 9.333630000000000745e-03 8.180899999999999631e-03 7.092039999999999976e-03 8.249170000000000114e-03 8.392059999999999798e-03 6.699049999999999797e-03
7.910649999999999973e-03 8.536830000000000460e-03 7.428820000000000041e-03 7.948759999999999160e-03 8.251039999999999416e-03 8.144220000000000625e-03 8.368779999999999275e-03 9.552830000000000002e-03
7.524160000000000223e-03 8.244909999999999392e-03 9.200579999999999870e-03 7.414360000000000048e-03 8.259090000000000181e-03 8.071069999999999633e-03 9.067159999999999456e-03 8.248999999999999388e-03
9.126050000000000134e-03 9.340289999999999357e-03 8.561920000000000641e-03 7.348239999999999807e-03 8.717439999999999911e-03 8.555760000000000795e-03 8.236020000000000146e-03 8.594150000000000053e-03
8.900079999999999450e-03 8.425089999999999663e-03 9.968209999999999918e-03 9.068569999999999756e-03 9.174329999999999638e-03 8.300000000000000086e-03 8.630179999999999449e-03 7.442269999999999962e-03
8.945299999999999779e-03 8.027140000000000317e-03 8.350800000000000237e-03 8.283830000000000707e-03 8.754659999999999179e-03 8.570710000000000481e-03 8.133369999999999142e-03 9.436750000000000693e-03
9.269229999999999831e-03 8.433529999999999846e-03 8.456919999999999715e-03 7.803730000000000042e-03 7.489220000000000425e-03 8.679940000000000572e-03 6.456579999999999958e-03 8.635300000000000267e-03
7.590340000000000108e-03 8.671510000000000329e-03 8.323199999999999349e-03 8.689789999999999320e-03 8.242390000000000480e-03 8.315269999999999606e-03 8.175349999999999631e-03 9.445030000000000092e-03
7.715030000000000325e-03 9.032810000000000492e-03 8.053199999999999942e-03 8.727260000000000573e-03 8.056789999999999438e-03 8.837970000000000548e-03 6.998810000000000274e-03 9.764049999999999813e-03
7.991470000000000518e-03 8.671069999999999472e-03 9.449539999999999329e-03 8.142709999999999185e-03 7.086750000000000167e-03 8.625020000000000603e-03 8.754009999999999569e-03 8.494939999999999436e-03
8.717900000000000649e-03 8.563869999999999469e-03 8.558349999999999291e-03 8.803240000000000370e-03 9.279449999999999851e-03 7.628750000000000114e-03 8.224669999999999898e-03 8.035530000000000797e-03
8.490400000000000377e-03 8.582559999999999495e-03 8.488310000000000646e-03 8.397180000000000616e-03 8.721619999999999373e-03 7.635239999999999735e-03 9.023540000000000033e-03 7.854869999999999908e-03
8.759549999999999628e-03 8.423069999999999516e-03 7.819080000000000821e-03 8.999780000000000627e-03 9.168700000000000114e-03 7.301260000000000389e-03 6.850199999999999866e-03 8.083770000000000538e-03
8.913350000000000439e-03 8.433090000000000724e-03 8.751099999999999504e-03 8.916389999999999733e-03 8.222649999999999751e-03 6.503029999999999922e-03 7.572859999999999835e-03 8.814209999999999406e-03
8.697619999999999657e-03 8.989240000000000771e-03 8.286989999999999287e-03 7.814440000000000622e-03 9.431590000000000112e-03 8.641970000000000554e-03 8.292139999999999928e-03 8.661490000000000855e-03
7.964809999999999252e-03 8.322110000000000618e-03 9.114459999999999576e-03 8.507590000000000638e-03 9.179849999999999816e-03 8.762539999999999218e-03 8.410600000000000714e-03 7.848930000000000490e-03
8.429100000000000134e-03 9.298519999999999355e-03 9.519440000000000540e-03 8.018400000000000180e-03 9.549049999999999899e-03 9.015759999999999399e-03 8.605679999999999233e-03 9.811339999999999992e-03
7.598579999999999744e-03 8.323080000000000062e-03 7.897460000000000244e-03 8.940270000000000161e-03 7.250870000000000405e-03 8.221660000000000426e-03 7.485379999999999812e-03 8.126150000000000387e-03
8.018849999999999242e-03 8.825100000000000652e-03 7.698609999999999828e-03 7.998919999999999642e-03 8.179820000000000840e-03 8.716120000000000811e-03 8.412370000000000611e-03 8.922640000000000779e-03
9.297100000000000850e-03 6.922939999999999823e-03 8.051930000000000545e-03 9.100429999999999631e-03 8.590109999999999760e-03 9.187360000000000318e-03 9.367429999999999507e-03 8.032229999999999578e-03
7.600879999999999963e-03 8.744939999999999658e-03 9.039319999999999994e-03 9.440010000000000415e-03 8.008680000000000659e-03 8.459770000000000137e-03 8.805129999999999554e-03 8.095089999999999231e-03
7.585009999999999669e-03 8.715509999999999230e-03 8.802509999999999502e-03 8.712120000000000281e-03 8.261050000000000684e-03 9.477100000000000454e-03 7.763100000000000209e-03 8.444270000000000248e-03
9.525920000000000221e-03 7.617490000000000198e-03 8.549110000000000389e-03 7.871939999999999146e-03 8.656669999999999990e-03 9.035420000000000604e-03 9.111309999999999201e-03 9.129629999999999690e-03
7.975410000000000485e-03 8.964579999999999771e-03 8.249609999999999235e-03 8.318370000000000278e-03 9.101369999999999252e-03 9.907439999999999997e-03 8.750169999999999823e-03 7.696719999999999777e-03
8.427689999999999834e-03 8.258549999999999919e-03 8.770150000000000862e-03 8.051469999999999808e-03 6.948580000000000208e-03 1.011510000000000013e-02 7.663780000000000245e-03 8.805759999999999282e-03
9.158450000000000271e-03 8.945770000000000458e-03 7.982349999999999168e-03 9.200150000000000688e-03 8.418000000000000135e-03 8.075860000000000677e-03 8.073800000000000768e-03 8.847139999999999865e-03
8.612899999999999723e-03 7.075360000000000156e-03 9.024439999999999892e-03 8.417980000000000254e-03 8.830930000000000724e-03 8.009600000000000400e-03 8.121359999999999343e-03 9.558719999999999717e-03
8.684459999999999749e-03 8.668109999999999704e-03 8.336500000000000160e-03 8.953730000000000022e-03 9.212700000000000750e-03 9.280190000000000661e-03 9.478210000000000801e-03 9.370989999999999182e-03
8.728909999999999447e-03 8.840270000000000766e-03 9.373579999999999413e-03 1.006609999999999970e-02 7.847150000000000653e-03 9.356389999999999152e-03 1.011289999999999932e-02 8.525069999999999176e-03
8.534240000000000229e-03 8.084890000000000826e-03 7.423479999999999662e-03 9.559500000000000289e-03 8.252860000000000751e-03 8.221549999999999345e-03 9.979510000000000464e-03 7.078390000000000376e-03
8.717259999999999245e-03 7.950709999999999722e-03 8.391360000000000485e-03 7.042549999999999852e-03 8.370850000000000860e-03 8.171080000000000704e-03 8.828960000000000280e-03 8.702730000000000535e-03
8.881790000000000518e-03 8.428039999999999490e-03 8.627150000000000096e-03 8.126070000000000862e-03 9.053639999999999952e-03 8.514890000000000653e-03 8.399459999999999218e-03 8.926260000000000097e-03
7.057400000000000131e-03 6.376149999999999700e-03 8.411029999999999895e-03 9.239030000000000506e-03 8.203399999999999581e-03 9.371970000000000300e-03 8.819640000000000118e-03 8.684000000000000746e-03
8.827470000000000455e-03 7.289559999999999616e-03 8.171950000000000741e-03 8.717340000000000505e-03 8.519729999999999664e-03 8.573590000000000724e-03 7.730159999999999809e-03 8.556450000000000167e-03
9.247540000000000274e-03 7.759420000000000379e-03 9.685559999999999309e-03 7.968930000000000805e-03 8.625100000000000128e-03 7.898669999999999997e-03 8.276789999999999148e-03 7.202949999999999631e-03
9.351790000000000450e-03 7.933549999999999283e-03 7.842709999999999265e-03 9.007430000000000297e-03 8.201649999999999566e-03 8.360609999999999223e-03 8.656129999999999727e-03 8.719750000000000070e-03
8.240120000000000083e-03 9.836519999999999639e-03 8.271900000000000433e-03 8.777510000000000520e-03 9.788679999999999257e-03 8.762729999999999825e-03 7.749899999999999671e-03 8.443930000000000533e-03
8.618610000000000507e-03 8.133629999999999333e-03 7.093010000000000287e-03 8.442029999999999673e-03 9.327270000000000352e-03 8.991400000000000087e-03 7.197509999999999845e-03 7.755350000000000264e-03
7.845639999999999212e-03 9.457200000000000675e-03 7.878970000000000765e-03 9.194539999999999311e-03 8.018870000000000858e-03 8.275760000000000061e-03 8.943490000000000120e-03 8.895470000000000807e-03
8.249519999999999770e-03 8.276769999999999267e-03 8.090760000000000660e-03 7.666809999999999597e-03 8.508579999999999963e-03 9.246839999999999227e-03 8.309209999999999166e-03 7.615069999999999825e-03
8.814630000000000382e-03 9.008870000000000419e-03 8.415090000000000070e-03 9.455049999999999566e-03 9.352459999999999940e-03 9.239149999999999793e-03 8.293389999999999443e-03 8.618709999999999913e-03
8.372020000000000850e-03 7.870389999999999678e-03 8.989179999999999393e-03 7.890350000000000835e-03 7.257129999999999657e-03 8.307619999999999935e-03 8.797229999999999633e-03 9.029330000000000342e-03
9.629959999999999909e-03 8.865619999999999404e-03 8.226380000000000151e-03 8.800149999999999639e-03 8.248890000000000042e-03 8.472050000000000067e-03 8.546099999999999183e-03 7.953059999999999644e-03
7.886229999999999282e-03 8.791409999999999503e-03 9.086920000000000067e-03 9.072260000000000393e-03 8.025360000000000479e-03 9.090000000000000857e-03 9.209359999999999769e-03 8.400380000000000694e-03
7.511979999999999699e-03 9.504250000000000545e-03 8.943619999999999348e-03 7.228120000000000205e-03 8.735559999999999853e-03 8.492809999999999943e-03 9.174210000000000351e-03 8.116319999999999785e-03
8.381339999999999277e-03 7.372929999999999762e-03 7.149009999999999913e-03 8.724449999999999913e-03 7.126890000000000308e-03 7.692110000000000267e-03 8.256150000000000294e-03 9.354039999999999230e-03
8.050170000000000589e-03 7.282480000000000030e-03 8.071160000000000834e-03 9.140469999999999498e-03 9.163900000000000864e-03 9.388830000000000786e-03 7.433979999999999755e-03 8.744180000000000702e-03
8.152760000000000215e-03 7.953170000000000725e-03 8.422110000000000013e-03 8.105579999999999383e-03 7.404469999999999802e-03 8.036299999999999694e-03 8.785209999999999894e-03 9.079240000000000574e-03
8.350990000000000843e-03 9.165909999999999336e-03 7.655910000000000146e-03 9.024269999999999167e-03 8.772649999999999892e-03 8.019190000000000693e-03 1.041579999999999936e-02 8.271999999999999839e-03
8.048800000000000052e-03 7.267000000000000022e-03 8.382119999999999849e-03 8.701729999999999535e-03 8.133849999999999761e-03 8.183960000000000540e-03 7.695569999999999668e-03 8.507020000000000554e-03
9.500059999999999408e-03 8.522439999999999183e-03 8.569310000000000122e-03 7.608300000000000132e-03 8.033999999999999475e-03 8.259819999999999315e-03 8.381349999999999217e-03 7.354639999999999962e-03
8.279589999999999866e-03 8.010679999999999190e-03 8.605279999999999874e-03 9.235409999999999453e-03 8.961480000000000834e-03 8.543419999999999487e-03 7.966489999999999683e-03 8.697250000000000120e-03
8.882779999999999843e-03 8.375610000000000346e-03 8.739900000000000099e-03 8.982050000000000103e-03 7.298210000000000287e-03 9.172569999999999682e-03 8.838030000000000191e-03 8.408890000000000461e-03
7.957429999999999712e-03 7.896049999999999944e-03 9.047180000000000152e-03 7.157759999999999991e-03 9.208920000000000647e-03 8.228509999999999644e-03 8.346920000000000728e-03 8.999089999999999520e-03
8.758760000000000850e-03 8.175059999999999619e-03 9.172859999999999694e-03 8.888570000000000151e-03 8.442399999999999211e-03 9.144100000000000492e-03 8.183529999999999624e-03 8.512959999999999972e-03
8.964130000000000709e-03 9.234650000000000497e-03 9.018599999999999881e-03 7.570760000000000163e-03 8.021020000000000233e-03 9.157629999999999937e-03 8.803329999999999836e-03 8.264630000000000240e-03
7.646870000000000056e-03 8.121180000000000412e-03 8.191020000000000245e-03 8.992589999999999958e-03 7.358270000000000088e-03 8.625630000000000450e-03 8.194859999999999992e-03 8.966679999999999442e-03
7.597419999999999694e-03 8.024969999999999326e-03 8.859320000000000389e-03 8.805649999999999936e-03 8.345200000000000534e-03 9.285750000000000601e-03 8.141590000000000632e-03 9.381989999999999774e-03
8.467399999999999927e-03 8.763190000000000562e-03 9.027310000000000195e-03 8.244170000000000317e-03 8.644880000000000619e-03 9.141109999999999167e-03 7.592920000000000398e-03 8.713069999999999843e-03
7.502390000000000274e-03 8.690269999999999939e-03 8.323660000000000087e-03 8.719920000000000795e-03 7.366590000000000117e-03 8.028069999999999998e-03 8.714080000000000784e-03 9.521979999999999333e-03
1.032959999999999955e-02 9.332059999999999661e-03 8.467769999999999464e-03 8.383160000000000611e-03 8.619770000000000557e-03 9.249379999999999755e-03 7.875139999999999224e-03 7.149299999999999926e-03
8.740579999999999530e-03 8.183219999999999730e-03 8.649930000000000119e-03 9.090449999999999919e-03 7.292619999999999658e-03 8.207549999999999221e-03 8.590230000000000782e-03 7.541649999999999569e-03
8.715040000000000286e-03 8.953610000000000735e-03 8.422280000000000738e-03 8.779059999999999989e-03 8.732759999999999134e-03 9.008540000000000644e-03 7.924779999999999325e-03 9.181379999999999403e-03
7.571480000000000224e-03 7.906929999999999514e-03 9.105989999999999571e-03 8.243250000000000577e-03 8.310239999999999988e-03 8.775919999999999555e-03 9.204429999999999557e-03 7.956960000000000768e-03
8.371989999999999293e-03 8.911219999999999211e-03 7.864150000000000307e-03 7.498549999999999660e-03 8.575340000000000740e-03 8.935039999999999996e-03 8.036659999999999290e-03 8.147939999999999350e-03
9.562680000000000485e-03 8.588010000000000088e-03 7.818790000000000809e-03 7.655689999999999718e-03 9.530189999999999148e-03 8.880499999999999505e-03 8.400080000000000741e-03 8.815939999999999541e-03
9.371070000000000441e-03 7.413409999999999618e-03 7.484099999999999607e-03 8.490430000000000199e-03 8.670249999999999138e-03 7.982960000000000750e-03 8.914719999999999242e-03 9.759169999999999304e-03
9.221129999999999258e-03 8.930810000000000831e-03 8.620249999999999441e-03 8.374790000000000012e-03 8.348259999999999709e-03 8.335769999999999291e-03 9.050060000000000396e-03 8.872130000000000641e-03
7.137860000000000212e-03 8.908479999999999871e-03 8.575430000000000205e-03 8.091920000000000709e-03 1.009939999999999970e-02 8.354159999999999364e-03 9.038189999999999766e-03 8.688160000000000327e-03
8.332960000000000367e-03 7.383129999999999901e-03 9.139859999999999651e-03 9.222549999999999498e-03 8.782299999999999829e-03 8.501520000000000257e-03 7.939649999999999486e-03 7.321969999999999694e-03
8.448380000000000126e-03 8.187840000000000049e-03 9.051129999999999245e-03 8.982749999999999416e-03 8.640780000000000682e-03 9.075949999999999296e-03 8.531109999999999735e-03 7.669770000000000233e-03
8.414680000000000770e-03 8.065120000000000275e-03 8.830259999999999498e-03 8.107929999999999304e-03 7.557699999999999661e-03 8.079599999999999282e-03 7.915929999999999842e-03 8.217640000000000014e-03
8.991080000000000252e-03 7.354890000000000212e-03 7.169929999999999706e-03 8.801879999999999774e-03 7.932520000000000196e-03 6.958800000000000228e-03 8.626959999999999490e-03 7.862199999999999744e-03
8.337640000000000329e-03 9.121409999999999935e-03 8.573159999999999809e-03 8.715209999999999277e-03 8.719809999999999714e-03 8.577130000000000518e-03 8.586750000000000632e-03 7.570160000000000257e-03
8.710860000000000825e-03 8.796429999999999180e-03 7.906849999999999989e-03 8.424720000000000125e-03 7.637940000000000181e-03 8.011000000000000759e-03 7.002630000000000139e-03 8.051660000000000414e-03
9.291529999999999234e-03 7.737319999999999788e-03 8.889750000000000082e-03 7.932770000000000446e-03 7.657699999999999924e-03 6.653489999999999752e-03 8.737480000000000593e-03 7.161739999999999773e-03
7.691670000000000278e-03 8.259189999999999587e-03 7.459999999999999618e-03 7.929339999999999999e-03 7.025270000000000126e-03 8.365020000000000788e-03 7.920220000000000385e-03 8.186439999999999689e-03
8.376599999999999671e-03 8.612339999999999579e-03 9.099799999999999903e-03 8.269550000000000511e-03 9.372629999999999850e-03 7.481530000000000125e-03 8.888149999999999176e-03 8.706099999999999603e-03
8.127910000000000343e-03 8.429390000000000147e-03 7.868870000000000031e-03 8.186840000000000783e-03 8.879299999999999693e-03 8.532069999999999238e-03 9.263469999999999344e-03 9.553239999999999302e-03
8.698279999999999207e-03 7.584819999999999930e-03 8.252449999999999716e-03 8.580199999999999633e-03 7.037719999999999913e-03 7.914529999999999482e-03 8.022019999999999498e-03 9.173529999999999185e-03
8.199100000000000832e-03 8.751220000000000526e-03 8.271940000000000195e-03 9.372510000000000563e-03 1.028950000000000004e-02 8.472789999999999142e-03 8.985850000000000087e-03 8.729799999999999366e-03
8.388589999999999589e-03 8.555480000000000723e-03 9.398240000000000413e-03 9.024189999999999642e-03 7.694359999999999915e-03 7.738319999999999921e-03 9.047960000000000724e-03 8.012379999999999503e-03
8.539750000000000466e-03 8.346489999999999812e-03 1.048170000000000004e-02 8.534379999999999397e-03 8.155360000000000387e-03 9.528180000000000677e-03 8.907750000000000737e-03 8.979539999999999397e-03
8.764289999999999234e-03 9.465839999999999671e-03 7.314730000000000190e-03 8.349189999999999390e-03 7.905749999999999583e-03 6.969500000000000001e-03 9.377079999999999443e-03 7.786300000000000339e-03
8.385359999999999689e-03 6.984330000000000399e-03 8.347250000000000503e-03 7.956980000000000650e-03 8.146729999999999597e-03 7.698230000000000350e-03 8.230889999999999387e-03 7.826319999999999458e-03
7.949219999999999897e-03 8.164829999999999657e-03 8.793769999999999365e-03 8.633210000000000536e-03 8.453640000000000113e-03 9.228010000000000032e-03 7.999259999999999357e-03 8.756780000000000466e-03
8.638800000000000298e-03 8.006740000000000038e-03 8.824590000000000212e-03 8.301700000000000398e-03 7.748009999999999620e-03 7.946820000000000273e-03 9.052720000000000211e-03 8.707140000000000365e-03
9.138910000000000089e-03 8.979680000000000301e-03 8.670989999999999948e-03 9.820979999999999988e-03 8.674019999999999300e-03 7.698159999999999899e-03 8.966260000000000202e-03 8.307590000000000113e-03
9.244250000000000730e-03 9.204069999999999960e-03 9.138989999999999614e-03 7.717660000000000318e-03 8.719599999999999226e-03 9.808100000000000152e-03 8.556930000000000786e-03 9.246469999999999689e-03
8.305579999999999907e-03 8.859159999999999605e-03 7.052349999999999765e-03 7.322040000000000146e-03 8.912849999999999939e-03 9.299939999999999596e-03 8.899040000000000422e-03 7.960840000000000277e-03
8.845169999999999422e-03 8.289690000000000600e-03 8.830110000000000389e-03 8.529550000000000326e-03 8.299090000000000286e-03 8.011529999999999346e-03 8.637149999999999689e-03 7.888700000000000226e-03
9.812610000000000499e-01 9.778299999999999770e-01 9.857989999999999808e-01 9.831180000000000474e-01 9.775669999999999638e-01 9.807150000000000034e-01 9.781940000000000079e-01 9.786500000000000199e-01
