-5.204500000000000098e-02 -1.697660000000000002e-01 -3.465100000000000124e-02 -3.735419999999999713e-02 -1.512580000000000036e-01 -9.589200000000000501e-02 -9.855999999999999484e-02 -5.278979999999999784e-02
-1.354090000000000068e-03 -1.747340000000000004e-01 -1.706880000000000064e-01 -2.027970000000000120e-02 -4.972309999999999924e-02 -1.016029999999999989e-01 -1.667430000000000023e-01 -1.789340000000000097e-01
-1.206699999999999995e-01 -4.974590000000000262e-02 -1.424989999999999868e-01 -7.127920000000000089e-02 -9.354010000000000102e-02 -1.511969999999999981e-01 -1.534860000000000113e-01 -7.661350000000000104e-02
-1.979529999999999901e-01 -1.133590000000000014e-01 -7.749459999999999682e-02 -1.353080000000000116e-01 -8.407609999999999389e-03 -1.150550000000000045e-01 -1.975820000000000076e-01 -1.764000000000000012e-01
-1.664329999999999976e-01 -1.086160000000000042e-01 -1.585060000000000080e-01 -9.915609999999999702e-02 -1.185090000000000032e-01 -1.795569999999999944e-01 -1.357440000000000035e-01 -3.112559999999999980e-02
-1.692339999999999955e-01 -7.660469999999999779e-02 -1.238430000000000086e-02 -1.706509999999999971e-01 -1.209849999999999953e-01 -7.795779999999999377e-02 -1.315179999999999960e-01 -1.602329999999999866e-01
-6.269550000000000123e-02 -4.831080000000000096e-02 -1.752569999999999961e-01 -1.076300000000000034e-01 -1.690149999999999986e-01 -1.658959999999999879e-01 -2.948519999999999960e-02 -9.073150000000000659e-02
-1.854190000000000005e-01 -9.987319999999999531e-02 -5.175919999999999827e-02 -1.371159999999999879e-01 -7.425809999999999356e-02 -1.912040000000000128e-01 -8.226500000000000479e-02 -1.000940000000000024e-01
-1.585469999999999935e-01 -4.875609999999999666e-02 -2.317169999999999994e-02 -1.515489999999999893e-01 -1.300340000000000107e-01 -1.655979999999999952e-01 -1.638449999999999906e-01 -3.765530000000000266e-02
-1.493929999999999980e-01 -1.405270000000000130e-01 -9.938919999999999699e-02 -1.138640000000000069e-01 -1.328550000000000009e-01 -4.043610000000000260e-02 -4.657050000000000078e-02 -2.526319999999999955e-02
-3.434709999999999847e-02 -1.959859999999999935e-01 -3.376869999999999872e-02 -1.766510000000000025e-01 -4.519909999999999900e-02 -1.754449999999999898e-01 -4.174739999999999701e-02 -9.607620000000000049e-02
-1.632399999999999962e-01 -9.954109999999999348e-02 -1.233069999999999999e-01 -7.518829999999999958e-02 -2.012869999999999937e-01 -1.616829999999999934e-01 -1.303880000000000039e-01 -7.070379999999999721e-02
-1.159939999999999999e-01 -1.679910000000000014e-01 -6.905680000000000152e-02 -8.731289999999999885e-02 -1.740299999999999903e-01 -1.504689999999999916e-01 -1.893710000000000115e-01 -1.434140000000000137e-01
-1.545469999999999899e-01 -1.879240000000000077e-01 -1.208140000000000047e-01 -7.482310000000000350e-02 -1.812699999999999867e-01 -1.765150000000000052e-01 -7.117310000000000303e-02 -4.145200000000000273e-02
-6.426740000000000230e-02 -1.747470000000000134e-01 -1.103900000000000020e-01 -4.718399999999999678e-02 -1.284889999999999921e-01 -1.612119999999999942e-01 -3.098949999999999969e-02 -4.248529999999999668e-02
-3.610259999999999858e-02 -9.674309999999999854e-02 -7.342279999999999640e-02 -3.181219999999999881e-02 -9.895750000000000379e-02 -8.862240000000000395e-02 -1.138819999999999937e-02 -7.943010000000000348e-02
-1.740059999999999940e-01 -7.034899999999999487e-02 -1.605530000000000013e-01 -6.056170000000000303e-02 -1.425180000000000058e-01 -6.381100000000000660e-02 -6.847369999999999846e-02 -1.029700000000000060e-01
-7.845240000000000546e-02 -6.041679999999999967e-02 -3.735410000000000119e-02 -1.317059999999999897e-01 -1.355860000000000121e-01 -1.937989999999999990e-01 -1.188270000000000021e-01 -1.525729999999999864e-01
-1.508690000000000031e-01 -8.123579999999999690e-02 -1.484350000000000114e-01 -1.295719999999999927e-01 -7.601120000000000099e-02 -1.650999999999999968e-01 -1.526300000000000053e-02 -4.735810000000000020e-02
-1.350179999999999991e-01 -3.397120000000000001e-02 -1.334770000000000123e-01 -5.378190000000000054e-02 -1.856099999999999972e-01 -1.495529999999999915e-01 -1.352490000000000081e-01 -4.564549999999999857e-02
-7.081250000000000044e-02 -1.715740000000000043e-01 -2.756499999999999923e-02 -1.119629999999999931e-01 -9.239070000000000615e-02 -1.226320000000000049e-01 -9.998680000000000068e-02 -6.100719999999999754e-02
-8.966810000000000058e-02 -1.468810000000000116e-01 -1.842409999999999881e-01 -1.804959999999999898e-01 -1.022040000000000032e-01 -1.267210000000000003e-01 -8.363729999999999776e-02 -1.169759999999999966e-01
-1.122350000000000014e-01 -1.851190000000000058e-01 -6.292240000000000333e-02 -4.572369999999999907e-02 -8.436330000000000218e-02 -5.494840000000000141e-02 -1.607389999999999930e-01 -4.938170000000000059e-02
-1.708139999999999936e-01 -1.798049999999999926e-01 -1.194120000000000043e-01 -1.053230000000000000e-01 -1.572199999999999986e-01 -4.409960000000000269e-02 -4.588160000000000155e-02 -1.260380000000000111e-01
-3.772500000000000159e-02 -5.172729999999999689e-02 -7.469910000000000438e-02 -1.458840000000000137e-01 -7.569489999999999552e-02 -1.715740000000000043e-01 -1.177799999999999958e-01 -4.592220000000000329e-02
-1.620550000000000046e-01 -1.374809999999999921e-01 -1.161190000000000000e-01 -5.346069999999999989e-02 -1.259059999999999901e-01 -1.159359999999999974e-01 -4.561899999999999983e-02 -1.356040000000000023e-01
-3.902900000000000119e-02 -1.571730000000000071e-01 -9.528319999999999845e-02 -5.942009999999999653e-02 -1.356209999999999916e-01 -1.545229999999999937e-01 -1.282520000000000049e-01 -1.265699999999999881e-01
-3.070049999999999862e-02 -1.780609999999999971e-01 -1.306609999999999994e-01 -8.158700000000000674e-02 -1.880199999999999927e-01 -9.413430000000000408e-02 -4.806099999999999955e-02 -5.358489999999999781e-02
-1.756199999999999983e-01 -6.440440000000000054e-02 -1.583090000000000053e-01 -1.595360000000000111e-01 -1.787239999999999940e-01 -1.210419999999999968e-01 -1.410800000000000110e-01 -1.718309999999999976e-02
-1.508609999999999951e-01 -2.127370000000000094e-01 -1.617730000000000001e-01 -6.902880000000000127e-02 -5.867889999999999912e-02 -6.506059999999999621e-02 -8.885600000000000442e-02 -8.757869999999999544e-02
-1.357269999999999865e-01 -4.506729999999999764e-02 -1.647430000000000005e-01 -1.701840000000000019e-01 -4.808569999999999858e-03 -1.184920000000000001e-01 -1.613759999999999917e-01 -1.588469999999999882e-01
-4.903949999999999976e-02 -9.803720000000000490e-02 -2.575799999999999965e-02 -1.639480000000000104e-01 -5.981510000000000299e-02 -1.731540000000000024e-01 -1.702140000000000042e-01 -1.971320000000000017e-01
-1.132910000000000028e-01 -7.226319999999999966e-02 -9.424929999999999419e-02 4.455920000000000258e-04 -2.547380000000000130e-02 -1.416429999999999911e-01 -9.660280000000000256e-02 -1.095509999999999956e-01
-3.870740000000000292e-02 -6.686849999999999739e-02 -7.701679999999999637e-02 -1.323699999999999877e-01 -2.153629999999999989e-01 -5.947419999999999790e-02 -1.190510000000000040e-01 -4.832009999999999778e-02
-4.558829999999999827e-02 -6.810420000000000362e-02 -3.201119999999999660e-02 -1.176429999999999976e-01 -1.696239999999999970e-01 -5.269639999999999741e-02 -3.041050000000000003e-02 -9.848999999999999422e-02
-1.112619999999999998e-01 -9.108879999999999755e-02 -3.132250000000000312e-02 -9.572020000000000528e-02 -1.193710000000000049e-01 -5.856589999999999713e-02 -1.783859999999999890e-01 -4.097909999999999747e-02
-1.003539999999999988e-01 -1.423220000000000041e-01 -9.538870000000000682e-02 -2.035390000000000116e-02 -2.118379999999999985e-01 -3.630719999999999781e-02 -1.888589999999999991e-01 -1.405830000000000135e-01
-1.321640000000000037e-01 -2.577489999999999989e-02 -7.030050000000000188e-02 -8.697680000000000688e-02 -9.414129999999999721e-02 -5.589419999999999805e-02 -1.173280000000000017e-01 -8.047759999999999636e-02
-1.260270000000000001e-01 6.607769999999999790e-03 -9.549430000000000418e-02 -1.096349999999999963e-01 -4.123680000000000227e-03 -1.579689999999999983e-01 -1.412450000000000094e-01 -1.543289999999999940e-01
-3.683419999999999750e-02 -6.357160000000000588e-02 -6.455569999999999364e-02 -6.898010000000000252e-02 -2.050010000000000027e-02 -1.475619999999999987e-01 -2.277320000000000039e-02 -4.615640000000000021e-02
-1.308120000000000116e-01 -1.633999999999999897e-01 -4.044129999999999947e-02 -1.830560000000000173e-02 -5.386319999999999997e-02 -4.111950000000000327e-02 -1.001200000000000007e-01 -8.915439999999999476e-02
-5.352149999999999963e-02 -6.549960000000000504e-02 -1.530600000000000016e-01 -1.209419999999999940e-01 -1.099689999999999973e-01 -1.779969999999999886e-01 -2.542490000000000028e-02 -5.322249999999999898e-02
-1.686600000000000044e-01 -7.813660000000000050e-02 -8.624260000000000259e-02 -1.059070000000000011e-01 -1.675729999999999997e-01 -6.828239999999999310e-02 -7.504389999999999672e-02 -9.094019999999999881e-02
-1.516379999999999950e-01 -1.696080000000000088e-01 -8.896170000000000466e-02 -2.192809999999999898e-02 -1.008180000000000048e-01 -5.977020000000000249e-02 -7.999209999999999654e-02 -1.653850000000000042e-01
-1.559349999999999903e-01 -6.339609999999999690e-02 -1.741679999999999895e-01 -1.325860000000000094e-01 -4.205049999999999760e-02 -8.268939999999999624e-02 -1.804199999999999970e-01 -3.833400000000000002e-02
-9.576070000000000415e-02 -1.805609999999999993e-01 -2.066550000000000054e-01 -1.501770000000000049e-01 -8.379509999999999736e-02 -1.043160000000000059e-01 -1.281509999999999871e-01 -9.208439999999999681e-02
-1.163899999999999935e-01 -1.160390000000000033e-01 -1.689070000000000016e-01 -5.122940000000000133e-02 -1.097270000000000016e-02 -4.841639999999999833e-02 -1.017890000000000045e-01 -1.113920000000000049e-01
-1.309269999999999878e-01 -1.487090000000000078e-01 -1.751560000000000061e-01 -1.865269999999999984e-01 -1.244999999999999996e-01 -1.378489999999999993e-01 -1.657879999999999909e-01 -1.670129999999999948e-01
-4.869090000000000397e-03 -1.714890000000000025e-01 -1.518369999999999997e-01 -1.756439999999999946e-01 -1.062319999999999931e-01 -7.961139999999999883e-02 -1.200809999999999933e-01 -3.603100000000000053e-02
-6.582630000000000425e-02 -4.401839999999999919e-02 -1.096049999999999941e-01 -9.810639999999999639e-02 -4.861830000000000318e-02 -5.346870000000000095e-02 3.461419999999999775e-02 -1.046979999999999994e-01
-1.717210000000000125e-01 -1.230200000000000043e-01 -1.248839999999999950e-01 -7.215630000000000654e-02 -1.687730000000000063e-01 -3.606109999999999871e-02 -1.840410000000000101e-01 -4.760400000000000048e-02
-1.545989999999999864e-01 -7.501240000000000685e-02 -5.482490000000000280e-02 -9.742309999999999859e-02 -5.762350000000000111e-02 -3.419069999999999748e-02 -4.057759999999999839e-02 -1.045569999999999972e-01
3.119430000000000184e-04 -1.200969999999999954e-01 -8.965120000000000033e-02 -5.314279999999999698e-02 -1.594859999999999889e-01 -1.821089999999999931e-01 -1.072980000000000045e-01 -4.216099999999999709e-02
-1.462120000000000086e-01 -1.606689999999999854e-02 -1.487330000000000041e-01 -7.957079999999999709e-02 -1.258990000000000109e-01 -7.781799999999999828e-02 -1.792819999999999969e-01 -3.686679999999999818e-02
-1.078520000000000034e-01 -1.169120000000000020e-01 -7.422439999999999594e-02 -1.858710000000000084e-01 -4.156279999999999697e-02 -1.879510000000000070e-01 -4.517800000000000288e-02 -4.385089999999999821e-02
-7.238989999999999314e-02 -9.521559999999999746e-02 -1.824479999999999991e-01 -5.083939999999999987e-02 -1.563549999999999940e-01 -1.818879999999999941e-01 -1.086089999999999972e-01 -3.060529999999999848e-02
-1.134539999999999993e-01 -1.418149999999999966e-01 -3.883980000000000071e-02 -1.576220000000000121e-01 -9.067459999999999409e-02 -1.606559999999999933e-01 -2.309769999999999879e-02 -9.986130000000000007e-02
-9.710889999999999800e-02 -1.755450000000000066e-01 -2.102259999999999962e-01 -3.420440000000000286e-02 -5.374539999999999873e-02 -1.442879999999999996e-01 -1.138180000000000025e-01 -2.440499999999999961e-02
-4.894540000000000002e-02 -1.878110000000000057e-01 -9.069349999999999634e-02 1.067219999999999974e-02 -3.125130000000000269e-02 -1.763809999999999987e-03 -6.638330000000000619e-02 -1.656559999999999977e-01
-1.565120000000000122e-01 -1.206529999999999964e-01 -1.223520000000000024e-01 -1.595059999999999881e-02 -1.592979999999999952e-01 -1.264629999999999921e-01 -1.816490000000000049e-01 -2.348949999999999996e-02
-1.793629999999999947e-01 -8.688899999999999402e-02 -2.006439999999999960e-02 -1.693780000000000008e-01 -4.162539999999999990e-02 -1.951340000000000019e-01 -8.480680000000000163e-02 -1.869879999999999876e-01
-1.401000000000000023e-01 -1.267230000000000023e-01 -1.867580000000000073e-01 -3.120459999999999900e-02 -1.371630000000000071e-01 -9.635209999999999608e-02 -1.001149999999999957e-02 -1.801989999999999981e-01
-1.037239999999999968e-01 -9.870619999999999394e-02 -7.737370000000000358e-02 -8.129139999999999977e-03 -1.161819999999999936e-01 -1.026740000000000014e-01 -3.491890000000000271e-02 -4.598990000000000022e-02
-1.654100000000000015e-01 -1.110290000000000027e-01 -1.887029999999999957e-02 -1.663310000000000066e-01 -1.695570000000000133e-01 -1.322089999999999932e-01 -6.655990000000000517e-02 -1.097349999999999992e-01
-6.272160000000000235e-02 6.354290000000000285e-03 -5.586909999999999793e-02 -1.708699999999999941e-01 -6.797119999999999551e-02 -1.407799999999999885e-01 -2.015299999999999869e-01 -1.868360000000000021e-01
-1.765349999999999975e-01 -9.834539999999999949e-02 -4.764329999999999954e-02 -1.268539999999999945e-01 -1.884540000000000104e-01 -3.362119999999999692e-02 -7.158209999999999573e-02 -1.400629999999999931e-01
-1.592850000000000099e-01 -1.568610000000000004e-01 -1.456739999999999979e-01 -1.195370000000000044e-01 -2.681479999999999975e-02 -2.083439999999999945e-02 -1.911170000000000091e-01 -1.488639999999999963e-01
-5.108309999999999934e-02 -8.150570000000000037e-02 -1.445639999999999981e-01 -4.635100000000000331e-02 -4.100820000000000159e-02 -3.237240000000000256e-02 -3.160400000000000015e-02 -1.483059999999999934e-01
-1.223700000000000065e-01 -9.610299999999999399e-02 -6.628839999999999776e-04 -2.482459999999999875e-02 -8.589479999999999338e-02 -8.019479999999999664e-02 -7.029309999999999725e-02 -3.829740000000000227e-02
-7.820820000000000549e-02 -8.054429999999999576e-03 -1.211119999999999974e-01 -1.468990000000000018e-01 -1.004400000000000015e-01 -1.341509999999999925e-01 -1.202020000000000033e-01 -3.480300000000000060e-02
-8.122859999999999803e-02 -1.590300000000000047e-01 -5.077890000000000181e-02 -1.393600000000000116e-01 -9.600599999999999412e-02 -3.646959999999999785e-02 -4.569399999999999851e-02 -1.263039999999999996e-01
-1.274810000000000110e-01 -7.760530000000000206e-02 -5.184190000000000326e-02 -1.131830000000000058e-01 -9.707119999999999638e-02 -7.906989999999999852e-02 -4.038900000000000129e-02 -1.346449999999999869e-01
-1.160550000000000054e-01 -1.716479999999999950e-01 -4.085189999999999655e-02 -1.643040000000000056e-01 -1.927649999999999919e-01 -4.528730000000000255e-02 -1.172760000000000052e-01 -1.757650000000000046e-01
-8.596620000000000650e-02 -5.305359999999999937e-02 -1.710980000000000001e-01 -8.149670000000000525e-02 -1.063540000000000041e-01 -1.789419999999999900e-01 -7.435990000000000655e-02 -1.913729999999999876e-01
-2.533929999999999863e-02 -7.596759999999999624e-02 -1.583539999999999948e-02 -1.408780000000000032e-01 -1.464060000000000084e-01 -1.382839999999999903e-01 -5.289909999999999751e-02 -1.576750000000000096e-01
-1.800309999999999966e-01 -1.187269999999999992e-01 -2.513179999999999928e-02 -7.502219999999999722e-02 -1.787189999999999890e-01 -2.246340000000000003e-01 -6.396029999999999771e-02 -7.243130000000000401e-02
-1.646209999999999896e-01 -1.173410000000000009e-01 -7.633130000000000123e-03 -1.755670000000000008e-01 -6.213480000000000392e-03 -7.779419999999999391e-02 -6.615070000000000672e-02 -1.872810000000000030e-01
-7.361639999999999850e-02 -1.617429999999999909e-02 -8.267180000000000362e-02 -5.647549999999999792e-02 -8.765140000000000431e-02 -6.555519999999999403e-02 -1.542250000000000010e-01 -4.546549999999999897e-02
-7.796150000000000302e-02 -1.362379999999999980e-01 -1.569810000000000094e-01 -9.891110000000000180e-02 -1.542250000000000010e-01 -1.891100000000000003e-01 -6.179559999999999914e-02 -2.230539999999999953e-02
-1.639309999999999934e-01 -1.207779999999999965e-01 -1.637460000000000027e-01 -1.683669999999999889e-01 -8.447999999999999954e-02 -6.212089999999999973e-02 -1.780239999999999878e-01 -1.664029999999999954e-01
-1.423329999999999873e-01 -1.096659999999999996e-01 -6.590079999999999549e-02 -4.929309999999999942e-02 -5.494899999999999785e-02 -7.121679999999999677e-02 -1.330360000000000049e-02 -8.573290000000000077e-02
-1.723490000000000022e-01 -1.836929999999999952e-01 -3.649159999999999904e-02 -8.882450000000000068e-02 -1.029420000000000057e-01 -1.711950000000000138e-01 -1.246810000000000002e-01 -1.888209999999999888e-01
-3.759540000000000104e-02 -1.383850000000000080e-01 -1.759779999999999955e-01 -9.920180000000000664e-02 -4.843569999999999820e-02 -1.526480000000000059e-01 -2.063780000000000128e-02 -1.165459999999999968e-01
-2.013649999999999884e-01 -1.048179999999999945e-01 -2.374479999999999993e-02 -9.065380000000000660e-02 -5.082529999999999687e-02 -1.664080000000000004e-01 -1.274760000000000060e-01 -3.545949999999999797e-02
-6.519260000000000463e-04 -1.004599999999999937e-01 -7.833420000000000660e-02 -1.351479999999999904e-01 -2.980000000000000010e-02 -8.219709999999999517e-02 -1.710359999999999936e-01 -1.743659999999999932e-01
-4.817140000000000311e-02 -5.902199999999999808e-02 -9.831969999999999599e-02 -9.934569999999999512e-02 -1.525060000000000027e-01 -3.143760000000000304e-02 -2.182939999999999880e-01 -1.704920000000000047e-01
-1.716779999999999973e-01 -5.603600000000000247e-02 -1.029189999999999966e-01 -1.628630000000000078e-01 -9.303830000000000433e-02 -1.666789999999999938e-01 3.951589999999999617e-03 -1.612349999999999894e-01
-2.079490000000000158e-02 -4.000780000000000308e-02 -1.731610000000000094e-01 -4.337320000000000064e-02 -4.555390000000000134e-02 -1.032870000000000038e-01 -6.142079999999999762e-02 -1.034980000000000067e-01
-7.788950000000000040e-02 -2.097159999999999996e-02 -1.689839999999999953e-01 -1.516160000000000008e-01 -1.039489999999999997e-01 -1.492410000000000125e-01 -1.541609999999999925e-01 -7.218960000000000654e-02
-1.904180000000000039e-01 -1.702660000000000007e-01 -1.985040000000000138e-01 -1.681870000000000032e-01 -6.192109999999999975e-02 -1.023249999999999993e-01 -1.041269999999999973e-01 -6.719509999999999372e-02
-7.433389999999999442e-02 -7.023050000000000126e-02 -1.084640000000000049e-01 -1.416850000000000054e-01 -1.345969999999999944e-01 -8.955449999999999522e-02 -1.005250000000000032e-01 -1.832940000000000125e-01
-1.173369999999999969e-01 -1.057680000000000009e-01 -1.703800000000000037e-01 -6.705700000000000549e-02 -1.219800000000000051e-01 -1.573199999999999876e-01 -1.237430000000000058e-01 -6.012610000000000177e-02
-1.599879999999999913e-01 -1.673679999999999890e-01 -8.937199999999999311e-02 -1.335159999999999958e-01 -7.782319999999999516e-02 -4.915479999999999849e-02 -1.454869999999999948e-02 -7.586840000000000077e-03
-1.646299999999999986e-01 -2.341959999999999875e-02 -1.230470000000000036e-01 -1.930199999999999971e-01 -1.731240000000000001e-01 -1.418679999999999941e-01 -1.127879999999999994e-01 -1.037769999999999943e-01
-6.423379999999999368e-02 -1.200230000000000047e-01 -4.800549999999999956e-02 -4.360209999999999780e-02 -1.759030000000000038e-01 -5.807190000000000268e-02 -2.128909999999999969e-01 -1.184830000000000050e-01
-1.219679999999999931e-01 -1.763770000000000060e-01 -1.260059999999999999e-02 -5.792069999999999858e-02 -1.634309999999999929e-01 -1.618070000000000064e-01 -1.573110000000000064e-01 -9.547600000000000531e-02
-1.483130000000000004e-01 -6.183009999999999895e-02 -7.685559999999999614e-02 -3.827640000000000209e-02 -1.900570000000000037e-01 -2.177090000000000136e-01 -1.836699999999999999e-01 -1.031839999999999979e-01
-4.785940000000000333e-02 -7.794909999999999339e-02 -1.566420000000000035e-01 -1.391729999999999912e-01 -4.574809999999999988e-02 -1.764600000000000057e-01 -1.206779999999999936e-01 -1.361960000000000115e-01
-1.069750000000000006e-01 -1.733999999999999986e-01 -1.751139999999999919e-01 -1.244090000000000057e-01 -1.287760000000000016e-01 -5.270230000000000053e-02 -1.804709999999999925e-01 -6.944549999999999335e-02
-1.224459999999999993e-01 -1.602129999999999943e-01 -2.166059999999999930e-01 -2.976039999999999935e-02 -8.588700000000000501e-02 -6.723719999999999697e-02 -4.670819999999999833e-02 -1.227609999999999951e-01
-6.246129999999999738e-02 -1.485760000000000136e-01 -6.799449999999999938e-02 -1.751999999999999946e-01 -9.210809999999999831e-02 -1.069839999999999958e-01 -1.603090000000000070e-01 -1.026470000000000021e-01
-7.037749999999999562e-02 -1.793109999999999982e-01 -1.475460000000000105e-01 -1.761129999999999918e-01 -3.959479999999999944e-02 -6.096130000000000299e-02 -4.511679999999999857e-02 -2.858600000000000030e-02
-1.488210000000000088e-01 -1.585820000000000007e-01 -9.934310000000000362e-02 -2.124479999999999980e-01 -2.787040000000000003e-02 -1.863640000000000019e-01 -1.048999999999999932e-01 -5.734879999999999839e-02
-7.265520000000000311e-02 -1.569510000000000072e-01 -1.349779999999999869e-01 -1.384769999999999890e-01 -1.080919999999999936e-01 -7.003339999999999566e-02 -7.337829999999999353e-02 -1.411880000000000079e-01
-1.699529999999999930e-01 -3.586319999999999786e-02 -8.565730000000000566e-02 -1.393790000000000029e-01 -5.055260000000000309e-02 -1.675119999999999942e-01 -1.352929999999999966e-01 -5.461010000000000170e-02
-1.597059999999999869e-01 -1.450889999999999957e-01 -2.445009999999999892e-02 -1.338000000000000023e-01 -5.358969999999999706e-02 -1.826389999999999958e-01 -1.780730000000000091e-01 -8.191389999999999783e-02
-1.644490000000000118e-01 -1.095489999999999936e-01 -1.320389999999999897e-01 -1.699509999999999910e-01 -4.977070000000000105e-02 -4.290379999999999888e-02 -1.180220000000000019e-01 -7.978300000000000669e-02
-1.738240000000000063e-01 -1.396260000000000001e-01 3.673640000000000239e-02 -3.565659999999999663e-02 -1.032389999999999974e-01 -7.158059999999999423e-02 -6.466869999999999563e-02 -1.702309999999999934e-01
-9.526039999999999508e-02 -2.032990000000000144e-02 -1.580620000000000080e-01 -6.239340000000000164e-02 -2.671370000000000168e-03 -1.536889999999999923e-01 -1.975220000000000031e-01 -1.738550000000000095e-01
-1.982700000000000018e-01 -1.700419999999999987e-01 5.990620000000000320e-03 -1.631130000000000080e-01 -1.849550000000000083e-01 -1.053550000000000042e-01 -5.408299999999999913e-02 -1.422380000000000033e-01
-7.234970000000000290e-02 -1.533650000000000013e-01 -1.772870000000000001e-01 -1.406419999999999892e-01 -8.890309999999999879e-02 -1.894309999999999883e-01 -7.182750000000000246e-02 -1.200330000000000008e-01
-6.302280000000000382e-02 -1.234869999999999995e-01 -1.345260000000000067e-01 -1.101980000000000043e-01 -1.023949999999999999e-01 -1.397180000000000089e-01 -1.851799999999999974e-02 -1.268459999999999865e-01
-3.857880000000000337e-02 -1.360040000000000138e-01 -5.526690000000000075e-02 -1.762620000000000159e-02 -1.754080000000000084e-01 -1.229139999999999955e-01 -2.108730000000000049e-01 -1.836569999999999869e-01
-1.288110000000000088e-01 -1.693379999999999885e-02 -4.863390000000000074e-02 -9.758419999999999594e-02 -1.084289999999999976e-01 -1.702899999999999969e-01 -7.738269999999999871e-02 -1.872309999999999947e-02
-1.295520000000000005e-01 -1.605159999999999920e-01 -1.765039999999999942e-01 -1.563009999999999955e-01 -1.817090000000000094e-01 -1.368340000000000112e-01 -4.873940000000000217e-02 -4.118070000000000064e-02
-8.607449999999999823e-02 -1.621009999999999951e-01 -3.209250000000000297e-02 -7.598679999999999324e-02 -9.328469999999999818e-02 -1.655079999999999885e-01 -1.266809999999999881e-01 -8.128639999999999477e-02
-1.547969999999999902e-01 -1.813490000000000102e-01 -1.113050000000000012e-01 -9.075690000000000146e-02 -3.940609999999999946e-02 -2.476860000000000173e-02 4.690919999999999812e-02 -2.918250000000000011e-02
-2.393270000000000119e-02 -2.279990000000000142e-02 -3.727769999999999695e-02 -9.372300000000000075e-02 -1.290310000000000068e-01 -1.166989999999999972e-01 -5.366649999999999893e-02 -1.409209999999999907e-01
-1.467380000000000073e-01 -9.698790000000000189e-02 -1.087100000000000011e-01 -9.064060000000000172e-02 -6.838519999999999321e-02 -1.033720000000000055e-01 -2.872419999999999835e-02 -1.369519999999999904e-01
-1.183639999999999970e-01 -4.431120000000000198e-03 -1.597320000000000129e-01 -1.211210000000000064e-01 -8.462390000000000190e-02 -6.618970000000000409e-02 5.386239999999999604e-03 -1.121950000000000031e-01
-5.340720000000000189e-02 -1.379120000000000068e-01 -1.611339999999999995e-01 -1.423369999999999913e-01 -1.841409999999999991e-01 -1.883879999999999999e-01 -1.642820000000000114e-01 -4.092540000000000067e-02
-8.759780000000000344e-02 -5.681019999999999820e-02 -3.825139999999999790e-02 5.907410000000000092e-03 -1.940230000000000010e-01 -9.089550000000000407e-02 -3.684780000000000000e-02 -1.614609999999999934e-01
-1.625010000000000066e-01 -3.633200000000000318e-02 -1.236779999999999963e-01 -2.125389999999999918e-02 -1.025120000000000059e-01 -1.209459999999999980e-01 -1.576619999999999966e-01 -5.220539999999999903e-02
-1.458309999999999884e-01 -2.313339999999999841e-02 -1.594299999999999884e-01 -3.672389999999999682e-02 -1.750730000000000064e-01 -1.639519999999999866e-01 -1.285560000000000036e-01 -8.317249999999999643e-02
-4.102940000000000059e-02 -1.125509999999999983e-01 -5.677480000000000027e-02 -1.051460000000000033e-01 -1.692899999999999960e-01 -1.394199999999999884e-01 -8.398629999999999984e-02 -9.735420000000000185e-02
-6.554260000000000641e-02 -1.566269999999999885e-01 -8.664479999999999404e-02 -1.383479999999999988e-01 -1.109289999999999998e-01 -1.002949999999999953e-01 -1.044520000000000032e-01 -1.723540000000000072e-01
-1.906319999999999959e-01 -1.237830000000000041e-01 -2.647350000000000050e-02 -8.647689999999999544e-02 -1.520809999999999940e-01 -1.159420000000000034e-01 -6.104980000000000129e-02 -1.274049999999999905e-01
-1.573650000000000049e-01 -1.523950000000000027e-01 -1.153659999999999963e-01 -2.075750000000000095e-01 -1.632909999999999917e-01 -7.573989999999999889e-02 -3.271410000000000290e-02 -1.387740000000000085e-01
-1.136999999999999955e-01 -4.450160000000000227e-02 -1.054169999999999968e-01 -2.095390000000000100e-02 -2.148150000000000059e-01 -7.083609999999999907e-02 -1.424459999999999893e-01 -1.714529999999999943e-01
-5.097940000000000110e-02 -8.407280000000000308e-02 -1.824139999999999928e-01 -1.824840000000000073e-01 -9.260799999999999588e-02 -2.729410000000000169e-02 -9.210419999999999718e-02 -8.091149999999999731e-02
-9.897469999999999879e-02 -1.729100000000000081e-01 -4.835160000000000152e-02 -1.483520000000000116e-01 -7.998180000000000567e-02 -7.328900000000000692e-02 -5.131120000000000125e-02 -8.583140000000000214e-02
-2.941030000000000033e-02 -9.407000000000000084e-02 -5.225199999999999984e-02 -9.158330000000000637e-02 -4.709680000000000116e-02 -1.169899999999999968e-01 -5.420799999999999924e-02 -2.465919999999999918e-02
-7.391899999999999860e-02 -3.524429999999999924e-02 -1.712139999999999843e-02 -1.768049999999999899e-01 -1.743329999999999880e-01 -1.687579999999999913e-01 -1.755809999999999871e-01 -1.079559999999999964e-01
-1.783379999999999965e-01 -1.488970000000000016e-01 -4.498619999999999702e-02 -1.801460000000000006e-01 -1.701270000000000004e-01 -2.125869999999999982e-01 -1.927509999999999987e-02 -1.651279999999999970e-01
-1.102049999999999974e-01 -5.437820000000000153e-02 -1.327520000000000089e-01 -5.562770000000000215e-02 -1.367680000000000007e-01 -1.490569999999999951e-01 -4.630839999999999956e-02 -1.150140000000000051e-01
-1.469090000000000118e-01 -5.534359999999999974e-02 -3.054700000000000124e-02 -1.662780000000000091e-01 -4.073589999999999850e-02 -4.646129999999999705e-02 -9.141209999999999614e-02 -3.264709999999999834e-02
-1.656849999999999989e-01 -1.691159999999999886e-01 -1.357099999999999973e-01 -1.358429999999999915e-01 -1.649650000000000005e-01 -1.063339999999999980e-01 -1.715689999999999993e-01 -1.476480000000000015e-01
-1.280409999999999882e-01 -5.469779999999999781e-02 -1.446300000000000086e-01 -1.596249999999999891e-01 -3.736969999999999875e-02 -1.255789999999999962e-01 -3.748289999999999955e-02 -3.882420000000000315e-02
-1.016060000000000019e-01 -3.268329999999999846e-02 -9.455360000000000154e-02 -1.349799999999999889e-01 -6.365060000000000162e-02 -1.477700000000000125e-01 -4.877639999999999754e-02 -1.547779999999999989e-01
-2.084750000000000145e-02 -1.454739999999999922e-01 -1.065279999999999977e-01 -1.006569999999999965e-01 -1.357260000000000133e-01 -1.383379999999999888e-01 -1.290149999999999908e-01 -1.283410000000000106e-01
-1.378310000000000091e-01 -8.926159999999999650e-02 -8.410289999999999433e-02 -9.270789999999999587e-02 -9.668530000000000180e-02 -4.923910000000000092e-02 -1.462640000000000051e-01 -6.846470000000000333e-02
-8.628800000000000706e-03 -1.685790000000000066e-01 -1.144730000000000053e-01 -1.443589999999999873e-01 -6.012379999999999808e-02 -8.205510000000000581e-02 -1.621430000000000093e-01 -9.253640000000000476e-02
-1.630099999999999882e-01 -1.719600000000000017e-01 -1.459820000000000007e-01 -1.285189999999999944e-01 -2.037970000000000059e-02 -6.745429999999999482e-02 -1.682319999999999927e-01 -1.283890000000000031e-01
-5.818290000000000267e-02 -1.048739999999999950e-01 -1.174000000000000044e-01 -7.985630000000000506e-02 -8.558430000000000204e-02 -1.650590000000000113e-01 -1.132100000000000051e-01 -4.041039999999999910e-02
-9.414379999999999971e-02 -5.630109999999999976e-02 -8.042470000000000174e-02 -9.175769999999999760e-02 -8.766640000000000543e-02 -9.038200000000000400e-02 -6.272919999999999885e-02 -1.251369999999999982e-01
-1.134550000000000003e-01 -3.448060000000000014e-02 1.445630000000000005e-02 -1.708699999999999941e-01 -1.748399999999999954e-01 -2.272290000000000074e-02 -1.264180000000000026e-01 -4.968310000000000087e-02
-1.344529999999999892e-01 -2.797679999999999959e-02 -1.167490000000000056e-01 -9.028920000000000001e-02 -1.206590000000000024e-01 -1.008109999999999978e-01 -7.780529999999999391e-02 -1.524760000000000004e-01
-1.216079999999999939e-01 -1.685520000000000074e-01 -1.988409999999999900e-01 -1.637309999999999877e-01 -1.638400000000000134e-01 -1.173160000000000036e-01 -1.123030000000000000e-01 -8.912299999999999389e-02
-9.550980000000000580e-02 -1.224179999999999990e-01 -1.793319999999999914e-01 9.686929999999999846e-03 -7.779500000000000304e-02 -2.502000000000000057e-02 -1.208359999999999990e-01 -1.127760000000000012e-01
-1.524270000000000069e-01 -3.007829999999999879e-02 -1.356719999999999871e-01 -7.938209999999999711e-02 -3.471199999999999980e-02 -1.485630000000000006e-01 -1.063400000000000040e-01 -5.564659999999999745e-02
-3.935469999999999940e-02 -6.954839999999999633e-02 -5.324340000000000322e-02 -1.674650000000000027e-01 -2.138980000000000048e-02 -8.651970000000000494e-02 -1.660119999999999929e-01 -1.257679999999999909e-01
-1.668600000000000083e-01 -3.437889999999999696e-02 -5.404740000000000238e-02 -2.667720000000000161e-02 -1.167659999999999948e-01 -1.465639999999999998e-01 2.650570000000000096e-03 -1.699650000000000050e-01
-1.120550000000000018e-01 -8.757929999999999882e-02 -4.748390000000000249e-02 -8.792189999999999728e-02 -8.194919999999999982e-02 -1.910989999999999911e-01 -7.273920000000000385e-02 -5.035660000000000136e-02
-1.340679999999999927e-01 -1.052609999999999935e-01 5.860019999999999639e-03 -1.646340000000000026e-01 -7.632469999999999533e-02 -8.054749999999999410e-02 -1.129890000000000061e-01 -1.641690000000000094e-01
-1.326769999999999894e-01 2.382949999999999999e-03 -9.567280000000000229e-02 -1.659339999999999982e-01 -1.445420000000000038e-01 -1.350359999999999894e-01 -1.530080000000000051e-01 -1.826069999999999915e-01
-1.698689999999999922e-01 -1.503390000000000004e-01 -1.551329999999999931e-01 -1.395720000000000016e-01 -1.159170000000000061e-01 -1.894099999999999950e-01 -6.040210000000000024e-02 -1.823660000000000003e-01
-1.214640000000000025e-01 -1.342200000000000060e-01 -1.522429999999999894e-01 -6.981990000000000418e-02 -3.986710000000000254e-02 -1.502850000000000019e-01 -1.635949999999999904e-01 -7.818550000000000499e-02
-2.900789999999999966e-02 -2.301419999999999855e-02 -3.870420000000000110e-02 -1.529419999999999946e-01 -9.416280000000000483e-02 -1.615729999999999944e-01 -1.358280000000000043e-01 -1.557109999999999883e-01
-1.871430000000000038e-01 -2.391949999999999979e-02 -7.348019999999999552e-02 -1.262699999999999934e-02 -1.205900000000000027e-01 -1.359750000000000125e-01 -1.115079999999999960e-01 -3.670029999999999820e-02
-1.516129999999999978e-01 -1.439479999999999926e-01 -4.612490000000000340e-02 1.012109999999999919e-02 -8.347490000000000465e-02 -1.941269999999999940e-01 -1.914959999999999996e-01 -1.673949999999999882e-01
-2.206430000000000058e-01 -4.362429999999999780e-02 -3.038269999999999860e-02 -1.192629999999999940e-01 -1.367810000000000137e-01 -4.726759999999999989e-02 -8.811009999999999676e-02 -1.754310000000000036e-01
-6.474560000000000037e-02 -1.468260000000000121e-01 -1.101720000000000060e-01 -1.017210000000000059e-01 -1.552679999999999894e-01 -4.392019999999999952e-02 -2.145819999999999950e-01 -1.407170000000000087e-01
-7.555679999999999341e-02 -2.108750000000000069e-01 -3.469640000000000224e-02 -1.728040000000000131e-01 -9.383149999999999824e-02 -5.761909999999999948e-02 -9.481240000000000501e-02 -1.190080000000000027e-01
-1.361050000000000038e-01 -2.028129999999999933e-01 -7.277490000000000347e-02 -6.421640000000000681e-02 -3.408959999999999768e-02 -1.356789999999999941e-01 -1.113890000000000019e-01 -1.407819999999999905e-01
-2.193410000000000151e-02 -1.748389999999999944e-01 -1.770150000000000057e-01 -1.848380000000000023e-01 -7.999649999999999817e-02 -1.763919999999999932e-01 -2.084190000000000001e-02 -2.585799999999999904e-02
-1.542729999999999935e-01 -2.168039999999999898e-02 -7.039130000000000387e-02 -8.950210000000000110e-02 -1.428560000000000108e-01 -1.371010000000000006e-01 -1.460799999999999876e-01 -1.737080000000000013e-01
-1.308040000000000036e-01 -6.074330000000000007e-02 -2.737550000000000053e-02 -1.438240000000000074e-01 -1.907629999999999881e-01 -5.579989999999999950e-02 -8.379309999999999536e-02 -5.566000000000000114e-02
2.008349999999999892e-03 -7.764970000000000205e-02 -5.405780000000000307e-02 -3.487660000000000066e-02 -1.250610000000000055e-01 -1.519699999999999940e-01 -1.218790000000000012e-01 -1.429310000000000025e-01
-1.040190000000000003e-01 -4.900050000000000239e-02 -8.890839999999999854e-02 -1.441320000000000101e-01 -8.222309999999999341e-02 -1.060549999999999965e-01 -9.434850000000000181e-02 -4.194490000000000024e-02
-1.639649999999999996e-01 -1.875320000000000042e-01 -2.387500000000000039e-02 -1.900249999999999995e-01 -1.097700000000000065e-01 3.932179999999999703e-02 -1.123949999999999949e-01 -9.386220000000000674e-02
-1.442509999999999903e-01 -1.582089999999999885e-01 -1.483869999999999911e-01 -9.380470000000000474e-02 -1.782980000000000120e-01 -4.183189999999999825e-02 -3.822860000000000147e-02 -1.518639999999999990e-01
-6.974039999999999406e-02 -8.465670000000000139e-02 -6.966849999999999432e-02 -1.006930000000000047e-01 -1.670419999999999960e-01 -3.337980000000000114e-02 -5.673160000000000008e-02 -9.540039999999999631e-02
-3.758929999999999910e-02 -1.297010000000000107e-01 -1.128190000000000026e-01 -4.949930000000000302e-02 -1.216700000000000004e-01 -1.067629999999999968e-01 -9.765089999999999881e-02 -3.905650000000000094e-02
-1.744209999999999927e-01 -1.535769999999999913e-01 -9.125179999999999403e-02 -1.384880000000000000e-01 -1.459850000000000037e-01 -6.169770000000000115e-02 -1.249149999999999983e-01 -1.196900000000000047e-01
-1.149489999999999956e-01 -4.714349999999999791e-02 -8.991309999999999580e-02 -6.190520000000000050e-02 -1.594669999999999976e-01 -1.653969999999999885e-01 -9.852339999999999709e-02 -1.407569999999999932e-01
-6.961109999999999520e-02 -1.990439999999999987e-01 -4.401630000000000126e-02 -3.960349999999999981e-02 -6.471730000000000538e-02 -3.499170000000000058e-02 -8.479620000000000213e-02 -1.376719999999999888e-01
-8.243369999999999864e-02 5.397980000000000112e-05 -1.203000000000000042e-01 -8.708169999999999800e-02 -1.193459999999999938e-01 -1.355499999999999934e-02 -9.726699999999999582e-03 -5.184509999999999813e-02
-1.719600000000000017e-01 -2.363130000000000092e-02 -1.458040000000000030e-02 -1.858539999999999914e-01 -1.760839999999999905e-01 -1.913640000000000063e-01 -8.710329999999999462e-02 -1.780720000000000081e-01
-9.525340000000000196e-02 -4.501549999999999996e-02 -1.543499999999999872e-01 -5.234130000000000033e-02 -1.067830000000000029e-01 -1.749660000000000104e-01 -3.879309999999999703e-02 -9.036589999999999900e-02
-1.417229999999999879e-01 -9.603689999999999449e-02 -3.572689999999999894e-02 -1.905830000000000024e-01 1.125190000000000044e-02 -1.854630000000000167e-02 -1.418909999999999894e-01 -9.576089999999999602e-02
-8.585239999999999538e-02 -6.467309999999999726e-02 -9.372859999999999525e-02 -1.750609999999999944e-01 -1.743850000000000122e-01 -1.132429999999999964e-01 -1.242650000000000005e-01 -1.298809999999999965e-01
-3.970739999999999686e-02 -9.751379999999999770e-02 -9.263780000000000625e-02 -1.730550000000000144e-02 -3.880299999999999722e-02 -9.030810000000000226e-02 -1.459670000000000134e-01 -8.754720000000000557e-02
-6.831210000000000060e-02 -1.448109999999999953e-01 -1.075580000000000008e-01 -1.701840000000000019e-01 -1.618709999999999871e-01 -5.186799999999999744e-02 -2.776599999999999902e-02 -6.387360000000000260e-02
-7.512919999999999321e-02 -1.655709999999999960e-01 -1.514399999999999913e-01 -3.763520000000000060e-02 -4.738420000000000132e-02 -1.461820000000000064e-01 -1.852260000000000018e-01 -6.960769999999999458e-02
-1.002920000000000061e-01 -1.569299999999999862e-01 -9.275329999999999686e-02 -8.089469999999999994e-02 -1.648380000000000123e-01 -1.769670000000000132e-01 -1.504449999999999954e-01 -4.227430000000000077e-02
-1.699239999999999917e-01 -1.681269999999999987e-01 -1.941019999999999968e-01 -5.119490000000000152e-02 -7.963420000000000221e-02 -7.062809999999999921e-02 -1.337770000000000070e-01 -1.653439999999999910e-01
-1.040110000000000062e-01 -6.182750000000000051e-02 -1.561569999999999903e-01 -5.332880000000000259e-02 -7.163999999999999535e-02 -3.615360000000000101e-02 -1.852340000000000098e-01 -2.748749999999999891e-03
-1.189970000000000055e-01 -1.562389999999999890e-01 -1.631839999999999957e-01 -1.598660000000000081e-01 -1.898410000000000097e-01 -1.704380000000000062e-01 -1.491719999999999990e-01 -1.788869999999999905e-01
-1.672130000000000005e-01 -4.900580000000000214e-02 -6.093210000000000293e-02 -1.546679999999999999e-01 -1.300379999999999869e-01 -1.491810000000000080e-01 -1.618989999999999874e-01 -9.020649999999999502e-02
-3.630760000000000237e-02 -1.572449999999999959e-01 -1.011129999999999945e-01 -8.087540000000000007e-02 -1.400049999999999906e-01 -1.254490000000000050e-01 -6.767929999999999779e-02 -7.564510000000000678e-02
-3.838939999999999714e-02 -7.382569999999999411e-02 -4.865599999999999786e-02 -1.324660000000000004e-01 -5.585099999999999787e-02 -8.202829999999999844e-02 -1.400080000000000074e-02 -9.006580000000000141e-02
-1.681660000000000099e-01 -1.346890000000000032e-01 -1.760319999999999940e-01 -9.859389999999999821e-02 -1.116049999999999959e-01 -1.410289999999999877e-01 -2.366410000000000041e-02 -6.526949999999999419e-02
-1.557499999999999996e-01 -1.783449999999999966e-02 -1.698129999999999917e-01 -7.703300000000000425e-02 -9.020549999999999402e-02 -1.497739999999999905e-01 -4.789100000000000301e-02 -1.497249999999999970e-01
-1.339660000000000017e-01 -7.678150000000000253e-02 -4.968770000000000131e-02 -1.439890000000000059e-01 -1.402839999999999990e-02 -9.157339999999999924e-02 -1.117609999999999992e-01 -1.147640000000000049e-01
-7.544729999999999492e-02 -1.022409999999999985e-01 -1.796399999999999941e-01 -1.758959999999999968e-01 -4.352179999999999938e-02 -2.830550000000000080e-02 -6.778040000000000453e-02 -1.778109999999999968e-01
-1.978179999999999938e-01 -1.206460000000000032e-01 -1.422400000000000053e-01 -1.775559999999999986e-02 -9.522919999999999996e-02 -1.748619999999999897e-01 -1.619570000000000037e-02 -1.025350000000000046e-02
-1.523329999999999962e-01 -1.606869999999999965e-01 -1.592639999999999889e-01 -8.828950000000000686e-02 -1.408419999999999950e-01 -1.643979999999999886e-01 -9.519669999999999521e-02 -1.642969999999999986e-01
-1.315240000000000020e-01 -1.044049999999999978e-01 -1.128600000000000020e-01 -8.849529999999999896e-02 -2.049600000000000033e-01 -1.128009999999999985e-01 -7.546419999999999517e-02 -9.118439999999999879e-02
-8.167489999999999473e-02 -1.427620000000000000e-01 -8.208190000000000625e-03 -1.660919999999999896e-01 -1.544000000000000095e-01 -2.658009999999999887e-02 -5.548360000000000097e-02 -1.259160000000000001e-01
-1.643640000000000101e-01 -9.265439999999999787e-02 -1.610290000000000055e-01 -7.842609999999999859e-02 -1.522290000000000032e-01 -6.716980000000000173e-02 -5.719459999999999822e-02 -9.975649999999999795e-02
-2.908540000000000084e-02 -1.825569999999999971e-01 -1.647480000000000055e-01 -1.409910000000000052e-01 -7.347430000000000627e-02 -1.907359999999999889e-01 -4.232539999999999913e-02 -6.920410000000000450e-02
-1.081820000000000004e-01 -3.375299999999999828e-02 -1.087570000000000064e-01 -1.288779999999999926e-01 -1.070969999999999978e-01 -7.993319999999999592e-02 -7.143480000000000663e-02 -1.063579999999999942e-01
-7.196160000000000057e-02 -1.345689999999999942e-01 -1.363749999999999962e-01 -2.127100000000000102e-01 -6.103460000000000135e-02 -1.445500000000000118e-01 -2.399830000000000019e-02 -1.946379999999999985e-02
-5.012670000000000320e-02 -1.872419999999999918e-01 -1.832129999999999870e-01 -3.127819999999999906e-02 -1.848579999999999945e-01 -1.407120000000000037e-01 -1.005690000000000056e-01 -8.449940000000000229e-02
-1.380480000000000040e-01 -6.462779999999999914e-02 -7.808510000000000451e-02 -4.726230000000000014e-02 -1.576079999999999981e-01 -1.438029999999999864e-01 -9.144689999999999763e-02 -1.540320000000000022e-01
-7.079530000000000545e-02 -1.244620000000000032e-01 -8.462630000000000152e-02 -3.306690000000000323e-02 -5.242779999999999663e-02 -1.720919999999999950e-01 -1.207970000000000016e-01 -5.974329999999999918e-02
-1.591100000000000014e-01 -1.088240000000000041e-01 -4.642330000000000068e-02 -5.418789999999999718e-02 -6.421440000000000481e-02 -1.289609999999999923e-01 -1.228439999999999949e-01 -1.210500000000000048e-01
-1.870509999999999950e-01 -7.886630000000000029e-02 -1.076840000000000019e-01 -1.861210000000000087e-01 -9.795329999999999315e-02 -2.351639999999999980e-02 -1.306499999999999884e-01 -1.665040000000000131e-01
-9.582179999999999864e-02 -8.222870000000000179e-02 -9.422229999999999495e-02 -1.769749999999999934e-01 -5.015200000000000213e-02 -1.661169999999999869e-01 -9.546209999999999418e-02 5.555209999999999662e-03
-1.802249999999999963e-01 -6.194940000000000169e-02 -3.809339999999999948e-02 -1.313420000000000039e-02 -1.584750000000000048e-01 -1.937850000000000128e-01 -1.914839999999999876e-01 -1.389900000000000024e-01
-1.382589999999999930e-01 -1.413609999999999867e-01 -1.579710000000000003e-01 -4.536679999999999879e-02 -1.748540000000000094e-01 -1.763079999999999856e-02 -7.549000000000000155e-02 -1.602339999999999876e-01
-2.981280000000000041e-02 -1.964879999999999960e-01 -9.587510000000000476e-02 -2.581929999999999989e-02 -7.212540000000000617e-02 -4.757019999999999998e-02 -1.834770000000000012e-01 -5.771659999999999985e-02
-1.132630000000000026e-01 -8.899269999999999403e-02 -1.098449999999999982e-01 -9.325410000000000643e-02 -6.770540000000000239e-03 -8.004459999999999353e-02 -1.673800000000000010e-01 -1.767579999999999985e-01
-1.482549999999999979e-01 -5.467459999999999681e-02 -9.748790000000000233e-02 -5.145589999999999886e-02 -1.231529999999999986e-01 -2.345840000000000078e-02 -4.624070000000000263e-02 -1.766149999999999942e-01
-1.670679999999999943e-01 -1.524979999999999947e-01 -1.081809999999999994e-01 -8.665520000000000167e-02 -7.070579999999999921e-02 -9.516120000000000134e-02 -1.136370000000000019e-01 -2.833439999999999917e-02
-1.162220000000000059e-01 -1.494219999999999993e-01 -1.458440000000000014e-01 -4.068209999999999882e-02 -4.263490000000000335e-02 -1.474040000000000072e-01 -1.601670000000000038e-01 -1.306869999999999976e-01
-1.657740000000000047e-01 -6.326660000000000617e-02 -1.698159999999999947e-01 -1.755919999999999981e-01 -8.345610000000000528e-02 -1.687220000000000109e-01 -8.362329999999999763e-02 -7.172299999999999509e-02
-1.223589999999999955e-01 -6.433200000000000029e-02 -9.309030000000000082e-02 -9.575329999999999953e-02 -5.600970000000000254e-02 -6.662919999999999954e-02 -8.956669999999999909e-02 -6.001379999999999909e-02
-1.858980000000000077e-01 -1.470059999999999978e-01 -7.006969999999999865e-02 -2.830020000000000105e-02 -1.092820000000000041e-01 -6.469320000000000626e-02 -7.430370000000000030e-02 -7.783439999999999803e-02
-5.723260000000000153e-02 -6.527639999999999831e-02 -1.527699999999999891e-01 -2.818230000000000041e-02 -1.360389999999999933e-01 -3.804949999999999999e-02 -1.269389999999999963e-01 -9.508039999999999548e-02
-3.094840000000000091e-02 -1.394519999999999926e-01 -1.458099999999999952e-01 -7.094200000000000506e-02 -2.070390000000000008e-01 -9.097070000000000156e-02 -9.735320000000000085e-02 -5.290319999999999745e-02
-1.888150000000000106e-01 -1.042669999999999986e-01 -1.622220000000000051e-01 -1.688449999999999977e-03 -1.582099999999999895e-01 -1.398020000000000096e-01 -4.007689999999999864e-02 -1.073390000000000039e-01
-1.895719999999999905e-01 -1.636209999999999887e-01 -9.013400000000000578e-02 -1.298429999999999862e-01 -1.591839999999999922e-01 -7.257139999999999425e-02 -4.988349999999999729e-02 -1.522139999999999882e-01
-7.040409999999999724e-02 -1.676459999999999895e-01 -3.750289999999999874e-02 -4.176669999999999688e-02 -7.085470000000000657e-02 1.093090000000000034e-02 -9.759710000000000607e-02 -6.288180000000000158e-02
-1.102960000000000051e-01 -1.710230000000000083e-01 -9.111489999999999867e-02 -7.729250000000000009e-02 -5.774309999999999859e-02 -3.697980000000000017e-02 -9.179229999999999334e-02 -1.432489999999999875e-01
-1.327019999999999866e-01 -1.002900000000000041e-01 -4.474600000000000105e-02 -1.171360000000000040e-01 -2.003350000000000131e-01 -1.039459999999999967e-01 -5.858410000000000006e-02 -1.515920000000000045e-01
-1.228319999999999967e-01 -1.212590000000000057e-01 -6.834640000000000160e-02 -6.047770000000000229e-02 -1.657150000000000012e-01 -2.113819999999999935e-02 -1.666130000000000111e-01 -9.369049999999999601e-02
-1.818089999999999984e-01 -1.697249999999999870e-01 -2.844390000000000113e-02 -4.771969999999999684e-02 -1.785690000000000055e-01 -1.840509999999999924e-01 -8.290680000000000271e-02 -9.352580000000000615e-02
-1.551659999999999984e-01 -1.939200000000000090e-01 -5.430639999999999773e-02 -1.199550000000000061e-01 -1.599750000000000061e-01 -9.216370000000000118e-02 -1.205949999999999939e-01 -1.147289999999999976e-01
-1.722529999999999895e-01 -6.625580000000000358e-02 -1.856069999999999942e-01 -1.097299999999999942e-01 -1.260650000000000104e-01 -9.461400000000000365e-02 -1.525249999999999939e-01 -6.059300000000000103e-02
-1.543920000000000015e-01 -5.677469999999999739e-02 -7.577879999999999339e-02 -9.674209999999999754e-02 -1.138969999999999982e-01 -1.678360000000000130e-01 -1.666140000000000121e-01 -7.250979999999999925e-02
-7.416470000000000007e-02 -1.663699999999999901e-01 -1.019609999999999961e-01 -5.448279999999999790e-02 -1.268360000000000043e-01 -8.892680000000000029e-02 -1.429890000000000050e-01 -1.945089999999999875e-01
-5.369750000000000217e-02 -1.112080000000000013e-01 -1.020800000000000041e-01 -4.146939999999999654e-02 -1.211389999999999967e-01 -1.836000000000000132e-01 -3.217790000000000233e-02 -5.389730000000000215e-02
-4.651659999999999823e-02 -6.089150000000000118e-02 -5.259670000000000317e-02 -5.718609999999999666e-02 -5.477309999999999818e-02 -9.806760000000000477e-02 1.414699999999999985e-02 -2.097890000000000033e-01
-4.953470000000000095e-02 -1.786999999999999977e-01 -1.764950000000000130e-01 -4.277849999999999708e-02 -1.796659999999999924e-01 -1.029660000000000020e-01 -2.754490000000000063e-03 -1.394680000000000086e-01
-4.998339999999999728e-02 -5.049039999999999778e-02 -6.389409999999999534e-02 -1.320649999999999880e-01 -8.207770000000000343e-02 -4.783180000000000071e-02 -1.728709999999999969e-01 -1.040200000000000014e-01
-9.425870000000000082e-02 -8.174679999999999447e-02 -1.209849999999999953e-01 -1.824780000000000013e-01 -6.809199999999999975e-02 -7.060660000000000547e-02 -1.509020000000000084e-01 -5.071810000000000207e-02
-4.292710000000000276e-02 -1.177419999999999994e-01 -1.661140000000000116e-01 -9.945210000000000161e-02 -1.425299999999999900e-01 -1.193550000000000028e-01 -1.190060000000000007e-01 -1.147719999999999990e-01
-5.782740000000000102e-02 -1.550999999999999879e-01 -4.181789999999999813e-02 -6.462170000000000414e-02 -1.205829999999999957e-01 -1.774880000000000069e-01 -8.590979999999999450e-02 -4.850920000000000232e-02
-2.308040000000000092e-02 -1.524610000000000132e-01 -1.229169999999999985e-01 -1.484739999999999949e-01 2.524619999999999989e-02 -1.311260000000000030e-02 -1.336579999999999990e-01 -1.275550000000000017e-01
6.069019999999999623e-03 -4.246040000000000231e-02 -6.223769999999999997e-02 -1.785940000000000027e-01 -6.752669999999999506e-02 -1.620889999999999831e-02 -4.859190000000000037e-02 -1.040169999999999983e-01
-1.356289999999999996e-01 -1.051389999999999920e-03 -1.602689999999999948e-01 -1.399809999999999943e-01 -1.184719999999999940e-01 -1.585330000000000072e-01 -1.077670000000000017e-01 -1.738440000000000124e-02
-4.075059999999999794e-02 -1.125479999999999953e-01 -1.108429999999999971e-01 -1.208390000000000020e-01 -6.053510000000000141e-02 -6.121719999999999939e-02 -1.910439999999999916e-01 -5.098420000000000035e-02
-1.527069999999999990e-02 -9.963299999999999934e-02 -8.690000000000000502e-02 -8.568630000000000690e-02 -1.150499999999999995e-01 -2.851369999999999946e-02 -6.121830000000000327e-02 -3.369810000000000166e-02
-8.325369999999999993e-02 -5.674590000000000189e-02 -1.123989999999999989e-01 -9.505249999999999810e-02 -1.483669999999999989e-01 9.964999999999999900e-03 -1.051720000000000016e-01 -6.678910000000000402e-02
-1.489540000000000031e-01 -5.291839999999999739e-02 -1.218899999999999983e-01 -7.611829999999999985e-02 -5.522470000000000157e-02 -4.087380000000000180e-02 -1.859470000000000012e-01 -1.691830000000000001e-01
-1.219920000000000032e-01 -1.370270000000000099e-01 2.554869999999999884e-03 -1.312609999999999888e-01 -1.641259999999999941e-01 -1.323169999999999902e-01 -3.428939999999999766e-02 -6.481760000000000299e-02
-1.342170000000000030e-01 -3.863520000000000149e-02 -1.389620000000000022e-01 -9.650019999999999432e-02 -1.304309999999999914e-01 -1.172460000000000030e-01 -8.040869999999999962e-02 -7.200739999999999919e-02
-1.293539999999999968e-01 -1.565779999999999950e-01 -1.497610000000000052e-01 -1.485580000000000060e-02 -1.435829999999999884e-01 -1.391880000000000062e-01 -1.493329999999999935e-01 -1.350439999999999974e-01
-6.672619999999999940e-02 -6.876970000000000305e-02 -1.391820000000000002e-01 -1.310929999999999873e-01 -1.683139999999999914e-01 -1.782120000000000093e-01 -1.568400000000000072e-01 -1.010469999999999979e-01
-1.653999999999999915e-01 -1.062710000000000043e-01 -1.619410000000000016e-01 -7.188369999999999482e-02 -1.395669999999999966e-01 -1.363080000000000125e-01 -1.634549999999999892e-01 -7.973669999999999369e-02
-5.319610000000000311e-02 -1.436969999999999914e-01 -1.425710000000000033e-01 -3.235600000000000281e-02 -4.700830000000000286e-02 -6.582380000000000175e-02 -8.095620000000000593e-02 -1.737549999999999928e-01
-1.488909999999999956e-01 -2.186559999999999893e-02 -1.712639999999999996e-01 -6.405589999999999895e-02 -1.269649999999999945e-01 -1.821740000000000026e-01 -7.709900000000000087e-02 -1.195080000000000031e-01
-7.874689999999999468e-02 -1.932149999999999979e-01 -1.054429999999999951e-01 -5.343620000000000314e-02 -1.887169999999999959e-01 -7.819639999999999924e-02 -9.636459999999999471e-02 -1.363719999999999932e-01
-1.505620000000000014e-01 -1.746040000000000092e-01 -1.365959999999999952e-01 -1.394809999999999939e-01 -1.750639999999999974e-01 -6.414749999999999619e-02 -7.756209999999999494e-02 -5.727329999999999921e-02
-1.080030000000000018e-01 -6.443060000000000453e-02 -1.903960000000000097e-01 -1.065819999999999962e-01 -1.789979999999999905e-01 -1.483399999999999996e-01 -1.322119999999999962e-01 -1.736650000000000138e-01
-1.637089999999999934e-01 -8.390820000000000223e-02 -1.079559999999999964e-01 -1.810460000000000125e-01 -1.211300000000000016e-01 -2.148259999999999892e-01 -6.516969999999999708e-02 -1.484550000000000036e-01
-1.432889999999999997e-01 -6.937770000000000048e-02 -5.009319999999999745e-02 -4.821919999999999679e-02 -9.959959999999999647e-02 -1.903549999999999964e-01 -1.522920000000000107e-01 -1.736199999999999966e-01
-6.789290000000000602e-02 -1.132480000000000014e-01 -8.671339999999999604e-02 -1.754040000000000044e-01 -3.621429999999999788e-02 -1.840680000000000094e-01 -1.324299999999999922e-01 -4.390120000000000133e-02
-1.830340000000000023e-01 -1.474060000000000092e-01 -1.562320000000000098e-01 -6.662759999999999516e-02 -1.344809999999999894e-01 -1.792549999999999977e-01 -1.341320000000000012e-01 -6.432740000000000680e-02
-5.212689999999999685e-02 -1.731520000000000004e-01 -9.210989999999999456e-02 -1.202700000000000019e-01 -1.439280000000000004e-01 -7.757179999999999631e-02 -1.265300000000000036e-01 -1.755670000000000008e-01
-1.973989999999999911e-01 -4.508539999999999770e-02 -2.969110000000000152e-02 -9.867960000000000620e-02 -2.308060000000000112e-01 -9.827149999999999774e-02 -2.156030000000000099e-02 -1.717120000000000035e-01
-6.198970000000000175e-02 -1.340149999999999952e-01 -1.077499999999999986e-01 -1.323940000000000117e-01 -7.869470000000000631e-02 -9.101760000000000406e-02 -1.192690000000000000e-01 -1.558039999999999980e-01
-6.604549999999999310e-02 -5.713619999999999810e-02 -8.616899999999999560e-02 -1.681040000000000034e-01 -1.632850000000000135e-01 -1.127070000000000016e-01 -1.899609999999999910e-01 -1.131979999999999931e-01
-5.843890000000000196e-02 -6.644369999999999443e-02 -1.750939999999999996e-01 -1.281160000000000077e-01 -7.471550000000000413e-02 -1.189930000000000015e-01 -1.811550000000000105e-01 -9.701440000000000063e-02
-2.807089999999999932e-02 -1.932450000000000001e-01 -1.185890000000000000e-01 -1.184520000000000017e-01 -5.723219999999999696e-02 -4.352020000000000194e-02 -2.391980000000000148e-02 -2.689470000000000055e-02
-2.555419999999999914e-02 -1.053619999999999973e-01 -1.105870000000000047e-01 -1.261849999999999916e-01 -1.588469999999999882e-01 -9.740719999999999934e-02 -1.377420000000000033e-01 -6.306739999999999569e-02
-4.881169999999999953e-02 -1.674200000000000133e-01 -9.698809999999999376e-02 -1.642500000000000071e-01 -1.208530000000000021e-01 -6.984450000000000380e-02 -1.392750000000000099e-01 -1.091099999999999987e-01
-1.119399999999999978e-01 4.037230000000000159e-03 -8.746990000000000320e-02 -1.374900000000000011e-01 -1.363800000000000012e-01 -5.102280000000000010e-02 -2.424120000000000094e-02 -1.626470000000000138e-01
-6.736359999999999570e-02 -3.712909999999999822e-02 -1.812719999999999887e-01 9.289189999999999253e-03 -2.093240000000000101e-01 -1.576390000000000013e-01 -1.363769999999999982e-01 -7.857880000000000420e-02
-5.369990000000000180e-02 -6.974299999999999944e-02 -1.817469999999999919e-01 -1.848839999999999928e-01 -1.260050000000000059e-01 -1.792789999999999939e-01 -7.582250000000000101e-02 -1.568730000000000124e-01
-6.257500000000000562e-02 -1.729489999999999916e-01 -1.198319999999999941e-01 -1.141039999999999971e-01 -1.747690000000000077e-01 -1.478260000000000129e-01 -1.815489999999999882e-01 -8.310969999999999469e-02
-1.477419999999999949e-02 -5.931030000000000330e-02 -7.180500000000000251e-03 -1.679730000000000112e-01 -6.335489999999999611e-04 -7.821179999999999799e-02 -5.128909999999999719e-02 -8.283369999999999622e-02
-1.094249999999999945e-01 -1.013040000000000052e-01 -1.608179999999999887e-01 -9.516049999999999509e-02 -1.002819999999999961e-01 -2.512099999999999750e-04 -1.710389999999999966e-01 -1.700200000000000045e-01
-3.662440000000000140e-02 -1.009110000000000007e-01 -1.519890000000000130e-01 -1.077769999999999978e-01 -1.673199999999999965e-01 -1.535420000000000118e-01 -7.996530000000000304e-02 -8.722050000000000289e-03
-4.879209999999999797e-02 -1.688199999999999978e-01 -1.147809999999999941e-01 -1.449880000000000058e-01 -1.853960000000000052e-01 -1.296630000000000005e-01 -3.860720000000000124e-02 -1.263110000000000066e-01
-4.594589999999999785e-02 -1.791270000000000084e-01 -3.297590000000000243e-02 -1.555259999999999976e-01 -1.271440000000000070e-01 -1.419110000000000094e-01 -1.309339999999999948e-01 -2.447999999999999829e-02
-1.732859999999999956e-01 -1.565400000000000125e-01 -1.461989999999999956e-01 -1.492249999999999965e-01 -3.967180000000000012e-02 -1.181279999999999969e-01 -7.965150000000000008e-02 -1.283720000000000139e-01
-1.032470000000000054e-01 -8.104989999999999417e-02 -1.237999999999999934e-01 -6.730279999999999596e-02 -8.683960000000000290e-02 -1.425410000000000010e-01 -8.087450000000000194e-02 -1.054120000000000057e-01
-1.468589999999999895e-01 -1.801989999999999981e-01 -2.269789999999999829e-03 -5.116919999999999802e-02 -5.948400000000000215e-02 -1.672540000000000138e-01 -1.909540000000000126e-01 -3.968560000000000143e-02
-5.926440000000000180e-02 -5.267600000000000060e-02 -1.191030000000000005e-01 -7.839500000000000635e-02 -1.478490000000000082e-01 -1.078309999999999963e-01 -9.315669999999999507e-02 -1.730990000000000029e-01
-4.823510000000000297e-02 -1.522880000000000067e-01 -9.651289999999999869e-02 -2.640640000000000001e-02 -1.711959999999999871e-01 -1.493579999999999908e-01 -6.383250000000000035e-03 -1.226590000000000041e-01
-3.071099999999999872e-02 -1.551700000000000024e-01 -1.940139999999999920e-01 -1.801679999999999948e-01 -9.211270000000000568e-02 -1.445369999999999988e-02 -8.580680000000000252e-02 -7.963520000000000321e-02
-1.295550000000000000e-02 -1.430909999999999960e-01 -4.129920000000000119e-02 -1.460239999999999871e-01 -1.080470000000000041e-01 -1.043570000000000053e-01 -5.288740000000000108e-02 -1.287230000000000041e-01
-8.722100000000000686e-02 -5.597690000000000304e-02 -3.740109999999999962e-02 -1.773929999999999951e-01 -5.341560000000000058e-02 -1.710830000000000128e-01 -4.481389999999999679e-02 -5.082110000000000100e-02
-1.835759999999999892e-01 -1.239529999999999937e-01 -1.443939999999999946e-01 -2.368699999999999972e-02 -1.611579999999999957e-01 -2.537680000000000144e-02 -1.719430000000000125e-01 -1.980200000000000016e-01
-1.612129999999999952e-01 -1.327329999999999899e-01 -1.054839999999999944e-01 -9.814799999999999913e-02 -1.607200000000000017e-01 -1.697450000000000070e-01 -5.709890000000000104e-02 -1.028079999999999966e-01
-1.672909999999999953e-01 -1.519760000000000000e-01 -1.137500000000000039e-01 -2.506929999999999922e-02 -1.252479999999999982e-01 -1.705029999999999879e-01 -4.166679999999999690e-02 -7.138709999999999500e-02
-7.114810000000000578e-02 -8.342879999999999741e-02 -4.287649999999999795e-02 -2.955320000000000169e-02 -1.225929999999999936e-01 -8.055400000000000060e-02 -1.123460000000000014e-01 -7.523330000000000295e-02
-5.153119999999999923e-02 -7.097839999999999705e-02 -3.394500000000000295e-02 -1.739360000000000073e-01 -9.734370000000000522e-02 -3.236089999999999800e-02 -5.313670000000000199e-02 3.906589999999999716e-03
-6.156500000000000167e-02 -1.776230000000000031e-01 -1.071629999999999944e-01 -4.862620000000000137e-02 5.037100000000000084e-03 -9.283470000000000610e-02 -1.639089999999999991e-01 -8.012660000000000615e-02
-1.556220000000000103e-01 -1.133200000000000041e-01 -7.296700000000000408e-02 -7.385049999999999948e-02 -1.713729999999999976e-01 -1.311440000000000106e-01 -8.877160000000000606e-02 -1.691139999999999866e-01
-6.441040000000000654e-02 -6.451890000000000402e-02 -6.703699999999999937e-02 -4.495620000000000172e-02 -1.194640000000000007e-01 -1.417279999999999929e-01 -1.390329999999999899e-01 -1.506859999999999866e-01
-7.056890000000000385e-02 -3.660580000000000084e-02 -1.901160000000000003e-02 1.113119999999999995e-03 -1.572610000000000119e-01 -1.624079999999999968e-01 -4.860230000000000106e-02 -1.952390000000000028e-02
-1.718470000000000067e-02 -1.774340000000000084e-01 -7.510129999999999584e-02 -3.416659999999999836e-02 -3.432369999999999866e-02 -1.032689999999999997e-01 -1.505309999999999981e-01 -9.026560000000000139e-02
-4.619079999999999714e-02 -7.475260000000000238e-02 -1.086030000000000051e-01 -1.644789999999999863e-01 -8.500950000000000173e-02 -1.289569999999999883e-01 -1.411570000000000047e-01 -1.185890000000000000e-01
-6.248929999999999763e-02 -1.060989999999999989e-01 -1.844490000000000018e-01 -6.547160000000000479e-02 -1.784830000000000028e-01 -1.378850000000000076e-01 -4.117980000000000251e-02 -1.281940000000000024e-01
-1.548829999999999929e-01 -1.247010000000000063e-01 -1.403040000000000120e-01 -1.586309999999999942e-01 -1.188140000000000029e-02 -7.008190000000000253e-02 -8.259759999999999325e-02 -5.552200000000000191e-02
-1.212710000000000038e-01 -1.660739999999999994e-01 -1.127729999999999982e-01 -7.855159999999999920e-02 -5.471310000000000062e-02 -1.874929999999999930e-01 -1.794729999999999936e-01 -1.233910000000000007e-01
-1.155110000000000026e-01 -7.622769999999999546e-02 -1.014209999999999973e-01 -5.550580000000000271e-03 -8.578009999999999802e-02 -7.059250000000000247e-02 -9.689639999999999365e-02 -4.193680000000000324e-02
-1.060289999999999982e-01 -2.004469999999999863e-01 -5.021289999999999781e-02 -1.453949999999999965e-01 -1.999160000000000104e-01 -1.191480000000000039e-01 -4.592949999999999811e-02 -7.193670000000000619e-02
-1.048120000000000024e-01 -1.764699999999999880e-01 -1.638459999999999916e-01 -7.802660000000000151e-02 -5.451969999999999733e-02 -9.507720000000000060e-02 -4.830179999999999890e-02 -1.113910000000000039e-01
-7.914720000000000089e-02 -1.560620000000000063e-01 -1.822020000000000028e-01 -1.488599999999999923e-01 -1.181590000000000001e-01 -1.835600000000000009e-01 -7.925590000000000412e-02 -1.499209999999999987e-01
-1.653449999999999920e-01 -1.767900000000000027e-01 -1.270080000000000098e-01 -3.713539999999999897e-02 -7.757980000000000431e-02 -1.100060000000000066e-01 -1.031190000000000023e-01 -1.762990000000000113e-01
-1.028040000000000065e-01 -1.425879999999999925e-01 -1.596950000000000106e-02 -8.007259999999999378e-02 -8.044569999999999499e-02 -1.558670000000000055e-01 -3.802590000000000137e-02 -6.080270000000000119e-02
-7.420730000000000381e-02 -1.163970000000000005e-01 -9.696559999999999901e-02 -1.024420000000000053e-01 -3.472909999999999886e-02 -1.543120000000000047e-01 -9.258270000000000388e-02 -1.308090000000000086e-01
-8.576949999999999852e-02 -3.369729999999999948e-02 -2.230300000000000060e-01 -8.230070000000000441e-02 -2.156180000000000041e-01 -1.081450000000000050e-01 -7.047649999999999748e-02 -1.022399999999999975e-01
-9.327670000000000405e-02 -6.173270000000000146e-02 -1.320639999999999870e-01 -9.607269999999999699e-02 -1.293850000000000000e-01 -8.390480000000000160e-02 -5.928449999999999692e-02 -1.880259999999999987e-01
-1.020070000000000005e-01 -1.020910000000000012e-01 -4.542609999999999704e-02 -1.758089999999999931e-01 -1.573819999999999941e-01 -1.329720000000000069e-01 -4.048510000000000173e-04 -1.146140000000000006e-02
-3.930270000000000291e-02 -1.355820000000000081e-01 -1.749159999999999882e-01 -1.804310000000000080e-01 -1.110669999999999991e-01 -5.588560000000000055e-02 -9.677399999999999891e-02 -2.032609999999999972e-01
1.080350000000000060e-02 -1.041190000000000032e-01 -1.422190000000000121e-01 -8.893869999999999554e-02 -5.361219999999999875e-02 -1.090480000000000060e-01 -1.803389999999999993e-01 -1.921049999999999841e-02
-9.635720000000000396e-02 -8.739240000000000549e-03 -1.062530000000000002e-01 -2.136240000000000083e-01 -1.658369999999999983e-02 -1.919520000000000115e-01 -1.035049999999999998e-01 -1.822670000000000123e-01
-1.438629999999999909e-01 -1.864580000000000126e-01 -1.321489999999999887e-01 -2.515389999999999987e-02 -4.210450000000000303e-02 -1.165510000000000018e-01 -1.486929999999999918e-01 -5.644180000000000030e-02
-1.209100000000000036e-01 -8.295650000000000246e-02 -4.564039999999999764e-02 -8.614750000000000185e-02 -6.481169999999999987e-02 -1.698179999999999967e-01 -4.041610000000000341e-02 -5.346909999999999857e-02
-1.431790000000000007e-01 -1.844610000000000138e-01 -1.592590000000000117e-01 -1.651209999999999900e-01 1.818379999999999996e-02 -6.294900000000000495e-02 -1.222769999999999968e-01 -8.861449999999999882e-02
6.126389999999999787e-03 -1.262999999999999956e-01 -1.515610000000000013e-01 -1.239129999999999954e-01 -8.518390000000000684e-02 -1.611829999999999929e-01 -1.627210000000000045e-01 -1.340099999999999902e-01
-6.771660000000000179e-02 -2.829229999999999939e-02 -5.279450000000000115e-02 -5.255270000000000080e-02 -3.698860000000000342e-02 -1.067399999999999946e-02 -7.670309999999999628e-02 -6.112349999999999728e-02
-1.942240000000000077e-01 -4.186489999999999656e-02 -9.108470000000000455e-02 -2.756050000000000166e-02 -4.932070000000000204e-02 -4.333270000000000177e-02 -3.291430000000000050e-02 -2.062509999999999899e-01
-1.833700000000000052e-01 -7.532110000000000194e-02 -8.263660000000000450e-02 -1.260769999999999946e-01 -2.134480000000000058e-02 -1.107960000000000056e-01 -4.046659999999999840e-02 -2.559579999999999841e-02
-8.339729999999999366e-02 -1.451369999999999917e-02 -2.013020000000000087e-01 -2.583589999999999845e-02 -1.126489999999999991e-01 -4.233300000000000257e-02 -6.999529999999999641e-02 -1.753570000000000129e-01
-1.439729999999999899e-01 -6.290389999999999870e-02 -2.404020000000000115e-02 -1.892389999999999906e-01 -7.084650000000000669e-02 -2.931090000000000084e-02 -1.388870000000000104e-01 -1.393520000000000036e-01
-6.830999999999999572e-02 -1.972190000000000054e-01 -4.128690000000000138e-02 -2.641699999999999951e-02 -1.565980000000000150e-02 -1.830380000000000063e-01 -7.942580000000000473e-02 -1.219569999999999960e-01
-1.554599999999999871e-01 -5.191250000000000031e-02 -3.368360000000000104e-02 -5.414700000000000069e-02 -5.080139999999999656e-02 -4.765239999999999754e-02 -1.116599999999999954e-01 -1.412499999999999867e-01
-1.090990000000000015e-01 -9.140719999999999401e-02 -5.493039999999999728e-02 -5.758359999999999868e-02 -6.960779999999999745e-02 -1.262669999999999904e-01 -6.689720000000000388e-02 -8.782130000000000492e-02
-5.831059999999999716e-02 -1.488140000000000018e-01 -5.854510000000000269e-02 -1.601660000000000028e-01 -1.076759999999999939e-01 -1.103630000000000028e-01 -1.855439999999999867e-01 -4.026140000000000274e-02
-7.149899999999999312e-02 -1.672220000000000095e-01 -5.773829999999999935e-02 -7.869790000000000119e-02 -1.685359999999999914e-01 -8.135100000000000664e-02 -7.336539999999999728e-02 -4.910149999999999931e-02
-1.008830000000000005e-01 -1.406290000000000040e-01 -1.792590000000000156e-02 -1.869319999999999871e-01 -2.005089999999999928e-01 -9.866300000000000070e-02 -5.544860000000000066e-02 -5.896420000000000133e-02
-4.869380000000000236e-02 -2.576000000000000165e-02 -2.800170000000000090e-02 -5.087669999999999693e-02 -1.024690000000000045e-01 -1.406260000000000010e-01 -1.693409999999999915e-01 -1.635709999999999942e-01
-1.565149999999999961e-03 -7.610939999999999372e-02 -3.033510000000000026e-02 -7.263429999999999886e-02 -6.357319999999999638e-02 -1.639359999999999984e-01 -6.698099999999999887e-02 -3.493229999999999946e-02
-9.756099999999999495e-02 -1.550380000000000091e-01 -1.239839999999999970e-01 -1.796850000000000114e-01 -7.841339999999999422e-02 -2.988820000000000018e-02 -1.589119999999999977e-01 -1.827199999999999935e-01
-9.284249999999999448e-02 -2.093590000000000034e-02 -8.886520000000000530e-02 -6.101059999999999817e-02 -1.527249999999999996e-01 -1.136910000000000004e-01 -6.585069999999999812e-02 -1.429979999999999862e-01
-5.106379999999999947e-02 -1.361529999999999963e-01 -9.045920000000000349e-02 -6.049820000000000197e-02 -1.114620000000000055e-01 -1.279659999999999964e-01 -4.329899999999999721e-02 4.151450000000000105e-03
-2.903210000000000165e-02 -9.738470000000000459e-02 -1.867610000000000103e-01 -1.652859999999999885e-01 -1.764519999999999977e-01 -1.965079999999999882e-01 -1.331579999999999986e-01 -2.922059999999999935e-02
-1.722229999999999872e-01 -1.296539999999999915e-01 -4.993439999999999684e-02 -2.081550000000000067e-01 -5.073830000000000007e-02 -1.739390000000000033e-02 -1.210510000000000058e-01 -1.772459999999999869e-01
-1.928140000000000132e-01 -6.063779999999999865e-02 -1.276960000000000039e-01 -1.632200000000000040e-01 -1.318769999999999942e-01 -5.491440000000000210e-02 -5.505929999999999852e-02 -1.325459999999999972e-01
-6.378369999999999873e-02 -1.101869999999999933e-01 -7.530870000000000619e-02 -1.964819999999999900e-01 -3.898630000000000151e-02 -3.177359999999999907e-02 -7.143209999999999837e-02 -8.672580000000000566e-02
-1.785319999999999963e-01 -1.046630000000000060e-01 -1.041009999999999991e-01 -1.027259999999999979e-01 -7.375950000000000562e-02 -1.965169999999999972e-01 -9.143039999999999501e-02 -9.787959999999999716e-02
-1.251819999999999877e-01 -1.195029999999999981e-01 -9.661150000000000293e-02 -1.147920000000000051e-01 -1.581819999999999893e-01 -9.175700000000000522e-02 -3.855700000000000099e-02 -1.664559999999999929e-01
-1.073739999999999972e-01 -1.647849999999999870e-01 -1.650480000000000003e-01 -6.552750000000000241e-02 -1.770279999999999909e-01 -2.700779999999999847e-02 -6.962069999999999370e-02 -1.490970000000000073e-01
-1.554999999999999993e-01 -1.813280000000000100e-02 -1.772259999999999946e-01 -9.987669999999999881e-02 -8.473569999999999713e-02 -5.205980000000000329e-02 -8.416289999999999882e-02 -8.575900000000000190e-02
-1.160090000000000010e-01 -8.308789999999999926e-03 -1.246879999999999933e-01 -6.681860000000000577e-02 -8.574239999999999640e-02 -6.239660000000000345e-02 -1.319029999999999925e-01 -1.020019999999999954e-01
-5.051370000000000166e-02 -1.679690000000000072e-01 -2.503079999999999888e-02 -1.068650000000000017e-01 -9.790269999999999528e-02 -1.500789999999999902e-01 -1.615520000000000012e-01 -1.800019999999999953e-01
-1.086659999999999987e-01 -3.103660000000000099e-02 -8.903049999999999159e-03 -7.960549999999999571e-02 -1.140980000000000050e-01 -4.606430000000000247e-02 -2.478670000000000040e-01 -1.281440000000000079e-01
-1.487660000000000093e-01 -1.231059999999999932e-01 -1.578859999999999986e-01 -1.707569999999999921e-01 -1.019940000000000013e-01 -4.694360000000000199e-02 -1.220439999999999997e-01 -3.961300000000000238e-02
-1.076479999999999937e-01 -1.809439999999999937e-01 -1.567300000000000082e-01 -8.314449999999999619e-02 -1.214210000000000012e-01 -1.717960000000000043e-01 -1.784229999999999983e-01 -1.026839999999999975e-01
-1.222810000000000008e-01 -6.874370000000000480e-02 -2.113249999999999851e-02 -1.652710000000000012e-01 -1.391739999999999922e-01 -5.602710000000000329e-02 -7.474219999999999475e-02 -1.293519999999999948e-01
-1.699189999999999867e-01 -1.044000000000000067e-01 -6.896579999999999377e-02 -6.387669999999999459e-02 -3.956950000000000051e-02 -1.447360000000000035e-01 -7.418639999999999957e-02 -9.684790000000000065e-02
-1.175029999999999963e-01 -8.485040000000000637e-02 -8.909860000000000002e-02 -9.934199999999999975e-02 -4.113460000000000033e-02 -8.543230000000000268e-02 -1.835469999999999879e-01 -1.527149999999999896e-01
-9.982459999999999944e-02 -1.312619999999999898e-01 -5.316320000000000073e-02 -1.685820000000000096e-01 -3.876229999999999953e-02 -6.382859999999999923e-02 -1.436910000000000132e-01 -1.775650000000000006e-01
-1.933999999999999886e-01 -9.331090000000000217e-02 4.835690000000000127e-03 -8.585660000000000514e-02 -1.709179999999999866e-01 -3.956260000000000332e-02 -2.875969999999999915e-02 -6.265880000000000061e-02
-7.585450000000000526e-02 -1.891599999999999948e-01 -1.728719999999999979e-01 -1.406719999999999915e-01 -1.315910000000000135e-01 -4.792559999999999876e-02 -1.741620000000000112e-01 -1.650250000000000050e-01
-1.803269999999999873e-01 -1.689009999999999956e-01 -6.467570000000000263e-02 -5.024189999999999906e-02 -8.032799999999999663e-02 -1.339180000000000093e-01 -1.111339999999999967e-01 -8.583929999999999338e-02
-1.589929999999999954e-01 -1.306950000000000056e-01 -3.001909999999999995e-02 -1.912470000000000003e-01 -1.266899999999999971e-01 -1.348920000000000119e-01 -7.835090000000000110e-02 -1.832550000000000012e-01
-1.608100000000000085e-01 -1.394269999999999954e-01 -5.579959999999999781e-02 -2.126089999999999924e-01 -6.354909999999999726e-02 -2.221889999999999976e-01 -1.523370000000000002e-01 -1.307959999999999956e-01
-6.083210000000000006e-02 -5.985329999999999817e-02 -1.813909999999999967e-01 -8.533409999999999607e-02 -4.334500000000000158e-02 -1.013759999999999939e-01 -6.859329999999999594e-02 -2.569750000000000159e-02
-8.813310000000000588e-02 -4.271819999999999784e-02 -1.464030000000000054e-01 -7.595590000000000371e-04 -5.597789999999999710e-02 -1.497159999999999880e-01 -8.970970000000000333e-02 -1.353199999999999958e-01
-3.352680000000000243e-02 -1.204839999999999939e-01 -1.837459999999999927e-01 -7.427300000000000568e-02 -1.532660000000000133e-01 -3.255079999999999779e-02 -7.218979999999999841e-03 -9.875939999999999719e-02
-1.592250000000000054e-01 -4.789419999999999789e-02 -6.849579999999999558e-02 -1.602679999999999938e-01 -6.942869999999999597e-02 -8.317789999999999906e-02 -5.114130000000000065e-02 -1.058970000000000050e-01
-5.867189999999999905e-02 -1.176240000000000063e-01 -1.109870000000000023e-01 -6.815880000000000549e-02 -8.505580000000000432e-03 -1.735629999999999951e-01 -1.730659999999999976e-01 -3.067380000000000106e-02
-7.891220000000000179e-02 -1.446940000000000032e-02 -1.719710000000000127e-01 -1.577719999999999956e-01 -1.071219999999999950e-01 -7.511080000000000534e-02 -2.249929999999999986e-02 -1.600060000000000093e-01
-1.154400000000000009e-01 -8.939160000000000161e-02 -1.497660000000000102e-01 -1.407760000000000122e-01 -1.096870000000000067e-01 -1.001480000000000009e-01 -7.745009999999999395e-02 -1.472030000000000040e-02
-1.632899999999999907e-01 -2.461100000000000093e-02 -1.722819999999999907e-01 -1.040179999999999993e-01 -9.967850000000000321e-02 -1.301879999999999982e-01 -5.563219999999999971e-02 -7.851289999999999658e-02
-1.328969999999999874e-01 -1.142430000000000008e-02 -1.282500000000000029e-01 -1.459650000000000053e-03 -5.492029999999999829e-02 -1.538150000000000073e-01 -4.310689999999999661e-02 -6.558029999999999415e-02
-1.968100000000000127e-01 -1.226330000000000059e-01 -1.313300000000000023e-01 -1.742670000000000052e-01 -1.471999999999999975e-01 -8.227360000000000229e-02 -7.046220000000000261e-02 -1.215330000000000021e-01
-8.454029999999999878e-02 -4.210900000000000060e-02 -3.488580000000000153e-02 -3.532760000000000067e-02 -1.687339999999999951e-01 -1.627760000000000040e-01 -1.191009999999999985e-01 -1.679029999999999967e-01
-1.537479999999999958e-01 -1.665550000000000086e-01 -1.320820000000000050e-01 -5.202400000000000080e-02 -7.687789999999999901e-02 -9.601070000000000437e-02 -3.092079999999999829e-02 -1.637520000000000087e-01
-6.713120000000000198e-02 -1.583970000000000100e-01 -1.436550000000000049e-01 -1.475140000000000062e-01 -1.775200000000000111e-01 -1.392150000000000054e-01 -8.873119999999999619e-02 -8.831379999999999786e-02
-1.329009999999999914e-01 -4.257199999999999873e-02 -7.773819999999999342e-02 -1.590880000000000072e-01 -1.320709999999999940e-01 -1.647540000000000115e-01 -1.449010000000000020e-01 -1.504689999999999916e-01
-1.174020000000000064e-01 -1.686090000000000089e-01 -1.204950000000000049e-01 -1.929929999999999979e-01 -4.624589999999999951e-02 1.114820000000000047e-02 -8.946740000000000248e-02 -1.204289999999999944e-01
-2.040889999999999926e-01 -6.913679999999999826e-02 -2.302649999999999975e-01 -1.550539999999999974e-01 -6.109930000000000222e-02 -4.979229999999999767e-02 -5.962749999999999995e-02 -1.245310000000000028e-01
-1.761139999999999928e-01 -1.271470000000000100e-01 -1.386479999999999935e-01 -2.819699999999999984e-02 -9.978760000000000407e-02 -6.917990000000000250e-02 -1.303970000000000129e-01 -9.481729999999999325e-02
-1.432650000000000035e-01 -1.654480000000000117e-01 -7.076720000000000232e-02 -2.510350000000000081e-02 -1.421080000000000121e-01 -7.910780000000000589e-02 -3.505289999999999795e-02 -7.292970000000000008e-02
-1.734709999999999863e-01 -1.723699999999999954e-01 -1.282260000000000066e-01 -7.625790000000000346e-02 -1.615290000000000059e-01 -3.221679999999999683e-02 -1.347029999999999894e-01 -4.603320000000000328e-02
-1.425680000000000003e-01 -6.020059999999999995e-02 -1.318120000000000125e-01 -6.916700000000000625e-02 -6.560199999999999365e-02 -1.101519999999999999e-01 -5.048450000000000160e-02 -9.275079999999999436e-02
-1.906710000000000071e-01 -6.436680000000000179e-02 -1.757589999999999986e-01 -1.424819999999999975e-01 -1.510479999999999878e-01 -1.011039999999999994e-01 -9.316770000000000607e-02 -6.257079999999999934e-03
-1.554929999999999923e-01 -8.128249999999999365e-02 -7.540629999999999555e-02 -4.220779999999999671e-02 -9.926529999999999382e-03 4.786190000000000062e-03 -1.442730000000000123e-01 -5.211999999999999966e-02
-1.138779999999999931e-01 -1.297560000000000102e-01 -1.706489999999999951e-01 -4.134279999999999899e-02 -8.178080000000000072e-02 -1.528249999999999886e-01 -1.496030000000000137e-01 -1.323449999999999974e-02
-1.548209999999999864e-01 -4.401150000000000201e-02 -4.452609999999999901e-02 -5.304439999999999850e-02 -4.163259999999999877e-02 -3.025459999999999955e-02 -2.063829999999999831e-02 -1.651749999999999885e-01
-1.668640000000000123e-01 -7.593700000000000450e-02 -2.018179999999999974e-02 -2.689350000000000074e-02 -4.569720000000000032e-02 -3.684330000000000244e-02 -2.374160000000000159e-02 -7.102519999999999667e-02
-1.745440000000000047e-01 -1.334289999999999921e-01 -1.433149999999999979e-01 -1.296019999999999950e-01 -4.920309999999999961e-02 -9.763330000000000619e-03 -1.421749999999999958e-01 -4.888050000000000034e-02
-6.276990000000000347e-02 -2.039940000000000156e-02 -2.662329999999999905e-02 -8.809080000000000382e-03 -4.619729999999999670e-02 -6.586540000000000103e-03 -6.587329999999999575e-02 -1.033540000000000014e-01
-1.802449999999999886e-01 -1.087100000000000011e-01 -1.629089999999999983e-01 -1.754890000000000061e-01 -1.943040000000000045e-02 -1.684070000000000011e-01 -9.732280000000000098e-02 -1.357079999999999953e-01
-1.296269999999999922e-01 -1.096250000000000002e-01 -1.729390000000000094e-01 -1.828690000000000038e-01 -1.459239999999999982e-01 -7.201539999999999331e-02 -1.256619999999999959e-01 -6.162600000000000022e-02
-1.907560000000000089e-01 -1.543130000000000057e-01 -3.306780000000000136e-02 -6.011989999999999695e-02 -1.951710000000000111e-01 -1.318429999999999880e-01 -4.828219999999999734e-02 -1.680800000000000072e-01
-1.040569999999999967e-01 -1.097230000000000011e-01 -7.599789999999999324e-02 -1.011060000000000014e-01 -2.303420000000000120e-02 -1.290439999999999920e-01 -1.128839999999999982e-01 -8.921149999999999913e-02
-1.542560000000000042e-01 -1.425839999999999885e-01 -6.960719999999999408e-02 -1.233500000000000013e-01 -3.335359999999999714e-02 -8.567030000000000478e-02 -1.554020000000000123e-01 -5.649559999999999998e-02
-1.727879999999999971e-01 -1.864010000000000111e-01 -1.990139999999999965e-01 -5.280689999999999690e-02 -2.812059999999999907e-02 -6.145409999999999762e-02 -1.617949999999999944e-01 -1.421040000000000081e-01
-1.774429999999999896e-01 -8.491559999999999386e-02 -6.053279999999999772e-02 -1.120860000000000051e-01 -1.174629999999999980e-01 -1.891660000000000008e-01 -1.733820000000000083e-01 -1.721159999999999912e-01
-1.741779999999999995e-01 -3.903680000000000344e-02 -1.729439999999999866e-01 -8.470500000000000251e-02 -4.986960000000000004e-02 -9.875820000000000431e-02 -1.405369999999999953e-01 -1.453319999999999959e-02
-1.181740000000000013e-01 -1.589510000000000089e-01 -9.766769999999999619e-02 -8.944589999999999486e-02 -1.141210000000000002e-01 -9.131340000000000290e-02 -9.668119999999999492e-02 -1.560519999999999963e-01
-5.083420000000000299e-02 -1.086189999999999933e-01 -5.229729999999999795e-02 -1.276029999999999942e-01 -1.442799999999999985e-02 -1.667470000000000063e-01 -1.896140000000000048e-01 -1.081609999999999933e-01
-1.420859999999999901e-01 -1.215529999999999944e-01 -5.551380000000000203e-02 -1.779139999999999888e-01 -7.221329999999999416e-02 -1.046949999999999964e-01 -1.713530000000000053e-01 -3.936359999999999859e-02
-3.760870000000000185e-02 -1.339150000000000063e-01 -1.815579999999999972e-01 -5.157780000000000004e-02 -1.969990000000000074e-01 -8.499740000000000073e-02 -1.343360000000000110e-01 -9.254779999999999951e-02
-1.120590000000000058e-01 -1.450269999999999893e-01 -3.455049999999999788e-02 -4.539010000000000267e-02 -1.910270000000000024e-02 -1.745059999999999945e-01 -9.726139999999999786e-02 -1.705689999999999984e-01
-6.735700000000000021e-02 -1.382379999999999998e-01 -1.670460000000000000e-01 -6.995039999999999591e-02 -8.271989999999999899e-02 -1.575010000000000021e-01 -4.205610000000000251e-03 -1.537650000000000128e-01
-2.312260000000000010e-02 -1.221659999999999968e-01 -1.702710000000000057e-01 -1.681340000000000057e-01 -1.628310000000000035e-01 -1.628360000000000085e-01 -1.345810000000000062e-01 -3.056419999999999970e-02
-1.327329999999999899e-01 -7.720079999999999998e-02 -2.582310000000000161e-02 -1.243820000000000064e-01 -1.747229999999999894e-01 -1.737539999999999918e-01 -1.015130000000000060e-01 5.178140000000000347e-03
-1.585729999999999917e-01 -3.353550000000000281e-02 -1.357760000000000078e-01 -9.944680000000000186e-02 -2.428790000000000115e-02 -1.460009999999999919e-01 -7.518539999999999945e-02 -6.366829999999999712e-02
-7.959670000000000634e-02 -1.696199999999999930e-01 -8.655240000000000156e-02 -1.290269999999999959e-02 -1.771719999999999962e-01 -1.690010000000000123e-01 -4.641929999999999668e-02 -7.687560000000000227e-02
-1.659770000000000134e-01 -3.412269999999999887e-02 -1.904559999999999864e-01 -5.840560000000000196e-02 -8.116260000000000141e-02 -2.026479999999999948e-01 -1.246290000000000037e-01 -1.661030000000000006e-01
-1.369539999999999924e-01 -5.043179999999999885e-02 -1.413999999999999979e-01 -1.838289999999999924e-01 -1.437950000000000061e-01 -2.677380000000000038e-02 -9.523399999999999921e-02 -1.392990000000000061e-01
-1.496000000000000107e-01 -1.670300000000000118e-01 -1.025849999999999956e-01 -4.719489999999999796e-02 -4.043449999999999822e-02 -7.329340000000000160e-03 -7.327490000000000392e-02 -1.837110000000000132e-01
-1.602780000000000038e-01 -1.068599999999999967e-01 -1.007559999999999983e-01 -9.291689999999999672e-02 -3.399579999999999963e-02 -8.635539999999999883e-02 -1.359009999999999940e-01 -1.869989999999999986e-01
-1.297750000000000015e-01 -1.695020000000000138e-01 -1.176859999999999989e-01 -1.700849999999999862e-01 -1.863710000000000089e-01 -6.924439999999999762e-02 -2.922270000000000076e-02 -9.684890000000000165e-02
-7.196669999999999456e-02 -1.603569999999999995e-01 -1.035719999999999974e-01 -1.431759999999999977e-01 -2.029310000000000003e-01 -3.948900000000000327e-02 -1.274210000000000065e-01 -6.969019999999999382e-02
-1.138860000000000011e-01 -1.582149999999999945e-01 -9.484579999999999400e-02 -1.670379999999999920e-01 -1.073770000000000002e-01 -1.723919999999999897e-01 -5.521790000000000032e-02 -1.463019999999999876e-01
-4.426449999999999829e-02 -8.140279999999999738e-02 -1.526779999999999977e-02 -7.154459999999999986e-02 -3.585069999999999923e-02 -1.054100000000000037e-01 -1.232800000000000007e-01 -2.336989999999999901e-02
-1.477549999999999975e-01 -9.320330000000000281e-02 -1.534949999999999926e-01 -1.130540000000000017e-01 -1.405750000000000055e-01 -6.138939999999999675e-02 -6.890430000000000166e-02 -1.457050000000000012e-02
-5.191960000000000325e-02 -8.666630000000000167e-02 -1.471139999999999948e-01 -4.199699999999999961e-02 -7.179420000000000246e-02 -1.265300000000000036e-01 -1.020230000000000026e-01 -1.320439999999999947e-01
-1.095819999999999989e-01 -1.142370000000000052e-01 -1.488220000000000098e-01 -1.604810000000000125e-01 -3.505989999999999801e-02 -1.443220000000000058e-01 -8.110729999999999329e-02 -3.251310000000000311e-02
-8.531700000000000395e-02 -1.202899999999999942e-01 -1.797159999999999869e-01 1.950309999999999891e-02 -8.070170000000000121e-02 -6.424850000000000005e-02 -2.343960000000000141e-02 -1.794429999999999914e-01
-9.574789999999999690e-02 -5.648879999999999874e-02 -1.808619999999999950e-01 -2.034990000000000063e-02 -1.059839999999999914e-02 -8.217779999999999530e-02 -2.400700000000000056e-02 -9.411390000000000033e-02
-1.433000000000000072e-02 -1.014929999999999999e-01 -7.108490000000000641e-02 -1.623489999999999933e-01 -6.101970000000000310e-02 -2.402309999999999862e-02 -9.107389999999999930e-02 -1.561200000000000088e-01
7.557399999999999708e-04 -8.069189999999999696e-02 -8.516260000000000496e-02 -1.243159999999999960e-01 -7.115989999999999815e-02 -1.893120000000000080e-01 -2.711469999999999853e-02 -7.516259999999999608e-02
-8.691369999999999651e-02 -5.694590000000000068e-02 -1.667919999999999958e-01 -1.066140000000000004e-01 -1.698770000000000002e-01 -7.448720000000000341e-02 -1.512560000000000016e-01 -2.388339999999999907e-02
-1.702029999999999932e-01 -1.635759999999999992e-01 -1.598320000000000018e-01 -2.118089999999999973e-01 -1.037069999999999936e-01 -1.025620000000000004e-01 -6.826500000000000623e-02 2.104469999999999952e-02
-5.768390000000000323e-02 -1.583120000000000083e-01 -1.808230000000000115e-01 -4.835099999999999836e-04 -1.683379999999999876e-01 -5.138390000000000318e-02 -1.612680000000000016e-03 -3.570729999999999738e-02
-1.299230000000000107e-01 -9.380819999999999437e-02 -1.157200000000000034e-01 -3.798819999999999975e-02 -7.737739999999999896e-02 -8.181729999999999559e-02 -8.821009999999999962e-02 -1.669730000000000103e-01
-8.405200000000000171e-02 -1.596499999999999864e-01 -1.248159999999999964e-01 -6.053870000000000084e-02 -8.525409999999999933e-02 -1.230620000000000047e-01 -1.873460000000000125e-01 -5.541270000000000223e-02
-1.607939999999999925e-01 -6.584890000000000188e-02 -1.101540000000000019e-01 -8.733230000000000159e-02 -1.693149999999999933e-01 -1.757080000000000031e-01 -6.034389999999999893e-02 -1.430550000000000051e-02
-7.873410000000000131e-02 4.666109999999999702e-02 -1.809070000000000122e-01 -1.292719999999999980e-01 -1.630209999999999992e-01 -4.889799999999999702e-02 -1.066269999999999996e-01 -1.215269999999999961e-01
-1.960520000000000040e-01 -2.272440000000000015e-01 -1.321789999999999909e-01 -1.530299999999999994e-01 -1.308809999999999973e-01 -1.781030000000000113e-01 -1.120619999999999949e-01 -1.684309999999999974e-01
-1.011129999999999945e-01 -7.516059999999999408e-02 -1.716139999999999888e-01 -1.536780000000000090e-01 -6.575129999999999864e-02 -2.651869999999999922e-02 -3.798619999999999775e-02 -1.335520000000000040e-01
-1.370709999999999984e-01 -1.529149999999999954e-01 -1.738780000000000048e-01 -8.741849999999999621e-02 -4.966380000000000100e-02 -4.112720000000000264e-02 -8.334220000000000517e-02 -2.465869999999999868e-02
-1.436030000000000084e-01 -1.089679999999999954e-01 -9.872019999999999407e-02 -2.848559999999999981e-02 -1.034049999999999969e-01 -1.889810000000000101e-01 -3.368750000000000216e-02 -1.372649999999999981e-01
-8.113930000000000101e-03 -1.045500000000000040e-01 -6.773969999999999991e-02 -1.824099999999999888e-01 -2.091480000000000006e-01 -1.031920000000000059e-01 -3.352800000000000225e-02 -1.170729999999999965e-01
-3.083349999999999980e-02 -1.777400000000000091e-01 -1.989579999999999960e-01 -1.663630000000000109e-01 -4.249719999999999887e-02 -1.637859999999999872e-01 -1.236000000000000015e-01 -2.055750000000000077e-01
-9.929440000000000488e-02 -1.132129999999999942e-01 -1.627349999999999908e-01 -5.199850000000000305e-02 -5.322319999999999829e-02 -1.058039999999999953e-01 -1.225180000000000019e-01 -1.396749999999999936e-01
-5.340500000000000108e-02 -1.161549999999999944e-01 -7.235719999999999652e-02 -6.128530000000000089e-02 -1.581849999999999923e-01 -1.050129999999999952e-01 -1.090450000000000030e-01 -1.904180000000000039e-01
-8.622190000000000409e-02 -1.742660000000000042e-01 -1.310020000000000073e-01 -9.450809999999999766e-02 -8.295919999999999683e-02 -3.602269999999999778e-02 -1.798099999999999976e-01 9.455780000000000435e-03
-1.030329999999999996e-01 -1.151569999999999955e-01 8.267260000000000233e-03 -7.945240000000000635e-02 -1.431610000000000105e-01 -1.504290000000000072e-01 -9.669460000000000555e-02 -5.628629999999999745e-02
-1.398010000000000086e-01 -1.193519999999999998e-01 -1.246400000000000008e-01 -8.328919999999999380e-02 -1.324400000000000022e-01 -1.886829999999999896e-01 -4.294640000000000263e-02 -3.588769999999999807e-03
-1.844709999999999961e-01 -9.077749999999999708e-02 -8.606619999999999548e-02 -1.685029999999999905e-03 -1.835640000000000049e-01 -3.375419999999999809e-02 -1.590459999999999929e-01 -1.214859999999999968e-01
-5.200199999999999961e-02 -7.171180000000000609e-02 -2.287710000000000091e-02 -1.402410000000000045e-01 -1.184719999999999940e-01 -1.567489999999999994e-01 -1.288229999999999931e-01 -7.120640000000000303e-02
-5.725449999999999984e-02 -6.864049999999999319e-02 -2.243600000000000039e-01 -1.539590000000000125e-01 -1.137579999999999980e-01 -1.252300000000000080e-01 -6.606289999999999385e-02 -8.837780000000000635e-02
-8.332249999999999379e-02 -8.438710000000000655e-02 -6.448950000000000515e-02 -1.530600000000000016e-01 -9.780579999999999830e-02 -9.357129999999999614e-02 -6.534570000000000656e-02 -2.025410000000000058e-02
-6.102239999999999748e-02 -3.897760000000000113e-02 -9.382500000000000562e-02 -9.013790000000000691e-02 -8.687300000000000577e-02 -8.162070000000000436e-02 -9.883269999999999555e-02 -1.835320000000000007e-01
-1.554979999999999973e-01 -5.867660000000000237e-02 -1.359650000000000025e-01 -9.282010000000000260e-02 -1.757390000000000063e-01 -1.554840000000000111e-01 -1.464219999999999966e-01 -3.816560000000000091e-02
-7.790039999999999365e-06 -1.200959999999999944e-01 -1.625310000000000088e-01 -1.409870000000000012e-01 -8.387260000000000548e-02 -1.456759999999999999e-01 -1.162699999999999984e-01 -4.020060000000000300e-02
7.838559999999999625e-03 -1.874379999999999935e-01 -1.670149999999999968e-01 -1.981759999999999911e-01 -5.528709999999999875e-02 -1.151409999999999934e-01 -1.330199999999999994e-01 -1.786190000000000000e-01
-2.942579999999999849e-02 -1.318179999999999907e-01 -7.334309999999999441e-02 -4.673879999999999701e-02 -1.683159999999999934e-01 -1.575199999999999934e-01 -9.912799999999999390e-02 -1.251440000000000052e-01
