0 3.351895546e-09 3.352251961e-11 1.123517974e-19
1 3.351895546e-09 3.352796184e-11 1.123514318e-19
2 3.351895546e-09 3.352916406e-11 1.123513505e-19
3 3.351895546e-09 3.352916406e-11 1.123513505e-19
4 3.351895546e-09 4.808299395e-11 1.325207824e-19
5 3.351895546e-09 4.810173996e-11 1.325190173e-19
6 3.351895546e-09 4.81006268e-11 1.325191243e-19
7 1.430268713e-08 1.911447245e-10 2.164282774e-18
8 1.430268713e-08 1.981800432e-10 2.166549925e-18
9 1.430268713e-08 2.318778996e-10 2.203074191e-18
10 2.136839762e-07 2.572487983e-09 4.61031041e-16
11 2.136839762e-07 4.865336095e-09 6.831700412e-16
12 0.003184257718 3.185030091e-05 1.013944763e-07
13 0.003868811731 7.054193995e-05 2.485816675e-07
14 0.02010740485 0.0003035683019 4.347099759e-06
15 0.02010740485 0.0003774209304 4.570819936e-06
16 0.02010740485 0.0004668321484 4.910800854e-06
17 0.02010740485 0.0004301645834 5.044194266e-06
18 0.04147346881 0.0008902106961 2.217144394e-05
19 0.04147346881 0.001060427354 2.477049371e-05
20 0.0473706963 0.001568533949 4.674066871e-05
21 0.0473706963 0.0018553841 5.883569132e-05
22 0.0473706963 0.003039929222 9.990574149e-05
23 0.0473706963 0.003402289201 0.0001239916818
24 0.0473706963 0.004120238794 0.0001524767055
25 0.2015103192 0.004843074392 0.0005006271363
26 0.2015103192 0.005733901864 0.0005417389676
27 0.2015103192 0.004400831153 0.0005013793777
28 0.2053378626 0.006885846065 0.0009240718822
29 0.2053378626 0.007064440461 0.0009427477374
30 0.2053378626 0.008547408219 0.001097323213
31 0.23948972 0.01200855965 0.001679542078
32 0.2479219999 0.0174071247 0.002603406318
33 0.3700330792 0.02210585781 0.004371518958
34 0.3700330792 0.02628957419 0.005940876184
35 0.3700330792 0.03160163833 0.007440287694
36 0.6999090514 0.04126089435 0.01425640223
37 0.6999090514 0.03905144211 0.01419107847
38 0.6999090514 0.04617563704 0.01771779792
39 0.6999090514 0.03345056301 0.01438443587
40 0.6999090514 0.04939541544 0.02163561873
41 0.6999090514 0.05751176988 0.02343038442
42 0.8339698629 0.06165237959 0.0292043567
43 0.8339698629 0.07437090747 0.03210258658
44 0.8339698629 0.07218077471 0.03220264954
45 0.8339698629 0.07981306481 0.0393932482
46 0.966944528 0.08504574053 0.049705311
47 0.966944528 0.0835247601 0.04685716794
48 0.966944528 0.08318721009 0.04865665533
49 0.966944528 0.09074184596 0.05067126391
50 0.966944528 0.09693018731 0.0510313115
51 0.966944528 0.1107818269 0.06234591446
52 0.9882071416 0.1539716314 0.08966329154
53 0.9882071416 0.1399573105 0.07837303411
54 0.9882071416 0.1349988854 0.07575068557
55 0.9882071416 0.1235380863 0.06891890056
56 0.9882071416 0.09464110186 0.0538625073
57 0.9882071416 0.09184841293 0.05516118119
58 0.9882071416 0.1150199591 0.06855953706
59 0.9882071416 0.1317886566 0.07304261399
60 0.9882071416 0.1369913799 0.07204802602
61 0.9882071416 0.1817457493 0.0937729514
62 0.9969331707 0.1866775799 0.09088157336
62 0.06340036107 0.0007870973165 4.080454013e-05
63 0.06340036107 0.0009347006718 4.136615952e-05
64 0.06340036107 0.0009193878858 4.129471136e-05
65 0.06340036107 0.0009208097957 4.151389845e-05
66 0.06340036107 0.001427431618 4.889827287e-05
67 0.06340036107 0.002247440857 8.621774776e-05
68 0.06340036107 0.002626232009 0.0001047975942
69 0.06340036107 0.003058050033 0.0001312823222
70 0.06340036107 0.003304161045 0.0001421328219
71 0.06340036107 0.002619026392 0.0001311177801
72 0.06340036107 0.002790786362 0.0001409130496
73 0.06340036107 0.003813549448 0.0001899996275
74 0.06340036107 0.003089297182 0.0001730810146
75 0.06550656888 0.004376781194 0.0002259129541
76 0.06550656888 0.003312877152 0.0001666601056
77 0.08326100568 0.006061094392 0.00034592892
78 0.0873363517 0.006029844687 0.0003710051223
79 0.0873363517 0.005895684547 0.0003575105642
80 0.0873363517 0.006549093087 0.0003746751443
81 0.09833994129 0.007858707378 0.0005049486463
82 0.09833994129 0.008914453586 0.0006043187761
83 0.09833994129 0.006793487487 0.0004962047832
84 0.1038444399 0.007415789402 0.0004744618368
85 0.1038444399 0.005127037438 0.0003738638938
86 0.1038444399 0.007523844449 0.0005544563403
87 0.1429170491 0.009590122919 0.0009431546194
88 0.1429170491 0.008577948723 0.0008051847677
89 0.1429170491 0.01038038843 0.001014307299
90 0.1474901023 0.01144269725 0.001174323325
91 0.1527634056 0.01094015681 0.001142367989
92 0.1563602127 0.0161086483 0.001714022122
93 0.170990144 0.0152603129 0.001648363042
94 0.170990144 0.01561776772 0.001733748515
95 0.170990144 0.01129070708 0.001221050892
96 0.170990144 0.01421038339 0.001409376794
97 0.170990144 0.01484096684 0.00148072205
98 0.170990144 0.01155956676 0.001221494828
99 0.170990144 0.00944368645 0.001055570769
100 0.170990144 0.01305580376 0.001656242377
101 0.170990144 0.01308748751 0.001503194334
102 0.170990144 0.01126714443 0.001128304579
103 0.170990144 0.01419400879 0.001604969973
104 0.170990144 0.01672761089 0.001730367459
105 0.170990144 0.01601419538 0.001687152318
106 0.170990144 0.01191443377 0.001412901646
107 0.170990144 0.01268178313 0.001283566709
108 0.170990144 0.01317762379 0.0014267545
109 0.1721670888 0.01414417018 0.001542283915
110 0.1721670888 0.01782430995 0.002051557087
111 0.1721670888 0.01549069289 0.001694041561
112 0.1721670888 0.01587384547 0.001557552749
113 0.1721670888 0.01715074181 0.001673271785
114 0.1721670888 0.01276342074 0.001390101355
115 0.1721670888 0.01416741899 0.001603131629
116 0.1721670888 0.01540207339 0.001699738684
117 0.1867423069 0.0139400936 0.001839934748
118 0.1867423069 0.01247597637 0.001566775512
119 0.1867423069 0.01594082727 0.002039830919
120 0.1867423069 0.01705662485 0.002265732619
121 0.1992681938 0.01439338114 0.002043769125
122 0.1992681938 0.01716477216 0.002303702356
123 0.2055051823 0.01465374523 0.001965389776
124 0.2275289009 0.0134493983 0.002011670663
125 0.3000443637 0.01894176588 0.003056522695
126 0.3000443637 0.01758946412 0.002648460508
127 0.3000443637 0.02084035959 0.003347823623
128 0.3000443637 0.02171047366 0.003441638982
129 0.3000443637 0.02402594672 0.003925098834
130 0.3000443637 0.02511029458 0.004422433913
131 0.3000443637 0.02285332508 0.004344721479
132 0.3387573216 0.02819349184 0.005427531326
133 0.3387573216 0.02499231318 0.00460563057
134 0.3387573216 0.02077064379 0.004399709693
135 0.3387573216 0.02235843246 0.005073541572
136 0.3387573216 0.03082698434 0.006604353711
137 0.3387573216 0.02724584075 0.005886648945
138 0.3387573216 0.02372736602 0.005255142318
139 0.3387573216 0.0252903126 0.005452240183
140 0.3387573216 0.02425113348 0.006205629263
141 0.3387573216 0.02078062311 0.005284985028
142 0.3387573216 0.02037761433 0.005455800533
143 0.3555752603 0.02302993732 0.00595962159
144 0.3555752603 0.02511825267 0.006640907646
145 0.3555752603 0.0191136235 0.004696712059
146 0.3743540903 0.01989186389 0.005922151141
147 0.3743540903 0.02342821919 0.006247334883
148 0.4126591626 0.03708745151 0.01019948013
149 0.4126591626 0.03641720656 0.009240351075
150 0.4126591626 0.03845865804 0.01096531044
151 0.4126591626 0.04313942279 0.01173222571
152 0.4126591626 0.03777378839 0.009218604843
153 0.4126591626 0.03551901586 0.01003090356
154 0.421871407 0.03190562627 0.01019505423
155 0.421871407 0.03192265112 0.009100486764
156 0.421871407 0.03035676488 0.008994151293
157 0.421871407 0.0231003153 0.007127446706
158 0.421871407 0.02981107827 0.008739127125
159 0.421871407 0.03113004152 0.009158805103
160 0.4659519684 0.03216819178 0.009203583709
161 0.4659519684 0.03403967632 0.009807367698
162 0.4785680298 0.03794858295 0.01088864928
163 0.4785680298 0.03176482896 0.009725931276
164 0.4785680298 0.0369881713 0.01128886624
165 0.4785680298 0.03102278524 0.009682392896
166 0.4785680298 0.03925100214 0.0126143044
167 0.4785680298 0.04098397715 0.01267913827
168 0.5028597296 0.04198008994 0.01342847896
169 0.5028597296 0.03334450351 0.0101312411
170 0.5028597296 0.04054867693 0.01276541857
171 0.5028597296 0.04124417225 0.01288948113
172 0.5028597296 0.04413300038 0.01510266232
173 0.5028597296 0.05116723787 0.01651788541
174 0.5028597296 0.05817117886 0.0188893047
175 0.5106047034 0.05101898679 0.01623370574
176 0.5106047034 0.03484208676 0.01087002211
177 0.5146057983 0.04619143964 0.01668731258
178 0.5316793431 0.03778873987 0.01288704837
179 0.5316793431 0.05239308162 0.01576856601
180 0.5316793431 0.05209912403 0.01799470938
181 0.5316793431 0.07097043176 0.02097197995
182 0.5520525524 0.06094592108 0.02050906554
183 0.5696591911 0.05773184061 0.01927666006
184 0.5696591911 0.05629060965 0.01914590503
185 0.5696591911 0.06279614282 0.01990093382
186 0.5696591911 0.06367986116 0.02115213968
187 0.5696591911 0.05341563622 0.01792256381
188 0.5696591911 0.0570930683 0.01868287507
189 0.5696591911 0.05374042631 0.0189157702
190 0.5696591911 0.06396819529 0.02283019596
191 0.5696591911 0.06449589735 0.02171167692
192 0.5696591911 0.06883427592 0.02102713096
193 0.5696591911 0.07177163372 0.0221463591
194 0.5696591911 0.07906837495 0.02337626057
195 0.5696591911 0.0658332212 0.02247232969
196 0.6081393804 0.09320936532 0.03085921038
197 0.6081393804 0.08287843279 0.02478246395
198 0.6081393804 0.08451798846 0.02457053493
199 0.6081393804 0.08999206426 0.02878537181
200 0.6081393804 0.09317402646 0.03010219798
201 0.6081393804 0.07427639909 0.02332139573
202 0.6081393804 0.07328308717 0.02449101579
203 0.6081393804 0.08147073114 0.02486812359
204 0.6144353132 0.09367247694 0.02961514198
205 0.6144353132 0.07675571392 0.02161442052
206 0.6144353132 0.08664753399 0.02512163088
207 0.6144353132 0.1008448391 0.02872016015
208 0.6144353132 0.113434708 0.03144724757
209 0.6144353132 0.08933377909 0.02406453786
210 0.6144353132 0.08413592382 0.02478969352
211 0.6144353132 0.07738908112 0.02298979938
212 0.6144353132 0.07563000684 0.02131047878
213 0.6144353132 0.08217653959 0.02742339636
214 0.6144353132 0.08211203444 0.02393373018
215 0.6144353132 0.08216707658 0.02130244234
216 0.6144353132 0.0938883712 0.02523736113
217 0.6144353132 0.09532019612 0.0254618028
218 0.6144353132 0.09313583972 0.02597247816
219 0.6144353132 0.1086985903 0.02964997551
220 0.6144353132 0.09168384744 0.02704199812
221 0.6144353132 0.09438823073 0.02554239947
222 0.6540279898 0.09921750328 0.02644926535
223 0.6540279898 0.09066181425 0.0253380916
224 0.6540279898 0.07756174713 0.02135607892
225 0.6540279898 0.08345075583 0.02285783896
226 0.6540279898 0.110632471 0.03227730944
227 0.6540279898 0.0889065617 0.02509120379
228 0.6708244255 0.1074202067 0.03057217159
229 0.6708244255 0.09482909449 0.03140536567
230 0.6708244255 0.1002327446 0.0346726643
231 0.6708244255 0.09926104501 0.02954301353
232 0.6708244255 0.1068793619 0.03715164046
233 0.6708244255 0.1012491643 0.03415510879
234 0.6708244255 0.08546786565 0.03029581123
235 0.6708244255 0.101542936 0.03111374798
236 0.6708244255 0.08855413886 0.02803746711
237 0.6708244255 0.1062278326 0.03468408418
238 0.6710979867 0.09714871892 0.02975685742
239 0.6778763944 0.1112824414 0.03483770863
240 0.6778763944 0.123686434 0.03391417067
241 0.6778763944 0.1227547637 0.03500929669
242 0.7171486198 0.1122815596 0.03372099785
243 0.7171486198 0.1085376341 0.0278236439
244 0.7171486198 0.09561211126 0.02594461486
245 0.7171486198 0.09474776348 0.02792918543
246 0.7171486198 0.0920978031 0.02816493654
247 0.7171486198 0.08195469322 0.02876285644
248 0.7171486198 0.08709137653 0.02850626985
249 0.7171486198 0.09078237845 0.03377570722
250 0.7171486198 0.07907911343 0.02663901735
251 0.7171486198 0.08898243967 0.03062238041
252 0.7171486198 0.08429541369 0.02893812485
253 0.7171486198 0.09343053821 0.03820408587
254 0.7171486198 0.09805466462 0.03780553338
255 0.7171486198 0.08875513136 0.03387800182
256 0.7171486198 0.06901487093 0.02919611156
257 0.7171486198 0.07117131148 0.03073413687
258 0.723117949 0.07838842906 0.03345210031
259 0.723117949 0.08313013565 0.03956372421
260 0.723117949 0.07808880911 0.03408699858
261 0.723117949 0.06873603442 0.02918712775
262 0.9690335342 0.1061649615 0.04621620409
263 0.9690335342 0.09591272146 0.03867355378
264 0.9690335342 0.08294021947 0.03284091125
265 0.9690335342 0.08582582172 0.03682772832
266 0.9690335342 0.09919764585 0.04018895725
267 0.9690335342 0.1004352562 0.04599141916
268 0.9690335342 0.08971134044 0.03940180489
269 0.9690335342 0.09804523946 0.04422782033
270 0.9690335342 0.09950332256 0.04689239779
271 0.9690335342 0.100123889 0.04707498635
272 0.9690335342 0.09605915641 0.04888624371
273 0.9690335342 0.1085621207 0.05177752194
274 0.9690335342 0.09916588165 0.05021727724
275 0.9690335342 0.1187530315 0.05832757525
276 0.9690335342 0.116680006 0.05780237999
277 0.9690335342 0.1056404767 0.05668087415
278 0.9690335342 0.1002841686 0.0470119164
279 0.9690335342 0.1015009166 0.05178975354
280 0.9690335342 0.1281549369 0.06105642154
281 0.9690335342 0.1347309089 0.06327070813
282 0.9690335342 0.1075158786 0.04746623785
283 0.9690335342 0.08951239758 0.04792415684
284 0.9690335342 0.1121518639 0.05202888396
285 0.9690335342 0.1008488599 0.04774849921
286 0.9690335342 0.1031308357 0.05317302504
287 0.9690335342 0.1106130655 0.05650377485
288 0.9690335342 0.1234187861 0.06414744188
289 0.9690335342 0.1265446857 0.06058851533
290 0.9690335342 0.1178274597 0.05766894347
291 0.9690335342 0.1415130284 0.06696179741
292 0.9767863294 0.1256320708 0.06447951598
293 0.9767863294 0.1240929249 0.06446528881
294 0.9772457841 0.1153009534 0.05634672483
295 0.9772457841 0.1183589586 0.06257676921
296 0.9772457841 0.1313922483 0.06891932513
297 0.9772457841 0.1254872648 0.06864280941
298 0.9772457841 0.1153976345 0.06674336639
299 0.9772457841 0.1328126524 0.07248580347
300 0.9772457841 0.1206524062 0.06260527123
301 0.9772457841 0.1455158502 0.07125248655
302 0.9772457841 0.1138265477 0.05738538289
303 0.9772457841 0.1243931536 0.05929095339
304 0.9772457841 0.1369535935 0.06458150374
305 0.9772457841 0.1196664954 0.05225666969
306 0.9772457841 0.1318007564 0.05820414204
307 0.9772457841 0.1296613463 0.06149325042
308 0.9772457841 0.1356730883 0.05831153711
309 0.9772457841 0.1496366782 0.06673815765
310 0.9772457841 0.1482000275 0.07161630277
311 0.9772457841 0.1548604007 0.07826847927
312 0.9772457841 0.1328618392 0.07064492176
313 0.9772457841 0.1519135769 0.06906078313
314 0.9772457841 0.1375735886 0.068961341
315 0.9772457841 0.1482679768 0.07313406715
316 0.9772457841 0.1168749255 0.06968955179
317 0.9772457841 0.1294044568 0.07375704195
318 0.9772457841 0.1339034896 0.0702388573
319 0.9772457841 0.1432959775 0.06860835893
320 0.9772457841 0.1208167579 0.06856945423
321 0.9772457841 0.1232966848 0.066835706
322 0.9864958397 0.1385106039 0.07451086314
323 0.9864958397 0.1163352592 0.06089177357
324 0.9864958397 0.1480035949 0.06969067815
325 0.9864958397 0.1526092539 0.07994565133
326 0.9864958397 0.1323670926 0.06529253269
327 0.9864958397 0.1244590031 0.06420151501
328 0.9864958397 0.1522194421 0.08694557122
329 0.9864958397 0.1575363843 0.08054105102
330 0.9864958397 0.1659310824 0.08147564311
331 0.9864958397 0.1574695311 0.07825576997
332 0.9864958397 0.1297392809 0.07510236363
333 0.9864958397 0.1547501322 0.08449165913
334 0.9864958397 0.124816414 0.06427123715
335 0.9983493331 0.1346831488 0.07794968462
336 0.9983493331 0.1138461829 0.06880748956
337 0.9983493331 0.1138958057 0.06823794832
338 0.9983493331 0.09192689785 0.06039871298
339 0.9983493331 0.1015690252 0.06623609265
340 0.9983493331 0.1268666743 0.06635034458
341 0.9983493331 0.1312564451 0.06708188837
342 0.9983493331 0.1231819238 0.06758378142
343 0.9983493331 0.1421952271 0.07611525168
344 0.9983493331 0.1445108609 0.0647361312
345 0.9983493331 0.1414955521 0.06442877489
346 0.9983493331 0.1473356875 0.06635918777
347 0.9983493331 0.1480098415 0.07284514428
348 0.9983493331 0.1455754997 0.07096822565
349 0.9983493331 0.1758863311 0.08590312966
350 0.9983493331 0.1503341764 0.0789519634
351 0.9983493331 0.165980545 0.08019986285
352 0.9983493331 0.1868363114 0.08522590694
353 0.9983493331 0.1578768495 0.07325819481
354 0.9983493331 0.1586287105 0.07978153946
355 0.9983493331 0.1659629535 0.07795954524
356 0.9983493331 0.1351076401 0.06142127667
357 0.9983493331 0.1541664391 0.07003209948
358 0.9983493331 0.1273907184 0.063017728
359 0.9983493331 0.1624304934 0.07497249513
360 0.9985053229 0.1710355974 0.08102071994
361 0.9985053229 0.1498214269 0.07007137899
362 0.9985053229 0.1301736112 0.06141911617
363 0.9985053229 0.1656405564 0.07643133653
364 0.9985053229 0.127257254 0.06014072466
365 0.9985053229 0.1508086681 0.06977234431
366 0.9985053229 0.1172099411 0.06813526703
367 0.9985053229 0.1280648682 0.06819634727
368 0.9985053229 0.137966018 0.06662629266
369 0.9985053229 0.1406694297 0.07775638592
370 0.9985053229 0.1349572044 0.0660364602
371 0.9985053229 0.109844426 0.0621054395
372 0.9985053229 0.1135827872 0.05654019363
373 0.9985053229 0.1252304531 0.06943126521
374 0.9985053229 0.1122546964 0.06445712207
375 0.9985053229 0.0987749934 0.05787333023
376 0.9985053229 0.1130912407 0.06493970601
377 0.9985053229 0.1100622546 0.06167719261
378 0.9985053229 0.1307344493 0.07901202872
379 0.9985053229 0.1174055789 0.07234818565
380 0.9985053229 0.104841275 0.06372700356
381 0.9985053229 0.1198019659 0.06992179709
382 0.9985053229 0.1154030015 0.06334494752
383 0.9985053229 0.1089561358 0.06432955486
384 0.9985053229 0.1090526378 0.06412455247
385 0.9985053229 0.1166450806 0.06433348905
386 0.9985053229 0.1535319769 0.07896749567
387 0.9985053229 0.1384735615 0.07381882135
388 0.9985053229 0.1691931856 0.08507907771
389 0.9985053229 0.1562576881 0.08903497863
390 0.9985053229 0.144056186 0.08253314512
391 0.9985053229 0.1499013932 0.08264187176
392 0.9985053229 0.1513007456 0.08798330581
393 0.9985053229 0.1712351618 0.08186468971
394 0.9985053229 0.1534443808 0.08022159016
395 0.9985053229 0.1505690346 0.07371552832
396 0.9985053229 0.1634634256 0.07211009322
397 0.9985053229 0.1360022493 0.06377602566
398 0.9985053229 0.1798135547 0.0830037596
399 0.9985053229 0.1347661418 0.06215631003
400 0.9985053229 0.14224009 0.06821833021
401 0.9985053229 0.143951507 0.06456026767
402 0.9985053229 0.1221706757 0.05872846366
403 0.9985053229 0.1238160134 0.06423285241
404 0.9985053229 0.1243539693 0.06636442754
405 0.9985053229 0.1395871129 0.07424221474
406 0.9985053229 0.1546655307 0.07486088727
407 0.9985053229 0.1654991235 0.08598981305
408 0.9985053229 0.1848471556 0.09466537682
409 0.9985053229 0.1555047847 0.0715249605
410 0.9985053229 0.1200587485 0.06116937169
411 0.9985053229 0.1595046999 0.08522562234
412 0.9985053229 0.1456414112 0.08090990763
413 0.9985053229 0.1218022271 0.07441546091
414 0.9985053229 0.1158506667 0.06066752792
415 0.9985053229 0.1248670965 0.06899180347
416 0.9985053229 0.1224670841 0.06672607195
417 0.9985053229 0.1199266803 0.0697839369
418 0.9985053229 0.1253980335 0.06805957335
419 0.9985053229 0.127072686 0.06589660266
420 0.9987921731 0.1414087769 0.07589409276
421 0.9987921731 0.1577911708 0.08520467231
422 0.9987921731 0.1627374021 0.08935779571
423 0.9987921731 0.153239996 0.0861749385
424 0.9987921731 0.1954266868 0.1001197043
425 0.9987921731 0.1619727269 0.08172269645
426 0.9987921731 0.1799127291 0.08803327815
427 0.9987921731 0.1555805933 0.07166327926
428 0.9987921731 0.1630803303 0.06833455573
429 0.9987921731 0.1703781555 0.0817389571
430 0.9987921731 0.162857602 0.07966871994
431 0.9987921731 0.1646559676 0.0792227063
432 0.9987921731 0.1509664234 0.07987511706
433 0.9987921731 0.1012702004 0.05387335972
434 0.9987921731 0.1300932929 0.08064620644
435 0.9987921731 0.132166275 0.06490721329
436 0.9987921731 0.1422706121 0.07579799059
437 0.9987921731 0.1249845381 0.0644628547
438 0.9987921731 0.1228543908 0.0715328485
439 0.9987921731 0.1295043148 0.07428471816
440 0.9987921731 0.1396892368 0.0722722411
441 0.9987921731 0.1281582067 0.06890056709
442 0.9987921731 0.1050834546 0.06137407948
443 0.9987921731 0.1145871944 0.06853740834
444 0.9987921731 0.09854913767 0.06480789821
445 0.9987921731 0.09824781929 0.05891991406
446 0.9987921731 0.1238773224 0.07122494808
447 0.9987921731 0.1399285433 0.07397624788
448 0.9987921731 0.1507729495 0.07042544663
449 0.9987921731 0.1130577422 0.0638166654
450 0.9987921731 0.123086727 0.06812573005
451 0.9987921731 0.1088567005 0.06231670803
452 0.9987921731 0.09617048464 0.05620302349
453 0.9987921731 0.111575002 0.06331125008
454 0.9987921731 0.1185916348 0.07843595967
455 0.9987921731 0.1197936209 0.0738022816
456 0.9987921731 0.114665106 0.06483603804
457 0.9987921731 0.1085263986 0.06006905183
458 0.9987921731 0.09784798073 0.0562453207
459 0.9987921731 0.119642693 0.06993769029
460 0.9987921731 0.129056257 0.06489715621
461 0.9987921731 0.1382869854 0.06997411989
462 0.9987921731 0.149804034 0.07187857914
463 0.9987921731 0.1453305282 0.06590711291
464 0.9987921731 0.1347241986 0.06833445017
465 0.9987921731 0.1447066067 0.07360905907
466 0.9987921731 0.1474612633 0.07458941234
467 0.9987921731 0.1136741473 0.06014294306
468 0.9987921731 0.137466083 0.07849507303
469 0.9987921731 0.1325584858 0.07575007677
470 0.9987921731 0.1361570732 0.07241107538
471 0.9987921731 0.132044918 0.05832323745
472 0.9987921731 0.1573106561 0.07412662457
473 0.9987921731 0.1449244776 0.06684420343
474 0.9987921731 0.1462728225 0.07240473963
475 0.9987921731 0.1329523319 0.06414140804
476 0.9987921731 0.1253847582 0.05086879296
477 0.9987921731 0.1388756798 0.06881994046
478 0.9987921731 0.1293311541 0.06566417395
479 0.9987921731 0.1522529442 0.06465215835
480 0.9989306529 0.1778151293 0.07642480714
481 0.9989306529 0.1400873168 0.06301558749
482 0.9989306529 0.1371816178 0.06864171237
483 0.9989306529 0.1389632529 0.07475089141
484 0.9989306529 0.1369283238 0.0800993671
485 0.9989306529 0.1712080418 0.09176999845
486 0.9989306529 0.1492475734 0.08267911581
487 0.9989306529 0.1398358472 0.07519664437
488 0.9989306529 0.1103678203 0.05858143489
489 0.9989306529 0.125908063 0.06947656695
490 0.9989306529 0.07038571891 0.04331572618
491 0.9989306529 0.08384612525 0.05609383115
492 0.9989306529 0.1135120322 0.06113865805
493 0.9989306529 0.0996179359 0.05845002177
494 0.9989306529 0.1014327389 0.06370555039
495 0.9989306529 0.1132030229 0.05846185164
496 0.9989306529 0.1070412068 0.06040008194
497 0.9989306529 0.1045882153 0.05604660896
498 0.9989306529 0.1083556863 0.06424813957
499 0.9989306529 0.09217315811 0.05106373221
500 0.9989306529 0.1015411038 0.05242736005
501 0.9989306529 0.1097472468 0.06246932538
502 0.9989306529 0.1293312451 0.0749470823
503 0.9989306529 0.1266386205 0.07222410189
504 0.9989655898 0.1202596863 0.07423335715
505 0.9989655898 0.1250607729 0.07381323122
506 0.9989655898 0.1499678577 0.08150060688
507 0.9989655898 0.1336041186 0.07263099003
508 0.9989655898 0.1199468872 0.0644322476
509 0.9989655898 0.1013664031 0.06064742351
510 0.9989655898 0.09637961619 0.05931716034
511 0.9989655898 0.1038011979 0.060653092
512 0.9989655898 0.1169556379 0.06234271985
513 0.9989655898 0.159983312 0.08558618315
514 0.9989655898 0.1475076969 0.08376457099
515 0.9989655898 0.1442395893 0.07560773939
516 0.9989655898 0.1324947733 0.07599504156
517 0.9989655898 0.1394721564 0.0767414138
518 0.9989655898 0.1348402474 0.06578353589
519 0.9989655898 0.1471719876 0.07137636227
520 0.9989655898 0.1171723227 0.05376092795
521 0.9989655898 0.1212775876 0.06029153749
522 0.9989655898 0.1252180957 0.06351518151
523 0.9989655898 0.1428696935 0.07485811262
524 0.9989655898 0.1352826673 0.07773550259
525 0.9989655898 0.142954248 0.07826626724
526 0.9989655898 0.1116798367 0.06745509525
527 0.9989655898 0.1039755875 0.05329129924
528 0.9989655898 0.1105816975 0.06968457774
529 0.9989655898 0.1270416917 0.06872019142
530 0.9989655898 0.1592220272 0.07887885809
531 0.9989655898 0.1386062626 0.07471287171
532 0.9989655898 0.1309915306 0.06799360461
533 0.9989655898 0.1516691301 0.07767392146
534 0.9989655898 0.1410491151 0.07584502312
535 0.9989655898 0.1230420243 0.05545710125
536 0.9989655898 0.1322832052 0.06241606359
537 0.9989655898 0.1456756647 0.07505614273
538 0.9989655898 0.1454684965 0.0723301161
539 0.9989655898 0.1760479439 0.07089769544
540 0.9989655898 0.1692178351 0.07754990157
541 0.9989655898 0.1360058298 0.07037446288
542 0.9989655898 0.142190616 0.06777631425
543 0.9989655898 0.1667362444 0.08065305261
544 0.9989655898 0.15931673 0.07314595506
545 0.9989655898 0.178277208 0.08364948474
546 0.9989655898 0.2066731215 0.08754946654
547 0.9989655898 0.1622522851 0.07418773651
548 0.9989655898 0.1828758203 0.08026591875
549 0.9989655898 0.1649501211 0.08209322826
550 0.9989655898 0.146861953 0.06218092481
551 0.9989655898 0.1601629946 0.08131712572
552 0.9989655898 0.1213905829 0.06303174281
553 0.9989655898 0.1268385784 0.06972843801
554 0.9989655898 0.156116732 0.07361674237
555 0.9989655898 0.1592555174 0.081606095
556 0.9989655898 0.1487783095 0.07345207752
557 0.9989655898 0.1328688402 0.07082239741
558 0.9990151225 0.1600732401 0.08669309196
559 0.9990151225 0.1599811757 0.08930169422
560 0.9990151225 0.1723522055 0.0932299762
561 0.9990151225 0.1389892486 0.07675170726
562 0.9990151225 0.1436677642 0.07748625431
563 0.9990151225 0.1345692363 0.06741848499
564 0.9990151225 0.1465888842 0.07122341863
565 0.9990151225 0.132695759 0.07026063622
566 0.9990151225 0.1725718656 0.07663042881
567 0.9990151225 0.1146907617 0.06351764973
568 0.9990151225 0.1139365028 0.06419417258
569 0.9990151225 0.108856764 0.05995665121
570 0.9990151225 0.1185307841 0.0671664297
571 0.9990151225 0.1232706762 0.06621867828
572 0.9990151225 0.1480902109 0.080125936
573 0.9990151225 0.1455280107 0.08403090802
574 0.9990151225 0.1450706217 0.06359607185
575 0.9990151225 0.1523884703 0.07113185597
576 0.9990151225 0.158198192 0.07315989886
577 0.9990151225 0.1445304643 0.07920144139
578 0.9990151225 0.1226843689 0.06875836434
579 0.9990151225 0.1052982617 0.06070994716
580 0.9990151225 0.09358695857 0.0463193728
581 0.9990151225 0.1232754299 0.07441623628
582 0.9990151225 0.1064988229 0.06001126187
583 0.9990151225 0.1161099387 0.06591347033
584 0.9990151225 0.09283741323 0.06224429192
585 0.9997191562 0.0949201305 0.06256403343
586 0.9997191562 0.08988248166 0.06110769442
587 0.9997191562 0.1035695356 0.06821149521
588 0.9997191562 0.1097018804 0.06162191562
589 0.9997191562 0.1185218079 0.06748028133
590 0.9997191562 0.09615974918 0.05291698626
591 0.9997191562 0.09841439745 0.05876791004
592 0.9997191562 0.1082919619 0.06651902653
593 0.9997191562 0.1021710569 0.06408224101
594 0.9997191562 0.1040467195 0.05948830262
595 0.9997191562 0.106457094 0.06580385938
596 0.9997191562 0.1211201086 0.0604850167
597 0.9997191562 0.1189493042 0.06523235908
598 0.9997191562 0.1173968188 0.07239214897
599 0.9997191562 0.1156809164 0.05775188914
600 0.9997191562 0.1063982367 0.05946227567
601 0.9997191562 0.1544504597 0.08430416769
602 0.9997191562 0.141604958 0.06955178271
603 0.9997191562 0.1398409637 0.07496995961
604 0.9997191562 0.1390159938 0.07173332284
605 0.9997191562 0.1690336663 0.08098185793
606 0.9997191562 0.1582614414 0.07414398765
607 0.9997191562 0.162429571 0.07523715047
608 0.9997191562 0.1353047056 0.07178004969
609 0.9997419689 0.129622308 0.06835515003
610 0.9997419689 0.1292704484 0.06742303013
611 0.9997419689 0.119490903 0.06247595409
612 0.9997419689 0.1462787117 0.07910147381
613 0.9997419689 0.1319737889 0.06337185596
614 0.9997419689 0.1228989408 0.07175961091
615 0.9997419689 0.1454959932 0.08554699829
616 0.9997419689 0.1156123794 0.07245099092
617 0.9997419689 0.1054138487 0.06282474732
618 0.9997419689 0.1077356756 0.06533863733
619 0.9997419689 0.1382423112 0.07101167137
620 0.9997419689 0.1423437216 0.07265619296
621 0.9997419689 0.1261961983 0.06966583663
622 0.9997419689 0.1415260353 0.06507368457
623 0.9997419689 0.1349315859 0.07139726384
624 0.9997419689 0.139622345 0.08678082612
625 0.9997419689 0.1284835814 0.07502714242
626 0.9997419689 0.1303313691 0.0733733021
627 0.9997419689 0.1413910392 0.0785748208
628 0.9997419689 0.1378414661 0.07683800793
629 0.9997419689 0.12351542 0.06343188099
630 0.9997419689 0.1548018207 0.07048523172
631 0.9997419689 0.1508328045 0.06915357439
632 0.9997419689 0.1736243355 0.0794447912
633 0.9997419689 0.168401985 0.07767500115
634 0.9997924806 0.175948264 0.08989342286
635 0.9997924806 0.1541406941 0.0806144248
636 0.9997924806 0.171061537 0.08703585541
637 0.9997924806 0.1680881139 0.08204342195
638 0.9997924806 0.1604742993 0.07804308012
639 0.9997924806 0.1740766743 0.07890526446
640 0.9997924806 0.1330084278 0.07296427237
641 0.9997924806 0.1379024849 0.06775661084
642 0.9997924806 0.1139997707 0.06073320949
643 0.9997924806 0.1668534589 0.0827930797
644 0.9997924806 0.1693891267 0.08498339179
645 0.9997924806 0.142784328 0.07338830973
646 0.9997924806 0.1174316992 0.06352444846
647 0.9997924806 0.1488981882 0.07033512839
648 0.9997924806 0.1459388689 0.07775841248
649 0.9997924806 0.1746289994 0.08925907226
650 0.9997924806 0.1614538249 0.08245048014
651 0.9997924806 0.1433238437 0.07417138826
652 0.9997924806 0.1235700449 0.06832065142
653 0.9997924806 0.1395648284 0.07606913388
654 0.9997924806 0.1448922362 0.07920558294
655 0.9997924806 0.1235781206 0.06642583361
656 0.9997924806 0.1283562357 0.06716575975
657 0.9997924806 0.1495529513 0.07914341339
658 0.9997924806 0.1704713787 0.09132332587
659 0.9997924806 0.1559390324 0.09045053072
660 0.9997924806 0.1541252901 0.08800914672
661 0.9997924806 0.1555687777 0.08335689194
662 0.9997924806 0.1252367429 0.06807831323
663 0.9997924806 0.1376543424 0.08069835645
664 0.9997924806 0.1062038675 0.06041901455
665 0.9997924806 0.1062190031 0.05816775356
666 0.9997924806 0.1129850633 0.06260144901
667 0.9997924806 0.134293718 0.0781569062
668 0.9997924806 0.1314850319 0.06722782883
669 0.9997924806 0.1444788467 0.07002917349
670 0.9997924806 0.1406688543 0.0735322558
671 0.9997924806 0.1182305032 0.05868855419
672 0.9997924806 0.1147998849 0.05521655813
673 0.9997924806 0.1134459476 0.05189213157
674 0.9997924806 0.1480210789 0.07297118009
675 0.9997924806 0.1413254166 0.0725879634
676 0.9997924806 0.1394667687 0.07676567864
677 0.9997924806 0.1154837615 0.06342583261
678 0.9997924806 0.114595155 0.06556433865
679 0.9997924806 0.1339368883 0.07111310758
680 0.9997924806 0.1276977405 0.0654006323
681 0.9997924806 0.1552377467 0.07624224172
682 0.9997924806 0.1415891822 0.07434601541
683 0.9997924806 0.1094042775 0.05611373568
684 0.9997924806 0.1203756337 0.06533834912
685 0.9997924806 0.1476885037 0.08570625194
686 0.9997924806 0.1249675784 0.06524678837
687 0.9997924806 0.1344202605 0.07051337327
688 0.9997924806 0.1276671884 0.06088718814
689 0.9997924806 0.1413933386 0.07022676944
690 0.9997924806 0.1742749692 0.08851330081
691 0.9997924806 0.1233920541 0.0668245124
692 0.9997924806 0.1149317304 0.06203536832
693 0.9997924806 0.1410374351 0.07550309398
694 0.9997924806 0.1567380412 0.07774022521
695 0.9997924806 0.1714978825 0.07937328971
696 0.9997924806 0.1646236709 0.07280330581
697 0.9997924806 0.1535799007 0.08481332235
698 0.9997924806 0.1550507773 0.0733396603
699 0.9997924806 0.1307027051 0.0646954772
700 0.9997924806 0.1445400821 0.07178731525
701 0.9997924806 0.1355645674 0.06859844771
702 0.9997924806 0.1330582667 0.07064327444
703 0.9997924806 0.1273085745 0.06744982868
704 0.9997924806 0.1096562689 0.06263186773
705 0.9997924806 0.1262308157 0.07125044786
706 0.9997924806 0.1248679997 0.07693077908
707 0.9997924806 0.1228782208 0.06316835446
708 0.9997924806 0.1392748598 0.07052436532
709 0.9997924806 0.1294616802 0.06303988572
710 0.9997924806 0.1248614329 0.06733356524
711 0.9997924806 0.1318936282 0.06610892504
712 0.9997924806 0.1337267703 0.06975323349
713 0.9997924806 0.1367122609 0.07258043337
714 0.9997924806 0.1668071322 0.08297433259
715 0.9997924806 0.1356724201 0.07552845412
716 0.9997924806 0.12665303 0.05877639817
717 0.9997924806 0.1137361423 0.06486273883
718 0.9997924806 0.1122346683 0.06373163602
719 0.9997924806 0.1581051785 0.09038558048
720 0.9997924806 0.1731250788 0.09531855011
721 0.9997924806 0.1627233301 0.08877312099
722 0.9997924806 0.1797440725 0.08484040176
723 0.9997924806 0.1411179107 0.07088135642
724 0.9997924806 0.1619068649 0.07887817764
725 0.9997924806 0.1477372348 0.07307878326
726 0.9997924806 0.1767874349 0.09628166056
727 0.9997924806 0.1456961953 0.07233966601
728 0.9997924806 0.1215792247 0.06512641957
729 0.9997924806 0.1268559831 0.06722202706
730 0.9997924806 0.1180130848 0.07650418176
731 0.9997924806 0.09772949787 0.06082410218
732 0.9997924806 0.1132062506 0.06676458457
733 0.9997924806 0.1122608228 0.06597857629
734 0.9997924806 0.143089039 0.07613726859
735 0.9997924806 0.1432697473 0.07492903651
736 0.9997994563 0.1490209283 0.08029045925
737 0.9997994563 0.1425723198 0.07119591847
738 0.9997994563 0.1220625232 0.0634568091
739 0.9997994563 0.1221267044 0.06554474198
740 0.9997994563 0.1115567537 0.06185267045
741 0.9997994563 0.1336685347 0.06555957871
742 0.9997994563 0.1186116687 0.06386829832
743 0.9997994563 0.1370736908 0.07618874985
744 0.9997994563 0.1425073657 0.07606763788
745 0.9997994563 0.1220883207 0.0638848361
746 0.9997994563 0.1220574912 0.07320651871
747 0.9997994563 0.1347856344 0.08293612734
748 0.9997994563 0.1437144235 0.07060426756
749 0.9997994563 0.1269197118 0.06433693253
750 0.9997994563 0.1165704779 0.06314235575
751 0.9997994563 0.1217583145 0.06042975957
752 0.9997994563 0.1154609753 0.05882296976
753 0.9997994563 0.1207739925 0.06541879329
754 0.9997994563 0.1369916754 0.06700745475
755 0.9997994563 0.1264497404 0.06771673145
756 0.9997994563 0.1499030191 0.07958790652
757 0.9997994563 0.1706004117 0.08961009737
758 0.9997994563 0.1505787255 0.07768049315
759 0.9997994563 0.1406779234 0.0722590579
760 0.9997994563 0.1201539504 0.06252020799
761 0.9997994563 0.1168614095 0.06197669234
762 0.9997994563 0.128810604 0.06392649476
763 0.9997994563 0.1092377081 0.0615712715
764 0.9997994563 0.1340236304 0.07559191895
765 0.9997994563 0.1051180045 0.06280348001
766 0.9997994563 0.09414835828 0.05794482648
767 0.9997994563 0.08510356207 0.05982172024
768 0.9997994563 0.1327844393 0.08614225246
769 0.9997994563 0.1188795497 0.07366972954
770 0.9997994563 0.1209395494 0.07587392081
771 0.9997994563 0.1389213392 0.0745734239
772 0.9997994563 0.1087411069 0.06992424883
773 0.9997994563 0.1044140575 0.06871051987
774 0.9997994563 0.09797296359 0.05954462348
775 0.9997994563 0.1062612798 0.06526563582
776 0.9997994563 0.09083561441 0.06102018519
777 0.9997994563 0.09787309654 0.06172492401
778 0.9997994563 0.1099790757 0.07034522945
779 0.9997994563 0.0993431604 0.06155000216
780 0.9997994563 0.1046070493 0.05869952444
781 0.9997994563 0.1233280104 0.07620489319
782 0.9997994563 0.1223704574 0.07109402449
783 0.9997994563 0.1112350772 0.06590645769
784 0.9997994563 0.1424133816 0.08453194336
785 0.9998041499 0.1622654666 0.09660748971
786 0.9998041499 0.1868765145 0.09893106878
787 0.9998041499 0.1584386133 0.0818726938
788 0.9998041499 0.1462111334 0.0748337947
789 0.9998041499 0.1636137883 0.0875982524
790 0.9998041499 0.1212144862 0.0675190094
791 0.9998041499 0.1390687157 0.07110270223
792 0.9998041499 0.1424391715 0.08041938375
793 0.9998041499 0.1313525463 0.0680686765
794 0.9998041499 0.1594195245 0.07906467713
795 0.9998041499 0.1449682291 0.08115838857
796 0.9998041499 0.1501322205 0.07566612408
797 0.9998041499 0.1407263831 0.07669995628
798 0.9998041499 0.1395795297 0.07485878678
799 0.9998041499 0.1479126005 0.07636677136
800 0.9998041499 0.1736306307 0.08654224001
801 0.9998041499 0.1584173357 0.07594226436
802 0.9998041499 0.1585005348 0.07768879424
803 0.9998041499 0.1359145988 0.06580377185
804 0.9998041499 0.1278825652 0.06352186679
805 0.9998041499 0.1226672677 0.06263960309
806 0.9998041499 0.1184439816 0.05877182862
807 0.9998052726 0.1123157531 0.0642404459
808 0.9998052726 0.1510913831 0.07992431222
809 0.9998052726 0.1295588921 0.07178584237
810 0.9998052726 0.1332345037 0.06598139079
811 0.9998052726 0.1314820555 0.07290478194
812 0.9998052726 0.1350197536 0.07565665285
813 0.9998052726 0.1266010414 0.06864311728
814 0.9998052726 0.1274614042 0.07110678409
815 0.9998052726 0.1279354534 0.0698421291
816 0.9998052726 0.1555662482 0.07303463615
817 0.9998052726 0.1046068975 0.05280480815
818 0.9998052726 0.1232868451 0.0645361478
819 0.9998052726 0.1581600017 0.08523748318
820 0.9998052726 0.1470115697 0.0827101573
821 0.9998052726 0.1776715817 0.09176330493
822 0.9998052726 0.1638271999 0.09084215317
823 0.9998052726 0.1149264121 0.06688451284
824 0.9998052726 0.1398024383 0.07665199809
825 0.9998052726 0.1162853446 0.06827757933
826 0.9998052726 0.1543173118 0.08314156027
827 0.9998052726 0.1703312666 0.08994164777
828 0.9998052726 0.1365252094 0.07292679384
829 0.9998052726 0.1220839312 0.07262811076
830 0.9998052726 0.1104736561 0.06558301607
831 0.9998052726 0.1291275042 0.07734948772
832 0.9998052726 0.138045237 0.07258210646
833 0.9998052726 0.1510944294 0.07836093703
834 0.9998052726 0.1561121393 0.07649258302
835 0.9998052726 0.1552098045 0.07219092953
836 0.9998052726 0.1532710345 0.07593789014
837 0.9998052726 0.1201281532 0.06441860706
838 0.9998052726 0.1267812435 0.07182471455
839 0.9998052726 0.1067006051 0.05463963813
840 0.9998052726 0.09944618745 0.05463910808
841 0.9998052726 0.09539166639 0.05368688705
842 0.9998052726 0.1076076969 0.06321009038
843 0.9998052726 0.1107071138 0.06395266763
844 0.9998052726 0.1214999981 0.06388463747
845 0.9998052726 0.1217958203 0.07425484696
846 0.9998052726 0.1264464707 0.06728458706
847 0.9998052726 0.1236783169 0.06855282467
848 0.9998052726 0.1136753012 0.06637298872
849 0.9998052726 0.1125914664 0.06275881428
850 0.9998052726 0.1375442462 0.07738030383
851 0.9998052726 0.1555493924 0.08552299771
852 0.9998052726 0.1388126971 0.07299262607
853 0.9998052726 0.1245761431 0.06334120894
854 0.9998052726 0.1571836135 0.07849429637
855 0.9998052726 0.1756886346 0.08436896239
856 0.9998052726 0.150335596 0.0703574411
857 0.9998052726 0.1442598883 0.06490589162
858 0.9998052726 0.1489280782 0.06857079025
859 0.9998052726 0.1153325304 0.06010229857
860 0.9998052726 0.08845356564 0.05231918413
861 0.9998052726 0.1433674578 0.08003852131
862 0.9998052726 0.1262826782 0.05954187875
863 0.9998052726 0.1147137402 0.05424783957
864 0.9998052726 0.1213065962 0.05746499987
865 0.9998052726 0.1110721947 0.06192801643
866 0.9998052726 0.1455985653 0.07543264424
867 0.9998052726 0.1195329071 0.05221037025
868 0.9998052726 0.113692803 0.05328249737
869 0.9998052726 0.132441119 0.06182088428
870 0.9998052726 0.114791538 0.05956978913
871 0.9998052726 0.09916060815 0.04949892326
872 0.9998052726 0.1249580014 0.06865307773
873 0.9998052726 0.1414862442 0.07142146095
874 0.9998052726 0.1314357189 0.06870841152
875 0.9998052726 0.1194019635 0.0608622362
876 0.9998052726 0.1368012912 0.06205699607
877 0.9998052726 0.1277681548 0.05844430296
878 0.9998052726 0.1282647448 0.06239317481
879 0.9998052726 0.1495639313 0.07474741411
880 0.9998052726 0.1925162978 0.08986251494
881 0.9998052726 0.1832260335 0.08601541802
882 0.9998052726 0.2065663501 0.0928505644
883 0.9998052726 0.1838694833 0.0780759761
884 0.9998052726 0.1729760014 0.06468064868
885 0.9998052726 0.1603195763 0.07529029051
886 0.9998052726 0.1281223834 0.05618693709
887 0.9998052726 0.1107859826 0.05639881449
888 0.9998052726 0.1374814186 0.06333210969
889 0.9998052726 0.1419538631 0.0551130363
890 0.9998052726 0.1168490793 0.04681358284
891 0.9998052726 0.134430389 0.06330084091
892 0.9998052726 0.1444712546 0.07237365372
893 0.9998052726 0.151932635 0.0798199456
894 0.9998052726 0.1349091335 0.07557470379
895 0.9998052726 0.1095158638 0.05885981634
896 0.9998052726 0.1029967756 0.05583626851
897 0.9998052726 0.1124087591 0.05824743667
898 0.9998052726 0.1430835552 0.06187151853
899 0.9998052726 0.1405110558 0.08248864445
900 0.9998052726 0.1560740985 0.09327864702
901 0.9998052726 0.1097305709 0.06806532891
902 0.9998052726 0.1018578808 0.05963186173
903 0.9998052726 0.09274086383 0.05586525128
904 0.9998052726 0.1020745931 0.05913969734
905 0.9998052726 0.09967799868 0.05823782533
906 0.9998052726 0.1260650074 0.07421358667
907 0.9998052726 0.1064705006 0.0712617105
908 0.9998052726 0.1258468391 0.07297050519
909 0.9998052726 0.135956621 0.07737132743
910 0.9998052726 0.1298199075 0.0700626242
911 0.9998052726 0.1317649546 0.07594038844
912 0.9998052726 0.1280349054 0.07605134402
913 0.9998052726 0.1309528203 0.07552367073
914 0.9998052726 0.1132951668 0.06936969978
915 0.9998052726 0.1358785727 0.07505461505
916 0.9998052726 0.1395671256 0.07470477724
917 0.9998052726 0.1128131154 0.06438488308
918 0.9998052726 0.1391183483 0.07739209068
919 0.9998052726 0.1283916167 0.07095765271
920 0.9998052726 0.1299205956 0.07472958065
921 0.9998052726 0.1026795813 0.06182446728
922 0.9998052726 0.08855882238 0.05228470795
923 0.9998052726 0.1161561726 0.06317348263
924 0.9998052726 0.1061475965 0.06409090823
925 0.9998052726 0.1101103166 0.05911785407
926 0.9998052726 0.1205953544 0.06671523657
927 0.9998052726 0.1257492893 0.06752823522
928 0.9998052726 0.1215317354 0.06215705579
929 0.9998052726 0.09978123682 0.05924556309
930 0.9998052726 0.1205199287 0.06521429212
931 0.9998052726 0.1281795176 0.06452504366
932 0.9998052726 0.1351213544 0.06704265159
933 0.9998052726 0.1668373261 0.07936701227
934 0.9998052726 0.1389446029 0.06918202572
935 0.9998052726 0.09071683392 0.04825921457
936 0.9998052726 0.1120468738 0.06711139244
937 0.9998052726 0.09704681893 0.05667877707
938 0.9998052726 0.1003595997 0.05737720993
939 0.9998052726 0.1141364654 0.06493618017
940 0.9998052726 0.1108139954 0.05691891444
941 0.9998052726 0.1216351894 0.06767826919
942 0.9998052726 0.1361062612 0.06927542541
943 0.9998052726 0.1070362502 0.05682965413
944 0.9998052726 0.1115926824 0.0650058421
945 0.9998052726 0.1194675397 0.06974474969
946 0.9998052726 0.1288996264 0.07282001296
947 0.9998052726 0.1108290013 0.0628728612
948 0.9998052726 0.1058112026 0.0552654882
949 0.9998052726 0.09887198253 0.05653005683
950 0.9998052726 0.1171539066 0.06788421351
951 0.9998052726 0.1223931421 0.05890030535
952 0.9998052726 0.1136626821 0.05874549022
953 0.9998052726 0.102702388 0.05306428261
954 0.9998052726 0.1372990855 0.07792928942
955 0.9998052726 0.1221090293 0.06543842484
956 0.9998052726 0.1347745424 0.07833846676
957 0.9998052726 0.124343517 0.06829295717
958 0.9998052726 0.08785404062 0.05683709378
959 0.9998052726 0.08160084807 0.04765257444
960 0.9998052726 0.1204823628 0.06287773929
961 0.9998052726 0.1405429594 0.07057439329
962 0.9998052726 0.1432848622 0.07027758482
963 0.9998052726 0.1644105884 0.08295791203
964 0.9998052726 0.1355756083 0.05910428766
965 0.9998052726 0.1347742044 0.06935915616
966 0.9998052726 0.1422951183 0.07682410539
967 0.9998052726 0.1372713855 0.0673655317
968 0.9998052726 0.1442355348 0.06539336097
969 0.9998052726 0.1381678574 0.06524030168
970 0.9998052726 0.1402033308 0.07104765802
971 0.9998052726 0.1567592101 0.07613584826
972 0.9998052726 0.1345620144 0.07107337799
973 0.9998052726 0.1652468995 0.09547239504
974 0.9998052726 0.1554785842 0.08083810302
975 0.9998052726 0.1544718288 0.07914895288
976 0.9998052726 0.1621170154 0.07678192849
977 0.9998052726 0.142184844 0.06216725293
978 0.9998052726 0.1794133062 0.08561206905
979 0.9998052726 0.1735583645 0.08266931116
980 0.9998052726 0.1437423484 0.07138296148
981 0.9998052726 0.1515063672 0.08501301966
982 0.9998052726 0.1386426708 0.06620392846
983 0.9998052726 0.1108064562 0.05831014659
984 0.9998052726 0.09714235582 0.0538280601
985 0.9998052726 0.08818469212 0.05056121277
986 0.9998052726 0.09947733102 0.06339895279
987 0.9998052726 0.1094819227 0.06877870007
988 0.9998052726 0.1238448228 0.07369075279
989 0.9998052726 0.1212560706 0.05885894331
990 0.9998052726 0.1318685307 0.07196291318
991 0.9998052726 0.1409858174 0.07833141847
992 0.9998052726 0.1372732663 0.07776057607
993 0.9998052726 0.1382373144 0.07253073558
994 0.9998052726 0.1246815415 0.06352495535
995 0.9998052726 0.1390898318 0.07479693498
996 0.9998052726 0.1345137047 0.07011874651
997 0.9998052726 0.1388176131 0.06719827952
998 0.9998052726 0.1440610144 0.07420114335
999 0.9998052726 0.135555488 0.07339765687
1000 0.9998052726 0.1422119251 0.07109205656
1001 0.9998052726 0.1352508087 0.07488499474
1002 0.9998052726 0.1302475825 0.0674629523
1003 0.9998052726 0.1227793824 0.06572968335
1004 0.9998052726 0.147328276 0.08434768351
1005 0.9998052726 0.1422429374 0.06987296367
1006 0.9998052726 0.1376455356 0.06489179592
1007 0.9998052726 0.1037709943 0.05103514703
1008 0.9998052726 0.1076814196 0.05161570731
1009 0.9998052726 0.1316458273 0.07799473411
1010 0.9998052726 0.1257985994 0.07246298461
1011 0.9998052726 0.1132944864 0.06933308004
1012 0.9998052726 0.1321693401 0.07806526269
1013 0.9998052726 0.1548097672 0.0868551377
1014 0.9998052726 0.1674996212 0.0915443937
1015 0.9998052726 0.1633414381 0.0953146576
1016 0.9998052726 0.1521271163 0.08005185112
1017 0.9998052726 0.1496963131 0.07722063593
1018 0.9998052726 0.1506541997 0.07720262579
1019 0.9998052726 0.1512804818 0.07257864115
1020 0.9998052726 0.1450586082 0.07282524785
1021 0.9998052726 0.1536046231 0.07928074945
1022 0.9998052726 0.1612074519 0.08247897246
1023 0.9998052726 0.1415159617 0.07073560719
1024 0.9998052726 0.1523402848 0.0770629092
1025 0.9998052726 0.1231493975 0.06799551759
1026 0.9998052726 0.1372346117 0.06934120004
1027 0.9998052726 0.1243370884 0.06694400888
1028 0.9998052726 0.129468674 0.06746259612
1029 0.9998052726 0.1211950739 0.06351010203
1030 0.9998052726 0.1199416964 0.06644433992
1031 0.9998052726 0.1178462741 0.06288788407
1032 0.9998052726 0.1045491493 0.05975601606
1033 0.9998052726 0.1152190657 0.06390823265
1034 0.9998052726 0.1344240821 0.07556673859
1035 0.9998052726 0.1331900351 0.06618933352
1036 0.9998052726 0.1688185531 0.08340197065
1037 0.9998052726 0.1547244356 0.07982472632
1038 0.9998052726 0.1495788631 0.07706181085
1039 0.9998052726 0.1481578338 0.08274200082
1040 0.9998052726 0.1529806738 0.08150917014
1041 0.9998052726 0.1439136435 0.07713154816
1042 0.9998052726 0.1318246988 0.07294076096
1043 0.9998052726 0.1156376296 0.0627653126
1044 0.9998052726 0.1449830337 0.08521922833
1045 0.9998052726 0.1633748771 0.08604595824
1046 0.9998052726 0.1309014108 0.07467471687
1047 0.9998052726 0.1324250753 0.06624867947
1048 0.9998052726 0.1515142057 0.07626823286
1049 0.9998052726 0.1678402025 0.08833622156
1050 0.9998052726 0.1812928234 0.08659757689
1051 0.9998052726 0.1541704447 0.07274173662
1052 0.9998052726 0.125262912 0.0696530209
1053 0.9998052726 0.1318985715 0.07355415689
1054 0.9998052726 0.1361676413 0.08006246445
1055 0.9998052726 0.1249123921 0.0683426925
1056 0.9998052726 0.1421528605 0.07789383879
1057 0.9998052726 0.143691176 0.07124573825
1058 0.9998052726 0.1451478228 0.06800315849
1059 0.9998052726 0.1590382942 0.06630278036
1060 0.9998052726 0.1620685102 0.07340010462
1061 0.9998052726 0.1557222678 0.07365345851
1062 0.9998052726 0.1583528639 0.06918065517
1063 0.9998052726 0.1569569605 0.07370975228
1064 0.9998052726 0.1749764771 0.07963297105
1065 0.9998052726 0.1900797228 0.07808058329
1066 0.9998052726 0.1771965606 0.07734375613
1067 0.9998052726 0.1415952743 0.06446681948
1068 0.9998052726 0.1625683411 0.07523132078
1069 0.9998052726 0.1423743247 0.06927394876
1070 0.9998052726 0.1484936043 0.07379003589
1071 0.9998052726 0.1614204251 0.08092646906
1072 0.9998052726 0.1523799742 0.07343551043
1073 0.9998052726 0.1494379453 0.0781978326
1074 0.9998052726 0.1699540422 0.08567807856
1075 0.9998052726 0.1825017241 0.09534069993
1076 0.9998052726 0.1310993542 0.06372664903
1077 0.9998052726 0.1291829736 0.06488174142
1078 0.9998052726 0.1595237088 0.08719346013
1079 0.9998052726 0.1310819027 0.07285096599
1080 0.9998052726 0.1447341252 0.08326821467
1081 0.9998052726 0.1318914097 0.08160436578
1082 0.9998052726 0.1300177819 0.07428467887
1083 0.9998052726 0.1150604873 0.06985269898
1084 0.9998052726 0.1307274698 0.06956509417
1085 0.9998052726 0.1458572953 0.07362920346
1086 0.9998052726 0.1364534331 0.07738176578
1087 0.9998052726 0.1453309725 0.07686478205
1088 0.9998052726 0.1413482691 0.06714541307
1089 0.9998052726 0.1322973126 0.06578709697
1090 0.9998052726 0.1454237306 0.07195740192
1091 0.9998052726 0.1499073534 0.07055162851
1092 0.9998052726 0.1262563489 0.06072758589
1093 0.9998052726 0.1307549278 0.07044637468
1094 0.9998052726 0.1446885588 0.07530980027
1095 0.9998052726 0.1427277416 0.0719805383
1096 0.9998052726 0.1702766737 0.08098120965
1097 0.9998052726 0.135544477 0.06712511023
1098 0.9998052726 0.1470321603 0.07100828943
1099 0.9998052726 0.1450964063 0.07037034581
1100 0.9998052726 0.1300244151 0.05805378214
1101 0.9998052726 0.1386773961 0.07706274361
1102 0.9998052726 0.1288725451 0.07757392724
1103 0.9998052726 0.1283035206 0.07423502643
1104 0.9998052726 0.1348895895 0.07226225432
1105 0.9998052726 0.1345743115 0.06712211147
1106 0.9998052726 0.1325719129 0.05899344536
1107 0.9998052726 0.1449828273 0.06040226575
1108 0.9998052726 0.1338762655 0.06658330955
1109 0.9998052726 0.09973199113 0.05037670603
1110 0.9998052726 0.1147506582 0.05683666177
1111 0.9998052726 0.109795094 0.06754662453
1112 0.9998052726 0.1100574258 0.06554674294
1113 0.9998052726 0.1312005563 0.07429624327
1114 0.9998052726 0.131451146 0.0771484412
1115 0.9998052726 0.1372834406 0.08056726868
1116 0.9998052726 0.1424940651 0.07318020638
1117 0.9998052726 0.1522055461 0.07614486514
1118 0.9998052726 0.1505482639 0.07744771269
1119 0.9998052726 0.1456761185 0.07209608884
1120 0.9998052726 0.1620932002 0.08641224009
1121 0.9998052726 0.1486853407 0.08262778916
1122 0.9998052726 0.1460257399 0.08406723315
1123 0.9998052726 0.1311496624 0.07528046517
1124 0.9998052726 0.1169670281 0.06616133349
1125 0.9998052726 0.1254344574 0.07577868027
1126 0.9998052726 0.1517508087 0.07419248322
1127 0.9998052726 0.1586953678 0.08188907285
1128 0.9998052726 0.1518745135 0.0716973754
1129 0.9998052726 0.1670766236 0.07918943497
1130 0.9998052726 0.1900029864 0.08810211949
1131 0.9998052726 0.1588533893 0.07293846169
1132 0.9998052726 0.1499229746 0.07659853046
1133 0.9998052726 0.1685624762 0.08560312852
1134 0.9998052726 0.1622478457 0.07711985842
1135 0.9998052726 0.1595779138 0.07527439424
1136 0.9998052726 0.1595910486 0.08821549426
1137 0.9998052726 0.1183286096 0.06689611471
1138 0.9998052726 0.1257531819 0.06634747175
1139 0.9998052726 0.09983578181 0.05576403227
1140 0.9998052726 0.1285036787 0.07029654792
1141 0.9998052726 0.1312617149 0.06844126346
1142 0.9998052726 0.1378363628 0.0753104763
1143 0.9998052726 0.1433065217 0.08041187861
1144 0.9998052726 0.1362587339 0.07746477461
1145 0.9998052726 0.1322243085 0.07057855109
1146 0.9998052726 0.149991295 0.07916969679
1147 0.9998052726 0.1416628562 0.06804458213
1148 0.9998052726 0.1375293121 0.06625100557
1149 0.9998052726 0.124458577 0.06615307907
1150 0.9998052726 0.1595862754 0.08244796799
1151 0.9998052726 0.1403430484 0.07772114774
1152 0.9998052726 0.1121035694 0.05995382591
1153 0.9998052726 0.1058584614 0.05687816955
1154 0.9998052726 0.1168792545 0.07362627712
1155 0.9998052726 0.1128765529 0.05825649916
1156 0.9998052726 0.1138169963 0.06326656403
1157 0.9998052726 0.1056208347 0.06154833573
1158 0.9998052726 0.09979898832 0.05424749106
1159 0.9998052726 0.09195191767 0.04829687254
1160 0.9998052726 0.09419423016 0.05408837891
1161 0.9998052726 0.09120999948 0.05194118846
1162 0.9998052726 0.07838737804 0.04548736053
1163 0.9998052726 0.09308837713 0.06612868137
1164 0.9998052726 0.1140138059 0.06933305793
1165 0.9998052726 0.1187789043 0.0677518466
1166 0.9998052726 0.1198014334 0.06462161724
1167 0.9998052726 0.1104448987 0.05738729861
1168 0.9998052726 0.110751121 0.05877170806
1169 0.9998052726 0.1019415964 0.05483957106
1170 0.9998052726 0.1077420172 0.05698067361
1171 0.9998052726 0.1308046179 0.06386160857
1172 0.9998052726 0.1329829089 0.07034362541
1173 0.9998052726 0.1120774534 0.06627045403
1174 0.9998052726 0.1270891529 0.06612595108
1175 0.9998052726 0.1404323555 0.0767448065
1176 0.9998052726 0.1184643463 0.0675626473
1177 0.9998052726 0.112376822 0.07009718424
1178 0.9998052726 0.1238273988 0.07784851275
1179 0.9998052726 0.1157188275 0.06780400125
1180 0.9998052726 0.1234655517 0.07054304003
1181 0.9998052726 0.09954699705 0.06020291147
1182 0.9998052726 0.1136370913 0.06192266973
1183 0.9998052726 0.09168285511 0.05896634058
1184 0.9998052726 0.09689764131 0.05609575869
1185 0.9998052726 0.1104569869 0.06750347677
1186 0.9998052726 0.1034382006 0.0580407085
1187 0.9998052726 0.1155704659 0.07008967237
1188 0.9998052726 0.1308053784 0.06944348533
1189 0.9998052726 0.1048364461 0.06108140307
1190 0.9998052726 0.08605749891 0.05109084625
1191 0.9998052726 0.1024400581 0.05477952342
1192 0.9998052726 0.1066174007 0.05630439336
1193 0.9998052726 0.1187798883 0.06554488183
1194 0.9998052726 0.1232612998 0.06979589658
1195 0.9998052726 0.1044654215 0.0557752631
1196 0.9998052726 0.119647592 0.06101250202
1197 0.9998052726 0.1272804829 0.05603204418
1198 0.9998052726 0.1304307383 0.06128086263
1199 0.9998052726 0.1393761135 0.07569131126
1200 0.9998052726 0.1332749197 0.07656352868
1201 0.9998052726 0.1457869669 0.06718953225
1202 0.9998052726 0.1063234252 0.05482022537
1203 0.9998052726 0.1115215652 0.05446513022
1204 0.9998052726 0.102202658 0.05375259631
1205 0.9998052726 0.1145043753 0.06118030464
1206 0.9998052726 0.1094147311 0.06363757926
1207 0.9998052726 0.1277533077 0.07979520768
1208 0.9998052726 0.1133888186 0.06767532419
1209 0.9998052726 0.1198592697 0.06820196131
1210 0.9998052726 0.1335994872 0.07089264343
1211 0.9998052726 0.1275115703 0.06925117086
1212 0.9998052726 0.126836323 0.057495394
1213 0.9998052726 0.1366455514 0.07328295546
1214 0.9998052726 0.1467956913 0.07307615979
1215 0.9998052726 0.1289061966 0.06732102084
1216 0.9998052726 0.1103038228 0.06241934499
1217 0.9998052726 0.1330203886 0.06448727755
1218 0.9998052726 0.1268500437 0.06571406543
1219 0.9998052726 0.1150302868 0.05548086772
1220 0.9998052726 0.1316368407 0.0674580266
1221 0.9998052726 0.1243060094 0.06933150356
1222 0.9998052726 0.1496776868 0.07669085625
1223 0.9998052726 0.151177187 0.07614076792
1224 0.9998052726 0.1474745897 0.08093788754
1225 0.9998052726 0.1257260075 0.06796166543
1226 0.9998052726 0.1431008731 0.08116084816
1227 0.9998052726 0.1165708634 0.0646104281
1228 0.9998052726 0.133286683 0.070610904
1229 0.9998052726 0.1411149278 0.06987002307
1230 0.9998052726 0.145925279 0.07417967213
1231 0.9998052726 0.1218067973 0.06207785368
1232 0.9998052726 0.1394679028 0.07118929764
1233 0.9998052726 0.1263720447 0.06007421572
1234 0.9998052726 0.1056242241 0.06221272426
1235 0.9998052726 0.07806122516 0.04229213079
1236 0.9998052726 0.06716866484 0.04135775853
1237 0.9998052726 0.08384646361 0.04646259581
1238 0.9998052726 0.1028985334 0.06241445982
1239 0.9998052726 0.09652499673 0.05605302711
1240 0.9998052726 0.09868635047 0.05775326387
1241 0.9998052726 0.107511091 0.05310355885
1242 0.9998052726 0.1153179396 0.06273418939
1243 0.9998052726 0.09957230565 0.05979441275
1244 0.9998052726 0.09314388335 0.05659984051
1245 0.9998052726 0.1082261248 0.05692425556
1246 0.9998052726 0.08290605542 0.05399870037
1247 0.9998052726 0.09981059923 0.05521893495
1248 0.9998052726 0.1135882009 0.06265222516
1249 0.9998052726 0.1371556415 0.07122487021
1250 0.9998052726 0.117723614 0.05873703403
1251 0.9998052726 0.1248163374 0.06781093932
1252 0.9998052726 0.1225379824 0.06458209346
1253 0.9998052726 0.110672596 0.06198883956
1254 0.9998052726 0.09457164504 0.04482965202
1255 0.9998052726 0.111024862 0.06120991942
1256 0.9998052726 0.1278515938 0.06655827717
1257 0.9998052726 0.1598187551 0.08333152464
1258 0.9998052726 0.161633617 0.07730509718
1259 0.9998052726 0.1580817549 0.07564480686
1260 0.9998052726 0.1237670912 0.05521362635
1261 0.9998052726 0.1198934234 0.06062163481
1262 0.9998052726 0.1308290082 0.06525266669
1263 0.9998052726 0.1419458528 0.0581623364
1264 0.9998052726 0.1308859518 0.05338992193
1265 0.9998052726 0.1448372593 0.06244064218
1266 0.9998052726 0.1284506134 0.05992401359
1267 0.9998052726 0.1184147309 0.06281186675
1268 0.9998052726 0.1467658569 0.07099560744
1269 0.9998052726 0.1259464005 0.05776181625
1270 0.9998052726 0.128007209 0.06009098999
1271 0.9998052726 0.1343672797 0.05951918116
1272 0.9998052726 0.132720993 0.06821496543
1273 0.9998052726 0.1857885909 0.0856144716
1274 0.9998052726 0.1774022839 0.08857283199
1275 0.9998052726 0.1832156644 0.07655757949
1276 0.9998052726 0.1533433986 0.07215531731
1277 0.9998052726 0.1410806142 0.06583678384
1278 0.9998052726 0.1426103522 0.0629521227
1279 0.9998052726 0.1430518299 0.06432611427
1280 0.9998052726 0.1462874058 0.06413699899
1281 0.9998052726 0.142895492 0.06642023715
1282 0.9998052726 0.1553287422 0.06914186365
1283 0.9998052726 0.1600073366 0.07793607995
1284 0.9998052726 0.1646283952 0.07592694196
1285 0.9998052726 0.1410644598 0.06724516715
1286 0.9998052726 0.1222830406 0.06457205237
1287 0.9998052726 0.1352468644 0.07410894608
1288 0.9998052726 0.1013254218 0.05883682911
1289 0.9998052726 0.1124854246 0.05924894847
1290 0.9998052726 0.1100646994 0.05824946569
1291 0.9998052726 0.1087563823 0.0582108475
1292 0.9998052726 0.1255262355 0.05624576655
1293 0.9998052726 0.1057386763 0.06187315527
1294 0.9998052726 0.1184674616 0.06588935999
1295 0.9998052726 0.1382576834 0.07339092503
1296 0.9998052726 0.1024427796 0.05574406424
1297 0.9998052726 0.1067302997 0.0587742156
1298 0.9998052726 0.1073166431 0.05524586413
1299 0.9998052726 0.1244201303 0.06288882569
1300 0.9998052726 0.1344497753 0.07605740994
1301 0.9998052726 0.1179349501 0.06502423736
1302 0.9998052726 0.1420317089 0.0764395948
1303 0.9998052726 0.134321695 0.06699302475
1304 0.9998052726 0.1439816233 0.07153396697
1305 0.9998052726 0.1603740869 0.07659610577
1306 0.9998052726 0.1541553472 0.07657009743
1307 0.9998052726 0.1397122102 0.06733347757
1308 0.9998052726 0.1413143234 0.0676813225
1309 0.9998052726 0.1315026591 0.06499787206
1310 0.9998052726 0.1172885733 0.06020799921
1311 0.9998052726 0.1063197847 0.05566171595
1312 0.9998052726 0.1173074256 0.06138697799
1313 0.9998052726 0.1472345178 0.0800720322
1314 0.9998052726 0.1448490786 0.07682291063
1315 0.9998052726 0.1496512594 0.07860432195
1316 0.9998052726 0.1629336757 0.08308557897
1317 0.9998052726 0.2024267802 0.1028687397
1318 0.9998052726 0.1460451787 0.0682470084
1319 0.9998052726 0.1328307174 0.06049799421
1320 0.9998052726 0.1557186104 0.08336924132
1321 0.9998052726 0.1428222493 0.07069844941
1322 0.9998052726 0.1630895909 0.08636756464
1323 0.9998052726 0.1371190583 0.07017014973
1324 0.9998052726 0.1388479671 0.06938303176
1325 0.9998052726 0.1763143799 0.08216356116
1326 0.9998052726 0.1583557183 0.07093800108
1327 0.9998052726 0.1106004443 0.05251347015
1328 0.9998052726 0.1057821791 0.05227797947
1329 0.9998052726 0.1259401251 0.06040056145
1330 0.9998052726 0.1320903301 0.0634402983
1331 0.9998052726 0.1421871712 0.0665699755
1332 0.9998052726 0.1505209487 0.07735727995
1333 0.9998052726 0.1386840888 0.06442895816
1334 0.9998052726 0.1445472893 0.07383369092
1335 0.9998052726 0.1261055756 0.06404570858
1336 0.9998052726 0.1190484306 0.06786069365
1337 0.9998052726 0.123689177 0.0645432803
1338 0.9998052726 0.1439223179 0.07736148531
1339 0.9998052726 0.1513913355 0.0728228363
1340 0.9998052726 0.1538281148 0.06751396726
1341 0.9998052726 0.1417245071 0.0655267568
1342 0.9998052726 0.1353086087 0.06417984199
1343 0.9998052726 0.1468756139 0.07356166695
1344 0.9998052726 0.1730327598 0.08353689335
1345 0.9998052726 0.1460117678 0.06998960672
1346 0.9998052726 0.1258178294 0.06770847337
1347 0.9998052726 0.1479984354 0.07361860649
1348 0.9998052726 0.166242466 0.0820759146
1349 0.9998052726 0.1701083663 0.07864065464
1350 0.9998052726 0.1512904116 0.07045101344
1351 0.9998052726 0.1847483562 0.09049533508
1352 0.9998052726 0.1500182893 0.07483074934
1353 0.9998052726 0.1304156101 0.06537665911
1354 0.9998052726 0.1172883342 0.05900169311
1355 0.9998052726 0.1540405699 0.07416410802
1356 0.9998052726 0.1769060988 0.08047382456
1357 0.9998052726 0.147502858 0.07574775442
1358 0.9998052726 0.1921599429 0.0933340755
1359 0.9998052726 0.1557011728 0.07926747355
1360 0.9998052726 0.1412590688 0.06188210962
1361 0.9998052726 0.1572110021 0.0778754966
1362 0.9998052726 0.175239714 0.08354869368
1363 0.9998052726 0.1847249049 0.08828549168
1364 0.9998052726 0.1573135429 0.07419118697
1365 0.9998052726 0.1726203508 0.07808017439
1366 0.9998052726 0.1647735675 0.07778326169
1367 0.9998052726 0.1778296095 0.07892045298
1368 0.9998052726 0.1540150654 0.06408194353
1369 0.9998052726 0.1469918429 0.06322530763
1370 0.9998052726 0.1398286864 0.06440962926
1371 0.9998052726 0.1640627254 0.07293717535
1372 0.9998052726 0.1124549859 0.06365620983
1373 0.9998052726 0.1384086838 0.07203807072
1374 0.9998052726 0.1235245848 0.06407151379
1375 0.9998052726 0.1190077227 0.06216939868
1376 0.9998052726 0.1440797913 0.0773393226
1377 0.9998052726 0.141069469 0.06893874861
1378 0.9998052726 0.130116666 0.07836693437
1379 0.9998052726 0.1470881674 0.0793739191
1380 0.9998052726 0.1033469479 0.0504304625
1381 0.9998052726 0.1174217609 0.05672466726
1382 0.9998052726 0.1213272067 0.06293138553
1383 0.9998052726 0.1380541799 0.06648624442
1384 0.9998052726 0.1293105 0.06684050099
1385 0.9998052726 0.1279157187 0.06389570982
1386 0.9998052726 0.1333780038 0.06590094534
1387 0.9998052726 0.1473317785 0.08497152773
1388 0.9998052726 0.1182588214 0.0685400466
1389 0.9998052726 0.1176603548 0.06181285495
1390 0.9998052726 0.1387627737 0.07304922832
1391 0.9998052726 0.1368744605 0.07818455881
1392 0.9998052726 0.1367349888 0.0714675317
1393 0.9998052726 0.1260791506 0.06753122331
1394 0.9998052726 0.1024641665 0.05305704667
1395 0.9998052726 0.142489779 0.07652067419
1396 0.9998052726 0.1620452643 0.08418912775
1397 0.9998052726 0.1469658336 0.07324767476
1398 0.9998052726 0.1388185909 0.06500276303
1399 0.9998052726 0.1253274689 0.05939530658
1400 0.9998052726 0.123633059 0.06115628977
1401 0.9998052726 0.1278468613 0.06458024536
1402 0.9998052726 0.1519764656 0.08409474381
1403 0.9998052726 0.1210283265 0.05904535816
1404 0.9998052726 0.14074539 0.06714145837
1405 0.9998052726 0.1244104879 0.06421295569
1406 0.9998052726 0.1264004571 0.06605384698
1407 0.9998052726 0.1149700813 0.06758774012
1408 0.9998052726 0.1097385014 0.06477263567
1409 0.9998052726 0.1251689612 0.07457810744
1410 0.9998052726 0.1312691501 0.06790153102
1411 0.9998052726 0.1251863893 0.06507920422
1412 0.9998052726 0.1084051511 0.05995819298
1413 0.9998052726 0.127099102 0.0690174898
1414 0.9998052726 0.1240012143 0.06349516455
1415 0.9998052726 0.1268079028 0.07344013625
1416 0.9998052726 0.1291194404 0.07484487025
1417 0.9998052726 0.1338672996 0.07305600929
1418 0.9998052726 0.1242044495 0.06977032076
1419 0.9998052726 0.1333854241 0.0723023501
1420 0.9998052726 0.1109680577 0.06631016786
1421 0.9998052726 0.1249999916 0.06809863749
1422 0.9998052726 0.119853085 0.06690408193
1423 0.9998052726 0.1398357181 0.07098013324
1424 0.9998052726 0.1315685864 0.0647428522
1425 0.9998052726 0.122444659 0.05986392694
1426 0.9998052726 0.1204762427 0.05997019059
1427 0.9998052726 0.1132150584 0.05267209522
1428 0.9998052726 0.107811307 0.0536562498
1429 0.9998052726 0.1054986905 0.06495423473
1430 0.9998052726 0.1137644095 0.06463308866
1431 0.9998052726 0.1203736232 0.0645693538
1432 0.9998052726 0.1333266372 0.070071258
1433 0.9998052726 0.09905657582 0.05271686173
1434 0.9998052726 0.1158753738 0.05681071998
1435 0.9998052726 0.1235893717 0.06192342896
1436 0.9998052726 0.1251533721 0.05971045393
1437 0.9998052726 0.0995013871 0.0568560629
1438 0.9998052726 0.1448594794 0.07185963136
1439 0.9998052726 0.147705484 0.07727901299
1440 0.9998052726 0.1379709009 0.07145864543
1441 0.9998052726 0.1585133389 0.07703678811
1442 0.9998052726 0.1761363696 0.08765726657
1443 0.9998052726 0.1532025295 0.08103253928
1444 0.9998052726 0.1584735875 0.07754032804
1445 0.9998052726 0.1499567057 0.06741692896
1446 0.9998052726 0.1455140456 0.06889279564
1447 0.9998052726 0.1305695978 0.07112134883
1448 0.9998052726 0.1322886873 0.0651509778
1449 0.9998052726 0.1569467368 0.07538953718
1450 0.9998052726 0.1443646414 0.07667537673
1451 0.9998052726 0.1570516403 0.08170559907
1452 0.9998052726 0.1835855968 0.07981435756
1453 0.9998052726 0.1541263184 0.06744828567
1454 0.9998052726 0.1253259742 0.06022403057
1455 0.9998052726 0.1618509727 0.07467619159
1456 0.9998052726 0.1590720569 0.07147235025
1457 0.9998052726 0.1526230444 0.06828318391
1458 0.9998052726 0.1670591527 0.08006023452
1459 0.9998052726 0.1574810562 0.07482095731
1460 0.9998052726 0.1700566884 0.09080491221
1461 0.9998052726 0.1734636309 0.08515069524
1462 0.9998052726 0.1451214887 0.07168226582
1463 0.9998052726 0.1568750664 0.08131152316
1464 0.9998052726 0.1449874696 0.07937241292
1465 0.9998052726 0.1274735107 0.06288261486
1466 0.9998052726 0.1169696186 0.06146257342
1467 0.9998052726 0.120471594 0.06217378067
1468 0.9998052726 0.1322528964 0.08261007203
1469 0.9998052726 0.1153804158 0.0661986171
1470 0.9998052726 0.1183333019 0.07010345055
1471 0.9998052726 0.1158460097 0.06214011538
1472 0.9998052726 0.1301532517 0.07107864601
1473 0.9998052726 0.10059166 0.05276344155
1474 0.9998052726 0.103476656 0.0631273359
1475 0.9998052726 0.1427937848 0.08037969514
1476 0.9998052726 0.1103896645 0.05912893328
1477 0.9998052726 0.1158780498 0.06507722747
1478 0.9998052726 0.150187997 0.08081633589
1479 0.9998052726 0.1429990344 0.08337821774
1480 0.9998052726 0.1670279208 0.08330378242
1481 0.9998052726 0.1704829787 0.08438287417
1482 0.9998052726 0.1674717466 0.07675498429
1483 0.9998052726 0.1640438634 0.07189103297
1484 0.9998052726 0.1570793739 0.07549135016
1485 0.9998052726 0.1449968082 0.06431621791
1486 0.9998052726 0.1521920512 0.06904692473
1487 0.9998052726 0.1307249443 0.05529128241
1488 0.9998052726 0.1299232653 0.06024059241
1489 0.9998052726 0.1324675505 0.06856860713
1490 0.9998052726 0.1186606131 0.06202719282
1491 0.9998052726 0.1105612131 0.05924986807
1492 0.9998052726 0.116177889 0.05867510545
1493 0.9998052726 0.1334360589 0.07234263546
1494 0.9998052726 0.09463358784 0.05099445225
1495 0.9998052726 0.1089185349 0.06212907142
1496 0.9998052726 0.1097654732 0.06472686042
1497 0.9998052726 0.1199448831 0.0628677005
1498 0.9998052726 0.1289241554 0.06292393611
1499 0.9998052726 0.1119861865 0.06249670173
1500 0.9998052726 0.1224628158 0.06683174715
1501 0.9998052726 0.1231498428 0.06772699156
1502 0.9998052726 0.1363931773 0.07062137644
1503 0.9998052726 0.1341009808 0.07344507974
1504 0.9998052726 0.156276653 0.08998118638
1505 0.9998052726 0.1573647666 0.08442958905
1506 0.9998052726 0.1392258762 0.06815390174
1507 0.9998052726 0.1407411389 0.07310133023
1508 0.9998052726 0.1384324225 0.07579322453
1509 0.9998052726 0.1165028477 0.06634355143
1510 0.9998052726 0.1253362887 0.06343199033
1511 0.9998052726 0.1451187946 0.07761816086
1512 0.9998052726 0.1362016501 0.07170547428
1513 0.9998052726 0.1310725778 0.07251064228
1514 0.9998052726 0.165288087 0.08720135904
1515 0.9998052726 0.1763901233 0.09510008012
1516 0.9998052726 0.152517779 0.08252432267
1517 0.9998052726 0.153438322 0.07437013059
1518 0.9998052726 0.1715934348 0.0756997826
1519 0.9998052726 0.1630994947 0.06901189414
1520 0.9998052726 0.1569153175 0.06904714016
1521 0.9998052726 0.1859722392 0.07393216983
1522 0.9998052726 0.1423680958 0.05864918869
1523 0.9998052726 0.1239655934 0.05551392316
1524 0.9998052726 0.1325292373 0.06283718497
1525 0.9998052726 0.1218511362 0.0669692394
1526 0.9998052726 0.1424905283 0.07005690629
1527 0.9998052726 0.1413867591 0.07078531719
1528 0.9998052726 0.151349884 0.06969800204
1529 0.9998052726 0.1563199502 0.07924737242
1530 0.9998052726 0.1384972143 0.07132082958
1531 0.9998052726 0.1648813493 0.07817522177
1532 0.9998052726 0.133889232 0.06213675886
1533 0.9998052726 0.1425983599 0.0740418341
1534 0.9998052726 0.1193877345 0.06342316897
1535 0.9998052726 0.121218697 0.05986523957
1536 0.9998052726 0.1162888224 0.06827868632
1537 0.9998052726 0.1082057556 0.06125005408
1538 0.9998052726 0.1180603139 0.06538472762
1539 0.9998052726 0.1548139611 0.07737998313
1540 0.9998052726 0.1527436886 0.08263311477
1541 0.9998052726 0.1743922902 0.08883926721
1542 0.9998052726 0.1781639472 0.09154066556
1543 0.9998052726 0.2075235291 0.1017104003
1544 0.9998052726 0.1799304732 0.08932079188
1545 0.9998052726 0.1870750107 0.08490100797
1546 0.9998052726 0.1718234039 0.08368382797
1547 0.9998052726 0.1644881414 0.0710822065
1548 0.9998052726 0.1641943015 0.07702997339
1549 0.9998052726 0.1689835861 0.0753156469
1550 0.9998052726 0.1464701123 0.06498092785
1551 0.9998052726 0.1361700775 0.065023517
1552 0.9998052726 0.1282004573 0.06597961766
1553 0.9998052726 0.1258958953 0.05868848011
1554 0.9998052726 0.1166266114 0.05895716221
1555 0.9998052726 0.1067407168 0.05552562911
1556 0.9998052726 0.1120270108 0.06134980074
1557 0.9998052726 0.1255458342 0.06943068007
1558 0.9998052726 0.1584452314 0.0875657112
1559 0.9998052726 0.1618738766 0.0810539062
1560 0.9998052726 0.1515543549 0.07190873751
1561 0.9998052726 0.1501982969 0.07130994547
1562 0.9998052726 0.1693014811 0.08147426881
1563 0.9998052726 0.1668715037 0.08618263155
1564 0.9998052726 0.1704711998 0.08348206675
1565 0.9998052726 0.1304655303 0.06817781806
1566 0.9998052726 0.1473281135 0.07837190846
1567 0.9998052726 0.131563687 0.07599546705
1568 0.9998052726 0.1509949633 0.08182020699
1569 0.9998052726 0.1321352848 0.07409888749
1570 0.9998052726 0.1173660894 0.06486639284
1571 0.9998052726 0.1234738759 0.06580594962
1572 0.9998052726 0.1205027116 0.06249046043
1573 0.9998052726 0.1555404368 0.08133545565
1574 0.9998052726 0.1240301261 0.06825747509
1575 0.9998052726 0.1019743983 0.05541370677
1576 0.9998052726 0.1020311508 0.05710868094
1577 0.9998052726 0.122575238 0.06872713777
1578 0.9998052726 0.1086477198 0.06132220824
1579 0.9998052726 0.1283038395 0.06421238377
1580 0.9998052726 0.1138472474 0.0567498204
1581 0.9998052726 0.1247346392 0.06315550341
1582 0.9998052726 0.1300978917 0.06077840781
1583 0.9998052726 0.1230412333 0.05843255088
1584 0.9998052726 0.1227894149 0.05626503564
1585 0.9998052726 0.1085925322 0.05601172682
1586 0.9998052726 0.1302998875 0.06807824287
1587 0.9998052726 0.1187633057 0.07338389873
1588 0.9998052726 0.1209519187 0.05614891693
1589 0.9998052726 0.1014404567 0.05520881758
1590 0.9998052726 0.1043746895 0.05871277513
1591 0.9998052726 0.1474120397 0.08577616508
1592 0.9998052726 0.1418302118 0.07198396657
1593 0.9998052726 0.1445109008 0.06913717778
1594 0.9998052726 0.1105133484 0.06015996297
1595 0.9998052726 0.1273404699 0.05929990444
1596 0.9998052726 0.1185639036 0.06998152473
1597 0.9998052726 0.104859237 0.05406208603
1598 0.9998052726 0.1104444987 0.06234043771
1599 0.9998052726 0.1180013744 0.06625212641
1600 0.9998052726 0.1089641338 0.06232019318
1601 0.9998052726 0.1116202125 0.06523531873
1602 0.9998052726 0.09994713275 0.05687842099
1603 0.9998052726 0.09491384888 0.06025726698
1604 0.9998052726 0.1093000448 0.06230817567
1605 0.9998052726 0.1312638281 0.06896023791
1606 0.9998052726 0.1145157208 0.0577260767
1607 0.9998052726 0.123099782 0.06378986606
1608 0.9998052726 0.08932403993 0.04828254468
1609 0.9998052726 0.1425127442 0.07891609642
1610 0.9998052726 0.1279505408 0.06214816559
1611 0.9998052726 0.1558395433 0.08451086179
1612 0.9998052726 0.1413986135 0.07031670843
1613 0.9998052726 0.1510290752 0.06805346826
1614 0.9998052726 0.1423990762 0.06715719362
1615 0.9998052726 0.129499321 0.05760786654
1616 0.9998052726 0.1423068781 0.06650420117
1617 0.9998052726 0.1550706887 0.0824054024
1618 0.9998052726 0.1397814089 0.07332660881
1619 0.9998052726 0.1418012632 0.07481485886
1620 0.9998052726 0.1474543432 0.07857669464
1621 0.9998052726 0.1403212736 0.06414087108
1622 0.9998052726 0.1207972546 0.05564173274
1623 0.9998052726 0.1259085117 0.05984758484
1624 0.9998052726 0.1070187135 0.05385287508
1625 0.9998052726 0.1329074835 0.0609167515
1626 0.9998052726 0.1174571013 0.05125036077
1627 0.9998052726 0.09034468737 0.05201345653
1628 0.9998052726 0.1195129252 0.06366758129
1629 0.9998052726 0.136318523 0.0715348045
1630 0.9998052726 0.1235696168 0.06695136377
1631 0.9998052726 0.1113629408 0.06134769685
1632 0.9998052726 0.1153325811 0.06309863048
1633 0.9998088222 0.122291919 0.06902952945
1634 0.9998088222 0.1201601919 0.06506123222
1635 0.9998088222 0.129067011 0.07404511786
1636 0.9998088222 0.1390431323 0.06863537641
1637 0.9998088222 0.09917618314 0.05616218116
1638 0.9998088222 0.1326101996 0.07357627298
1639 0.9998088222 0.1565116319 0.07355476917
1640 0.9998088222 0.205580845 0.0913886417
1641 0.9998088222 0.1521698414 0.06553596459
1642 0.9998088222 0.1359407783 0.06418900381
1643 0.9998088222 0.1410676387 0.07337555597
1644 0.9998088222 0.1401178684 0.07866134932
1645 0.9998088222 0.1484191917 0.08099021223
1646 0.9998088222 0.1472060102 0.07732518941
1647 0.9998088222 0.1810410373 0.08086371441
1648 0.9998088222 0.1237045002 0.05837608077
1649 0.9998088222 0.123949412 0.07285454773
1650 0.9998088222 0.134626756 0.07678378841
1651 0.9998088222 0.1328518994 0.07191833189
1652 0.9998088222 0.1666475715 0.07749290986
1653 0.9998088222 0.1678391732 0.08596254048
1654 0.9998088222 0.1544048115 0.08123406011
1655 0.9998088222 0.1053255674 0.05623071445
1656 0.9998088222 0.1153184823 0.05865878196
1657 0.9998088222 0.1305303936 0.07346026089
1658 0.9998088222 0.1586420107 0.09042353603
1659 0.9998088222 0.1439435698 0.0797675008
1660 0.9998088222 0.1515668426 0.07894049377
1661 0.9998088222 0.1482657306 0.07246191089
1662 0.9998088222 0.1577621938 0.07392207086
1663 0.9998088222 0.1623452347 0.08301346485
1664 0.9998088222 0.1653510159 0.08105162794
1665 0.9998088222 0.1515533981 0.07318513683
1666 0.9998088222 0.1687005791 0.08801534978
1667 0.9998088222 0.1650596982 0.08056012661
1668 0.9998088222 0.1852254367 0.08994719914
1669 0.9998088222 0.1606146484 0.08082912132
1670 0.9998088222 0.117103632 0.05952280124
1671 0.9998088222 0.1096051641 0.06221574037
1672 0.9998088222 0.1208494695 0.06276955126
1673 0.9998088222 0.1170864328 0.05956539507
1674 0.9998088222 0.1197971709 0.06120360988
1675 0.9998088222 0.1400700028 0.07231894857
1676 0.9998088222 0.1683292576 0.07764786561
1677 0.9998088222 0.146864984 0.07073460824
1678 0.9998088222 0.1411797014 0.07703089837
1679 0.9998088222 0.1267963199 0.0619867604
1680 0.9998088222 0.1213271886 0.05875354843
1681 0.9998088222 0.1349728725 0.06959382167
1682 0.9998088222 0.1448198684 0.07582204293
1683 0.9998088222 0.1406664377 0.08279599531
1684 0.9998088222 0.1472536066 0.08380485712
1685 0.9998088222 0.1218187984 0.06751704403
1686 0.9998088222 0.1434364985 0.08371248961
1687 0.9998088222 0.1348182416 0.07919757058
1688 0.9998088222 0.1405990801 0.07798075532
1689 0.9998088222 0.157910968 0.08720581795
1690 0.9998088222 0.1510665102 0.08482673671
1691 0.9998088222 0.1239704961 0.05959666358
1692 0.9998088222 0.09694472668 0.05043990813
1693 0.9998088222 0.1126588214 0.06106537355
1694 0.9998088222 0.1190475954 0.06302601348
1695 0.9998088222 0.08551613333 0.04982011771
1696 0.9998088222 0.1014136263 0.05511870428
1697 0.9998088222 0.1202280398 0.05958127493
1698 0.9998088222 0.1217391713 0.06937126964
1699 0.9998088222 0.1194066501 0.06419700892
1700 0.9998088222 0.1011054423 0.06071929567
1701 0.9998088222 0.1215609038 0.07116178865
1702 0.9998088222 0.1502219153 0.08490064865
1703 0.9998088222 0.1568081582 0.08592470464
1704 0.9998088222 0.1408112083 0.07622947444
1705 0.9998088222 0.1438214824 0.07545063798
1706 0.9998088222 0.1246261026 0.06132847367
1707 0.9998088222 0.1260463828 0.06773673325
1708 0.9998088222 0.1147381024 0.07267591458
1709 0.9998088222 0.1305680148 0.06915981455
1710 0.9998088222 0.1247488098 0.06514379838
1711 0.9998088222 0.1643146285 0.07975446247
1712 0.9998088222 0.1588322837 0.08152464407
1713 0.9998088222 0.1563386023 0.08560931753
1714 0.9998088222 0.1530714848 0.08764571325
1715 0.9998088222 0.1542405635 0.08269023559
1716 0.9998088222 0.1330922354 0.0733377422
1717 0.9998088222 0.13066548 0.06722714965
1718 0.9998088222 0.1476348959 0.07519634644
1719 0.9998088222 0.1267454399 0.06177385201
1720 0.9998088222 0.1434907086 0.06729732886
1721 0.9998088222 0.14045527 0.07247587601
1722 0.9998088222 0.1630592038 0.07343842075
1723 0.9998088222 0.1548467485 0.07385286228
1724 0.9998088222 0.1500816194 0.07473505351
1725 0.9998088222 0.1423278988 0.07623667733
1726 0.9998088222 0.1532391514 0.08248240074
1727 0.9998088222 0.1674885681 0.09388558743
1728 0.9998088222 0.1515077697 0.07935994533
1729 0.9998088222 0.1521758453 0.07753867781
1730 0.9998088222 0.1431899847 0.08130523902
1731 0.9998088222 0.1500791488 0.08643051601
1732 0.9998088222 0.1543386984 0.08399056645
1733 0.9998088222 0.1366687381 0.07768803928
1734 0.9998088222 0.1506770458 0.08030854001
1735 0.9998088222 0.1481191358 0.07460394675
1736 0.9998088222 0.167576346 0.0926142258
1737 0.9998088222 0.1870285678 0.08869926177
1738 0.9998088222 0.1441124919 0.07000906515
1739 0.9998088222 0.1499034664 0.07072926409
1740 0.9998088222 0.1637718192 0.07606308552
1741 0.9998088222 0.1614594845 0.07310612421
1742 0.9998088222 0.1560842643 0.07422709025
1743 0.9998088222 0.155587775 0.07934341329
1744 0.9998088222 0.1896731064 0.08870624793
1745 0.9998088222 0.2100075676 0.09099628292
1746 0.9998088222 0.2092449272 0.09529084714
1747 0.9998088222 0.1765279024 0.08018631243
1748 0.9998088222 0.1477282404 0.07466626787
1749 0.9998088222 0.1518243598 0.08575383065
1750 0.9998088222 0.1494674597 0.07831025403
1751 0.9998088222 0.1423892149 0.07096242991
1752 0.9998088222 0.1235148441 0.06048079503
1753 0.9998088222 0.1230506281 0.06568312377
1754 0.9998088222 0.1341933681 0.07331035819
1755 0.9998088222 0.137704982 0.07664108542
1756 0.9998088222 0.1247041342 0.07188550238
1757 0.9998088222 0.1437937953 0.077382817
1758 0.9998088222 0.135493964 0.0688715303
1759 0.9998088222 0.1286739086 0.0653087661
1760 0.9998088222 0.133394102 0.0646624178
1761 0.9998088222 0.1191239424 0.06126081041
1762 0.9998088222 0.142039534 0.07141747391
1763 0.9998088222 0.1322814668 0.07231295654
1764 0.9998088222 0.122399386 0.06594006217
1765 0.9998088222 0.1204640741 0.06061645932
1766 0.9998088222 0.1140770636 0.06235322986
1767 0.9998088222 0.1081039822 0.05215787608
1768 0.9998088222 0.08262534953 0.04436684157
1769 0.9998088222 0.08168636337 0.04905691696
1770 0.9998088222 0.1022481975 0.06301343963
1771 0.9998088222 0.1001323437 0.05643830897
1772 0.9998088222 0.1005763609 0.05453373826
1773 0.9998088222 0.1132498866 0.05781567559
1774 0.9998088222 0.112614424 0.05784516324
1775 0.9998088222 0.1119613706 0.06421495537
1776 0.9998088222 0.1424106399 0.07789206144
1777 0.9998088222 0.1256082662 0.06197967739
1778 0.9998088222 0.1334608405 0.07598261163
1779 0.9998088222 0.1203961174 0.06291294353
1780 0.9998088222 0.1283694266 0.07447268753
1781 0.9998088222 0.1178622152 0.07218266424
1782 0.9998088222 0.08655990361 0.04349376668
1783 0.9998088222 0.09707937989 0.05454289654
1784 0.9998088222 0.1187837341 0.05862278024
1785 0.9998088222 0.1312389076 0.06510816617
1786 0.9998088222 0.1139696225 0.06687594533
1787 0.9998088222 0.1079176356 0.06677829356
1788 0.9998088222 0.1114135705 0.06566562688
1789 0.9998088222 0.1245551855 0.07822052928
1790 0.9998088222 0.1338792319 0.08182203089
1791 0.9998088222 0.1342278908 0.0758981643
1792 0.9998088222 0.1123803924 0.06319866952
1793 0.9998088222 0.1002468633 0.06054516177
1794 0.9998088222 0.109359031 0.06545162191
1795 0.9998088222 0.1144080414 0.06869116114
1796 0.9998088222 0.1108911556 0.06149856767
1797 0.9998088222 0.117941203 0.06170913671
1798 0.9998088222 0.1163704461 0.05608104551
1799 0.9998088222 0.1267151505 0.0567058646
1800 0.9998088222 0.09551336099 0.05319761919
1801 0.9998088222 0.1390745804 0.07493434431
1802 0.9998088222 0.1336557207 0.06883906226
1803 0.9998088222 0.1504470979 0.07715505691
1804 0.9998088222 0.1338371089 0.07047593399
1805 0.9998088222 0.1465777465 0.07105419175
1806 0.9998088222 0.1561118305 0.08215770895
1807 0.9998088222 0.1310674982 0.06021926526
1808 0.9998088222 0.1182706162 0.06096871906
1809 0.9998088222 0.1340829837 0.0627726955
1810 0.9998088222 0.1403319362 0.06222992515
1811 0.9998088222 0.1405269151 0.07024922646
1812 0.9998088222 0.1567369256 0.07391012173
1813 0.9998088222 0.1328104166 0.07362044057
1814 0.9998088222 0.1422717196 0.07279669231
1815 0.9998088222 0.1369437039 0.06675773863
1816 0.9998088222 0.1437878401 0.07189209293
1817 0.9998088222 0.1409471241 0.06611150729
1818 0.9998088222 0.1855780676 0.09205021137
1819 0.9998088222 0.1331755688 0.06291719099
1820 0.9998088222 0.1256975405 0.05887594019
1821 0.9998088222 0.1446239949 0.07126258474
1822 0.9998088222 0.1560313862 0.07548389894
1823 0.9998088222 0.1667959092 0.07607647955
1824 0.9998088222 0.1249290652 0.05622324842
1825 0.9998088222 0.1499046315 0.06998432198
1826 0.9998088222 0.1539922851 0.07039955911
1827 0.9998088222 0.166819464 0.0751064225
1828 0.9998088222 0.2057680279 0.09204091271
1829 0.9998088222 0.2009339316 0.08897250049
1830 0.9998088222 0.1669531228 0.07739804087
1831 0.9998088222 0.1629043785 0.07793641831
1832 0.9998088222 0.1545655292 0.07633485474
1833 0.9998088222 0.1919390986 0.08338448562
1834 0.9998088222 0.1875276805 0.08794519143
1835 0.9998088222 0.1661285575 0.07093101038
1836 0.9998088222 0.1618527939 0.0724389629
1837 0.9998088222 0.1762401185 0.07875073647
1838 0.9998088222 0.1906448172 0.07719629851
1839 0.9998088222 0.1844942563 0.07480399459
1840 0.9998088222 0.1740424492 0.07175719391
1841 0.9998088222 0.1632256826 0.07534787648
1842 0.9998088222 0.1636837264 0.07036343033
1843 0.9998088222 0.1854932431 0.07737576352
1844 0.9998088222 0.1656189619 0.08572198479
1845 0.9998088222 0.1586693758 0.08066327434
1846 0.9998088222 0.1351651353 0.06557673715
1847 0.9998088222 0.1334455294 0.06822773484
1848 0.9998088222 0.1581340202 0.07631829208
1849 0.9998088222 0.1530470016 0.07866271056
1850 0.9998088222 0.1223385998 0.06390582314
1851 0.9998088222 0.1371884517 0.07153207163
1852 0.9998088222 0.1280857072 0.06755905659
1853 0.9998088222 0.1179200176 0.06588184669
1854 0.9998088222 0.1264980069 0.07467717935
1855 0.9998088222 0.1261870064 0.07255556103
1856 0.9998088222 0.1443740881 0.08125458754
1857 0.9998088222 0.132770931 0.07286460009
1858 0.9998088222 0.1122087311 0.06112142845
1859 0.9998088222 0.1142841747 0.05701561188
1860 0.9998088222 0.1046399519 0.05450603947
1861 0.9998088222 0.1159528086 0.06239460801
1862 0.9998088222 0.1308203 0.07374329758
1863 0.9998088222 0.1248854692 0.06751031552
1864 0.9998088222 0.1186808314 0.07102626774
1865 0.9998088222 0.1052569153 0.06330848641
1866 0.9998088222 0.1115610282 0.06497330008
1867 0.9998088222 0.1094308665 0.06347604888
1868 0.9998088222 0.1118241872 0.0670480306
1869 0.9998088222 0.1335020592 0.07491591213
1870 0.9998088222 0.1120212827 0.06263953894
1871 0.9998088222 0.1384025258 0.08320786392
1872 0.9998088222 0.1427402953 0.08065817803
1873 0.9998088222 0.1392472071 0.07881850801
1874 0.9998088222 0.1163186184 0.06483003177
1875 0.9998088222 0.1138758634 0.06328793031
1876 0.9998088222 0.1289639665 0.0712188936
1877 0.9998088222 0.1160801999 0.06230389682
1878 0.9998088222 0.153477735 0.08113588506
1879 0.9998088222 0.1297454617 0.07894472051
1880 0.9998088222 0.1155273568 0.0727753444
1881 0.9998088222 0.1050391525 0.06483971876
1882 0.9998088222 0.1239300996 0.07282066582
1883 0.9998088222 0.126798621 0.06763846481
1884 0.9998088222 0.1406580446 0.06926028631
1885 0.9998088222 0.1271167 0.06145526447
1886 0.9998088222 0.13332553 0.0698463568
1887 0.9998088222 0.1361021363 0.06099598285
1888 0.9998088222 0.1353739834 0.07881824551
1889 0.9998088222 0.1238682332 0.07414627124
1890 0.9998088222 0.10124975 0.06896664361
1891 0.9998088222 0.08414764905 0.05403727229
1892 0.9998088222 0.1042603792 0.06412536384
1893 0.9998088222 0.1090046532 0.06294701113
1894 0.9998088222 0.1122008668 0.06079515707
1895 0.9998088222 0.1304044994 0.07273328144
1896 0.9998088222 0.1179882703 0.0712249752
1897 0.9998088222 0.1174210391 0.06989752252
1898 0.9998088222 0.1066879998 0.06652644642
1899 0.9998088222 0.1362699039 0.0820639263
1900 0.9998097684 0.1364567876 0.06617336439
1901 0.9998097684 0.132573944 0.06931454009
1902 0.9998097684 0.1247797463 0.06208895901
1903 0.9998097684 0.125195146 0.06499218784
1904 0.9998097684 0.1378070991 0.07095305577
1905 0.9998097684 0.1505169462 0.07474031194
1906 0.9998097684 0.1214014623 0.06527124405
1907 0.9998097684 0.1341149217 0.06279322066
1908 0.9998097684 0.146377183 0.0745942294
1909 0.9998097684 0.1390832805 0.07621634846
1910 0.9998097684 0.1267620452 0.08011239577
1911 0.9998097684 0.1177419804 0.07017204147
1912 0.9998097684 0.1321686174 0.07920219883
1913 0.9998097684 0.1573838899 0.08130135115
1914 0.9998097684 0.1443578872 0.06534587249
1915 0.9998097684 0.1477248869 0.06853250964
1916 0.9998097684 0.126188065 0.05843869315
1917 0.9998097684 0.1638934896 0.06902127978
1918 0.9998097684 0.1296819061 0.05744720321
1919 0.9998097684 0.1682340766 0.06948857442
1920 0.9998097684 0.1508197687 0.06930230376
1921 0.9998097684 0.1307771397 0.0667803698
1922 0.9998097684 0.1562006889 0.08462971918
1923 0.9998097684 0.1395010145 0.07210589262
1924 0.9998097684 0.1105266315 0.05539450223
1925 0.9998097684 0.1104387267 0.05948172534
1926 0.9998097684 0.1248034011 0.06591516292
1927 0.9998097684 0.1324878438 0.06832415329
1928 0.9998097684 0.126129328 0.05489909303
1929 0.9998097684 0.1373311727 0.06522051595
1930 0.9998097684 0.1522988011 0.07190008674
1931 0.9998097684 0.158736023 0.06216806396
1932 0.9998097684 0.1373260424 0.06813537101
1933 0.9998097684 0.1334171623 0.06724811062
1934 0.9998097684 0.1550650918 0.07647560993
1935 0.9998097684 0.1633750438 0.0714663858
1936 0.9998097684 0.100100777 0.05160266142
1937 0.9998097684 0.1165848618 0.06229806477
1938 0.9998097684 0.1418265592 0.07055914965
1939 0.9998097684 0.1534947548 0.08136832829
1940 0.9998097684 0.1271504803 0.06844861255
1941 0.9998097684 0.1490026846 0.0864134743
1942 0.9998097684 0.1372347501 0.06724501092
1943 0.9998097684 0.1501864549 0.07598773245
1944 0.9998097684 0.1527602198 0.07975721061
1945 0.9998097684 0.1275619655 0.06240815286
1946 0.9998097684 0.1536409043 0.08178143417
1947 0.9998097684 0.1548501642 0.07482978385
1948 0.9998097684 0.1603757914 0.08874418425
1949 0.9998097684 0.1235099868 0.06916245006
1950 0.9998097684 0.1431548954 0.08211202829
1951 0.9998097684 0.1487294011 0.08151257043
1952 0.9998097684 0.1213099769 0.06602421618
1953 0.9998097684 0.1320855567 0.07158800522
1954 0.9998097684 0.1306629915 0.06863100552
1955 0.9998097684 0.128578903 0.06078209751
1956 0.9998097684 0.1228744983 0.06461838651
1957 0.9998097684 0.1195457743 0.0726187968
1958 0.9998097684 0.1367699026 0.07543880206
1959 0.9998097684 0.1267822098 0.0749720643
1960 0.9998097684 0.1407345747 0.07730046417
1961 0.9998097684 0.112119426 0.06417759804
1962 0.9998097684 0.1082566936 0.06036732127
1963 0.9998097684 0.1420907349 0.07940637798
1964 0.9998097684 0.1713824526 0.07948289957
1965 0.9998097684 0.1598565069 0.08024649661
1966 0.9998097684 0.1620196845 0.07857782536
1967 0.9998097684 0.1620172843 0.07831335641
1968 0.9998097684 0.1396484395 0.07173238121
1969 0.9998097684 0.1250413374 0.06710896473
1970 0.9998097684 0.1268798441 0.06828387754
1971 0.9998097684 0.1207790059 0.06166627063
1972 0.9998097684 0.1195922386 0.0611732416
1973 0.9998097684 0.1284727075 0.06396779376
1974 0.9998097684 0.1041686266 0.05072907204
1975 0.9998097684 0.1101092735 0.06212982054
1976 0.9998097684 0.1128459073 0.06433525627
1977 0.9998097684 0.107007764 0.05489454641
1978 0.9998097684 0.0996660982 0.06086947361
1979 0.9998097684 0.09602433302 0.05711143931
1980 0.9998097684 0.1058985169 0.06725840388
1981 0.9998097684 0.1160642175 0.06727539666
1982 0.9998097684 0.1215030596 0.07488790209
1983 0.9998097684 0.1262674823 0.07540242814
1984 0.9998097684 0.1132190637 0.06058362285
1985 0.9998097684 0.1320405313 0.06928675048
1986 0.9998097684 0.1270507538 0.07058238527
1987 0.9998097684 0.1367591938 0.07566638793
1988 0.9998097684 0.1199276021 0.05872544061
1989 0.9998097684 0.128850277 0.06537343094
1990 0.9998097684 0.1324259612 0.06416547232
1991 0.9998097684 0.1509700036 0.06931336161
1992 0.9998097684 0.1641612206 0.08305018742
1993 0.9998097684 0.1614131389 0.07558313582
1994 0.9998097684 0.1584376998 0.07703869465
1995 0.9998097684 0.1761767314 0.08125837954
1996 0.9998097684 0.1556428028 0.07500338063
1997 0.9998097684 0.1354573972 0.06337859905
1998 0.9998097684 0.1066337647 0.05157971587
1999 0.9998097684 0.1118036368 0.05127052715
2000 0.9998097684 0.1276866154 0.06902081122
