0 0 0 0
1 0 0 0
2 0 0 0
3 0 0 0
4 1.071374281e-08 1.071374281e-10 1.14784285e-18
5 1.071374281e-08 1.071374281e-10 1.14784285e-18
6 1.071374281e-08 1.071374281e-10 1.14784285e-18
7 1.23070873e-08 2.302083011e-10 2.635849462e-18
8 1.23070873e-08 2.302083011e-10 2.635849462e-18
9 1.23070873e-08 3.036728105e-10 3.141386936e-18
10 1.23070873e-08 3.036728105e-10 3.141386936e-18
11 1.571783355e-06 1.602150636e-08 2.469852797e-14
12 1.571783355e-06 1.602150636e-08 2.469852797e-14
13 1.571783355e-06 1.602150636e-08 2.469852797e-14
14 1.571783355e-06 2.210129204e-08 2.795406516e-14
15 1.571783355e-06 2.218935474e-08 2.795571179e-14
16 1.926943726e-06 4.133572113e-08 6.423180495e-14
17 1.926943726e-06 5.363055797e-08 7.463094954e-14
18 2.429479745e-06 8.114201801e-08 1.328566902e-13
19 0.002168237672 2.264139957e-05 4.701885881e-08
20 0.004017343199 9.232972023e-05 2.480942562e-07
21 0.004017343199 0.0001238519493 3.416722213e-07
22 0.004913156911 0.0002195820939 7.118930181e-07
23 0.004913156911 0.0002085287105 6.896581916e-07
24 0.004913156911 0.0001932817884 6.531054181e-07
25 0.004913156911 0.0001560791055 5.786093284e-07
26 0.004913156911 0.0002617817176 9.596801391e-07
27 0.005941150199 0.0003965959228 1.698991678e-06
28 0.005941150199 0.0002739311658 1.180332026e-06
29 0.03275692647 0.0005980515424 1.189611201e-05
30 0.03275692647 0.0005384260235 1.161997614e-05
31 0.03275692647 0.0006966812373 1.332714252e-05
32 0.04039249251 0.001415612063 3.922821483e-05
33 0.06005050142 0.002866662807 9.973155533e-05
34 0.06005050142 0.003445622094 0.0001385787282
35 0.06286698262 0.003940874852 0.0001666259712
36 0.06286698262 0.004733203668 0.000227819898
37 0.07165983515 0.00575342772 0.0002934806837
38 0.07165983515 0.003068651834 0.0001659571693
39 0.09624199177 0.006618452681 0.0004071140966
40 0.3796746252 0.0104268509 0.00189115759
41 0.3796746252 0.01306081375 0.002048211804
42 0.3796746252 0.01455302138 0.003163487588
43 0.3796746252 0.01890983108 0.004454925792
44 0.3796746252 0.02079266411 0.005498249477
45 0.3796746252 0.02005892077 0.005778795485
46 0.3973275581 0.0266791501 0.008069399049
47 0.3973275581 0.02517031011 0.007555963793
48 0.5673203508 0.0371512338 0.01234020752
49 0.5673203508 0.03731717863 0.0139883065
50 0.5673203508 0.03801740372 0.0153274423
51 0.5673203508 0.03596394497 0.01522208696
52 0.5776118195 0.04413258249 0.01790159138
53 0.5776118195 0.04874198383 0.02003009765
54 0.6181955118 0.05176214663 0.02384297308
55 0.6181955118 0.06212067497 0.0262397405
56 0.6793042297 0.06604241985 0.02866442447
57 0.6975015383 0.07254616906 0.033698139
58 0.7239759762 0.07234232776 0.03397768649
59 0.7239759762 0.07644052442 0.03542652447
60 0.7239759762 0.05629719941 0.02545468511
61 0.7239759762 0.0548549926 0.02606818818
62 0.728449855 0.07199386878 0.0365796143
63 0.728449855 0.09175814024 0.04234576741
64 0.9409414653 0.1055489264 0.05235099354
65 0.9409414653 0.1031130889 0.05554123598
66 0.9409414653 0.08388025641 0.04201804947
67 0.9409414653 0.1076996758 0.05849547158
68 0.9409414653 0.1142833851 0.05875360212
69 0.9870011015 0.1339574443 0.06451481623
70 0.9870011015 0.1314839476 0.06997255159
71 0.9870011015 0.1085847654 0.05824691981
72 0.9870011015 0.1397608074 0.07887552164
73 0.9870011015 0.1209815127 0.07042373539
74 0.9870011015 0.1056484608 0.06095800477
75 0.9877627254 0.136758463 0.07778987523
76 0.9877627254 0.1489149265 0.07610747751
77 0.9877627254 0.1234667952 0.06635524586
78 0.9877627254 0.1495191566 0.07560849366
79 0.9877627254 0.1351643546 0.0678844965
80 0.9944496845 0.1688765666 0.09518195013
80 5.042056446e-20 5.042056446e-22 2.54223332e-41
81 5.042056446e-20 5.042056446e-22 2.54223332e-41
82 8.134860121e-15 8.153388769e-17 6.61732456e-31
83 2.786520285e-14 6.381998339e-16 1.201177896e-29
84 3.587312003e-06 3.58731904e-08 1.28688069e-13
85 3.587312003e-06 3.597883935e-08 1.286815273e-13
86 3.587312003e-06 3.599188115e-08 1.286805918e-13
87 3.841951117e-06 7.449625228e-08 2.734805763e-13
88 3.841951117e-06 7.451019293e-08 2.734786106e-13
89 3.841951117e-06 7.455588408e-08 2.734718272e-13
90 5.2309934e-05 6.110307519e-07 2.755902035e-11
91 5.2309934e-05 6.23596748e-07 2.756007192e-11
92 5.2309934e-05 6.730603098e-07 2.787075262e-11
93 5.2309934e-05 8.051347808e-07 2.872139312e-11
94 5.2309934e-05 8.441572072e-07 2.903393341e-11
95 5.2309934e-05 7.518700824e-07 2.876627045e-11
96 5.2309934e-05 1.396234399e-06 5.026883893e-11
97 5.2309934e-05 1.296188577e-06 5.011062445e-11
98 5.2309934e-05 1.228572386e-06 4.966040583e-11
99 5.2309934e-05 1.45420266e-06 5.196073382e-11
100 5.2309934e-05 1.831009956e-06 6.332240314e-11
101 5.2309934e-05 1.817642054e-06 6.27251769e-11
102 5.2309934e-05 1.798618891e-06 6.257561624e-11
103 5.2309934e-05 1.860493007e-06 6.680642846e-11
104 5.2309934e-05 1.912119452e-06 6.924904628e-11
105 5.2309934e-05 2.42701249e-06 8.648664663e-11
106 5.2309934e-05 2.264928226e-06 8.627011597e-11
107 5.2309934e-05 2.052335743e-06 8.066856116e-11
108 0.0001530387129 3.517525948e-06 3.079026724e-10
109 0.0001530387129 3.239782877e-06 2.978255784e-10
110 0.0001530387129 4.201814747e-06 4.400516918e-10
111 0.0001530387129 4.235150127e-06 4.362634226e-10
112 0.0001530387129 5.16874537e-06 5.314961442e-10
113 0.002722701984 3.197932802e-05 7.438402603e-08
114 0.004924056569 8.087323086e-05 3.137036821e-07
115 0.005540074818 0.0001804250706 7.053026653e-07
116 0.005540074818 0.0001824498458 6.999321518e-07
117 0.005540074818 0.0002015424415 7.596046084e-07
118 0.005540074818 0.000201372117 7.708716958e-07
119 0.005540074818 0.0001955318058 7.426290518e-07
120 0.005540074818 0.0002316433491 8.957468715e-07
121 0.005540074818 0.0002590420003 1.043363191e-06
122 0.01077940846 0.0004735430243 3.047225829e-06
123 0.01739363132 0.0005838235653 5.610784535e-06
124 0.01739363132 0.000572841421 6.650594611e-06
125 0.03181555202 0.0008716178478 1.634781706e-05
126 0.03181555202 0.001096670561 2.070762454e-05
127 0.03181555202 0.001386120567 2.78932553e-05
128 0.03418182947 0.002246555762 4.711960407e-05
129 0.03418182947 0.001888856899 4.442152546e-05
130 0.03418182947 0.001513145167 3.997971459e-05
131 0.03621919968 0.0027172541 7.286184171e-05
132 0.04268785724 0.003171531614 9.06506957e-05
133 0.06878382115 0.003859521978 0.0001610278332
134 0.06878382115 0.003888247245 0.0001812921546
135 0.06878382115 0.004166537894 0.0002068870533
136 0.09977935508 0.005963861209 0.0003636171315
137 0.09977935508 0.007921841 0.0005009007401
138 0.09977935508 0.01015180724 0.0006970730971
139 0.118939694 0.009437053362 0.000656619545
140 0.118939694 0.007670330875 0.0005522080855
141 0.118939694 0.01009981875 0.0007087459805
142 0.118939694 0.009713604332 0.0007179856889
143 0.1653279925 0.01300812215 0.001165655554
144 0.1653279925 0.01239493776 0.001107854163
145 0.1653279925 0.0129088453 0.001253918859
146 0.1653279925 0.01242403348 0.001182447695
147 0.2043398291 0.01501975254 0.001923681476
148 0.2043398291 0.01630395827 0.00189407267
149 0.2043398291 0.01744571745 0.002076083853
150 0.2043398291 0.01511886915 0.001708714534
151 0.2043398291 0.02272314175 0.002553911312
152 0.2149959104 0.0212652523 0.002902139709
153 0.2326203609 0.02290530613 0.002950995472
154 0.2326203609 0.02579921649 0.003408186783
155 0.2326203609 0.02383166614 0.003386278722
156 0.2594074718 0.02437992466 0.003512000287
157 0.2594074718 0.02236249613 0.003402085939
158 0.2714700573 0.0355799421 0.005467822753
159 0.2714700573 0.03224109911 0.004189931036
160 0.2714700573 0.03358788216 0.004072125014
161 0.2714700573 0.03315038552 0.004597853206
162 0.2714700573 0.03255892187 0.0045692865
163 0.2772812217 0.03453571728 0.005181095564
164 0.2772812217 0.03654273366 0.005788139503
165 0.2993686605 0.03512453207 0.005507333125
166 0.2993686605 0.04189451627 0.006154897551
167 0.2993686605 0.05169646116 0.007715508054
168 0.3176018561 0.05354638402 0.007990784874
169 0.3176018561 0.0457131106 0.00664449914
170 0.4172787948 0.05232144055 0.009465474857
171 0.4172787948 0.04653184694 0.006955507168
172 0.4765723265 0.05029235526 0.01013693367
173 0.4765723265 0.05189968166 0.0112450269
174 0.4765723265 0.06206399977 0.01306155315
175 0.4765723265 0.05748205138 0.01289238401
176 0.4765723265 0.05527634161 0.01195006962
177 0.4765723265 0.05460420425 0.01082140239
178 0.4765723265 0.05535143608 0.01207469409
179 0.4765723265 0.05497404126 0.01183353578
180 0.4765723265 0.05102724985 0.0109115325
181 0.4765723265 0.06757754533 0.01567355903
182 0.4765723265 0.05982934735 0.01260010355
183 0.4765723265 0.06651939092 0.01545711808
184 0.4765723265 0.07042954751 0.01551190114
185 0.4765723265 0.07176147029 0.01649878294
186 0.4765723265 0.05835722559 0.01222411423
187 0.4765723265 0.05258619106 0.01187622743
188 0.4765723265 0.0608904937 0.01410111344
189 0.4765723265 0.05634079698 0.01229603369
190 0.4765723265 0.06993386924 0.01470642547
191 0.4841882049 0.07355941191 0.01596521018
192 0.4841882049 0.07667772732 0.01468916528
193 0.4841882049 0.07435816154 0.01348261841
194 0.4843034811 0.09498882615 0.01983406542
195 0.4843034811 0.08342335935 0.01872811329
196 0.4843034811 0.09020219952 0.01751391674
197 0.4843034811 0.08546344661 0.01807883808
198 0.4843034811 0.08378650503 0.017868027
199 0.4843034811 0.06663500392 0.01435174783
200 0.4843034811 0.06631865239 0.0149534111
201 0.4843034811 0.07403676479 0.01688733357
202 0.4843034811 0.06551122431 0.01383858057
203 0.4843034811 0.06715624164 0.01492222116
204 0.4843034811 0.06040637609 0.01421491534
205 0.4905706049 0.07418088057 0.01668983479
206 0.4905706049 0.07676433214 0.0166871029
207 0.4905706049 0.09576001381 0.02001385232
208 0.4905706049 0.07103203561 0.01392852307
209 0.5156165434 0.0911175118 0.01698336703
210 0.5156165434 0.1017823089 0.01687481679
211 0.5156165434 0.08543902774 0.01600054965
212 0.5156165434 0.1008656711 0.01915604096
213 0.5156165434 0.09496382307 0.01880862898
214 0.5156165434 0.09309198776 0.0183683617
215 0.5156165434 0.08796279493 0.01830960273
216 0.5156165434 0.08173499946 0.0151226116
217 0.5291728008 0.09651598537 0.02294230261
218 0.5291728008 0.1018114308 0.02178163075
219 0.5291728008 0.09875286984 0.01972890959
220 0.5357000792 0.1162738223 0.02440497294
221 0.5405393396 0.1111169507 0.02316398251
222 0.5596138535 0.1024015709 0.02120304769
223 0.5596138535 0.1002914174 0.02315140573
224 0.5596138535 0.09511177581 0.02079667381
225 0.5596138535 0.08585753682 0.01976788257
226 0.5775799915 0.09796343436 0.0240431546
227 0.5775799915 0.08596149474 0.02052920928
228 0.5775799915 0.09651105687 0.02312297363
229 0.5783986693 0.09386438223 0.02174564529
230 0.5805420756 0.09892589788 0.02459863527
231 0.5805420756 0.1045601295 0.02883423237
232 0.5805420756 0.08944233853 0.02315307819
233 0.5805420756 0.07454461957 0.01863771618
234 0.5805420756 0.08181858731 0.0184486782
235 0.5805420756 0.07371351378 0.01964266286
236 0.5805420756 0.07089274269 0.01862005598
237 0.5805420756 0.07759241946 0.01932196901
238 0.5805420756 0.06112933002 0.0172646124
239 0.5805420756 0.07817724281 0.02148721451
240 0.5805420756 0.07927958713 0.02228510934
241 0.5805420756 0.07946340895 0.02357215752
242 0.5805420756 0.08684237359 0.02615207565
243 0.5805420756 0.08010230593 0.02019812616
244 0.5805420756 0.07875321275 0.02082906932
245 0.5805420756 0.06763512087 0.01883362456
246 0.5805420756 0.06135189928 0.01634447817
247 0.5805420756 0.0752414504 0.0218587141
248 0.5805420756 0.06655351296 0.02044052215
249 0.5805420756 0.0639044732 0.01948897443
250 0.5805420756 0.07607731751 0.02009903888
251 0.5805420756 0.08473454144 0.021093761
252 0.6156012416 0.1055349442 0.02626299849
253 0.6156012416 0.1132017555 0.02314357454
254 0.6156012416 0.1060743791 0.02694829985
255 0.6156012416 0.1032685065 0.02443830748
256 0.6156012416 0.09777978281 0.02158761924
257 0.6237710061 0.1049334749 0.02640909937
258 0.628699156 0.09907682253 0.0268685481
259 0.628699156 0.09002743654 0.02211118368
260 0.628699156 0.07165209103 0.0217702301
261 0.628699156 0.09198894429 0.02479127743
262 0.6288960996 0.08878833985 0.02485515655
263 0.6288960996 0.08553320318 0.02496233074
264 0.6288960996 0.08926697598 0.02294677385
265 0.6288960996 0.09494655391 0.02564799616
266 0.6288960996 0.09275546327 0.02421684186
267 0.6738171387 0.09160414089 0.02396318539
268 0.6738171387 0.09760487265 0.02681080781
269 0.6738171387 0.09131447937 0.02744648537
270 0.6738171387 0.09415564467 0.02650947234
271 0.6738171387 0.1028872267 0.03171136162
272 0.6738171387 0.111019694 0.03058598254
273 0.6738171387 0.09260968703 0.02720567149
274 0.6738171387 0.1188876635 0.03007437147
275 0.6738171387 0.1181413008 0.02730119009
276 0.6738171387 0.1237214495 0.02831134608
277 0.6738171387 0.1076509439 0.02451930559
278 0.6738171387 0.09924956293 0.02522949125
279 0.6738171387 0.1053118068 0.02759653859
280 0.6738171387 0.09247833402 0.0255519113
281 0.6738171387 0.08362177509 0.02710545009
282 0.6738171387 0.09028599305 0.02970886771
283 0.6738171387 0.09722109525 0.03033788194
284 0.6738171387 0.1000873382 0.03208838652
285 0.6976567286 0.1019921295 0.02975365524
286 0.6976567286 0.1011191453 0.03074265307
287 0.6976567286 0.0923080992 0.02728351756
288 0.6976567286 0.09536610533 0.02937565407
289 0.6976567286 0.09538876276 0.02757106334
290 0.7050836659 0.1009998284 0.03044185029
291 0.7050836659 0.09863796934 0.0320784767
292 0.7050836659 0.09088655535 0.03228535918
293 0.7050836659 0.08743348578 0.03078058182
294 0.7050836659 0.0983451082 0.02699447972
295 0.7050836659 0.1089758705 0.03543127022
296 0.7050836659 0.09783764743 0.02950294806
297 0.7050836659 0.1099284129 0.03144258015
298 0.7050836659 0.08514769004 0.02543135615
299 0.7050836659 0.08886017384 0.02802626836
300 0.7050836659 0.08734554945 0.02878814953
301 0.7050836659 0.0971419306 0.03274071171
302 0.7050836659 0.08425914075 0.0283943197
303 0.7050836659 0.08742792517 0.03023638405
304 0.7050836659 0.0684012557 0.02495284542
305 0.7050836659 0.09032722316 0.02784006395
306 0.7050836659 0.09983119942 0.03061195449
307 0.7050836659 0.09420464207 0.02986127804
308 0.7050836659 0.08573312421 0.02725085135
309 0.7050836659 0.08955414237 0.02821519995
310 0.7050836659 0.07260814913 0.02479893328
311 0.7050836659 0.07855351512 0.02557087139
312 0.7050836659 0.08342571578 0.02721507418
313 0.7050836659 0.08008982682 0.02696185716
314 0.7050836659 0.08054269232 0.02907238175
315 0.7193348888 0.08979020172 0.03034986846
316 0.7193348888 0.09025920043 0.02853820071
317 0.7193348888 0.1040185404 0.03226058683
318 0.7193348888 0.1001369394 0.02862194744
319 0.7193348888 0.1042179036 0.03260745755
320 0.7193348888 0.09333047515 0.03200319351
321 0.7193348888 0.07189080278 0.02587996916
322 0.7193348888 0.09465035129 0.03191619969
323 0.7193348888 0.09770568475 0.03518380114
324 0.7193348888 0.07539005076 0.02709368803
325 0.7193348888 0.06872293576 0.02803754922
326 0.7193348888 0.07195688401 0.02854001688
327 0.7193348888 0.07726233982 0.02795539738
328 0.7193348888 0.0861761455 0.03187029684
329 0.7193348888 0.08459944319 0.03144422623
330 0.7193348888 0.08494771133 0.02733762874
331 0.7193348888 0.06971547592 0.02583388299
332 0.7193348888 0.08515686198 0.02989406978
333 0.7193348888 0.1005305906 0.03305810974
334 0.7193348888 0.09862286034 0.03243884816
335 0.7193348888 0.09718309959 0.03173152801
336 0.7193348888 0.09265284531 0.03012231229
337 0.7193348888 0.07977324725 0.02693446983
338 0.7193348888 0.09072066753 0.03319116429
339 0.7193348888 0.09196476163 0.02908601111
340 0.7193348888 0.08061105998 0.02577864872
341 0.7193348888 0.07362584772 0.02453520205
342 0.7193348888 0.07488127071 0.02620601192
343 0.7193348888 0.07108900411 0.02510600789
344 0.7193348888 0.07998675752 0.03007456536
345 0.7193348888 0.08259822713 0.02679738446
346 0.7193348888 0.07927804175 0.02771612608
347 0.7193348888 0.08188424419 0.02854686958
348 0.7193348888 0.07200088419 0.02494370255
349 0.7193348888 0.07583643247 0.02750887884
350 0.7193348888 0.09719131125 0.03627268421
351 0.7193348888 0.08150272184 0.02979893071
352 0.7193348888 0.09207642764 0.03054528556
353 0.7193348888 0.1126344922 0.03825289052
354 0.7193348888 0.09463457568 0.03056844078
355 0.7193348888 0.07210632588 0.0241983987
356 0.7193348888 0.08214639367 0.03296018792
357 0.7193348888 0.09306554268 0.03304141728
358 0.7193348888 0.1074077555 0.03605840949
359 0.7193348888 0.1069222614 0.03466726781
360 0.7193348888 0.1106257971 0.03513001444
361 0.7193348888 0.1055005776 0.03374318033
362 0.7193348888 0.09846699635 0.02949799788
363 0.7193348888 0.1005030662 0.03063465112
364 0.7193348888 0.09537192884 0.03073518859
365 0.7193348888 0.1075256068 0.03936511924
366 0.7193348888 0.08105236518 0.03261592416
367 0.7193348888 0.08235261477 0.03174526353
368 0.7193348888 0.07365815791 0.02926966237
369 0.7193348888 0.08194538728 0.03052234206
370 0.7193348888 0.08715554132 0.03311452459
371 0.7193348888 0.0876039447 0.03327131268
372 0.7193348888 0.101365659 0.03163533032
373 0.7193348888 0.09689737232 0.03326779345
374 0.7193348888 0.1072347246 0.0352805565
375 0.7193348888 0.1003353128 0.02890011931
376 0.7193348888 0.09817911301 0.03133937183
377 0.7193348888 0.09668888533 0.02890157376
378 0.7193348888 0.08962372053 0.03032318322
379 0.7193348888 0.08812410105 0.02744194671
380 0.7193348888 0.07817342779 0.02563731892
381 0.7193348888 0.0868401876 0.03046983805
382 0.7193348888 0.0825154688 0.02947198303
383 0.7193348888 0.08086712076 0.02902322835
384 0.7193348888 0.07092423584 0.02531244025
385 0.7193348888 0.07949622731 0.03035496892
386 0.7193348888 0.08945117399 0.03117672348
387 0.7193348888 0.07826809222 0.03071895114
388 0.7193348888 0.06283517481 0.02559931878
389 0.7193348888 0.05105810555 0.02249601092
390 0.7193348888 0.06205914857 0.02574533436
391 0.7193348888 0.06365396614 0.02546212264
392 0.7193348888 0.06555926434 0.02845364501
393 0.7193348888 0.06274287721 0.02553417171
394 0.7193348888 0.05496144548 0.02372694528
395 0.7193348888 0.06369047816 0.02817047418
396 0.7193348888 0.06392253572 0.02420221112
397 0.7193348888 0.0725431167 0.02682229092
398 0.7193348888 0.08705357293 0.03448692773
399 0.7193348888 0.079032456 0.02884429165
400 0.7193348888 0.08726425054 0.03176439304
401 0.7193348888 0.08096698573 0.03161898201
402 0.7193348888 0.0975707507 0.03527118821
403 0.7193348888 0.1051463811 0.03426418962
404 0.7193348888 0.08524793145 0.02620550966
405 0.7193348888 0.07787462924 0.02908298643
406 0.7193348888 0.08967340251 0.03222943565
407 0.7193348888 0.09712049079 0.03359626368
408 0.7193348888 0.1060448969 0.03169185429
409 0.7193348888 0.1094918776 0.03510019749
410 0.7193348888 0.08883516245 0.0291141749
411 0.7193348888 0.09387757898 0.02882889748
412 0.7193348888 0.103259498 0.03592831023
413 0.7193348888 0.0927116695 0.03255035468
414 0.7193348888 0.09424706559 0.0282922517
415 0.7193348888 0.1074359345 0.03077766627
416 0.7193348888 0.1017013641 0.0301909803
417 0.7193348888 0.1145484328 0.02988890816
418 0.7193348888 0.102639412 0.02934424874
419 0.7193348888 0.1015283586 0.03250669476
420 0.7193348888 0.1008401689 0.03259109528
421 0.7193348888 0.08023924729 0.02778026886
422 0.7193348888 0.09677458317 0.03379609658
423 0.7193348888 0.1038434646 0.03567782224
424 0.7193348888 0.1015863866 0.03192549492
425 0.7193348888 0.09135054046 0.03558435978
426 0.7193348888 0.08869825774 0.0314676301
427 0.7193348888 0.07061433461 0.02686555113
428 0.7193348888 0.06599469944 0.02415375157
429 0.7193348888 0.06972229593 0.02766850275
430 0.7193348888 0.07637430052 0.03051234927
431 0.7193348888 0.08769128824 0.03316251535
432 0.7193348888 0.06389049989 0.02407597935
433 0.7193348888 0.08962061133 0.03191209031
434 0.7193348888 0.09334502925 0.0341783675
435 0.7193348888 0.08328881971 0.03173650199
436 0.7193348888 0.08822533443 0.03447268284
437 0.7193348888 0.09089852174 0.03171366051
438 0.7193348888 0.08639626284 0.0310806521
439 0.7193348888 0.09225324535 0.03011994674
440 0.7193348888 0.09765639611 0.0325412043
441 0.7193348888 0.106092911 0.03466761254
442 0.7193348888 0.095881961 0.03474504599
443 0.7193348888 0.09075040147 0.03705579576
444 0.7193348888 0.07240701501 0.02982427108
445 0.7193348888 0.07418607088 0.02624094132
446 0.7193348888 0.06813123461 0.02471770502
447 0.7193348888 0.07137672408 0.02662835877
448 0.7193348888 0.08059439276 0.02919006559
449 0.7193348888 0.08353651436 0.03330244391
450 0.7193348888 0.08057338952 0.02932103955
451 0.7193348888 0.08141438415 0.02889418564
452 0.7193348888 0.07707590838 0.02877167147
453 0.7193348888 0.0727211287 0.02471846218
454 0.7193348888 0.07836075351 0.02636408924
455 0.7193348888 0.07184724583 0.02557787127
456 0.7193348888 0.05524423969 0.02257943195
457 0.7193348888 0.06510465888 0.02807736915
458 0.7193348888 0.08053236681 0.02817595959
459 0.7193348888 0.07687940216 0.02770232129
460 0.7193348888 0.061193862 0.02456122556
461 0.7193348888 0.04913449318 0.0212829052
462 0.7193348888 0.07281995774 0.028320404
463 0.7193348888 0.08385014846 0.02941742091
464 0.7193348888 0.08935438349 0.03190378164
465 0.7193348888 0.08293584366 0.02788188495
466 0.7193348888 0.07399389731 0.02835953843
467 0.7193348888 0.0883459581 0.02982561556
468 0.7193348888 0.09718277613 0.03289353019
469 0.7193348888 0.08834487185 0.02920591507
470 0.7193348888 0.09832976399 0.03616934175
471 0.7193348888 0.09147378924 0.03346447532
472 0.7193348888 0.08361234132 0.03097848775
473 0.7193348888 0.09326545997 0.02918812267
474 0.7193348888 0.09914166888 0.0305040581
475 0.7193348888 0.09725349764 0.02950594813
476 0.7193348888 0.09179024525 0.03278548459
477 0.7193348888 0.0762753988 0.02611685329
478 0.7193348888 0.09610116218 0.03500444613
479 0.7193348888 0.0981331159 0.03325942636
480 0.7193348888 0.09892164685 0.03381400885
481 0.7193348888 0.08654715831 0.0269147513
482 0.7193348888 0.0688247048 0.02316158458
483 0.7193348888 0.0625091716 0.0245316091
484 0.7193348888 0.07985032158 0.02836817512
485 0.7193348888 0.07235571195 0.02523761783
486 0.7193348888 0.07600746756 0.03016418092
487 0.7193348888 0.08881252152 0.03353921061
488 0.7193348888 0.07592909462 0.02876969392
489 0.7193348888 0.07455022314 0.02819072151
490 0.7193348888 0.09605943997 0.03495459711
491 0.7193348888 0.1070575205 0.03594530584
492 0.7193348888 0.09758136629 0.03268582093
493 0.7193348888 0.08817255579 0.02797408989
494 0.7193348888 0.07859399129 0.02692432716
495 0.7193348888 0.08518651815 0.03547207257
496 0.7193348888 0.09347520586 0.03292269293
497 0.7193348888 0.1118573 0.04292787672
498 0.7193348888 0.09471856669 0.03491359334
499 0.7193348888 0.083519561 0.02932181759
500 0.7193348888 0.07904226216 0.02808148862
501 0.7193348888 0.08533420284 0.02928299154
502 0.7193348888 0.09891589157 0.03788488307
503 0.7193348888 0.09543623737 0.03527062436
504 0.7193348888 0.09151491563 0.03324106146
505 0.7193348888 0.08100088056 0.02860364373
506 0.7193348888 0.1012215801 0.03234561777
507 0.7193348888 0.07457629912 0.02525133377
508 0.7193348888 0.09048442957 0.02984735555
509 0.7193348888 0.09815688284 0.03069078788
510 0.7193348888 0.1008303639 0.03413959286
511 0.7193348888 0.08350753611 0.02597535555
512 0.7193348888 0.08229513506 0.02796182027
513 0.7193348888 0.09346068179 0.03300613574
514 0.7193348888 0.09270307742 0.03398621171
515 0.7193348888 0.08571292473 0.03041327799
516 0.7193348888 0.1002856676 0.03480416256
517 0.7193348888 0.09027050582 0.02871889549
518 0.7193348888 0.08041203141 0.02821959385
519 0.7193348888 0.06936410896 0.0244271973
520 0.7193348888 0.07074348411 0.02657854022
521 0.7193348888 0.08232574758 0.02580223094
522 0.7193348888 0.09317114853 0.02767284048
523 0.7193348888 0.1049995686 0.03551312029
524 0.7193348888 0.08646473689 0.02955433548
525 0.7193348888 0.0891264037 0.03160416195
526 0.7193348888 0.09709077782 0.03288327836
527 0.7193348888 0.09504441761 0.03073797125
528 0.7193348888 0.0876297877 0.02800155146
529 0.7193348888 0.09878817835 0.03281744392
530 0.7193348888 0.0975211352 0.03565366507
531 0.7193348888 0.1057589718 0.03260564879
532 0.7193348888 0.09331332599 0.02906659695
533 0.7193348888 0.084358896 0.03175752257
534 0.7193348888 0.104032964 0.03674488001
535 0.7193348888 0.1040547009 0.03140810846
536 0.7193348888 0.09593289109 0.03141212928
537 0.7193348888 0.1012629252 0.03276182298
538 0.7193348888 0.1029248639 0.0327104204
539 0.7193348888 0.113571654 0.03059657101
540 0.7193348888 0.09383923691 0.02503242206
541 0.7193348888 0.09505006233 0.02763868956
542 0.7193348888 0.1174139085 0.03639106233
543 0.7193348888 0.1034742922 0.03402966192
544 0.7193348888 0.08804313239 0.02873464793
545 0.7193348888 0.1014040086 0.03269312861
546 0.7193348888 0.1082278389 0.0386355112
547 0.7193348888 0.09125314129 0.02530956696
548 0.7193348888 0.0793556133 0.02651234649
549 0.7193348888 0.08653170989 0.0281267988
550 0.7193348888 0.08351302896 0.03065560257
551 0.7193348888 0.08192918356 0.02942721116
552 0.7193348888 0.08179067164 0.02958041775
553 0.7193348888 0.08679469598 0.02991027318
554 0.7193348888 0.09149510523 0.03056384012
555 0.7193348888 0.07779483267 0.02745280683
556 0.7193348888 0.0825576091 0.02740947303
557 0.7193348888 0.08686667582 0.032335756
558 0.7193348888 0.09766478326 0.03599817708
559 0.7193348888 0.08752307218 0.03082302079
560 0.7193348888 0.08770329616 0.03170742023
561 0.7193348888 0.08927406567 0.03252549185
562 0.7193348888 0.1033756224 0.03217480988
563 0.7193348888 0.09618558794 0.03494358778
564 0.7193348888 0.08062097268 0.02946607423
565 0.7193348888 0.07460504909 0.02722650955
566 0.7193348888 0.07549504189 0.02698099468
567 0.7193348888 0.088371639 0.03301519309
568 0.7193348888 0.1108549551 0.04052809103
569 0.7193348888 0.09887103596 0.03212124214
570 0.7193348888 0.1043461627 0.03196528529
571 0.7193348888 0.08720138762 0.02789133777
572 0.7193348888 0.09290063817 0.03230278135
573 0.7193348888 0.08113640781 0.02927562091
574 0.7193348888 0.07677259081 0.02907528708
575 0.7193348888 0.07495323193 0.02681330119
576 0.7193348888 0.09166498603 0.03557079499
577 0.7193348888 0.09437499874 0.03148759055
578 0.7193348888 0.08518969689 0.02801446649
579 0.7193348888 0.08411369217 0.03051128896
580 0.7193348888 0.08776846348 0.03024279751
581 0.7193348888 0.07514094927 0.03043463438
582 0.7193348888 0.06408114894 0.02523555044
583 0.7193348888 0.07262225089 0.02806556074
584 0.719464284 0.08327329986 0.03243200816
585 0.719464284 0.09419930737 0.03230506075
586 0.719464284 0.08048724263 0.02683008507
587 0.719464284 0.09252364024 0.03484642044
588 0.719464284 0.0935779298 0.03159174498
589 0.719464284 0.0826542178 0.02773236954
590 0.719464284 0.0959669519 0.03179399088
591 0.719464284 0.08336158559 0.03024748776
592 0.719464284 0.07763804045 0.02533746332
593 0.719464284 0.08534037409 0.03019840652
594 0.719464284 0.08103719097 0.02552675416
595 0.7201870009 0.08981933045 0.03383051234
596 0.7201870009 0.09590654806 0.03429414398
597 0.7201870009 0.1186188582 0.03701325689
598 0.7201870009 0.1117691904 0.03709748907
599 0.7201870009 0.1173743394 0.03845927669
600 0.7201870009 0.1285053686 0.03517518527
601 0.7201870009 0.108552333 0.02921725513
602 0.7201870009 0.09181533387 0.02774669065
603 0.7201870009 0.09208661472 0.02744473274
604 0.7201870009 0.09004507406 0.02932957864
605 0.7201870009 0.0941208372 0.02873387186
606 0.7201870009 0.1087941748 0.03493822601
607 0.7201870009 0.1168081785 0.04091001667
608 0.7201870009 0.1122301789 0.03445241041
609 0.7201870009 0.09371482679 0.03103631346
610 0.7201870009 0.09983329089 0.03118287867
611 0.7201870009 0.09640255453 0.03212342597
612 0.7201870009 0.08698116571 0.03021299615
613 0.7201870009 0.08909547808 0.02631027386
614 0.7201870009 0.08806816592 0.02905419617
615 0.7201870009 0.1053704836 0.03910117699
616 0.7201870009 0.09621917577 0.03450214412
617 0.7201870009 0.09146702795 0.0254101456
618 0.7201870009 0.09638475212 0.02760555734
619 0.7201870009 0.1081198485 0.03158895655
620 0.7201870009 0.09725288558 0.02889512376
621 0.7201870009 0.09979977583 0.0332126744
622 0.7201870009 0.1012567706 0.03224732141
623 0.7201870009 0.08997058513 0.03024413594
624 0.7201870009 0.1071992287 0.03228000929
625 0.7201870009 0.09204263008 0.02616097031
626 0.7201870009 0.09319537261 0.02651419673
627 0.7201870009 0.101099063 0.03058455169
628 0.7201870009 0.08831362371 0.0264404681
629 0.7201870009 0.1000454315 0.02867941251
630 0.7201870009 0.1128324085 0.03185450949
631 0.7201870009 0.0995811937 0.0305530538
632 0.7201870009 0.1085221776 0.03358904718
633 0.7201870009 0.08390081292 0.02666181204
634 0.7201870009 0.09069121989 0.03538015531
635 0.7201870009 0.09630575418 0.03035670039
636 0.7204047983 0.08326611524 0.03414241614
637 0.7204047983 0.08980408259 0.03526407286
638 0.7204047983 0.0830323189 0.03349763727
639 0.7204047983 0.06914675398 0.02488152521
640 0.7204047983 0.07593447152 0.02502192097
641 0.7204047983 0.07783294634 0.02781811837
642 0.7204047983 0.07852652716 0.0284845259
643 0.7204047983 0.1077248177 0.04100309761
644 0.7204047983 0.1035893487 0.03241436534
645 0.7204047983 0.1002109055 0.03201740439
646 0.7204047983 0.1108144127 0.03844299282
647 0.7204047983 0.1046835238 0.03553698852
648 0.7204047983 0.1066316753 0.03689566545
649 0.7204047983 0.0888109938 0.02978168017
650 0.7204047983 0.08981970925 0.0328718258
651 0.7204047983 0.09731638492 0.02912777133
652 0.7204047983 0.09053120117 0.03202733606
653 0.7204047983 0.08898002414 0.02766866837
654 0.7204047983 0.08656939168 0.02909328486
655 0.7204047983 0.0996106626 0.03133837149
656 0.7204047983 0.09407632522 0.03021909596
657 0.7204047983 0.09139619116 0.03499160753
658 0.7204047983 0.09118932364 0.03069197586
659 0.7204047983 0.08955221999 0.03188589031
660 0.7204047983 0.09932537176 0.03657316477
661 0.7206707505 0.07002822941 0.02647692609
662 0.7206707505 0.08034464396 0.02632930537
663 0.7206707505 0.07959282227 0.0262757682
664 0.7206725595 0.0910359813 0.0315312761
665 0.7206725595 0.09122007733 0.03024127754
666 0.7206725595 0.1038522003 0.03464017105
667 0.7225212071 0.1124484588 0.0374157687
668 0.7225212071 0.1259181692 0.03648779011
669 0.7225212071 0.114165454 0.0290357716
670 0.7225212071 0.103551369 0.02923777984
671 0.7225212071 0.09217161884 0.0298162025
672 0.7225212071 0.08554852006 0.02830785712
673 0.7225212071 0.08679869456 0.02759142555
674 0.7225212071 0.1044572951 0.03810170615
675 0.7225212071 0.09129803821 0.02803120323
676 0.7225212071 0.08813542012 0.02930742798
677 0.7225212071 0.08786777235 0.03261914267
678 0.7225212071 0.09819154174 0.03595337209
679 0.7225212071 0.07617090014 0.02659991015
680 0.7225212071 0.08216083549 0.02653689486
681 0.7225212071 0.08131990102 0.02793659157
682 0.7225212071 0.09681663669 0.03276126904
683 0.7225212071 0.08354815247 0.02611889955
684 0.7225212071 0.08716910339 0.02560338177
685 0.7225212071 0.09694457292 0.02837094341
686 0.7225212071 0.09212477716 0.02823020277
687 0.7225212071 0.08715649503 0.02873404511
688 0.7225212071 0.09373517382 0.03085405762
689 0.7225212071 0.1037040358 0.03193480092
690 0.7225212071 0.1128189401 0.03208577839
691 0.7225212071 0.1087993337 0.03455093053
692 0.7225212071 0.1043758545 0.0298414574
693 0.7225212071 0.1142937277 0.03530393041
694 0.7225212071 0.1055861695 0.0339621909
695 0.7225212071 0.1051415047 0.03326347278
696 0.7225212071 0.09241717776 0.0317366996
697 0.7225212071 0.06573747409 0.02647227767
698 0.7225212071 0.09326398702 0.02892926981
699 0.7225212071 0.09533303072 0.02789387389
700 0.7225212071 0.09061719145 0.0277275521
701 0.7225212071 0.09385924607 0.02869060792
702 0.7225212071 0.09372862068 0.0284462281
703 0.7225212071 0.07734863066 0.0257465889
704 0.7225212071 0.1035848982 0.03132756732
705 0.7225212071 0.1348004183 0.03644871074
706 0.7225212071 0.1311188483 0.03681235744
707 0.7225212071 0.1067536191 0.02885907678
708 0.7225212071 0.09598354937 0.03162982928
709 0.7225212071 0.07905333951 0.02710405117
710 0.7225212071 0.08118981397 0.0285199864
711 0.7225212071 0.09104093055 0.02960521431
712 0.7225212071 0.1029128483 0.03335170868
713 0.7225212071 0.09666676075 0.03280112343
714 0.7225212071 0.09201654725 0.02918604005
715 0.7225212071 0.08868919335 0.02647770936
716 0.7225212071 0.1050147919 0.03050719218
717 0.7225212071 0.09098263767 0.02696344632
718 0.7225212071 0.1089597677 0.03353215906
719 0.7225212071 0.09450617143 0.02886803277
720 0.7225212071 0.1074126398 0.03101719674
721 0.7225212071 0.0956577998 0.02885058719
722 0.7225212071 0.09044546688 0.02932981851
723 0.7225212071 0.08809348438 0.02726619046
724 0.7225212071 0.08332352528 0.0285027697
725 0.7225212071 0.06549727941 0.02387278848
726 0.7225212071 0.07028344468 0.02846885839
727 0.7225212071 0.06007883504 0.02428985775
728 0.7225212071 0.05972507305 0.02462502663
729 0.7225212071 0.07500624197 0.02765895318
730 0.7225212071 0.07549591034 0.02823628261
731 0.7225212071 0.07156829902 0.02414751729
732 0.7225212071 0.06704165093 0.02349202957
733 0.7225212071 0.0688038443 0.02933368234
734 0.7225212071 0.08601192284 0.03302970025
735 0.7225212071 0.08471166219 0.02567605667
736 0.7225212071 0.09286582201 0.03199623479
737 0.7225212071 0.09118509744 0.03335182579
738 0.7225212071 0.1052474354 0.03787666569
739 0.7225212071 0.08997224405 0.02698455052
740 0.7225212071 0.08794728468 0.0268922995
741 0.7225212071 0.08866594175 0.0278533693
742 0.7225212071 0.08295753517 0.02505662883
743 0.7225212071 0.07916563324 0.02739377741
744 0.7225212071 0.08879150709 0.02959533196
745 0.7225212071 0.0851165105 0.03034048633
746 0.7225212071 0.07589789485 0.02495415032
747 0.723456974 0.08878589842 0.0329229874
748 0.723456974 0.09682626136 0.03267175365
749 0.723456974 0.09856362163 0.03047742328
750 0.723456974 0.09145107467 0.02738666198
751 0.723456974 0.09086882315 0.02771639769
752 0.723456974 0.08839865652 0.02781462469
753 0.723456974 0.08358191135 0.02862837257
754 0.723456974 0.08599183244 0.03336756923
755 0.723456974 0.07505136328 0.02483666997
756 0.723456974 0.0777525896 0.02828251981
757 0.723456974 0.08064306419 0.02935961827
758 0.723456974 0.08463017602 0.03239273222
759 0.723456974 0.06859797113 0.02759708764
760 0.723456974 0.07120633819 0.0271885248
761 0.723456974 0.076287621 0.02963385365
762 0.723456974 0.07304822385 0.02662546718
763 0.723456974 0.07764377923 0.03053004977
764 0.723456974 0.07011699826 0.02692686442
765 0.723456974 0.07661428236 0.03052513694
766 0.723456974 0.07002280961 0.02689228468
767 0.723456974 0.05480646526 0.02319887341
768 0.723456974 0.06335185894 0.02841271045
769 0.723456974 0.0780980524 0.03245403569
770 0.723456974 0.08529328642 0.03397215676
771 0.723456974 0.09605751882 0.03503505915
772 0.723456974 0.06937924938 0.02733113547
773 0.723456974 0.0742214149 0.03162891465
774 0.723456974 0.07692456262 0.03039822563
775 0.723456974 0.08748357151 0.03161409723
776 0.723456974 0.09825588372 0.03458932739
777 0.723456974 0.08827382368 0.02880244974
778 0.723456974 0.07821087389 0.02554855318
779 0.723456974 0.09076859732 0.02856251661
780 0.723456974 0.09822149172 0.0300647024
781 0.723456974 0.1065631017 0.03407999894
782 0.723456974 0.09896586779 0.03272097285
783 0.723456974 0.09805785267 0.03340655384
784 0.723456974 0.08246334848 0.02737668685
785 0.723456974 0.09398281995 0.02848224953
786 0.723456974 0.09633323053 0.0321160232
787 0.723456974 0.09227907934 0.03041595388
788 0.7300197299 0.08697626432 0.03229143298
789 0.7300197299 0.07946871547 0.02644868215
790 0.7300197299 0.08019771928 0.03149996994
791 0.7300197299 0.07928353315 0.02781678725
792 0.7300197299 0.07121509268 0.02730432226
793 0.7300197299 0.06976709517 0.02565366351
794 0.7300197299 0.06192318245 0.024132793
795 0.7300197299 0.0692115094 0.02917908457
796 0.7300197299 0.05843605495 0.02203317687
797 0.7300197299 0.06925303648 0.02849657964
798 0.7300197299 0.08190215141 0.03081500196
799 0.7300197299 0.07300041643 0.02428749773
800 0.7300197299 0.0792054016 0.02697222071
801 0.7300197299 0.07358905884 0.02535752589
802 0.7300197299 0.07438109506 0.02550468487
803 0.7300197299 0.06313239678 0.02450488949
804 0.7300197299 0.08760108808 0.02858172045
805 0.7300197299 0.08936662923 0.03004338774
806 0.7300197299 0.08024059496 0.02987997868
807 0.7300197299 0.07260667645 0.0257236712
808 0.7300197299 0.07504530645 0.0267155685
809 0.7300197299 0.08077240482 0.02809270177
810 0.7300197299 0.08759865535 0.03487001963
811 0.7300197299 0.1072120617 0.03874144794
812 0.7300197299 0.118936019 0.03883861252
813 0.7300197299 0.0817578158 0.02805573637
814 0.7300197299 0.09756963606 0.02946603325
815 0.7300197299 0.08997215817 0.03273323333
816 0.7300197299 0.0693658158 0.02450575865
817 0.7300197299 0.07323206483 0.02558818785
818 0.7300197299 0.06214688626 0.02350777708
819 0.7300197299 0.07295145973 0.02793628773
820 0.7300197299 0.08653262932 0.03392237877
821 0.7300197299 0.08830700039 0.03567877281
822 0.7300197299 0.07265547798 0.02968395559
823 0.7300197299 0.07700701644 0.03219568869
824 0.7300197299 0.07881862106 0.02962143515
825 0.7300197299 0.07434642119 0.02645087389
826 0.7300197299 0.09195875929 0.03421495765
827 0.7300197299 0.09115886655 0.03378933291
828 0.7300197299 0.07793934275 0.028133142
829 0.7300197299 0.08551780913 0.02712552583
830 0.7300197299 0.09640725594 0.0341546062
831 0.7300197299 0.09359636533 0.03276157818
832 0.7300197299 0.08098752134 0.02679358465
833 0.7300197299 0.08555238225 0.02679818983
834 0.7300197299 0.08863088064 0.03046219398
835 0.7300197299 0.08374739805 0.03219439672
836 0.7300197299 0.09565294398 0.03547235489
837 0.7300197299 0.08790023717 0.02635295589
838 0.7300197299 0.1012786774 0.02951223144
839 0.7300197299 0.09120932003 0.0263241039
840 0.7300197299 0.08306351644 0.02504495445
841 0.7300197299 0.09197971603 0.03309436267
842 0.7300197299 0.08867246291 0.03258117099
843 0.7300197299 0.09801509982 0.03140973189
844 0.7300197299 0.1026138301 0.03472352882
845 0.7300197299 0.0934156928 0.03307655993
846 0.7300197299 0.07078985522 0.02577538468
847 0.7300197299 0.07938080467 0.02644008434
848 0.73032023 0.0954100771 0.03701125649
849 0.73032023 0.1000234259 0.03342771915
850 0.73032023 0.0955844799 0.03313285009
851 0.7383967972 0.1046954312 0.03712308355
852 0.7383967972 0.09559063976 0.03474929097
853 0.7383967972 0.09732024882 0.03471357013
854 0.7383967972 0.1104037167 0.03642505183
855 0.7383967972 0.09833307187 0.03285806002
856 0.7383967972 0.1039708794 0.03600216465
857 0.7383967972 0.09435331439 0.02902590142
858 0.7383967972 0.08138029958 0.02794829712
859 0.7383967972 0.08756939388 0.02938188131
860 0.7383967972 0.09639391818 0.03191362351
861 0.7383967972 0.08403928688 0.02819323883
862 0.7383967972 0.08886437068 0.03293532971
863 0.7383967972 0.09199901309 0.03437639461
864 0.7383967972 0.08307172571 0.03004199744
865 0.7383967972 0.09764281968 0.03683435677
866 0.7383967972 0.09241933446 0.03432780717
867 0.7383967972 0.1212918071 0.04285302653
868 0.7383967972 0.1054146935 0.03616243993
869 0.7383967972 0.09928659623 0.03337225061
870 0.7383967972 0.09870994239 0.03310756133
871 0.7383967972 0.0930537195 0.02849706802
872 0.7383967972 0.09560694506 0.03251593644
873 0.7383967972 0.106049621 0.03322392432
874 0.7383967972 0.09145249882 0.02915676413
875 0.7383967972 0.1047408369 0.0350026561
876 0.7383967972 0.1057594091 0.03346068054
877 0.7383967972 0.1101827995 0.03223156823
878 0.7383967972 0.1187346599 0.03501044403
879 0.7383967972 0.1187448153 0.03859176116
880 0.7395820889 0.1160750054 0.03267320527
881 0.7395820889 0.09784631609 0.0280154391
882 0.7395820889 0.09260771283 0.0307987063
883 0.7477654924 0.09550218987 0.03171082839
884 0.7477654924 0.09247333903 0.03450917731
885 0.7477654924 0.09157084734 0.03043827811
886 0.7477654924 0.08189650347 0.02649659243
887 0.7477654924 0.08284168749 0.02912795019
888 0.7477654924 0.08564684413 0.02850765901
889 0.7477654924 0.08754732805 0.03128629837
890 0.7477654924 0.08937594838 0.0321549354
891 0.7477654924 0.07943348118 0.02814883525
892 0.7477654924 0.09516344872 0.03365745466
893 0.7477654924 0.07126088658 0.02868807121
894 0.7477654924 0.06359296457 0.02532865703
895 0.7477654924 0.06488483776 0.0295810692
896 0.7477654924 0.07357076018 0.03320465526
897 0.7477654924 0.05206912687 0.02220527382
898 0.7477654924 0.06527067702 0.02652386624
899 0.7477654924 0.0819000539 0.03518765601
900 0.7477654924 0.07906737765 0.03037144755
901 0.7477654924 0.07566321204 0.03265101882
902 0.7477654924 0.06627713779 0.02555821703
903 0.7477654924 0.06852075004 0.02585191015
904 0.7477654924 0.07762267758 0.02713242761
905 0.7477654924 0.09344645586 0.03057057212
906 0.7477654924 0.1037739494 0.03190383129
907 0.7477654924 0.1067048908 0.03586297338
908 0.7477654924 0.109279747 0.03479389557
909 0.7507245025 0.1043221715 0.03960135383
910 0.7507245025 0.09638465249 0.03645594347
911 0.7507245025 0.101576703 0.03630874221
912 0.7507245025 0.09965887748 0.03381811767
913 0.7507245025 0.1038398765 0.03391415241
914 0.7507245025 0.09389863697 0.02920559673
915 0.7507245025 0.08884636545 0.02761442729
916 0.7539865521 0.09763676901 0.03221910834
917 0.7556889535 0.1264585519 0.04310795744
918 0.7556889535 0.1030091925 0.03300396035
919 0.7556889535 0.1035091185 0.03369926266
920 0.7668487334 0.1012088982 0.03591243316
921 0.7668487334 0.08426194324 0.03355788088
922 0.7668487334 0.08793379911 0.03369535604
923 0.7668487334 0.07557457052 0.02937693169
924 0.7668487334 0.06348690096 0.02628671421
925 0.7668487334 0.06977466597 0.02726421022
926 0.7668487334 0.07778504238 0.02944655591
927 0.7668487334 0.08077813686 0.02996122176
928 0.7668487334 0.08496672504 0.02957384508
929 0.7668487334 0.08280084367 0.03180467708
930 0.7668487334 0.08238746598 0.03155851376
931 0.7668487334 0.08165033387 0.03537215504
932 0.7668487334 0.09719821543 0.0378322592
933 0.7668487334 0.1015045623 0.03759523726
934 0.7668487334 0.0953829066 0.03709447147
935 0.7668487334 0.1052736896 0.04227615095
936 0.7769531284 0.1149217585 0.04591464441
937 0.7769531284 0.1045386563 0.03827852242
938 0.7769531284 0.1080538873 0.03833730023
939 0.7769531284 0.1007866764 0.03641690142
940 0.7769531284 0.08438447868 0.03203759318
941 0.7769531284 0.07997777249 0.03410841945
942 0.7769531284 0.100925475 0.03697158774
943 0.7769531284 0.09124504942 0.03201488579
944 0.7769531284 0.08620182791 0.02858749834
945 0.7769531284 0.1066840928 0.03505280348
946 0.7769531284 0.1029210871 0.03247039989
947 0.7769531284 0.07439910084 0.02687029317
948 0.7769531284 0.08006721065 0.02821819691
949 0.7769531284 0.0754434933 0.02655728018
950 0.7769531284 0.0862541048 0.02954760712
951 0.7769531284 0.1091603624 0.03467382171
952 0.7769531284 0.1070477521 0.03123534323
953 0.7769531284 0.09571597755 0.03193034918
954 0.7769531284 0.07273220683 0.02660675441
955 0.7769531284 0.09628697487 0.03409224167
956 0.7769531284 0.07624526126 0.02602278579
957 0.7769531284 0.07145149554 0.02991434738
958 0.7769531284 0.07820132624 0.03218166377
959 0.7769531284 0.09038409052 0.03481969185
960 0.7769531284 0.08289458121 0.03067367339
961 0.7769531284 0.06281444406 0.02578065756
962 0.7769531284 0.08205250934 0.0330943931
963 0.7769531284 0.07196621609 0.02896372699
964 0.7769531284 0.07674031501 0.02833357828
965 0.7769531284 0.06591027274 0.02877805659
966 0.7769531284 0.05487963305 0.02430559685
967 0.7769531284 0.06270166086 0.02509629998
968 0.7769531284 0.08156634899 0.03115853723
969 0.7769531284 0.07584117873 0.03026994792
970 0.7856919494 0.07763034339 0.03389768619
971 0.7856919494 0.07538302909 0.0289640373
972 0.7856919494 0.09063186961 0.03908424001
973 0.7856919494 0.07061925107 0.02785565638
974 0.7856919494 0.07973370058 0.03316380073
975 0.7856919494 0.07907273506 0.03023509272
976 0.7856919494 0.08564922695 0.02996164023
977 0.7856919494 0.07755785242 0.02896090042
978 0.7856919494 0.09242383715 0.03462555305
979 0.7856919494 0.08663902564 0.0326618892
980 0.7856919494 0.0964480886 0.03608199284
981 0.7856919494 0.08541706633 0.03447994754
982 0.7856919494 0.08030606824 0.03000930223
983 0.7856919494 0.09086049847 0.03732436544
984 0.7856919494 0.07589796547 0.03016981819
985 0.7856919494 0.06450433158 0.0260908028
986 0.7856919494 0.07164210197 0.02813252985
987 0.7856919494 0.08436234438 0.03358326383
988 0.7856919494 0.0952486128 0.03818573013
989 0.7856919494 0.09027237855 0.03297226233
990 0.7856919494 0.08160730012 0.02966216564
991 0.7856919494 0.09315080033 0.03474174342
992 0.7856919494 0.09950775789 0.03118996477
993 0.7856919494 0.09799248012 0.03263430764
994 0.7856919494 0.09541639235 0.04109330821
995 0.7856919494 0.09634351099 0.0362382213
996 0.7856919494 0.08214294614 0.03233346943
997 0.7856919494 0.07303637268 0.02834897219
998 0.7856919494 0.06769332777 0.02680515342
999 0.7982065863 0.07522073977 0.03470776651
1000 0.7982065863 0.08628719953 0.03903104974
1001 0.7995366079 0.09421013698 0.04011477441
1002 0.7995366079 0.08049651399 0.03320967974
1003 0.7995366079 0.08256758364 0.03154608961
1004 0.7995366079 0.06821436027 0.02766718548
1005 0.8001963897 0.07883965287 0.03557942995
1006 0.8001963897 0.07106847902 0.03562407816
1007 0.8001963897 0.09081450375 0.04064730687
1008 0.8001963897 0.08714969559 0.03199267405
1009 0.8001963897 0.0858461025 0.03548824717
1010 0.8001963897 0.08976418505 0.0400283335
1011 0.8001963897 0.07215270871 0.03080125809
1012 0.8001963897 0.07572488299 0.03514505255
1013 0.8001963897 0.0825265817 0.03662148571
1014 0.8001963897 0.067769032 0.02885646666
1015 0.8001963897 0.07612845672 0.03213835781
1016 0.8001963897 0.08995683442 0.03755907173
1017 0.8001963897 0.0664666501 0.02906896089
1018 0.8001963897 0.08215551837 0.03476284595
1019 0.8001963897 0.07480521121 0.03064764212
1020 0.8001963897 0.08550327329 0.04096964595
1021 0.8001963897 0.07475917486 0.03254711769
1022 0.8001963897 0.09098109214 0.03964976104
1023 0.8001963897 0.08296994175 0.03599307766
1024 0.8131324081 0.08805328312 0.03800887272
1025 0.8131324081 0.08184256895 0.0352007292
1026 0.8450322042 0.08802529917 0.04322567003
1027 0.8450322042 0.07726294661 0.03666384241
1028 0.8450322042 0.07578356641 0.03299417602
1029 0.8450322042 0.07168647944 0.03249131661
1030 0.8450322042 0.07798554487 0.03505146295
1031 0.8573639082 0.07689767881 0.03640749638
1032 0.8573639082 0.07588700695 0.03445123488
1033 0.8573639082 0.07592189293 0.037786329
1034 0.8573639082 0.06318661565 0.03114860405
1035 0.8573639082 0.06800567445 0.03766971012
1036 0.8573639082 0.08416705966 0.04264393345
1037 0.8573639082 0.08426503639 0.03838486686
1038 0.8573639082 0.0835966582 0.03833701423
1039 0.8573639082 0.08762897889 0.03557529011
1040 0.8573639082 0.09804234404 0.03966669852
1041 0.8573639082 0.07593799294 0.03443122722
1042 0.8573639082 0.06866192726 0.03152257018
1043 0.8573639082 0.08483710513 0.03703304785
1044 0.8573639082 0.1050588512 0.04577991703
1045 0.8573639082 0.09604759658 0.03887401766
1046 0.8573639082 0.08904464244 0.03477209846
1047 0.8573639082 0.09215905308 0.03553517303
1048 0.8573639082 0.08773875901 0.03509014939
1049 0.8663156032 0.1018774536 0.04553006502
1050 0.8663156032 0.083456093 0.03573631118
1051 0.8663156032 0.07876702917 0.03533133776
1052 0.8663156032 0.1016574296 0.04560142187
1053 0.8663156032 0.098334815 0.04123022546
1054 0.8663156032 0.09333297537 0.03795901606
1055 0.8663156032 0.09377083659 0.04154330696
1056 0.8663156032 0.07821734374 0.03437280668
1057 0.8663156032 0.06500944672 0.03030003936
1058 0.8663156032 0.112277552 0.04715857496
1059 0.8663156032 0.09136102339 0.04414964904
1060 0.8663156032 0.07895033336 0.03694418971
1061 0.8663156032 0.08196797117 0.04512763428
1062 0.8663156032 0.06387944642 0.034859306
1063 0.8663156032 0.08558221462 0.03869287094
1064 0.8663156032 0.07199550194 0.03354170594
1065 0.8756159946 0.1012269565 0.05283942419
1066 0.8802856426 0.08980792182 0.04319627058
1067 0.8802856426 0.1009696927 0.04979869217
1068 0.8802856426 0.07718203487 0.04037005841
1069 0.8802856426 0.1001310169 0.05041573094
1070 0.8802856426 0.0958980566 0.04504393021
1071 0.8802856426 0.09600142117 0.03795767541
1072 0.8802856426 0.07625250068 0.03368009173
1073 0.8803003345 0.09211205641 0.04160947351
1074 0.8803003345 0.09207345151 0.04432537005
1075 0.8803003345 0.08815368828 0.04702125422
1076 0.8803003345 0.09102473977 0.04605806741
1077 0.8803003345 0.09087516671 0.0379488741
1078 0.8803003345 0.1004502821 0.04543814678
1079 0.8803003345 0.09530206637 0.04261939425
1080 0.8803003345 0.0970574385 0.03783412908
1081 0.8817773559 0.1013022981 0.05193441924
1082 0.8817773559 0.09575211206 0.04364745323
1083 0.9065460492 0.1035611661 0.04680000984
1084 0.9065460492 0.1000561417 0.04075424149
1085 0.9065460492 0.09764302561 0.04613091768
1086 0.9065460492 0.07629824611 0.03879187845
1087 0.9261275713 0.0954474283 0.05291065708
1088 0.9261275713 0.08126164765 0.04254664768
1089 0.9261275713 0.0832997685 0.04582792949
1090 0.9261275713 0.08813027021 0.04534028004
1091 0.9261275713 0.07755327907 0.04501633932
1092 0.9261275713 0.08583152398 0.05316493889
1093 0.9261275713 0.07438849865 0.04738933626
1094 0.9261275713 0.07061192821 0.04186659649
1095 0.9261275713 0.08179559363 0.04466226621
1096 0.9261275713 0.07213888679 0.03790183937
1097 0.9261275713 0.0800630142 0.04043516261
1098 0.9261275713 0.08636938869 0.04606022283
1099 0.9261275713 0.1086305161 0.06006582931
1100 0.9261275713 0.08440740757 0.04528347522
1101 0.9261275713 0.09460901002 0.05396052229
1102 0.9261275713 0.09252592878 0.05487167432
1103 0.9261275713 0.07405195121 0.03879250325
1104 0.9261275713 0.07107179862 0.03891746133
1105 0.9261275713 0.08237058027 0.04451311854
1106 0.9261275713 0.08768499437 0.05096801378
1107 0.9261275713 0.07629070262 0.04242081776
1108 0.9261275713 0.08184086425 0.04398432761
1109 0.9261275713 0.07493413524 0.04006172486
1110 0.9261275713 0.07046714855 0.03711554331
1111 0.9261275713 0.08777900735 0.05054332458
1112 0.9261275713 0.0798306352 0.04399299541
1113 0.9261275713 0.09035310127 0.04619932343
1114 0.9261275713 0.07649637474 0.03922709581
1115 0.9261275713 0.08640169884 0.04214344522
1116 0.9261275713 0.09967923862 0.04863831615
1117 0.9261275713 0.07841187594 0.03815489334
1118 0.9261275713 0.08034419066 0.0424159812
1119 0.9261275713 0.07994888683 0.04104987218
1120 0.9261275713 0.1051015814 0.0508223576
1121 0.9261275713 0.1113423645 0.05072838661
1122 0.9261275713 0.09548997834 0.04983959372
1123 0.9261275713 0.1060776305 0.04750141804
1124 0.9261275713 0.09097457739 0.04718692085
1125 0.9261275713 0.07654647555 0.0375424988
1126 0.9261275713 0.0886815498 0.04614529013
1127 0.9261275713 0.08080503595 0.04423483678
1128 0.9261275713 0.08520456273 0.04353046311
1129 0.9261275713 0.08512839012 0.0454350898
1130 0.9261275713 0.07462473129 0.0409439073
1131 0.9261275713 0.08491030562 0.05002605862
1132 0.9261275713 0.09562205813 0.05129088316
1133 0.9261275713 0.1080673485 0.05666190166
1134 0.9261275713 0.07975897545 0.04189723827
1135 0.9261275713 0.09493011681 0.05506852821
1136 0.9261275713 0.0651783106 0.03858924435
1137 0.9261275713 0.0851031158 0.04819222052
1138 0.9261275713 0.07279333645 0.03922877751
1139 0.9261275713 0.07752809451 0.0467457906
1140 0.9261275713 0.07060737106 0.03688662899
1141 0.9261275713 0.0811337589 0.0427082913
1142 0.9261275713 0.09780719337 0.0625180927
1143 0.9261275713 0.08219919181 0.04483175638
1144 0.9261275713 0.09513684257 0.04559146568
1145 0.9261275713 0.1121665104 0.05624793336
1146 0.9261275713 0.08834789633 0.04470326111
1147 0.9261275713 0.1013294735 0.05005410828
1148 0.9261275713 0.09318481558 0.0500647976
1149 0.9261275713 0.08554019007 0.04498479352
1150 0.9261275713 0.09670381831 0.04881396904
1151 0.9261275713 0.1031553862 0.0510223193
1152 0.9261275713 0.08748837157 0.04362171627
1153 0.9261275713 0.08095564494 0.0408792902
1154 0.9261275713 0.07891100347 0.04398709762
1155 0.9261275713 0.08179873472 0.04584222682
1156 0.9261275713 0.09987948843 0.04735768612
1157 0.9261275713 0.08266128219 0.04190836603
1158 0.9261275713 0.08689937966 0.04120386871
1159 0.9261275713 0.07473338913 0.0369280877
1160 0.9261275713 0.07249522667 0.0368877344
1161 0.9261275713 0.08938010805 0.04513758809
1162 0.9261275713 0.1035148192 0.05318963705
1163 0.9261275713 0.07032732369 0.03990747458
1164 0.9261275713 0.08976191054 0.04490888836
1165 0.9261275713 0.08703180557 0.04380229256
1166 0.9261275713 0.09866471838 0.0561942698
1167 0.9261275713 0.07921287754 0.04507087033
1168 0.9261275713 0.09128567899 0.044490606
1169 0.9261275713 0.07798227364 0.04280630991
1170 0.9261275713 0.06307395348 0.03626148787
1171 0.9261275713 0.08152208958 0.04411193891
1172 0.9261275713 0.081537466 0.0401034672
1173 0.9261275713 0.07999275551 0.03951867183
1174 0.9261275713 0.07190891994 0.0378276818
1175 0.9261275713 0.08390857122 0.043302069
1176 0.9261275713 0.07339060234 0.04150450857
1177 0.9261275713 0.0772127538 0.03799466865
1178 0.9261275713 0.1024760139 0.05257430313
1179 0.9261275713 0.08118054392 0.03882404833
1180 0.9261275713 0.06000393622 0.03497710174
1181 0.9261275713 0.08106818925 0.04570247688
1182 0.9261275713 0.06654349149 0.0377372615
1183 0.9261275713 0.09391770251 0.04700987483
1184 0.9261275713 0.08874284438 0.04575578492
1185 0.9261275713 0.0661409857 0.03736310633
1186 0.9261275713 0.0982191956 0.04903325647
1187 0.9261275713 0.09469252518 0.04652711344
1188 0.9261275713 0.08157810481 0.03958361708
1189 0.9261275713 0.07160728041 0.04208282424
1190 0.9261275713 0.08516355878 0.04636402574
1191 0.9261275713 0.09863900267 0.04789492356
1192 0.9261275713 0.08575088669 0.0443703122
1193 0.9267852619 0.09587722964 0.04929461835
1194 0.9267852619 0.1010168638 0.0414561142
1195 0.9267852619 0.1045469165 0.04904836743
1196 0.9267852619 0.1076247931 0.04939587167
1197 0.9267852619 0.1230162736 0.05762358399
1198 0.9267852619 0.09162760628 0.04927323472
1199 0.9267852619 0.09618454095 0.05039743679
1200 0.9267852619 0.08739106867 0.04153268948
1201 0.9267852619 0.1079779637 0.04936484818
1202 0.9267852619 0.08553669947 0.04246520884
1203 0.9267852619 0.09697546738 0.04894958533
1204 0.9267852619 0.1200215588 0.05881893105
1205 0.9267852619 0.1398852984 0.06556740047
1206 0.9267852619 0.1086973782 0.05581170046
1207 0.9267852619 0.0844618851 0.04040807744
1208 0.9267852619 0.09377371707 0.0484606591
1209 0.9267852619 0.08552924201 0.03986595439
1210 0.9267852619 0.08779878146 0.04051320586
1211 0.9267852619 0.08885096194 0.0420429261
1212 0.9267852619 0.07231409671 0.03769933597
1213 0.9267852619 0.08996485436 0.04727562453
1214 0.9267852619 0.101435671 0.05007275981
1215 0.9267852619 0.09366453195 0.04850192877
1216 0.9267852619 0.08185113716 0.04283871488
1217 0.9267852619 0.1070525645 0.04882727151
1218 0.9267852619 0.09887827243 0.04963562046
1219 0.9267852619 0.0937446538 0.04736838992
1220 0.9267852619 0.08558067922 0.04336362027
1221 0.9267852619 0.1058481791 0.04964721304
1222 0.9267852619 0.09113827419 0.04320555254
1223 0.9267852619 0.09798415541 0.04410550612
1224 0.9267852619 0.09618467938 0.04687448245
1225 0.9267852619 0.08465487275 0.04548660072
1226 0.9267852619 0.09158910934 0.0455567796
1227 0.9267852619 0.08742715699 0.04618521322
1228 0.9267852619 0.1003383078 0.05411797244
1229 0.9267852619 0.09737064116 0.0499923976
1230 0.9267852619 0.08828106533 0.04582239234
1231 0.9267852619 0.1071582957 0.04792748883
1232 0.9267852619 0.1091348782 0.05021596899
1233 0.9267852619 0.08589869651 0.04193392125
1234 0.9267852619 0.08479667786 0.04188600364
1235 0.9267852619 0.0968348537 0.04729383641
1236 0.9267852619 0.07776797064 0.04540455487
1237 0.9267852619 0.1053238616 0.05558975137
1238 0.9267852619 0.09057262382 0.04374588785
1239 0.9267852619 0.09012702869 0.04533751074
1240 0.9267852619 0.0982451501 0.04962434588
1241 0.9267852619 0.08855136551 0.04783198004
1242 0.9267852619 0.09327783193 0.0611786605
1243 0.9267852619 0.08959167528 0.0512443095
1244 0.9267852619 0.07837598639 0.03969361793
1245 0.9267852619 0.08290282428 0.04695482036
1246 0.9267852619 0.09372624531 0.05343844762
1247 0.9267852619 0.09365313286 0.05563284806
1248 0.9267852619 0.09285923952 0.04675720499
1249 0.9267852619 0.09875251586 0.04673542144
1250 0.9267852619 0.1033245392 0.05034655571
1251 0.9267852619 0.1276084722 0.06230889317
1252 0.9267852619 0.1203351078 0.0537294442
1253 0.9267852619 0.1037471936 0.04525455148
1254 0.9267852619 0.1002064294 0.04840131689
1255 0.9267852619 0.08646958174 0.04494248333
1256 0.9267852619 0.1122739531 0.05094201118
1257 0.9267852619 0.1071458387 0.05182964445
1258 0.9267852619 0.0941209014 0.03916814586
1259 0.9267852619 0.09090492148 0.03879842515
1260 0.9267852619 0.1174130091 0.05333685713
1261 0.9267852619 0.1026682398 0.04997385568
1262 0.9267852619 0.101445932 0.05090759255
1263 0.9267852619 0.09186408208 0.04482803505
1264 0.9267852619 0.08967565563 0.04536830185
1265 0.9272272002 0.09396542993 0.05172908177
1266 0.9272272002 0.1107183001 0.05121040879
1267 0.9272272002 0.1179187357 0.05282645698
1268 0.9272272002 0.1028599084 0.04404554798
1269 0.9272272002 0.0981704196 0.04459189202
1270 0.9272272002 0.1024667986 0.04811950457
1271 0.9272272002 0.1039041346 0.04403758231
1272 0.9272272002 0.108248079 0.04832103549
1273 0.9272272002 0.120158487 0.04959591958
1274 0.9272272002 0.1038348081 0.03914365972
1275 0.9272272002 0.1015189653 0.04142283577
1276 0.9272272002 0.1021455487 0.04368826062
1277 0.9272272002 0.1010351448 0.04870135594
1278 0.9272272002 0.09366030136 0.03851232342
1279 0.9272272002 0.08353662365 0.03714171542
1280 0.9272272002 0.09347704355 0.04825034317
1281 0.9272272002 0.0842599058 0.04600273389
1282 0.9272272002 0.07880119837 0.04410629179
1283 0.9272272002 0.06548763967 0.03682909591
1284 0.9272272002 0.07180042696 0.04254999403
1285 0.9272272002 0.08245088267 0.04632879629
1286 0.9272272002 0.08173361014 0.04542369989
1287 0.9272272002 0.09489194046 0.05258864045
1288 0.9272272002 0.08942502577 0.04548488108
1289 0.9272272002 0.09725698309 0.05021717957
1290 0.9272272002 0.0822290228 0.03923141455
1291 0.9272272002 0.08792666714 0.0484261956
1292 0.9272272002 0.09790257824 0.0527886583
1293 0.9272272002 0.1052079942 0.05996324835
1294 0.9272272002 0.1063766219 0.05228579843
1295 0.9272272002 0.09566820956 0.04621121191
1296 0.9272272002 0.08674395101 0.04040467802
1297 0.9272272002 0.09627563208 0.05124714609
1298 0.9272272002 0.08165029381 0.04277629208
1299 0.9272272002 0.09895185012 0.05331342244
1300 0.9272272002 0.1021685227 0.05058027155
1301 0.9272272002 0.08664884621 0.04116538352
1302 0.9272272002 0.09453426491 0.04491851291
1303 0.9272272002 0.110597425 0.05367316586
1304 0.9272272002 0.1060232867 0.0551728515
1305 0.9272272002 0.07827260032 0.04453168277
1306 0.9272272002 0.07580557863 0.03897570101
1307 0.9272272002 0.07156369342 0.03838902762
1308 0.9272272002 0.09230555127 0.05093854509
1309 0.9272272002 0.09614884883 0.05594916833
1310 0.9295845316 0.09734447518 0.05702404755
1311 0.9295845316 0.07717227742 0.03975912748
1312 0.9295845316 0.08816798264 0.04555649044
1313 0.9295845316 0.08867158543 0.05097338051
1314 0.9295845316 0.08380983113 0.04291901425
1315 0.9295845316 0.08949791118 0.04774543455
1316 0.9295845316 0.08273669794 0.04593772366
1317 0.9295845316 0.09955267568 0.05531378576
1318 0.9295845316 0.100766207 0.05401037118
1319 0.9295845316 0.08773530512 0.05161471389
1320 0.9295845316 0.08488802775 0.04870047374
1321 0.9295845316 0.09372293255 0.05297710648
1322 0.9295845316 0.06747044487 0.04111313775
1323 0.9295845316 0.08192505613 0.04945208568
1324 0.9295845316 0.08426502134 0.04463049486
1325 0.9295845316 0.08166660588 0.0453394141
1326 0.9295845316 0.06518744812 0.03571442001
1327 0.9376018707 0.08435526095 0.04646809951
1328 0.9376018707 0.07866355591 0.03881438545
1329 0.9376018707 0.07951284282 0.04015220674
1330 0.9376018707 0.09460271125 0.0490086278
1331 0.9376018707 0.09515125223 0.05219967429
1332 0.9376018707 0.06879210282 0.03817159833
1333 0.9376018707 0.08652596156 0.04746374592
1334 0.9376018707 0.08726265583 0.04586132194
1335 0.9376018707 0.104082848 0.05371626814
1336 0.9376018707 0.09379466376 0.0424763452
1337 0.9376018707 0.09951524768 0.04740368516
1338 0.9376018707 0.1240277051 0.05855900097
1339 0.9376018707 0.1190587576 0.04695132077
1340 0.9376018707 0.1141712827 0.04988197671
1341 0.9376018707 0.1084256855 0.05207480374
1342 0.9376018707 0.1116386748 0.05125079362
1343 0.9376018707 0.09366202632 0.03990250058
1344 0.9376018707 0.1005423892 0.04636579226
1345 0.9376018707 0.1014009755 0.05131410203
1346 0.9376018707 0.09200295596 0.04430314832
1347 0.9376018707 0.115514673 0.05527904807
1348 0.9376018707 0.1073175544 0.05278088678
1349 0.9376018707 0.09508738359 0.04441245262
1350 0.9376018707 0.09775195823 0.05139265023
1351 0.9376018707 0.08830999015 0.04460062248
1352 0.9376018707 0.08551474369 0.04257798817
1353 0.9376018707 0.07449750163 0.03876371646
1354 0.9376018707 0.06796047384 0.03762258163
1355 0.9376018707 0.07169933897 0.04082044169
1356 0.9376018707 0.08623003272 0.04933474288
1357 0.9376018707 0.09042152124 0.04809339676
1358 0.9376018707 0.1007189144 0.05303898676
1359 0.9376018707 0.1192439108 0.06171309076
1360 0.9376018707 0.1054649804 0.05568453312
1361 0.9376018707 0.119700528 0.05767420519
1362 0.9376018707 0.1043351418 0.05427362405
1363 0.9376018707 0.09970276656 0.04618761173
1364 0.9376018707 0.08799643646 0.04705376508
1365 0.9376018707 0.09052704762 0.05304382479
1366 0.9376018707 0.07596047133 0.0419078134
1367 0.9376018707 0.08114174199 0.04506262306
1368 0.9376018707 0.07476559004 0.04009670262
1369 0.9376018707 0.08021958546 0.04623418316
1370 0.9376018707 0.08297546014 0.041578595
1371 0.9376018707 0.08359172565 0.04556574661
1372 0.9376018707 0.08185767036 0.04335579672
1373 0.9376018707 0.07286654561 0.03856292446
1374 0.9376018707 0.07352156614 0.03859972271
1375 0.9376018707 0.07770725652 0.04504482356
1376 0.9376018707 0.08914649619 0.04360868737
1377 0.9376018707 0.08372872576 0.04443501849
1378 0.9376018707 0.08885139682 0.04332695283
1379 0.9376018707 0.0853406967 0.04008327669
1380 0.9376018707 0.08904086274 0.04096297268
1381 0.9376018707 0.09528713114 0.04784576815
1382 0.9376018707 0.08344092166 0.04318831686
1383 0.9376018707 0.1047227054 0.05094161662
1384 0.9376018707 0.1150392354 0.05839153741
1385 0.9376018707 0.1150360946 0.05288161547
1386 0.9376018707 0.1099037385 0.04826705324
1387 0.9376018707 0.107304581 0.05562081356
1388 0.9376018707 0.1103572156 0.0584256796
1389 0.9376018707 0.1013953861 0.05069425526
1390 0.9376018707 0.1176482735 0.05718606632
1391 0.9376018707 0.1004262859 0.05263750797
1392 0.9376018707 0.08032081607 0.03904448851
1393 0.9376018707 0.08473149031 0.04801137053
1394 0.9376018707 0.08204033621 0.04276484048
1395 0.9376018707 0.09164074988 0.04664648937
1396 0.9376018707 0.08663924702 0.04206849089
1397 0.9376018707 0.09080511873 0.04783099742
1398 0.9376018707 0.08451615593 0.04592958531
1399 0.9376018707 0.08423722674 0.04893291119
1400 0.9376018707 0.09483385237 0.05238725024
1401 0.9376018707 0.08818886844 0.04760969826
1402 0.9376018707 0.09288258875 0.05220093454
1403 0.9376018707 0.06648527471 0.03725324065
1404 0.9376018707 0.07201458364 0.04106007421
1405 0.9376018707 0.0649328196 0.03676536907
1406 0.9376018707 0.08184750842 0.04983402642
1407 0.9376018707 0.07689987812 0.0450446291
1408 0.9376018707 0.09353366593 0.0560932951
1409 0.9376018707 0.08003398337 0.04512191865
1410 0.9376018707 0.08939660826 0.05443695995
1411 0.9376018707 0.09596504455 0.04913318043
1412 0.9376018707 0.07804265752 0.04014479555
1413 0.9376018707 0.08605294592 0.04731072385
1414 0.9376018707 0.08183939779 0.04420538452
1415 0.9376018707 0.07337638145 0.04261758521
1416 0.9376018707 0.08184244408 0.04576330571
1417 0.9376018707 0.09271739018 0.05102459951
1418 0.9376018707 0.09313219556 0.05175065375
1419 0.9376018707 0.07137953943 0.03886820503
1420 0.9376018707 0.0812736416 0.04771785797
1421 0.9376018707 0.08099911156 0.04424658375
1422 0.9376018707 0.06952301294 0.03632478288
1423 0.9376018707 0.08657589706 0.04896768767
1424 0.9376018707 0.08687474893 0.04630394734
1425 0.9376018707 0.08521118976 0.04633416966
1426 0.9376018707 0.07895627924 0.0401053713
1427 0.9376018707 0.07945783845 0.04623487884
1428 0.9376018707 0.08222014776 0.04640588042
1429 0.9376018707 0.05827714105 0.03534398535
1430 0.9376018707 0.05608236521 0.03591772012
1431 0.9376018707 0.0786247176 0.04806389727
1432 0.9376018707 0.08366531038 0.04360344262
1433 0.9376018707 0.06981614511 0.03898822029
1434 0.9376018707 0.07539840858 0.04082656664
1435 0.9376018707 0.08528671263 0.0460529428
1436 0.9376018707 0.08405729678 0.04950318239
1437 0.9376018707 0.08958312242 0.04688209592
1438 0.9376018707 0.07532963618 0.04171858425
1439 0.9376018707 0.07057646543 0.03927118254
1440 0.9376018707 0.07781855381 0.04533101403
1441 0.9376018707 0.08498827036 0.04137636077
1442 0.9376018707 0.1029657333 0.05439392431
1443 0.9376018707 0.08557940886 0.04840154606
1444 0.9376018707 0.09155905558 0.04737247747
1445 0.9376018707 0.1025552312 0.04545563225
1446 0.9376018707 0.0953947651 0.04695473309
1447 0.9376018707 0.1070760746 0.05110733916
1448 0.9376018707 0.09459910193 0.04780179034
1449 0.9376018707 0.1068629815 0.05397850443
1450 0.9376018707 0.09625424144 0.05133863286
1451 0.9376018707 0.1035528607 0.05043957831
1452 0.9376018707 0.10240154 0.05095599914
1453 0.9376018707 0.1099090957 0.05313440687
1454 0.9376018707 0.09378812036 0.04540271814
1455 0.9376018707 0.1091070158 0.05499696963
1456 0.9376018707 0.05819435881 0.03451672234
1457 0.9376018707 0.06651749181 0.0369040037
1458 0.9376018707 0.06860199425 0.03799925404
1459 0.9376018707 0.09923127617 0.05339832684
1460 0.9388589814 0.1023231284 0.05340021781
1461 0.9388589814 0.1010496819 0.04844413735
1462 0.9388589814 0.1065102545 0.05525776848
1463 0.9388589814 0.09034948609 0.04115636457
1464 0.9388589814 0.08892789348 0.04497540899
1465 0.9388589814 0.08156327219 0.03820107327
1466 0.9388589814 0.09299287632 0.0491603773
1467 0.9388589814 0.1026076753 0.05317564858
1468 0.9388589814 0.08934927737 0.04341109866
1469 0.9388589814 0.07521306894 0.04095629239
1470 0.9388589814 0.07749512795 0.03934793409
1471 0.9388589814 0.075189623 0.0372251333
1472 0.9388589814 0.08526214214 0.04351745158
1473 0.9388589814 0.1019439385 0.04617825337
1474 0.9388589814 0.09542539621 0.04412505925
1475 0.9388589814 0.0845480795 0.04512284182
1476 0.9388589814 0.08364258943 0.03941608583
1477 0.9388589814 0.1057966823 0.05394635232
1478 0.9388589814 0.09459755058 0.04432839026
1479 0.9388589814 0.1007083429 0.04637869445
1480 0.9388589814 0.09719477578 0.05405184543
1481 0.9388589814 0.09952286115 0.04736230699
1482 0.9388589814 0.1145832128 0.05534065546
1483 0.9388589814 0.1112042853 0.05287658471
1484 0.9388589814 0.1151231522 0.055771746
1485 0.9388589814 0.1170028879 0.05569246014
1486 0.9388589814 0.1022354586 0.04716205617
1487 0.9388589814 0.09981238069 0.0499340658
1488 0.9388589814 0.1226490962 0.06301184243
1489 0.9388589814 0.1101634856 0.05188719973
1490 0.9388589814 0.1060646167 0.04667533874
1491 0.9388589814 0.09430915606 0.04471842913
1492 0.9388589814 0.09362348812 0.04601865471
1493 0.9388589814 0.115886226 0.06376794876
1494 0.9388589814 0.09561924414 0.04844882043
1495 0.9388589814 0.09794721834 0.04597498577
1496 0.9388589814 0.09082276755 0.0474743649
1497 0.9388589814 0.09749070754 0.04675735232
1498 0.9388589814 0.08834807178 0.04225196522
1499 0.9388589814 0.09279638575 0.04648709995
1500 0.9388589814 0.09095508224 0.04219537081
1501 0.9388589814 0.105071437 0.05639742538
1502 0.9388589814 0.08347495062 0.03931126633
1503 0.9388589814 0.1071452049 0.05790575478
1504 0.9388589814 0.1300396017 0.06669002992
1505 0.9427064897 0.1130501566 0.06528219792
1506 0.9427064897 0.1094098258 0.06308778179
1507 0.9427064897 0.1092786899 0.0544077396
1508 0.9427064897 0.07886394954 0.04118471273
1509 0.9427064897 0.08561256005 0.04292457529
1510 0.9427064897 0.07918292985 0.04286809385
1511 0.9427064897 0.08959730901 0.04900208633
1512 0.9427064897 0.08908942302 0.04051048474
1513 0.9427064897 0.09191704405 0.04028266336
1514 0.9427064897 0.1057503467 0.05357784884
1515 0.9427064897 0.1039736506 0.0554620665
1516 0.9427064897 0.1319959228 0.05496512557
1517 0.9427064897 0.1157521675 0.05169055698
1518 0.9427064897 0.1001745441 0.0476431991
1519 0.9427064897 0.09454471118 0.04665171102
1520 0.9427064897 0.08553481253 0.04524771697
1521 0.9427064897 0.08389749882 0.04497779387
1522 0.9427064897 0.08476154293 0.0469228571
1523 0.9427064897 0.07816409063 0.04146450437
1524 0.9427064897 0.0935312118 0.05036452216
1525 0.9427064897 0.07362046573 0.04098536427
1526 0.9427064897 0.08087973979 0.04375948528
1527 0.9796037056 0.09650625551 0.05257396954
1528 0.9796037056 0.09573245059 0.04679492561
1529 0.9796037056 0.08944905404 0.04826485291
1530 0.9796037056 0.08888620464 0.04521318973
1531 0.9796037056 0.0833817919 0.04657310514
1532 0.9796037056 0.1063236049 0.05869719522
1533 0.9796037056 0.1054209943 0.05145584572
1534 0.9796037056 0.1378647657 0.06606422937
1535 0.9796037056 0.09080134957 0.04613928372
1536 0.9796037056 0.09671220543 0.05625471245
1537 0.9796037056 0.06901309513 0.0419556447
1538 0.9796037056 0.07423292732 0.0423300285
1539 0.9796037056 0.09646691304 0.05576099612
1540 0.9796037056 0.09836504081 0.0475687315
1541 0.9796037056 0.08353971441 0.04299111602
1542 0.9796037056 0.0854143217 0.05059757386
1543 0.9796037056 0.07583737424 0.04287478055
1544 0.9796037056 0.07486832934 0.04785025818
1545 0.9796037056 0.0755510043 0.04312917302
1546 0.9796037056 0.08605100973 0.04432489781
1547 0.9796037056 0.09777835803 0.05032039884
1548 0.9796037056 0.09540978849 0.05230928061
1549 0.9796037056 0.07290533922 0.04134769701
1550 0.9796037056 0.1003923068 0.06080013774
1551 0.9796037056 0.1104222504 0.05946647265
1552 0.9796037056 0.1128184006 0.06055014586
1553 0.9796037056 0.1034390843 0.05738261851
1554 0.9796037056 0.07249080024 0.04039508227
1555 0.9796037056 0.07352733086 0.04228507605
1556 0.9796037056 0.07680183379 0.04149543094
1557 0.9796037056 0.08155011341 0.05083335842
1558 0.9796037056 0.07669157195 0.05244474118
1559 0.9796037056 0.07098732506 0.04406345985
1560 0.9856781139 0.09502141642 0.05491479511
1561 0.9856781139 0.0975592214 0.05718326718
1562 0.9856781139 0.092708156 0.04983502078
1563 0.9856781139 0.06326574269 0.04077432041
1564 0.9856781139 0.05950855441 0.03924295408
1565 0.9856781139 0.07261545365 0.04361071542
1566 0.9856781139 0.07759449388 0.04882199828
1567 0.9856781139 0.08275782296 0.05120607413
1568 0.9856781139 0.08735539629 0.05954825649
1569 0.9856781139 0.08852478865 0.05385452349
1570 0.9856781139 0.07694575312 0.05089444379
1571 0.9856781139 0.07864537117 0.04415209268
1572 0.9856781139 0.0911962437 0.04923820702
1573 0.9856781139 0.1064036084 0.05215105213
1574 0.9856781139 0.08883271234 0.04485331097
1575 0.9856781139 0.0933212442 0.04885673462
1576 0.9856781139 0.1133330473 0.05712673072
1577 0.9856781139 0.0730224834 0.04252960047
1578 0.9856781139 0.07025041281 0.03871498058
1579 0.9856781139 0.1073264583 0.05342892901
1580 0.9856781139 0.1034251869 0.05732926225
1581 0.9856781139 0.09912347059 0.04940995705
1582 0.9856781139 0.07634883297 0.04132627946
1583 0.9856781139 0.09241926895 0.05726547977
1584 0.9856781139 0.099858372 0.05517517977
1585 0.9856781139 0.1098871804 0.06116803186
1586 0.9856781139 0.08374713154 0.04392301273
1587 0.9856781139 0.09221895305 0.05496253883
1588 0.9856781139 0.1062875694 0.06126475343
1589 0.9856781139 0.09991523288 0.05369144983
1590 0.9856781139 0.08838627973 0.04595546879
1591 0.9856781139 0.08807010192 0.04608449932
1592 0.9856781139 0.085410921 0.04369926482
1593 0.9856781139 0.07845109771 0.04186233585
1594 0.9856781139 0.09068831756 0.05185108482
1595 0.9856781139 0.09180003586 0.05070565426
1596 0.9856781139 0.09984861496 0.05345861633
1597 0.9856781139 0.1072513305 0.06684296829
1598 0.9856781139 0.09621227884 0.06245358045
1599 0.9856781139 0.08529759782 0.0516446658
1600 0.9856781139 0.08649200055 0.05114335852
1601 0.9856781139 0.07388481279 0.04184029395
1602 0.9856781139 0.06896309452 0.04237017883
1603 0.9859212782 0.1014099773 0.05629859457
1604 0.9859212782 0.1074889563 0.05565800424
1605 0.9859212782 0.1110197744 0.06422765817
1606 0.9859212782 0.1203256392 0.07497052343
1607 0.9859212782 0.09120714146 0.05269740687
1608 0.9859212782 0.08589399421 0.04412123056
1609 0.9859212782 0.09281533155 0.04511456434
1610 0.9859212782 0.08129163649 0.04373203558
1611 0.9859212782 0.09118289543 0.04847949985
1612 0.9859212782 0.1090400905 0.0625360562
1613 0.9859212782 0.1268538982 0.06836019242
1614 0.9859212782 0.1102002802 0.05609852656
1615 0.9859212782 0.1315328049 0.07219107829
1616 0.9859212782 0.09312753304 0.05327403906
1617 0.9859212782 0.1045390046 0.06051423293
1618 0.9859212782 0.1056792674 0.0612413173
1619 0.9859212782 0.1224765346 0.07110636686
1620 0.9859212782 0.09962717756 0.05568895411
1621 0.9859212782 0.07881410797 0.04931749231
1622 0.9859212782 0.09145571994 0.04992742581
1623 0.9859212782 0.08909933466 0.0456344784
1624 0.9859212782 0.1026749257 0.05877961099
1625 0.9859212782 0.1062217655 0.06216805949
1626 0.9859212782 0.1270031186 0.07133605342
1627 0.9859212782 0.1110401618 0.05617222212
1628 0.9859212782 0.09533921664 0.05428599698
1629 0.9859212782 0.1039622161 0.05841424123
1630 0.9859212782 0.09454880266 0.05152850536
1631 0.9859212782 0.08511982781 0.04281938106
1632 0.9859212782 0.07925240104 0.04669860212
1633 0.9859212782 0.1096956649 0.07127891242
1634 0.9859212782 0.09501258454 0.05309895219
1635 0.9859212782 0.1055378797 0.06320768283
1636 0.9859212782 0.1150386763 0.06556403965
1637 0.9868658155 0.1177699389 0.05835299459
1638 0.9868658155 0.1081502916 0.05470452773
1639 0.9868658155 0.09811304741 0.04750354247
1640 0.9868658155 0.07751262743 0.04462299003
1641 0.9868658155 0.09052547857 0.05281475816
1642 0.9868658155 0.09151891908 0.05523278791
1643 0.9868658155 0.1104677817 0.05719409414
1644 0.9868658155 0.08611274867 0.04850538458
1645 0.9868658155 0.09134105368 0.04976426858
1646 0.9868658155 0.1110794793 0.06063002201
1647 0.9868658155 0.09437158185 0.04896383949
1648 0.9868658155 0.1096271115 0.05635728846
1649 0.9868658155 0.1080877415 0.05887958743
1650 0.9868658155 0.09048885152 0.04949484451
1651 0.9868658155 0.08745202818 0.05032263584
1652 0.9868658155 0.08778736534 0.05504981921
1653 0.9868658155 0.09093081939 0.06028735877
1654 0.9868658155 0.07683002208 0.0480628777
1655 0.9868658155 0.06977648954 0.04288688391
1656 0.9868658155 0.09104804874 0.05742876389
1657 0.9868658155 0.07818015515 0.04588556592
1658 0.9868658155 0.07209006997 0.04700542671
1659 0.9868658155 0.06650402428 0.04103135322
1660 0.9868658155 0.05857405057 0.03922355382
1661 0.9868658155 0.07767576165 0.04299505009
1662 0.9868658155 0.1060855972 0.05603389071
1663 0.9868658155 0.1051421093 0.05843775095
1664 0.9868658155 0.1102370219 0.06440659657
1665 0.9868658155 0.09575353195 0.05501991543
1666 0.9868658155 0.09531998399 0.0600348436
1667 0.9868658155 0.09429888864 0.0564317128
1668 0.9868658155 0.1014148811 0.05456644959
1669 0.9868658155 0.10192186 0.05717665172
1670 0.9868658155 0.07530794867 0.04515608481
1671 0.9868658155 0.07501722243 0.04266818575
1672 0.9868658155 0.09935857013 0.05743309951
1673 0.9868658155 0.08737953437 0.04794907443
1674 0.9868658155 0.09946834741 0.05959000831
1675 0.9868658155 0.09961013476 0.06116233538
1676 0.9868658155 0.07888656981 0.05244779011
1677 0.9868658155 0.08333242169 0.04876222311
1678 0.9868658155 0.110650679 0.06042908209
1679 0.9868658155 0.08666457646 0.04597206789
1680 0.9868658155 0.08256328336 0.04600976637
1681 0.9868658155 0.07834577059 0.04276223718
1682 0.9868658155 0.09125920786 0.05723614406
1683 0.9868658155 0.09320441857 0.05030853345
1684 0.9868658155 0.08227711428 0.04502072449
1685 0.9868658155 0.07807738705 0.04838917285
1686 0.9868658155 0.08538931573 0.05537625874
1687 0.9868658155 0.1038956801 0.05397931852
1688 0.9868658155 0.08142568675 0.04779541435
1689 0.9868658155 0.1134117991 0.06640932362
1690 0.9868658155 0.0996042709 0.05649669799
1691 0.9868658155 0.07963767305 0.04691058827
1692 0.9868658155 0.06668125043 0.04241176872
1693 0.9868658155 0.07998704573 0.04907281558
1694 0.9868658155 0.09396675781 0.0572763271
1695 0.9868658155 0.07655856048 0.04667496351
1696 0.9868658155 0.07248562994 0.04754779646
1697 0.9868658155 0.06301825419 0.04036806725
1698 0.9868658155 0.07178611679 0.04686032417
1699 0.9868658155 0.0624599073 0.04306424561
1700 0.9868658155 0.06550680248 0.04197457092
1701 0.9868658155 0.069746635 0.04255537575
1702 0.9868658155 0.07954191911 0.04752637472
1703 0.9868658155 0.06881273564 0.04079546616
1704 0.9868658155 0.09295996534 0.0553410844
1705 0.9868658155 0.08356015453 0.05011891501
1706 0.9868658155 0.09562431445 0.05556761502
1707 0.9868658155 0.1023448527 0.05314303147
1708 0.9868658155 0.09527833804 0.04877471538
1709 0.9868658155 0.1141815809 0.05933045343
1710 0.9868658155 0.1046660948 0.06210656616
1711 0.9868658155 0.1029429858 0.06108309148
1712 0.9868658155 0.09896708367 0.05874434286
1713 0.9868658155 0.1015465004 0.0557735433
1714 0.9868658155 0.1015130739 0.0594948159
1715 0.9868658155 0.09866760572 0.05563333041
1716 0.9868658155 0.0882038593 0.05290744047
1717 0.9868658155 0.1083644496 0.06113712164
1718 0.9868658155 0.1134796366 0.06172034553
1719 0.9877782624 0.1049842945 0.06044785499
1720 0.9877782624 0.1203607096 0.06444847614
1721 0.9877782624 0.1103274403 0.06285746672
1722 0.9877782624 0.09825807341 0.05046354838
1723 0.9877782624 0.0974626565 0.05029012572
1724 0.9877782624 0.1130704901 0.05446157818
1725 0.9877782624 0.08482659518 0.04621210011
1726 0.9877782624 0.09134844625 0.05669238742
1727 0.9877782624 0.09513948246 0.06067641027
1728 0.9877782624 0.08569421419 0.05540503326
1729 0.9877782624 0.07113846945 0.04406278728
1730 0.9877782624 0.0769405601 0.0475012157
1731 0.9877782624 0.08214795267 0.05068839055
1732 0.9877782624 0.07197510381 0.04395590133
1733 0.9877782624 0.08896758945 0.05300161247
1734 0.9877782624 0.0925565616 0.05643717853
1735 0.9877782624 0.1107248064 0.06593330115
1736 0.9877782624 0.09791465857 0.05722397925
1737 0.9877782624 0.1034632102 0.05803138282
1738 0.9877782624 0.09621713496 0.0531007452
1739 0.9877782624 0.1061807149 0.0550860608
1740 0.9877782624 0.1060178869 0.05574208117
1741 0.9877782624 0.1072549688 0.05529569051
1742 0.9877782624 0.1008888224 0.05264980483
1743 0.9877782624 0.09257186247 0.0445089292
1744 0.9877782624 0.1042806912 0.05452756797
1745 0.9877782624 0.1023344511 0.0501549646
1746 0.9877782624 0.09472494635 0.05269902357
1747 0.9877782624 0.1037709287 0.05164507633
1748 0.9877782624 0.1063924422 0.05220196621
1749 0.9877782624 0.09424774258 0.04846759363
1750 0.9877782624 0.08782302466 0.04357844654
1751 0.9877782624 0.09105354609 0.05083921816
1752 0.9877782624 0.1073701519 0.05363436434
1753 0.9877782624 0.09053884673 0.05133577244
1754 0.9877782624 0.09351970891 0.05005571527
1755 0.9877782624 0.1023281761 0.06083301713
1756 0.9877782624 0.08950222237 0.04637649114
1757 0.9877782624 0.09263911281 0.0467744072
1758 0.9877782624 0.09446157683 0.04428224069
1759 0.9877782624 0.09836464314 0.05071905782
1760 0.9877782624 0.1107972545 0.06285546443
1761 0.9877782624 0.110610831 0.05277647488
1762 0.9877782624 0.09409919736 0.04860760725
1763 0.9877782624 0.09547658221 0.04707540019
1764 0.9877782624 0.1060690859 0.06088868152
1765 0.9877782624 0.0855820604 0.05161836776
1766 0.9877782624 0.1057493415 0.05916512824
1767 0.9877782624 0.07151080542 0.041956153
1768 0.9877782624 0.07653341358 0.04994036235
1769 0.9897675464 0.1075076823 0.05642319978
1770 0.9897675464 0.1283529986 0.06072521835
1771 0.9897675464 0.1111955748 0.05705205387
1772 0.9897675464 0.1284086221 0.06189846975
1773 0.9897675464 0.1002714719 0.05313730772
1774 0.9897675464 0.09018545493 0.04855720046
1775 0.9897675464 0.110292681 0.05743679986
1776 0.9897675464 0.1187087818 0.06160400212
1777 0.9897675464 0.112297326 0.06281599263
1778 0.9897675464 0.1163206156 0.06620757528
1779 0.9897675464 0.1180631525 0.05546420536
1780 0.9897675464 0.1073599255 0.05224162803
1781 0.9897675464 0.1023580337 0.05034676053
1782 0.9897675464 0.08367571869 0.04635022561
1783 0.9897675464 0.0938005838 0.04676787282
1784 0.9897675464 0.1098254625 0.05840479374
1785 0.9897675464 0.1023854627 0.04775931272
1786 0.9897675464 0.1202860772 0.06259952304
1787 0.9897675464 0.1075630509 0.05593692437
1788 0.9897675464 0.08809416517 0.04478270492
1789 0.9897675464 0.09892918671 0.05058360451
1790 0.9897675464 0.09882963431 0.04716226776
1791 0.9897675464 0.09177094059 0.04575481509
1792 0.9897675464 0.09690857843 0.05170407737
1793 0.9897675464 0.09082140889 0.05227144888
1794 0.9897675464 0.1048011254 0.05949426356
1795 0.9897675464 0.1118337928 0.06051726299
1796 0.9897675464 0.08028365387 0.0445992053
1797 0.9897675464 0.0972287112 0.05410233156
1798 0.9897675464 0.09769152245 0.05151653593
1799 0.9897675464 0.1066201412 0.05607442695
1800 0.9897675464 0.1105368773 0.0609973673
1801 0.9897675464 0.09308869489 0.05390066145
1802 0.9897675464 0.1032701963 0.05520562537
1803 0.9897675464 0.0945914921 0.0526712363
1804 0.9897675464 0.1046579555 0.05579602731
1805 0.9897675464 0.1125308473 0.05643297611
1806 0.9897675464 0.1138347467 0.05870156658
1807 0.9897675464 0.09602207974 0.05791060382
1808 0.9897675464 0.08212557496 0.04351844246
1809 0.9897675464 0.09126542602 0.05587990214
1810 0.9897675464 0.08206295576 0.04674845459
1811 0.9897675464 0.09007372887 0.04759082499
1812 0.9897675464 0.09789941698 0.05399312746
1813 0.9897675464 0.09939258061 0.05381166291
1814 0.9897675464 0.1021824876 0.05148901778
1815 0.9897675464 0.09359961483 0.04701777821
1816 0.9897675464 0.09983493667 0.05072295273
1817 0.9897675464 0.0946767154 0.04598284049
1818 0.9897675464 0.1044724218 0.05959405265
1819 0.9897675464 0.1078255136 0.0579848164
1820 0.9897675464 0.09760138836 0.05235076548
1821 0.9897675464 0.09608211672 0.05352723424
1822 0.9897675464 0.07636942328 0.04281479958
1823 0.9897675464 0.09986295855 0.05706255004
1824 0.9897675464 0.08479371929 0.0497140237
1825 0.9897675464 0.07832888709 0.042261937
1826 0.9897675464 0.09860620748 0.05604966404
1827 0.9897675464 0.08688513203 0.04429699269
1828 0.9897675464 0.0917600174 0.05392348681
1829 0.9897675464 0.09911187791 0.06038842636
1830 0.9897675464 0.09087006085 0.05247748421
1831 0.9897675464 0.08711600173 0.0488014482
1832 0.9911035529 0.1048378933 0.0547010413
1833 0.9911035529 0.1247036848 0.06852910883
1834 0.9911035529 0.1304971747 0.07248383569
1835 0.9911035529 0.1241089563 0.06819200261
1836 0.9911035529 0.1181966663 0.0658413779
1837 0.9911035529 0.09528784072 0.0568164594
1838 0.9911035529 0.07932252008 0.04705586362
1839 0.9911035529 0.09191623584 0.05667551387
1840 0.9911035529 0.0822954284 0.05178205848
1841 0.9911035529 0.07314096992 0.04198509053
1842 0.9911035529 0.07815949612 0.04850058051
1843 0.9911035529 0.08925815516 0.04642662958
1844 0.9911035529 0.08163153021 0.04927145707
1845 0.9911035529 0.1006736697 0.05453473062
1846 0.9911035529 0.0863643701 0.04714650679
1847 0.9911035529 0.08276927788 0.0479447571
1848 0.9911035529 0.1051321081 0.05797341796
1849 0.9911035529 0.1320993441 0.06636232998
1850 0.99186363 0.1441830677 0.07435301704
1851 0.99186363 0.1257635116 0.06213602821
1852 0.99186363 0.1117094571 0.05783594615
1853 0.99186363 0.1028313096 0.05794257372
1854 0.99186363 0.1011919698 0.05897365026
1855 0.99186363 0.08901042634 0.04888657129
1856 0.99186363 0.09368444016 0.04924664676
1857 0.99186363 0.1170034387 0.06289441361
1858 0.99186363 0.1075252864 0.06140321651
1859 0.99186363 0.09753982633 0.0491117624
1860 0.99186363 0.1241809721 0.07477364501
1861 0.99186363 0.08491251355 0.04652739564
1862 0.99186363 0.08912626864 0.0500274094
1863 0.99186363 0.08673510566 0.05149939323
1864 0.99186363 0.07407105184 0.04625769122
1865 0.99186363 0.08458001907 0.04863702447
1866 0.99186363 0.09966212698 0.06068390599
1867 0.99186363 0.1221511839 0.07820867445
1868 0.99186363 0.115288422 0.06863268432
1869 0.99186363 0.14411765 0.0830578423
1870 0.99186363 0.1037359648 0.05849643991
1871 0.99186363 0.08157824256 0.05379393642
1872 0.99186363 0.09691037003 0.05150155127
1873 0.99186363 0.08204996369 0.0490577317
1874 0.99186363 0.1168792654 0.07122423809
1875 0.99186363 0.09170415784 0.05039748586
1876 0.99186363 0.08783409613 0.05341238964
1877 0.99186363 0.0762441411 0.04227551175
1878 0.99186363 0.0706010129 0.0420409851
1879 0.99186363 0.07374578713 0.04918687417
1880 0.99186363 0.08570970162 0.04760833398
1881 0.99186363 0.1017305983 0.0512274943
1882 0.99186363 0.09869729943 0.05736937609
1883 0.99186363 0.09991896615 0.05669063257
1884 0.99186363 0.09247211479 0.04994101402
1885 0.99186363 0.07851450158 0.0506872829
1886 0.99186363 0.09754993996 0.05880618276
1887 0.99186363 0.0904466201 0.05433878565
1888 0.99186363 0.08598083712 0.04632695369
1889 0.99186363 0.07552757155 0.04280099525
1890 0.99186363 0.09113293263 0.04999003931
1891 0.99186363 0.1035430993 0.05749409929
1892 0.99186363 0.1035696638 0.06259879833
1893 0.99186363 0.09298361106 0.05688006021
1894 0.99186363 0.08688982272 0.05418118447
1895 0.99186363 0.09619188559 0.05572736101
1896 0.99186363 0.09552591591 0.06448216039
1897 0.99186363 0.1058097084 0.05974670893
1898 0.99186363 0.09914265177 0.06467506265
1899 0.99186363 0.07346693457 0.04933107027
1900 0.99186363 0.08454646199 0.05712141361
1901 0.99186363 0.1095306735 0.06017093778
1902 0.99186363 0.0913807406 0.04729568107
1903 0.99186363 0.08891721592 0.04277569927
1904 0.99186363 0.09635156331 0.05028601099
1905 0.99186363 0.10190668 0.05231352414
1906 0.99186363 0.1004751543 0.04931904934
1907 0.99186363 0.09474508596 0.05490690388
1908 0.99186363 0.09742514474 0.05832080109
1909 0.99186363 0.1199681183 0.06631876333
1910 0.99186363 0.1000087432 0.0565493858
1911 0.99186363 0.09464950823 0.05331749236
1912 0.99186363 0.07841141169 0.04283447893
1913 0.99186363 0.1145350082 0.06554420011
1914 0.99186363 0.09187874577 0.05134731696
1915 0.99186363 0.0929586508 0.05086027757
1916 0.99186363 0.1000172793 0.05098371411
1917 0.99186363 0.1126653674 0.05705610099
1918 0.99186363 0.1102457871 0.05631693504
1919 0.99186363 0.09830695057 0.05309297182
1920 0.99186363 0.08549231292 0.04927013262
1921 0.99186363 0.1043146951 0.04953321176
1922 0.99186363 0.1194875615 0.06088484214
1923 0.99186363 0.1136603186 0.05959437151
1924 0.99186363 0.09771744649 0.04814107128
1925 0.99186363 0.08791314527 0.04794741416
1926 0.99186363 0.102325246 0.05703561079
1927 0.99186363 0.1052822714 0.05787932964
1928 0.99186363 0.08650830362 0.04907745616
1929 0.99186363 0.07843063292 0.04188899237
1930 0.99186363 0.08466297048 0.04568595784
1931 0.99186363 0.09673000891 0.04943035611
1932 0.99186363 0.09212838117 0.0454299677
1933 0.99186363 0.1197016889 0.06919619639
1934 0.99186363 0.1238302073 0.07112046281
1935 0.99186363 0.1046233798 0.06171979655
1936 0.99186363 0.1181937113 0.05528173016
1937 0.99186363 0.1029985296 0.05345819209
1938 0.99186363 0.09896198855 0.0523758964
1939 0.99186363 0.1110939978 0.05834622387
1940 0.99186363 0.1187927737 0.05409326153
1941 0.99186363 0.09816027348 0.0465509302
1942 0.99186363 0.115537567 0.05726939107
1943 0.99186363 0.1204295018 0.0591880342
1944 0.99186363 0.1139984145 0.05891200571
1945 0.99186363 0.08095861262 0.04181292388
1946 0.99186363 0.1064500072 0.06255790424
1947 0.99186363 0.09212425464 0.04770610855
1948 0.99186363 0.1003710926 0.05184563644
1949 0.99186363 0.1180165436 0.05687169984
1950 0.99186363 0.08526236448 0.04523920908
1951 0.99186363 0.1133635878 0.05256149819
1952 0.99186363 0.1158323238 0.06198707585
1953 0.99186363 0.08371063077 0.04508406663
1954 0.99186363 0.09953281094 0.06121337917
1955 0.99186363 0.0867196886 0.05042345581
1956 0.99186363 0.08788431769 0.05128150716
1957 0.99186363 0.1065302137 0.05447120186
1958 0.99186363 0.08103312463 0.04582504102
1959 0.99186363 0.08781022897 0.05496985861
1960 0.99186363 0.0933882626 0.0563042149
1961 0.99186363 0.08972154541 0.05330491911
1962 0.99186363 0.09485300394 0.04902835616
1963 0.99186363 0.08891450465 0.05297061611
1964 0.99186363 0.09081659726 0.05427360906
1965 0.99186363 0.1059049937 0.05875492896
1966 0.99186363 0.1005230256 0.05339546225
1967 0.99186363 0.07908479805 0.04637892984
1968 0.99186363 0.1026206097 0.06707525422
1969 0.99186363 0.0978396016 0.05881744648
1970 0.99186363 0.08529644427 0.04855440692
1971 0.99186363 0.09311079353 0.05529865613
1972 0.99186363 0.1188114715 0.06973480668
1973 0.99186363 0.09588882066 0.05594906675
1974 0.99186363 0.09756735321 0.0508242844
1975 0.99186363 0.08350310554 0.05037806812
1976 0.99186363 0.06712987333 0.04345398788
1977 0.99186363 0.07806770066 0.04182092813
1978 0.99186363 0.09122373134 0.05589943645
1979 0.99186363 0.08836364416 0.05908478682
1980 0.99186363 0.07848794663 0.04767273318
1981 0.99186363 0.07674324091 0.05129347147
1982 0.99186363 0.0915352696 0.05644611491
1983 0.99186363 0.08849371865 0.04663903903
1984 0.99186363 0.09552017923 0.0573666261
1985 0.99186363 0.09765237561 0.05755652059
1986 0.99186363 0.07918960589 0.04746276171
1987 0.9925572145 0.09816277773 0.06066393977
1988 0.9925572145 0.09172996192 0.05439367431
1989 0.9925572145 0.06972362776 0.04056569729
1990 0.9925572145 0.08376197868 0.05609827266
1991 0.9925572145 0.07519528914 0.04492248194
1992 0.9925572145 0.100658066 0.06430981583
1993 0.9925572145 0.08320203616 0.04884529831
1994 0.9925572145 0.08619500525 0.04846962512
1995 0.9925572145 0.07327666841 0.04358801897
1996 0.9925572145 0.08021574665 0.04863340086
1997 0.9925572145 0.07035389382 0.04470216916
1998 0.9925572145 0.1066664652 0.06891154599
1999 0.9925572145 0.09672205811 0.06102613659
2000 0.9925572145 0.1031010717 0.05183962337
