0 0 0 0
1 3.102169254e-10 3.102169254e-12 9.623454079e-22
2 3.102169254e-10 3.102169254e-12 9.623454079e-22
3 3.102169254e-10 3.102169254e-12 9.623454079e-22
4 3.102169254e-10 3.102169254e-12 9.623454079e-22
5 3.102169254e-10 3.102169254e-12 9.623454079e-22
6 3.117637251e-10 6.219806505e-12 1.914773351e-21
7 3.117637251e-10 6.929614762e-12 1.956237198e-21
8 3.635689627e-10 1.056530439e-11 3.227164279e-21
9 3.635689627e-10 1.056530439e-11 3.227164279e-21
10 1.335580418e-09 2.392110857e-11 2.077984786e-20
11 5.596354672e-09 8.243649662e-11 3.313526584e-19
12 5.596354672e-09 1.646495203e-10 6.7570927e-19
13 5.596354672e-09 1.624783628e-10 6.762795081e-19
14 2.789375209e-08 4.49838168e-10 8.367040688e-18
15 2.789375209e-08 4.389748683e-10 8.363550684e-18
16 4.42206624e-08 8.902502963e-10 2.757654137e-17
17 2.887373299e-05 2.896074756e-07 8.336444604e-12
18 2.887373299e-05 2.898583541e-07 8.336309269e-12
19 2.887373299e-05 2.899872774e-07 8.336235424e-12
20 2.887373299e-05 2.900824617e-07 8.336185594e-12
21 5.261484521e-05 8.163120758e-07 3.571094012e-11
22 0.0001850548134 2.667136289e-06 3.751105328e-10
23 0.003046240355 3.611334279e-05 9.313758466e-08
24 0.003948242197 7.719458912e-05 2.461820421e-07
25 0.01006336041 0.0002241171014 1.352095345e-06
26 0.01006336041 0.0002868330114 1.558657497e-06
27 0.01006336041 0.0004207278348 2.074639366e-06
28 0.01006336041 0.0005950251882 3.494234319e-06
29 0.01006336041 0.0005342842268 3.584331377e-06
30 0.0101881051 0.0004586841882 3.903220731e-06
31 0.02741730154 0.0008691771722 1.199490322e-05
32 0.02741730154 0.0009929626119 1.656510192e-05
33 0.02741730154 0.001383827911 2.736401547e-05
34 0.02741730154 0.001090364736 2.485717044e-05
35 0.02741730154 0.001467864608 3.260659085e-05
36 0.1824903637 0.003505833107 0.0003648317315
37 0.1824903637 0.003710870611 0.000366883687
38 0.1824903637 0.00414897949 0.0003761873677
39 0.1824903637 0.005597882553 0.0004408929767
40 0.1824903637 0.005510811774 0.0004691730368
41 0.1824903637 0.005787055097 0.0006119172207
42 0.1824903637 0.006556120005 0.0006318376415
43 0.1824903637 0.007555829578 0.0007805744229
44 0.1824903637 0.009041238416 0.0009051444808
45 0.1824903637 0.009934727013 0.0009380364146
46 0.3038577074 0.01152519145 0.001780548353
47 0.3038577074 0.0153777933 0.001859826509
48 0.3038577074 0.01821732764 0.002475504246
49 0.3038577074 0.01685782608 0.002559537106
50 0.3038577074 0.01621786898 0.002539302759
51 0.3038577074 0.01304354978 0.002336737452
52 0.3038577074 0.01510502593 0.002479608928
53 0.3530200537 0.024837935 0.005380833482
54 0.3530200537 0.02276820112 0.005996156331
55 0.3530200537 0.02201847504 0.005476209083
56 0.3926445387 0.02908271124 0.00818050246
57 0.8953481762 0.04003169929 0.01671299058
58 0.8953481762 0.04213327413 0.02151262486
59 0.8953481762 0.03304001487 0.01844182572
60 0.9353768798 0.04784458129 0.02798590184
61 0.9707938711 0.06358622089 0.04370013763
62 0.9913673292 0.07860302233 0.05330970983
62 0.02691905014 0.0003149457359 7.284354832e-06
63 0.02691905014 0.0003791494367 7.413049481e-06
64 0.03516626264 0.0008039680291 1.988713165e-05
65 0.07652222919 0.001991522485 8.220356548e-05
66 0.07652222919 0.00201270196 8.509786791e-05
67 0.07652222919 0.002378350024 8.93640327e-05
68 0.07652222919 0.003705018796 0.0001621845884
69 0.07652222919 0.003651750888 0.0001739686338
70 0.1112423656 0.005763423719 0.0003810375495
71 0.1653673811 0.009553257114 0.000887540831
72 0.2710746028 0.01328453681 0.001815953865
73 0.2710746028 0.01533880321 0.002340691878
74 0.3565277531 0.01645417358 0.003388744438
75 0.3565277531 0.01314233897 0.003082768826
76 0.3565277531 0.01143961804 0.002771950753
77 0.3565277531 0.01714018763 0.003831062853
78 0.3565277531 0.02633213369 0.006141645318
79 0.3565277531 0.0278772341 0.007198674569
80 0.3565277531 0.02117474939 0.005617724974
81 0.3565277531 0.02349156232 0.006296036306
82 0.3565277531 0.02640800283 0.006437749241
83 0.3575629642 0.03081290263 0.007939539931
84 0.3575629642 0.02730182742 0.006653018307
85 0.3575629642 0.02814347993 0.006613639303
86 0.3575629642 0.02498535057 0.006721657976
87 0.3575629642 0.02195713926 0.005356522364
88 0.3575629642 0.02799843248 0.007301485205
89 0.3575629642 0.0288847815 0.007247656038
90 0.4230090593 0.02717064337 0.008061116474
91 0.4230090593 0.0242142896 0.007414686155
92 0.4591706684 0.03671603661 0.01153271177
93 0.4792685346 0.03972937356 0.01341660616
94 0.4792685346 0.03437161075 0.01104688646
95 0.4792685346 0.04355163904 0.01393235976
96 0.4907765393 0.05401119538 0.01608709546
97 0.4907765393 0.05206620077 0.01589741807
98 0.4907765393 0.0478140502 0.01497023671
99 0.4907765393 0.05598714853 0.01519196667
100 0.4907765393 0.04239717205 0.01166587958
101 0.4907765393 0.04336982096 0.01270399413
102 0.4907765393 0.04888790709 0.01496053953
103 0.4907765393 0.0496947479 0.01414918711
104 0.4907765393 0.05847510025 0.01659103423
105 0.4937868518 0.06342650419 0.0182952899
106 0.4937868518 0.0671301687 0.01902019091
107 0.4937868518 0.06480187344 0.02055195744
108 0.4937868518 0.06839184475 0.01957517481
109 0.5233283041 0.06898634609 0.01962087909
110 0.5517833768 0.07231916179 0.02252211665
111 0.5517833768 0.08396443055 0.02449743707
112 0.5517833768 0.08310929202 0.02305655112
113 0.5517833768 0.07713147574 0.02310471258
114 0.5580353293 0.07477194826 0.02205873085
115 0.5580353293 0.0777075559 0.02490848837
116 0.5580353293 0.07226246118 0.01993792562
117 0.5580353293 0.06709895965 0.02002870875
118 0.5750855128 0.06810690009 0.02295834957
119 0.5750855128 0.07480262675 0.0228823912
120 0.6195419009 0.08380926624 0.0266202323
121 0.6195419009 0.08770758441 0.02929217295
122 0.6302079769 0.09323743865 0.03176148829
123 0.6302079769 0.07864814449 0.0227731815
124 0.6302079769 0.08592569189 0.02289134609
125 0.6302079769 0.09225120561 0.02591384795
126 0.6302079769 0.08079342179 0.02607497719
127 0.6302079769 0.07913178388 0.024511618
128 0.6302079769 0.06716012481 0.02024872976
129 0.6302079769 0.07016870658 0.02247050095
130 0.6332041278 0.07749673002 0.0238602961
131 0.6332041278 0.08849859795 0.02861416646
132 0.6332041278 0.08277909514 0.02343800972
133 0.6332041278 0.0808894739 0.02646266348
134 0.6332041278 0.07986698571 0.02263223228
135 0.6332041278 0.08357496662 0.02486904182
136 0.6332041278 0.08847065846 0.02677223982
137 0.6332041278 0.08808798257 0.02490360421
138 0.6332041278 0.07376586528 0.02275093676
139 0.6332041278 0.08764150524 0.02751649669
140 0.6335982553 0.09381490775 0.03081667673
141 0.6335982553 0.08642828502 0.02638230917
142 0.6356622438 0.1035209805 0.03312175518
143 0.6356622438 0.09688194143 0.03180144791
144 0.6356622438 0.08226806796 0.02647849034
145 0.6524432204 0.07992292509 0.02535254757
146 0.6524432204 0.1009275081 0.03232354865
147 0.6617681663 0.1007618928 0.03367376057
148 0.8160483263 0.101888941 0.03427758701
149 0.8160483263 0.1069051129 0.03677526842
150 0.8160483263 0.1131514073 0.03958972816
151 0.8160483263 0.1087688561 0.0362165017
152 0.8160483263 0.1035915802 0.03599417332
153 0.8160483263 0.1067431298 0.03771607547
154 0.8160483263 0.1009609508 0.03857091151
155 0.8160483263 0.09964785464 0.03967149603
156 0.8160483263 0.08751024748 0.03577009834
157 0.8160483263 0.09416760701 0.03877811409
158 0.8160483263 0.09684050207 0.03620301712
159 0.8160483263 0.08009365393 0.03791747124
160 0.8239345295 0.1000101156 0.0504321552
161 0.8239345295 0.1059212524 0.04528301903
162 0.8239345295 0.08555211929 0.03733659541
163 0.8239345295 0.09638800117 0.04199624758
164 0.9643485154 0.09109431054 0.04173568562
165 0.9643485154 0.09539523981 0.04614245144
166 0.9643485154 0.1060271365 0.0513560512
167 0.9643485154 0.1097269516 0.04775972832
168 0.9643485154 0.1108842614 0.05708375068
169 0.9643485154 0.1277720087 0.0674711548
170 0.9643485154 0.1266522178 0.0543098364
171 0.9643485154 0.1381020337 0.06703833449
172 0.9643485154 0.1506612137 0.06614397891
173 0.9643485154 0.1407171999 0.06056295903
174 0.9643485154 0.153623548 0.06544181395
175 0.9643485154 0.1493982578 0.06638492248
176 0.9643485154 0.1409810635 0.06087993573
177 0.9643485154 0.1375454416 0.0605837191
178 0.9643485154 0.1080896773 0.05043822773
179 0.9643485154 0.09916846526 0.04582614212
180 0.9643485154 0.1165501662 0.04791522168
181 0.9744630795 0.1377870175 0.06187015375
182 0.9744630795 0.1585923497 0.06795161669
183 0.9744630795 0.1374917893 0.05703057131
184 0.9744630795 0.1219012242 0.05190570116
185 0.9744630795 0.1377626952 0.05606222271
186 0.9744630795 0.1151695735 0.04927651869
187 0.9744630795 0.1400509866 0.06279378602
188 0.9744630795 0.1267544193 0.05868051845
189 0.9744630795 0.1072084598 0.05075670434
190 0.9744630795 0.1675997031 0.07482626857
191 0.9744630795 0.1319740432 0.05611986464
192 0.9796721435 0.1394462406 0.06516333793
193 0.9796721435 0.1425841758 0.06151545598
194 0.9796721435 0.1573511573 0.06705052054
195 0.9796721435 0.1558120872 0.06759976072
196 0.9796721435 0.1686608174 0.07008893614
197 0.9796721435 0.1325179684 0.05202766333
198 0.9796721435 0.1503930598 0.0569101201
199 0.9796721435 0.1508375491 0.06502271011
200 0.9796721435 0.1646982983 0.06493527817
201 0.9796721435 0.1344628711 0.05874304457
202 0.9796721435 0.1189932492 0.05667154611
203 0.9796721435 0.1231912848 0.05384996119
204 0.9796721435 0.1324730495 0.05905263009
205 0.9796721435 0.1341313709 0.0542218781
206 0.9796721435 0.141890204 0.06017627216
207 0.9796721435 0.1199888999 0.0497071044
208 0.9796721435 0.1214997834 0.06001840994
209 0.9796721435 0.1455562075 0.06542705578
210 0.9796721435 0.1402465874 0.06519510953
211 0.9796721435 0.1435461299 0.07051004502
212 0.9796721435 0.103464885 0.05367035436
213 0.9796721435 0.1290315844 0.06353875052
214 0.9796721435 0.1157911441 0.05510802302
215 0.9796721435 0.1173310456 0.05665555397
216 0.9796721435 0.1234964511 0.06046974871
217 0.9796721435 0.1296711849 0.0602693952
218 0.9796721435 0.1183096577 0.0537987735
219 0.9796721435 0.1097279521 0.05704882967
220 0.9796721435 0.1044364118 0.05928682904
221 0.9796721435 0.1192383576 0.06426347875
222 0.9796721435 0.1130921562 0.04979710041
223 0.9796721435 0.1114459008 0.05456632834
224 0.9796721435 0.1464971369 0.07585760584
225 0.9812378859 0.125603521 0.06948300376
226 0.9812378859 0.1363363311 0.05988282626
227 0.9812378859 0.1318083863 0.05738546721
228 0.9866615511 0.1291642018 0.06492311942
229 0.9866615511 0.1481880615 0.07317323584
230 0.9866615511 0.1339537525 0.06386795956
231 0.9866615511 0.1337621195 0.06614622463
232 0.9866615511 0.1283087364 0.05395698203
233 0.9866615511 0.1108240522 0.05016061053
234 0.9866615511 0.1107472552 0.05243625011
235 0.9890210807 0.1040862938 0.05684324301
236 0.9890210807 0.1087736701 0.05603307378
237 0.9890210807 0.1090970661 0.05297531914
238 0.9890210807 0.125378133 0.05946443593
239 0.9890210807 0.1197855057 0.05902767995
240 0.9890210807 0.1456440599 0.07289053611
241 0.9890210807 0.1324067068 0.06055395287
242 0.9890210807 0.1552298726 0.07233547124
243 0.9890210807 0.1253790116 0.06149782949
244 0.9890210807 0.1423383545 0.06748173904
245 0.9890210807 0.1680305758 0.07330694609
246 0.9890210807 0.1487568724 0.06910809587
247 0.9890210807 0.1564570583 0.06534697786
248 0.9890210807 0.1545031528 0.06679094418
249 0.9890210807 0.1469246759 0.06595281911
250 0.9890210807 0.1375178125 0.0651886039
251 0.9890210807 0.1399357328 0.06578398718
252 0.9890210807 0.1322716186 0.06190732686
253 0.9890210807 0.126633433 0.06589964907
254 0.9890210807 0.1248609491 0.05022610403
255 0.9890210807 0.1228973964 0.05114703267
256 0.9890210807 0.1432323917 0.06511818701
257 0.9890210807 0.1638661047 0.06332875452
258 0.9890210807 0.1536524994 0.06150248507
259 0.9890210807 0.1318420535 0.0539677745
260 0.9890210807 0.1475152889 0.06616527268
261 0.9890210807 0.1387140541 0.06229838086
262 0.9890210807 0.1434727795 0.07123280335
263 0.9890210807 0.1686761406 0.07561022664
264 0.9890210807 0.147253569 0.0628960654
265 0.9890210807 0.1296649194 0.05524155065
266 0.9890210807 0.108553043 0.05849364819
267 0.9890210807 0.139882501 0.06938362253
268 0.9890210807 0.1316362225 0.05667229301
269 0.9890210807 0.1302169468 0.05429424727
270 0.9890210807 0.1095067289 0.04462164818
271 0.9890210807 0.1309273634 0.05854620044
272 0.9890210807 0.1263613657 0.05680400812
273 0.9890210807 0.1174104221 0.05004545197
274 0.9890210807 0.1390324931 0.06652741357
275 0.9890210807 0.1278542433 0.06085620748
276 0.9890210807 0.1453134949 0.06684434629
277 0.9890210807 0.1440383046 0.06752683963
278 0.9890210807 0.1708004641 0.07684589698
279 0.9890210807 0.1474827631 0.06069912587
280 0.9890210807 0.1386164465 0.06579495967
281 0.9890210807 0.1211983766 0.06087042449
282 0.9890210807 0.1258052031 0.05680884565
283 0.9890210807 0.149689842 0.06802170246
284 0.9890210807 0.1564485077 0.06076519283
285 0.9890210807 0.180285632 0.0809395929
286 0.9890210807 0.1618187612 0.06121235972
287 0.9890210807 0.168464815 0.06448752251
288 0.9890210807 0.1841599077 0.07444628307
289 0.9890210807 0.1602414224 0.05854684243
290 0.9945661539 0.1947975414 0.08095794433
291 0.9945661539 0.1655147828 0.06656800789
292 0.9945661539 0.1461252345 0.06629311211
293 0.9945661539 0.1632974255 0.07404099192
294 0.9945661539 0.1706085671 0.07165819885
295 0.9945661539 0.1513011181 0.06161867182
296 0.9945661539 0.1501031686 0.06104658586
297 0.9945661539 0.1657899772 0.06390268742
298 0.9945661539 0.1663896401 0.06494183628
299 0.9945661539 0.193817313 0.07985637882
300 0.9945661539 0.1870240754 0.06683733973
301 0.9945661539 0.1897826198 0.07008307892
302 0.9945661539 0.1587326908 0.06361975884
303 0.9945661539 0.1468142062 0.0658451901
304 0.9945661539 0.1518180394 0.06690655157
305 0.9945661539 0.1694155309 0.07256964427
306 0.9945661539 0.1806262934 0.06439524423
307 0.9945661539 0.2233375084 0.08550444676
308 0.9945661539 0.1571232824 0.06050720233
309 0.9945661539 0.1871788064 0.07172121043
310 0.9945661539 0.168725782 0.06520301958
311 0.9945661539 0.1853557574 0.07764063398
312 0.9945661539 0.189707087 0.0744108237
313 0.9945661539 0.1701270209 0.06273245504
314 0.9945661539 0.1986334692 0.07487465236
315 0.9945661539 0.1862734603 0.07501261675
316 0.9945661539 0.1829122202 0.07228936424
317 0.9945661539 0.1601358118 0.06399632971
318 0.9963766645 0.1585848933 0.06547412565
319 0.9963766645 0.163579323 0.06141107841
320 0.9963766645 0.1881407803 0.07075753526
321 0.9963766645 0.1982165887 0.07964661153
322 0.9963766645 0.1899071866 0.06962738245
323 0.9963766645 0.2038583039 0.07547104224
324 0.9963766645 0.2329492007 0.08955680108
325 0.9963766645 0.1970284513 0.07955537552
326 0.9963766645 0.2217840066 0.09350066577
327 0.9963766645 0.1956154269 0.07680996059
328 0.9963766645 0.1961551387 0.07577494092
329 0.9963766645 0.2033352944 0.08135277909
330 0.9963766645 0.1835282149 0.07271391354
331 0.9963766645 0.1737647796 0.07020636999
332 0.9963766645 0.1712279676 0.06793856049
333 0.9963766645 0.1537541439 0.06435371083
334 0.9963766645 0.1694040534 0.07500169902
335 0.9963766645 0.1667382796 0.07053532135
336 0.9963766645 0.1369152467 0.05336878387
337 0.9963766645 0.1473475433 0.05956357681
338 0.9963766645 0.141821618 0.05630838138
339 0.9963766645 0.1681189525 0.06673198805
340 0.9963766645 0.1806166474 0.06974435538
341 0.9963766645 0.2090197165 0.07729481843
342 0.9963766645 0.1634567573 0.06074820675
343 0.9963766645 0.1624506161 0.06770957701
344 0.9963766645 0.1652894617 0.07004038941
345 0.9963766645 0.1583931991 0.07403195483
346 0.9963766645 0.1206902379 0.05771957807
347 0.9963766645 0.1538237874 0.0681332126
348 0.9963766645 0.1693120947 0.07744562595
349 0.9963766645 0.176804661 0.07988203344
350 0.9963766645 0.1550402514 0.06582642136
351 0.9963766645 0.1486095054 0.0657831827
352 0.9963766645 0.1665291942 0.08129660263
353 0.9963766645 0.1715321156 0.06928903382
354 0.9963766645 0.1668978198 0.07651294207
355 0.9963766645 0.1814431797 0.07446906825
356 0.9963766645 0.1651053054 0.06891265114
357 0.9963766645 0.1510424657 0.06406091142
358 0.9963766645 0.1139506773 0.05228637922
359 0.9963766645 0.1439344288 0.06802304008
360 0.9963766645 0.1486758731 0.06177175918
361 0.9963766645 0.1538859463 0.07326868833
362 0.9963766645 0.1419038701 0.05998532964
363 0.9963766645 0.1568064035 0.06633784092
364 0.9963766645 0.1507808057 0.06073448974
365 0.9963766645 0.1749234659 0.07484852713
366 0.9963766645 0.1551474763 0.07212402289
367 0.9963766645 0.1170079286 0.05409913782
368 0.9963766645 0.1604562895 0.07626710391
369 0.9963766645 0.1535125787 0.07458015714
370 0.9963766645 0.1536182174 0.07367411648
371 0.9963766645 0.1423443614 0.07078840367
372 0.9963766645 0.173669952 0.07982932451
373 0.9963766645 0.1720702364 0.08545046727
374 0.9963766645 0.1489478355 0.07670473473
375 0.9963766645 0.1489936776 0.06948627102
376 0.9975957357 0.131033724 0.06483789436
377 0.9975957357 0.1417653795 0.07727573692
378 0.9975957357 0.1375724706 0.07106493292
379 0.9975957357 0.1210920398 0.06185845221
380 0.9975957357 0.1421371241 0.07218809383
381 0.9975957357 0.1234971692 0.07052631954
382 0.9975957357 0.1022603467 0.05617638558
383 0.9975957357 0.1271360609 0.06520603967
384 0.9975957357 0.1327653117 0.06728023302
385 0.9975957357 0.1452402503 0.07799130696
386 0.9975957357 0.1036498741 0.05129528064
387 0.9975957357 0.1070319213 0.05144719471
388 0.9975957357 0.1057427168 0.0540839196
389 0.9975957357 0.09992781667 0.05389756911
390 0.9975957357 0.1247937638 0.06444901346
391 0.9975957357 0.1314528207 0.07165971088
392 0.9975957357 0.1076688851 0.05617342026
393 0.9975957357 0.1615407203 0.0713807271
394 0.9975957357 0.1120441088 0.05192428146
395 0.9975957357 0.1183855521 0.06081211765
396 0.9975957357 0.1344721829 0.06732808423
397 0.9975957357 0.1287344696 0.06804693546
398 0.9975957357 0.147715854 0.07710506407
399 0.9975957357 0.1267104037 0.06550388753
400 0.9975957357 0.1469978484 0.07123414568
401 0.9975957357 0.1546811141 0.07194562384
402 0.9975957357 0.1683785948 0.08295770433
403 0.9975957357 0.1379878157 0.05999581367
404 0.9975957357 0.1419190255 0.06713886602
405 0.9975957357 0.146306598 0.07056253477
406 0.9975957357 0.1311165358 0.06806914981
407 0.9975957357 0.1233369845 0.06643530379
408 0.9975957357 0.1329392967 0.06884395471
409 0.9975957357 0.118631189 0.0607964336
410 0.9975957357 0.1312059452 0.06547008524
411 0.9975957357 0.1274487112 0.06673975627
412 0.9975957357 0.1218293118 0.0618715893
413 0.9975957357 0.1252821662 0.06287420499
414 0.9975957357 0.1070034655 0.05759864927
415 0.9975957357 0.1112163465 0.06043748985
416 0.9975957357 0.1284630816 0.06116041902
417 0.9975957357 0.1119364743 0.05872889563
418 0.9975957357 0.1512465803 0.07665412533
419 0.9975957357 0.1092838515 0.06125360593
420 0.9975957357 0.1349850951 0.06210916997
421 0.9975957357 0.1451740091 0.07308941014
422 0.9975957357 0.1402213824 0.06809708431
423 0.9975957357 0.165810078 0.07795735692
424 0.9975957357 0.1417179422 0.05365400456
425 0.9975957357 0.1319915006 0.06178159968
426 0.9975957357 0.1510952591 0.07659225978
427 0.9975957357 0.1346355501 0.06275179983
428 0.9975957357 0.1358269475 0.0617212066
429 0.9975957357 0.1356719503 0.06066842074
430 0.9975957357 0.1482313262 0.06778423113
431 0.9975957357 0.1448550494 0.06546048214
432 0.9975957357 0.136389726 0.05636716789
433 0.9984728012 0.1684967758 0.06865713654
434 0.9984728012 0.155522744 0.06073024704
435 0.9984728012 0.1539251359 0.07080951209
436 0.9984728012 0.1366127681 0.05371450421
437 0.9984728012 0.1449337818 0.06134180904
438 0.9984728012 0.1417390624 0.06352591125
439 0.9984728012 0.1433026091 0.06380436458
440 0.9984728012 0.1358496517 0.06228651808
441 0.9984728012 0.154218721 0.06208107212
442 0.9984728012 0.1815117378 0.07298331596
443 0.9984728012 0.164265854 0.06944918327
444 0.9984728012 0.1683256402 0.07744203174
445 0.9984728012 0.185646727 0.07615397925
446 0.9984728012 0.1834151164 0.07519586306
447 0.9984728012 0.2124137949 0.08037996797
448 0.9984728012 0.2090819294 0.07202166493
449 0.9984728012 0.1845428762 0.06576245823
450 0.9984728012 0.1590096045 0.06276822363
451 0.9984728012 0.1535716022 0.05537486111
452 0.9984728012 0.1703381339 0.06200059514
453 0.9984728012 0.1848879191 0.06872173416
454 0.9984728012 0.2063818754 0.07147333316
455 0.9984728012 0.1654714162 0.06510508554
456 0.9984728012 0.1601586013 0.0616429663
457 0.9984728012 0.1427386367 0.05694279935
458 0.9984728012 0.1591623494 0.05785724693
459 0.9984728012 0.1646406363 0.06998355454
460 0.9984728012 0.1749642087 0.07753048226
461 0.9984728012 0.1710735223 0.06931333494
462 0.9984728012 0.1701884742 0.06599869335
463 0.9984728012 0.1893942705 0.0757255404
464 0.9984728012 0.1942723109 0.06654291729
465 0.9984728012 0.2002528689 0.09175284753
466 0.9984728012 0.1859460753 0.0800625459
467 0.9984728012 0.1650864466 0.06720837047
468 0.9984728012 0.1639353403 0.06654057045
469 0.9984728012 0.1577844466 0.07462256418
470 0.9984728012 0.2015195842 0.08980466016
471 0.9984728012 0.1674479163 0.07598859106
472 0.9984728012 0.1696098016 0.07536488383
473 0.9984728012 0.1646030456 0.06692862687
474 0.9984728012 0.1658973621 0.07356918808
475 0.9984728012 0.1668007113 0.07063765011
476 0.9984728012 0.1565438533 0.06776165406
477 0.9984728012 0.1569157849 0.06522379236
478 0.9984728012 0.1634079859 0.07540499654
479 0.9984728012 0.1618100745 0.07533414997
480 0.9984728012 0.1692604493 0.08050174535
481 0.9984728012 0.1685608747 0.07181894912
482 0.9984728012 0.1740958118 0.0685186718
483 0.9984728012 0.1926052315 0.07326581017
484 0.9984728012 0.1780755563 0.07036736029
485 0.9984728012 0.1953114409 0.07532299023
486 0.9984728012 0.1755517383 0.06746713783
487 0.9984728012 0.1674530194 0.06225805398
488 0.9984728012 0.1660861774 0.06319013037
489 0.9984728012 0.1856191181 0.07521787951
490 0.9984728012 0.1426249582 0.05730410527
491 0.9984728012 0.2060017552 0.08138726154
492 0.9984728012 0.1829732452 0.07724015599
493 0.9984728012 0.1969194533 0.08137168163
494 0.9984728012 0.1758422158 0.07167524768
495 0.9984728012 0.171396611 0.06750930822
496 0.9984728012 0.155546905 0.06881831993
497 0.9984728012 0.1450055734 0.06477506658
498 0.9984728012 0.1464175583 0.06528931539
499 0.9984728012 0.1308722623 0.05327773609
500 0.9984728012 0.1420226138 0.06161039435
501 0.9984728012 0.1587552751 0.06994653299
502 0.9984728012 0.1536778001 0.06988442183
503 0.9984728012 0.1727695742 0.06713950269
504 0.9984728012 0.1594158527 0.054873525
505 0.9984728012 0.1466086538 0.06180376227
506 0.9984728012 0.1251966565 0.05553467121
507 0.9984728012 0.1645608759 0.06338013776
508 0.9984728012 0.1571364622 0.06102389248
509 0.9984728012 0.177059186 0.07988204121
510 0.9984728012 0.1544612454 0.06851498462
511 0.9984728012 0.159385249 0.06438886357
512 0.9984728012 0.1258692051 0.05175467356
513 0.9984728012 0.1508239213 0.06410696198
514 0.9984728012 0.1319077105 0.0613914699
515 0.9984728012 0.1229985987 0.05980546377
516 0.9984728012 0.1131572966 0.05249678949
517 0.9984728012 0.1101832613 0.05453547206
518 0.9984728012 0.1096123129 0.06041464963
519 0.9984728012 0.1008246841 0.06058198456
520 0.9984728012 0.1307766305 0.06596168236
521 0.9984728012 0.1306659759 0.06176837893
522 0.9984728012 0.1162020939 0.05087580825
523 0.9984728012 0.1457934488 0.06667017473
524 0.9984728012 0.1434232239 0.06557193585
525 0.9984728012 0.1601332052 0.08840634749
526 0.9984728012 0.1308294113 0.0661899827
527 0.9984728012 0.1346619758 0.06247344607
528 0.9984728012 0.1174297902 0.05587288157
529 0.9984728012 0.1319866947 0.06744132781
530 0.9984728012 0.1280194728 0.060511209
531 0.9984728012 0.143545265 0.07076221851
532 0.9984728012 0.1310447632 0.05897926271
533 0.9984728012 0.15429466 0.06716382747
534 0.9984728012 0.1750427249 0.07887161433
535 0.9984728012 0.1682111481 0.07335557901
536 0.9984728012 0.1308794372 0.06564803559
537 0.9984728012 0.1186470197 0.06419548315
538 0.9984728012 0.1174994887 0.05674187882
539 0.9984728012 0.1363296438 0.05748827571
540 0.9984728012 0.136086328 0.06741780989
541 0.9984728012 0.1504762886 0.06707670631
542 0.9984728012 0.1833753283 0.08277556708
543 0.9984728012 0.173621137 0.07645375912
544 0.9984728012 0.1777720624 0.08625917003
545 0.9984728012 0.1424357421 0.07010008891
546 0.9984728012 0.1439118849 0.06382582928
547 0.9984728012 0.143447293 0.06465401137
548 0.9984728012 0.1209440042 0.05464356499
549 0.9984728012 0.133625638 0.06356228132
550 0.9984728012 0.1396789778 0.06044478793
551 0.9984728012 0.145818965 0.06721617581
552 0.9984728012 0.1669568605 0.08436550248
553 0.9984728012 0.1238295152 0.0617964261
554 0.9984728012 0.1559871911 0.07097666071
555 0.9984728012 0.1576342034 0.06757843887
556 0.9984728012 0.1561359252 0.07282418285
557 0.9984728012 0.1388248509 0.05985510046
558 0.9984728012 0.1771693859 0.07485510653
559 0.9984728012 0.1792835728 0.07327630555
560 0.9984728012 0.1623579929 0.06809955499
561 0.9984728012 0.1492185224 0.06577631586
562 0.9984728012 0.1313756536 0.06236035444
563 0.9984728012 0.1350858349 0.06580919058
564 0.9984728012 0.1575740504 0.0784168189
565 0.9984728012 0.1490585145 0.06507371277
566 0.9984728012 0.1438529793 0.06806979133
567 0.9984728012 0.1356660887 0.05533383005
568 0.9984728012 0.1564550768 0.0787156401
569 0.9984728012 0.1681128267 0.07707670172
570 0.9984728012 0.1723458947 0.07285939617
571 0.9984728012 0.1896865912 0.07791000689
572 0.9984728012 0.1878177683 0.07753696922
573 0.9984728012 0.1638831375 0.06989165379
574 0.9984728012 0.1631195046 0.07201221243
575 0.9984728012 0.1412324888 0.06149443116
576 0.9984728012 0.1509850853 0.06142152151
577 0.9984728012 0.1629869801 0.07089460201
578 0.9984728012 0.1611752904 0.06953972746
579 0.9984728012 0.1787965923 0.07101954722
580 0.9984728012 0.1638466995 0.07986498519
581 0.9984728012 0.1545780882 0.07165234009
582 0.9984728012 0.1277183771 0.05959242536
583 0.9984728012 0.121315631 0.05218843118
584 0.9984728012 0.1053562671 0.04939642604
585 0.9984728012 0.1361008061 0.06807121638
586 0.9984728012 0.154139293 0.07247964291
587 0.9984728012 0.1303896188 0.06233569086
588 0.9984728012 0.1162106614 0.05333861967
589 0.9984728012 0.1291010853 0.07061365939
590 0.9984728012 0.09280970115 0.05278208356
591 0.9984728012 0.1094402958 0.04945711917
592 0.9984728012 0.1379813799 0.07021504486
593 0.9984728012 0.1410489158 0.06654931149
594 0.9984728012 0.1583812053 0.07498723604
595 0.9984728012 0.1247660909 0.0585724988
596 0.9984728012 0.1108042356 0.05594720185
597 0.9984728012 0.1094215121 0.04909436557
598 0.9984728012 0.106085453 0.05559256548
599 0.9984728012 0.1133423022 0.05370732571
600 0.9984728012 0.1239953591 0.06849906596
601 0.9984728012 0.1102722824 0.06230993553
602 0.9984728012 0.1157833353 0.06333183825
603 0.9984728012 0.1101951053 0.05778487354
604 0.9984728012 0.1140638379 0.05913016068
605 0.9984728012 0.1023155415 0.06360976211
606 0.9984728012 0.1089909527 0.05107852432
607 0.9984728012 0.134124506 0.06054281248
608 0.9984728012 0.1439105976 0.06844516544
609 0.9984728012 0.1500886768 0.07580410224
610 0.9984728012 0.1564221632 0.07037728061
611 0.9984728012 0.1485415698 0.06558503897
612 0.9984728012 0.1542936551 0.06409674321
613 0.9984728012 0.1229800036 0.05260558429
614 0.9984728012 0.1137850013 0.05431909912
615 0.9984728012 0.1177220495 0.05427943638
616 0.9984728012 0.1172225906 0.06012755128
617 0.9984728012 0.1465410487 0.07154716161
618 0.9984728012 0.1602563204 0.07214211317
619 0.9984728012 0.1816439777 0.07802844679
620 0.9984728012 0.1631434102 0.07578527415
621 0.9984728012 0.1749083385 0.06683929294
622 0.9984728012 0.1502684934 0.06219076392
623 0.9984728012 0.1284151664 0.05005441995
624 0.9993113452 0.1266237977 0.06301260669
625 0.9993113452 0.1685191516 0.07895136039
626 0.9993113452 0.13491993 0.06011469454
627 0.9993113452 0.1519002002 0.0752670913
628 0.9993113452 0.1431882117 0.0699400286
629 0.9993113452 0.1328219911 0.06626868567
630 0.9993113452 0.1622238183 0.07839226185
631 0.9993113452 0.1625731583 0.07096266226
632 0.9993113452 0.1415934319 0.05421663715
633 0.9993113452 0.1370664192 0.05685912249
634 0.9993113452 0.1400019114 0.05541394226
635 0.9993113452 0.166492027 0.0680940512
636 0.9993113452 0.1800335028 0.07854632027
637 0.9993113452 0.1526419489 0.07010953798
638 0.9993113452 0.1397216064 0.0619227685
639 0.9993113452 0.1432360706 0.06104911204
640 0.9993113452 0.1323237599 0.06021504974
641 0.9993113452 0.1288723143 0.05496818486
642 0.9993113452 0.1217321395 0.05823587827
643 0.9993113452 0.1320821673 0.06383449001
644 0.9993113452 0.1100395536 0.05102141135
645 0.9993113452 0.1400662796 0.06247673649
646 0.9993113452 0.1215910585 0.05011712996
647 0.9993113452 0.1251561216 0.05786606591
648 0.9993113452 0.1295963965 0.06403279216
649 0.9993113452 0.1286283326 0.05933557015
650 0.9993113452 0.1547857331 0.06291536942
651 0.9993113452 0.1326614764 0.05664636032
652 0.9993113452 0.1053463341 0.04905857308
653 0.9993113452 0.1135704135 0.05749343826
654 0.9993113452 0.1486858771 0.07263996308
655 0.9993113452 0.1292787518 0.0584069445
656 0.9993113452 0.1354513952 0.05452593594
657 0.9993113452 0.1491438039 0.06977238067
658 0.9993113452 0.1409903069 0.06286235188
659 0.9993113452 0.1535231204 0.07096760938
660 0.9993113452 0.138436058 0.06060579746
661 0.9993113452 0.1465485492 0.06134415576
662 0.9993113452 0.16045531 0.06783205167
663 0.9993113452 0.1687499887 0.07100832313
664 0.9993113452 0.1353493515 0.05700353885
665 0.9993113452 0.148550981 0.06705628498
666 0.9993113452 0.1902469014 0.08888564285
667 0.9993113452 0.1687859678 0.07049056235
668 0.9993113452 0.1754613313 0.06967618218
669 0.9993113452 0.1418943389 0.05832295946
670 0.9993113452 0.1737407933 0.0736790001
671 0.9993113452 0.1513483363 0.07111388145
672 0.9993113452 0.1406185098 0.06431882119
673 0.9993113452 0.1648873318 0.08364917105
674 0.9993113452 0.1615913899 0.07679882217
675 0.9993113452 0.1269804336 0.06053516151
676 0.9993113452 0.1254726236 0.05561483905
677 0.9993113452 0.1540515522 0.07324649272
678 0.9993113452 0.1659715819 0.06963555622
679 0.9993113452 0.1737311904 0.07145483895
680 0.9993113452 0.183342518 0.08555214486
681 0.9993113452 0.1856810031 0.08194708205
682 0.9993113452 0.1804120998 0.08078231674
683 0.9993113452 0.1731833716 0.07293966781
684 0.9993113452 0.18794479 0.07774731541
685 0.9993113452 0.1852382602 0.07706869143
686 0.9993113452 0.1680703658 0.0669304341
687 0.9993113452 0.1604569875 0.07279451389
688 0.9993113452 0.1588056505 0.07874053064
689 0.9993113452 0.1668775671 0.06844721701
690 0.9993113452 0.1570201003 0.06273106496
691 0.9993113452 0.1868260848 0.0745607986
692 0.9993113452 0.1566854328 0.0677350248
693 0.9993113452 0.1767522113 0.0782027915
694 0.9993113452 0.1593246519 0.07105972084
695 0.9993113452 0.1468489261 0.06358606853
696 0.9993113452 0.1638574009 0.0668146753
697 0.9993113452 0.1723398762 0.08104197849
698 0.9993113452 0.1671842842 0.07333276063
699 0.9993113452 0.1606135074 0.06630328433
700 0.9993113452 0.1785536669 0.06811338345
701 0.9993113452 0.1990554204 0.08052666317
702 0.9993113452 0.2021320061 0.07969398212
703 0.9993113452 0.1669445554 0.07009308112
704 0.9993113452 0.1676312976 0.06791607505
705 0.9993113452 0.1440613033 0.06566116055
706 0.9993113452 0.1538109303 0.06905097114
707 0.9993113452 0.1416952936 0.06482727289
708 0.9993113452 0.1293785079 0.06023627217
709 0.9993113452 0.1327724263 0.06458477007
710 0.9996923773 0.1396091465 0.06871564737
711 0.9996923773 0.1414307166 0.06077459216
712 0.9996923773 0.1326374005 0.06596346995
713 0.9996923773 0.1438912708 0.07182362893
714 0.9996923773 0.1482984629 0.07070099275
715 0.9996923773 0.1613213956 0.08212666291
716 0.9996923773 0.1238926489 0.06583363826
717 0.9996923773 0.1381578662 0.07824788196
718 0.9996923773 0.1363511687 0.07369140953
719 0.9996923773 0.1630953272 0.07833659893
720 0.9996923773 0.159484516 0.07954263687
721 0.9996923773 0.1698356283 0.07958153225
722 0.9996923773 0.168547912 0.07788144337
723 0.9996923773 0.1412077106 0.06087258835
724 0.9996923773 0.1283926536 0.05821613994
725 0.9996923773 0.1200892712 0.06324466876
726 0.9996923773 0.1283706603 0.07313193021
727 0.9996923773 0.1549307001 0.08098471574
728 0.9996923773 0.1355261022 0.06644771633
729 0.9996923773 0.1260993269 0.06070471384
730 0.9996923773 0.1223064666 0.06046216914
731 0.9996923773 0.1233779227 0.06917576047
732 0.9996923773 0.1291247236 0.06367200865
733 0.9996923773 0.1264502345 0.06223521371
734 0.9996923773 0.09287278005 0.04628339244
735 0.9996923773 0.1073103666 0.05392696407
736 0.9996923773 0.1254653039 0.06441217193
737 0.9996923773 0.1256440928 0.06587873828
738 0.9996923773 0.137974644 0.06697575759
739 0.9996923773 0.1325964255 0.06392063138
740 0.9996923773 0.1405708662 0.06218814644
741 0.9996923773 0.126694288 0.05635644498
742 0.9996923773 0.1326220817 0.07285010645
743 0.9996923773 0.1297660051 0.0669951932
744 0.9996923773 0.1599568508 0.07606499762
745 0.9996923773 0.1383117131 0.05927030535
746 0.9996923773 0.1717267922 0.07831227202
747 0.9996923773 0.1540734667 0.06820863961
748 0.9996923773 0.162949845 0.07642133618
749 0.9996923773 0.1649642217 0.07469007644
750 0.9996923773 0.1596358013 0.07725367733
751 0.9996923773 0.1611174786 0.06732843958
752 0.9996923773 0.1704643841 0.07097067094
753 0.9996923773 0.1732860829 0.07569279391
754 0.9996923773 0.1958358561 0.0638754451
755 0.9996923773 0.1799420475 0.0693752223
756 0.9996923773 0.1793293091 0.07225437275
757 0.9996923773 0.1614039522 0.06297704216
758 0.9996923773 0.1602182612 0.07084069451
759 0.9996923773 0.1559761963 0.0780357806
760 0.9996923773 0.1459485108 0.06564263248
761 0.9996923773 0.1378164532 0.06222420636
762 0.9996923773 0.1222123231 0.0514575025
763 0.9996923773 0.1334019073 0.05728292873
764 0.9996923773 0.1420645269 0.05945568675
765 0.9996923773 0.1645747058 0.07548318212
766 0.9996923773 0.1723729822 0.07795237814
767 0.9996923773 0.1580417899 0.07965358225
768 0.9996923773 0.1468099266 0.07125735406
769 0.9996923773 0.1727402337 0.08280743136
770 0.9996923773 0.1585161233 0.07860326874
771 0.9996923773 0.1613207374 0.07792703268
772 0.9996923773 0.1456477555 0.08258459992
773 0.9996923773 0.1631114858 0.09129331842
774 0.9996923773 0.1531334715 0.08095643972
775 0.9996923773 0.1414832278 0.06476799652
776 0.9996923773 0.1467528589 0.07210068646
777 0.9996923773 0.1113978442 0.06141820145
778 0.9996923773 0.1446289035 0.08130488715
779 0.9996923773 0.1363370847 0.06070771887
780 0.9996923773 0.1338953616 0.06597373087
781 0.9996923773 0.1397983399 0.06345101954
782 0.9996923773 0.1484501698 0.0667214715
783 0.9996923773 0.1604168557 0.07169672801
784 0.9996923773 0.1549607319 0.0671051662
785 0.9996923773 0.178152417 0.07312053479
786 0.9996923773 0.1715423251 0.06777872317
787 0.9996923773 0.1807199166 0.07029506681
788 0.9996923773 0.1537558966 0.066057239
789 0.9996923773 0.1507347369 0.06738520041
790 0.9996923773 0.1506227469 0.06212932384
791 0.9996923773 0.1335799001 0.05846789457
792 0.9996923773 0.1419702793 0.06205922284
793 0.9996923773 0.1349473137 0.05566633796
794 0.9996923773 0.1459491948 0.07002530767
795 0.9996923773 0.1502391629 0.06437601504
796 0.9996923773 0.1477086106 0.06847512854
797 0.9996923773 0.1818131238 0.07399765534
798 0.9996923773 0.1691935378 0.06935380776
799 0.9996923773 0.1627434475 0.06967509064
800 0.9996923773 0.1743429639 0.08152107336
801 0.9996923773 0.1628818146 0.07017389857
802 0.9996923773 0.1759272706 0.08812747688
803 0.9996923773 0.1620300843 0.0772856468
804 0.9996923773 0.1443600691 0.06383606274
805 0.9996923773 0.1459142786 0.06331911897
806 0.9996923773 0.1468316838 0.0624358736
807 0.9996923773 0.1273763757 0.05593166334
808 0.9996923773 0.150049319 0.07626888924
809 0.9996923773 0.173292185 0.07093719735
810 0.9996923773 0.1694256478 0.07957296064
811 0.9996923773 0.1423400433 0.07507300001
812 0.9996923773 0.1692604379 0.07963773101
813 0.9996923773 0.1326433865 0.05801325541
814 0.9996923773 0.1545270224 0.07384057616
815 0.9996923773 0.1613868006 0.07072234934
816 0.9996923773 0.1557254118 0.0654697109
817 0.9996923773 0.1454954922 0.05689739599
818 0.9996923773 0.1538432003 0.0678015918
819 0.9996923773 0.1598023326 0.07329183178
820 0.9996923773 0.1735607957 0.07921672621
821 0.9996923773 0.1464376624 0.06936370433
822 0.9996923773 0.1585972045 0.07060640634
823 0.9996923773 0.1486754568 0.0737192236
824 0.9996923773 0.1438129009 0.06354492457
825 0.9996923773 0.1436219801 0.06958932439
826 0.9996923773 0.1376373193 0.06523020474
827 0.9996923773 0.1516575377 0.06438888502
828 0.9996923773 0.1315178103 0.05718874718
829 0.9996923773 0.1339127972 0.05301114269
830 0.9996923773 0.1462951328 0.06021883135
831 0.9996923773 0.1848721543 0.07263087588
832 0.9996923773 0.1530238445 0.05865389469
833 0.9996923773 0.1640300027 0.06223835758
834 0.9996923773 0.1679705372 0.06631677592
835 0.9996923773 0.1973611003 0.07874757334
836 0.9996923773 0.1606027713 0.06402985501
837 0.9996923773 0.1510293635 0.05837661495
838 0.9996923773 0.1676427101 0.06338413604
839 0.9996923773 0.169916927 0.07003104173
840 0.9996923773 0.1552436662 0.06909161648
841 0.9996923773 0.1241783335 0.05227042035
842 0.9996923773 0.1501447217 0.06502632453
843 0.9996923773 0.1983289864 0.08114269401
844 0.9996923773 0.192834038 0.08050428344
845 0.9996923773 0.1527256584 0.06904404474
846 0.9996923773 0.1505440923 0.06348622412
847 0.9996923773 0.1598373982 0.0727223378
848 0.9996923773 0.1573856057 0.07019060314
849 0.9996923773 0.1550918287 0.06803411074
850 0.9996923773 0.1295172064 0.05916877234
851 0.9996923773 0.1073256567 0.05264008079
852 0.9996923773 0.1389152627 0.06562218175
853 0.9996923773 0.1391364617 0.06258692303
854 0.9996923773 0.1483443672 0.06951695785
855 0.9996923773 0.1084337243 0.05358020724
856 0.9996923773 0.108780587 0.05416260749
857 0.9996923773 0.1282173033 0.06004699235
858 0.9996923773 0.1352909833 0.07240386722
859 0.9996923773 0.1495806067 0.07524140586
860 0.9996923773 0.107048623 0.05283032803
861 0.9996923773 0.104796477 0.05659543357
862 0.9996923773 0.1134035286 0.06095838653
863 0.9996923773 0.1204527306 0.06011778284
864 0.9996923773 0.1251781332 0.06004192324
865 0.9996923773 0.1714379886 0.07495027823
866 0.9996923773 0.1739547196 0.0768070124
867 0.9996923773 0.1745466953 0.07757497547
868 0.9996923773 0.1520742432 0.06593787387
869 0.9996923773 0.157133744 0.06784442679
870 0.9996923773 0.1628944109 0.06795180651
871 0.9996923773 0.1514021677 0.07961120458
872 0.9996923773 0.1461266579 0.07876389245
873 0.9996923773 0.1400506078 0.07090448856
874 0.9996923773 0.1379303507 0.05818110604
875 0.9996923773 0.160480452 0.07045187285
876 0.9996923773 0.1587778682 0.07349171315
877 0.9996923773 0.1726924172 0.0764391088
878 0.9996923773 0.1659540999 0.06669073853
879 0.9996923773 0.1367204383 0.05885113292
880 0.9996923773 0.1405120491 0.06338499858
881 0.9996923773 0.1157482783 0.05401870059
882 0.9996923773 0.1119105013 0.05735463773
883 0.9996923773 0.1277368129 0.05972589112
884 0.9996923773 0.1300435322 0.06324737798
885 0.9996923773 0.1373695106 0.06972413056
886 0.9996923773 0.1292033183 0.05921037907
887 0.9996923773 0.1536859356 0.06674491508
888 0.9996923773 0.1432250082 0.05993710471
889 0.9996923773 0.1430206981 0.06750043288
890 0.9996923773 0.1534425478 0.06960442397
891 0.9996923773 0.146682198 0.06174843443
892 0.9996923773 0.1789424596 0.08277939615
893 0.9996923773 0.1897394917 0.07954659784
894 0.9996923773 0.1614282989 0.06512722722
895 0.9996923773 0.1620503513 0.06512040207
896 0.9996923773 0.1606098001 0.07232794636
897 0.9996923773 0.155453368 0.06598854199
898 0.9996923773 0.1576906933 0.06149418275
899 0.9996923773 0.1629655108 0.06962622096
900 0.9996923773 0.1523083386 0.06698528946
901 0.9996923773 0.152216032 0.06893775153
902 0.9996923773 0.1443469003 0.07134599114
903 0.9996923773 0.132690989 0.06484465283
904 0.9996923773 0.1084804778 0.052150003
905 0.9996923773 0.1408778968 0.06695084685
906 0.9996923773 0.1314184888 0.06358797869
907 0.9996923773 0.1293057635 0.05684995705
908 0.9996923773 0.1372672991 0.06029934499
909 0.9996923773 0.1341415617 0.06806010021
910 0.9996923773 0.1374898298 0.06906303982
911 0.9996923773 0.148229938 0.07443700373
912 0.9996923773 0.1233240809 0.05905673517
913 0.9996923773 0.1284655514 0.0652852498
914 0.9996923773 0.1234233074 0.0606379983
915 0.9996923773 0.122903342 0.06435027627
916 0.9996923773 0.1638434748 0.07919730658
917 0.9996923773 0.1407068575 0.06363563593
918 0.9996923773 0.1595894153 0.07512585136
919 0.9996923773 0.1450429007 0.06535875557
920 0.9996923773 0.1356292016 0.06151330781
921 0.9996923773 0.137948661 0.06081251396
922 0.9996923773 0.123479291 0.05256444898
923 0.9996923773 0.1082838893 0.05299571523
924 0.9996923773 0.1494531223 0.07774677599
925 0.9996923773 0.1375465558 0.07077520188
926 0.9996923773 0.1255111186 0.0605915208
927 0.9996923773 0.1291298807 0.06591166966
928 0.9996923773 0.1097656414 0.06365077996
929 0.9996923773 0.1467402035 0.07615520789
930 0.9996923773 0.1326329006 0.05937419286
931 0.9996923773 0.1422114917 0.06928701154
932 0.9996923773 0.159467769 0.07403107743
933 0.9996923773 0.148381038 0.06446525416
934 0.9996923773 0.1579053642 0.06978658046
935 0.9996923773 0.1495023464 0.06894588234
936 0.9996923773 0.1393110506 0.05798107488
937 0.9996923773 0.139720297 0.05922066976
938 0.9996923773 0.1573064856 0.07349059116
939 0.9996923773 0.148551648 0.06121728147
940 0.9996923773 0.1546153259 0.06380367809
941 0.9996923773 0.1539596956 0.07502288774
942 0.9996923773 0.1652912493 0.06792952565
943 0.9996923773 0.1565617421 0.07159302497
944 0.9996923773 0.1635822795 0.07248541912
945 0.9996923773 0.1466864689 0.06161130663
946 0.9996923773 0.1477856413 0.06190046146
947 0.9996923773 0.1656514801 0.07053138064
948 0.9996923773 0.1625866403 0.06749544704
949 0.9996923773 0.1585497125 0.07075081277
950 0.9996923773 0.1415321502 0.06168512036
951 0.9996923773 0.1220277716 0.05733787435
952 0.9996923773 0.1383112852 0.0627525131
953 0.9996923773 0.1302043379 0.05855608782
954 0.9996923773 0.1193414218 0.05060240095
955 0.9996923773 0.1494630465 0.06348993106
956 0.9996923773 0.1370399653 0.0594755671
957 0.9996923773 0.1353144796 0.05803299657
958 0.9996923773 0.131938759 0.05527883413
959 0.9996923773 0.1524479705 0.0701119663
960 0.9996923773 0.125702813 0.06150495643
961 0.9996923773 0.1183728934 0.05571461906
962 0.9996923773 0.1203130604 0.05642333133
963 0.9996923773 0.09848824024 0.05315203355
964 0.9996923773 0.1075534313 0.0558903092
965 0.9996923773 0.1073184822 0.05622682608
966 0.9996923773 0.1141131762 0.05996311572
967 0.9996923773 0.1145077316 0.05796475213
968 0.9996923773 0.1330586329 0.07123630206
969 0.9996923773 0.1589448037 0.08307928789
970 0.9996923773 0.1305354845 0.06669153913
971 0.9996923773 0.160247963 0.07889292615
972 0.9996923773 0.1596077961 0.08206261788
973 0.9996923773 0.1693469257 0.08550314111
974 0.9996923773 0.1390353826 0.05798663847
975 0.9996923773 0.1755226728 0.07732210855
976 0.9996923773 0.1751633437 0.07556894481
977 0.9996923773 0.1830704636 0.08369728322
978 0.9996923773 0.1852922041 0.08028116632
979 0.9996923773 0.153853139 0.06885739674
980 0.9996923773 0.1652887628 0.08163714995
981 0.9996923773 0.1400358276 0.06633061952
982 0.9996923773 0.1534219468 0.08262562053
983 0.9996923773 0.1464691598 0.07923180153
984 0.9996923773 0.1487892635 0.08022872554
985 0.9996923773 0.1085542056 0.06002139155
986 0.9996923773 0.1277067404 0.06680685851
987 0.9996923773 0.1371016416 0.0635687642
988 0.9996923773 0.1289328912 0.05878403757
989 0.9998307282 0.1328921387 0.06701379236
990 0.9998307282 0.1304402324 0.06186408454
991 0.9998307282 0.1420564199 0.05987494816
992 0.9998307282 0.1485592285 0.07059389822
993 0.9998307282 0.1686322021 0.07957433025
994 0.9998307282 0.1814673319 0.08046440907
995 0.9998307282 0.1701667915 0.081855495
996 0.9998307282 0.167655433 0.07561961772
997 0.9998307282 0.1842152182 0.08206690583
998 0.9998307282 0.175226579 0.0686794338
999 0.9998307282 0.1555871359 0.06263623364
1000 0.9998307282 0.1501694652 0.06062008035
1001 0.9998307282 0.1608655309 0.06355688808
1002 0.9998307282 0.1578209036 0.06968161811
1003 0.9998307282 0.1134840659 0.04963901245
1004 0.9998307282 0.1565280461 0.06541487802
1005 0.9998307282 0.1406919044 0.06332066379
1006 0.9998307282 0.1445732118 0.05842340226
1007 0.9998307282 0.1522394934 0.06590379751
1008 0.9998307282 0.162877928 0.08131327963
1009 0.9998307282 0.143235266 0.06961088096
1010 0.9998307282 0.1377674957 0.06834886865
1011 0.9998307282 0.1324783049 0.06592167663
1012 0.9998307282 0.1266430007 0.06641203372
1013 0.9998307282 0.09632129513 0.05062029211
1014 0.9998307282 0.1185579954 0.06631562826
1015 0.9998307282 0.1310096479 0.0624560895
1016 0.9998307282 0.1481516855 0.06310377377
1017 0.9998307282 0.1479417998 0.07202692353
1018 0.9998307282 0.1635907498 0.06907477913
1019 0.9998307282 0.1673981792 0.07605046524
1020 0.9998307282 0.1471310185 0.06560909649
1021 0.9998307282 0.1624684108 0.06795053485
1022 0.9998307282 0.18856535 0.06856672855
1023 0.9998307282 0.2111323132 0.08558139954
1024 0.9998307282 0.1832379895 0.07591868268
1025 0.9998307282 0.1715103649 0.06936904217
1026 0.9998307282 0.1826291158 0.0703982288
1027 0.9998307282 0.1802312959 0.07348272947
1028 0.9998307282 0.2033103093 0.07631366138
1029 0.9998307282 0.1741330452 0.06601597591
1030 0.9998307282 0.1796458281 0.06672668582
1031 0.9998307282 0.1877940556 0.0719129587
1032 0.9998307282 0.1848706921 0.07151098158
1033 0.9998307282 0.2179855781 0.09107590124
1034 0.9998307282 0.1858596441 0.07765331526
1035 0.9998307282 0.1745846885 0.07765348965
1036 0.9998307282 0.1651551062 0.06673271614
1037 0.9998307282 0.1475482555 0.05891521911
1038 0.9998307282 0.1595413681 0.06046686858
1039 0.9998307282 0.1444619981 0.05947283559
1040 0.9998307282 0.1404363515 0.06010588476
1041 0.9998307282 0.1413173906 0.06408029878
1042 0.9998307282 0.1427740124 0.06796481022
1043 0.9998307282 0.1334383843 0.05603205418
1044 0.9998307282 0.1268818457 0.05986425982
1045 0.9998307282 0.1363338224 0.06015553327
1046 0.9998307282 0.1792736197 0.07288560455
1047 0.9998307282 0.175809634 0.06653761683
1048 0.9998307282 0.1455769017 0.05610604217
1049 0.9998307282 0.1398667201 0.06512885301
1050 0.9998307282 0.1381472417 0.06320644728
1051 0.9998307282 0.1268725173 0.0600489625
1052 0.9998307282 0.1193615993 0.05838683307
1053 0.9998307282 0.1554317692 0.07073404359
1054 0.9998307282 0.1528406237 0.0697309537
1055 0.9998307282 0.1662202507 0.07532910202
1056 0.9998307282 0.1745769372 0.07268299365
1057 0.9998307282 0.1429500087 0.06501413533
1058 0.9998307282 0.1523906035 0.05907510348
1059 0.9998307282 0.1999224681 0.08607843884
1060 0.9998307282 0.1901766305 0.07419464387
1061 0.9998307282 0.2145529096 0.09683165229
1062 0.9998307282 0.1790019787 0.0790062445
1063 0.9998307282 0.174018649 0.07765624983
1064 0.9998307282 0.1828842931 0.06830026767
1065 0.9998307282 0.2126721971 0.08660269193
1066 0.9998307282 0.1925069908 0.07734078313
1067 0.9998307282 0.1726701992 0.07178087972
1068 0.9998307282 0.1455713964 0.06200067383
1069 0.9998307282 0.1723680222 0.07182134877
1070 0.9998307282 0.1712302545 0.07576691536
1071 0.9998307282 0.1677991187 0.06325500058
1072 0.9998307282 0.1688866193 0.06829136359
1073 0.9998307282 0.1322160747 0.05370494542
1074 0.9998307282 0.1763890651 0.06802191008
1075 0.9998307282 0.1729114974 0.07045983482
1076 0.9998307282 0.1626769715 0.06764977772
1077 0.9998307282 0.1800463298 0.07186707502
1078 0.9998307282 0.151143744 0.06205896856
1079 0.9998307282 0.1733486878 0.07669678835
1080 0.9998307282 0.1836483368 0.07459059495
1081 0.9998307282 0.1687969314 0.0686160877
1082 0.9998307282 0.1524745805 0.07153572826
1083 0.9998307282 0.1452245842 0.07564648286
1084 0.9998307282 0.1898894005 0.07480080515
1085 0.9998307282 0.1462020827 0.06332039705
1086 0.9998307282 0.1896691416 0.09487458523
1087 0.9998307282 0.1771048652 0.08278292754
1088 0.9998307282 0.1660709865 0.07969793224
1089 0.9998307282 0.1616499588 0.0730038353
1090 0.9998307282 0.1668298844 0.0765203003
1091 0.9998307282 0.1942894167 0.08323932062
1092 0.9998307282 0.220646374 0.09795142134
1093 0.9998307282 0.211679899 0.08751334856
1094 0.9998307282 0.1618021519 0.06722705153
1095 0.999855516 0.1473276856 0.06697738303
1096 0.999855516 0.1492754583 0.06420345465
1097 0.999855516 0.1247266699 0.05954380122
1098 0.999855516 0.1522811292 0.07789624041
1099 0.999855516 0.1333812634 0.06098385645
1100 0.999855516 0.1459120734 0.07125591733
1101 0.999855516 0.1362752209 0.06159818239
1102 0.999855516 0.1638280308 0.06396936915
1103 0.999855516 0.1795178846 0.07290936036
1104 0.999855516 0.1727951771 0.07244361173
1105 0.999855516 0.1677362834 0.07451864563
1106 0.999855516 0.1779036249 0.07663324889
1107 0.999855516 0.1786486402 0.08721345915
1108 0.999855516 0.1825467341 0.08650098437
1109 0.999855516 0.1780737963 0.0734106093
1110 0.999855516 0.1777121611 0.07955743471
1111 0.999855516 0.1692725574 0.07165936659
1112 0.999855516 0.1446838985 0.06587253485
1113 0.999855516 0.1046878842 0.04810367672
1114 0.999855516 0.1145440562 0.05657906116
1115 0.999855516 0.124559959 0.0607532268
1116 0.999855516 0.1529536267 0.07791940246
1117 0.999855516 0.1338575884 0.06574381077
1118 0.999855516 0.1341237008 0.06524154965
1119 0.999855516 0.1281467597 0.05858249231
1120 0.999855516 0.1251976643 0.06147529197
1121 0.999855516 0.1622506498 0.07660085465
1122 0.999855516 0.1486586614 0.07353263464
1123 0.999855516 0.1642920359 0.08102841298
1124 0.999855516 0.1575398807 0.0798276905
1125 0.999855516 0.1381044709 0.06365224671
1126 0.999855516 0.1288648523 0.06182845435
1127 0.999855516 0.1362861238 0.06244064789
1128 0.999855516 0.1578840581 0.06896161751
1129 0.999855516 0.1707939393 0.06583960223
1130 0.999855516 0.1755123846 0.06245524395
1131 0.999855516 0.2019994809 0.07641428927
1132 0.999855516 0.1930992817 0.07563701131
1133 0.999855516 0.1787816576 0.06273968543
1134 0.999855516 0.2052432418 0.07519255288
1135 0.999855516 0.2053387473 0.08688561227
1136 0.999855516 0.1797178419 0.07542098716
1137 0.999855516 0.2054875337 0.09031585295
1138 0.999855516 0.1876593442 0.08411363711
1139 0.999855516 0.1833919861 0.0858191314
1140 0.999855516 0.2048689847 0.08027393675
1141 0.999855516 0.197287525 0.08286692099
1142 0.999855516 0.2115690065 0.08534032592
1143 0.999855516 0.1735705908 0.06890848629
1144 0.999855516 0.1819507782 0.07428930046
1145 0.999855516 0.1437678758 0.05674728171
1146 0.999855516 0.1587189437 0.0576776037
1147 0.999855516 0.1632919068 0.06377153718
1148 0.999855516 0.1773296137 0.07699638872
1149 0.999855516 0.1539257271 0.06622866349
1150 0.999855516 0.1437851776 0.05775135604
1151 0.999855516 0.154971905 0.06186724978
1152 0.999855516 0.2034912129 0.07329923774
1153 0.999855516 0.1897062136 0.08058288475
1154 0.999855516 0.1611627801 0.0616413848
1155 0.999855516 0.1808945952 0.07718520089
1156 0.999855516 0.2005037492 0.08283179011
1157 0.999855516 0.1725011212 0.06900701322
1158 0.999855516 0.137284134 0.05905760955
1159 0.999855516 0.1629224875 0.0624266994
1160 0.999855516 0.1716786873 0.07065606459
1161 0.999855516 0.1583170374 0.06939855862
1162 0.999855516 0.1637878197 0.07524749501
1163 0.999855516 0.1678552638 0.071751172
1164 0.999855516 0.1917093362 0.08999835376
1165 0.999855516 0.1791138326 0.0858532474
1166 0.999855516 0.1736650776 0.07580589114
1167 0.999855516 0.1610074786 0.06070558292
1168 0.999855516 0.1552080183 0.07148873141
1169 0.999855516 0.1347898022 0.05182422629
1170 0.999855516 0.1477271619 0.06280558675
1171 0.999855516 0.1431701263 0.0619638821
1172 0.999855516 0.1576146713 0.06604838111
1173 0.999855516 0.1582967449 0.06918832347
1174 0.999855516 0.1523891367 0.05991338742
1175 0.999855516 0.1423470583 0.05985847154
1176 0.999855516 0.1453407251 0.06716688627
1177 0.999855516 0.1685200636 0.07714571734
1178 0.999855516 0.1473117656 0.07007927064
1179 0.999855516 0.1424214635 0.06060612801
1180 0.999855516 0.1342276951 0.06224694952
1181 0.999855516 0.1287065897 0.05394302722
1182 0.999855516 0.1650114613 0.06828723777
1183 0.999855516 0.1553977083 0.06230855451
1184 0.999855516 0.1603861036 0.06421676901
1185 0.999855516 0.166639122 0.06947537219
1186 0.999855516 0.1612740044 0.07347621159
1187 0.999855516 0.1250839389 0.06024661674
1188 0.999855516 0.1480948385 0.06446625494
1189 0.999855516 0.1474401807 0.06807839074
1190 0.999855516 0.1399152312 0.0650345119
1191 0.999855516 0.1082616972 0.04895665739
1192 0.999855516 0.1389230723 0.06027867736
1193 0.999855516 0.1557044444 0.06363466544
1194 0.999855516 0.1848404878 0.08179839757
1195 0.999855516 0.1779621641 0.09026597507
1196 0.999855516 0.1568661803 0.06474846658
1197 0.999855516 0.1717467551 0.08002443468
1198 0.999855516 0.1840658155 0.07982508719
1199 0.999855516 0.1722469462 0.07337940184
1200 0.999855516 0.1633430412 0.0740851982
1201 0.999855516 0.1337875292 0.05964846567
1202 0.999855516 0.1555567806 0.07263043701
1203 0.999855516 0.1847180737 0.08860457669
1204 0.999855516 0.1718734246 0.08372032578
1205 0.999855516 0.1817113374 0.08899452545
1206 0.999855516 0.1581156265 0.06380485759
1207 0.999855516 0.1269997153 0.06029199563
1208 0.999855516 0.1353819709 0.06237520824
1209 0.999855516 0.1572615992 0.07035546788
1210 0.999855516 0.1459674008 0.07596083137
1211 0.999855516 0.1540469663 0.07046856509
1212 0.999855516 0.1506557308 0.06762731337
1213 0.999855516 0.1679883584 0.0721577207
1214 0.999855516 0.1574672441 0.07318396494
1215 0.999855516 0.1874935327 0.08731744262
1216 0.999855516 0.1627334686 0.07152401766
1217 0.999855516 0.1639142805 0.08080128294
1218 0.999855516 0.1264987183 0.06394166983
1219 0.999855516 0.1182834414 0.06063131381
1220 0.999855516 0.1251409728 0.05870085424
1221 0.999855516 0.1315750117 0.05768164186
1222 0.999855516 0.1372934349 0.05843253369
1223 0.999855516 0.1437100154 0.06849212012
1224 0.999855516 0.1693872248 0.08704958656
1225 0.999855516 0.1284093413 0.05966293589
1226 0.999855516 0.1492401788 0.07622113216
1227 0.999855516 0.1346173704 0.06577387621
1228 0.999855516 0.1241267802 0.05831544162
1229 0.999855516 0.1420847597 0.06869284211
1230 0.999855516 0.127137023 0.05923342862
1231 0.999855516 0.1330565711 0.0677008492
1232 0.999855516 0.1119757297 0.0516605217
1233 0.999855516 0.1406969767 0.06361677661
1234 0.999855516 0.1368818707 0.06084007978
1235 0.999855516 0.1365090321 0.0667436576
1236 0.999855516 0.1513803953 0.07581429022
1237 0.999855516 0.1648286029 0.08079662229
1238 0.999855516 0.1560369448 0.0831146403
1239 0.999855516 0.132634017 0.06845860704
1240 0.999855516 0.1167195454 0.05883726286
1241 0.999855516 0.144078055 0.07078237015
1242 0.999855516 0.1220988282 0.05870736165
1243 0.999855516 0.1325728666 0.05877794448
1244 0.999855516 0.1083191271 0.05741617675
1245 0.999855516 0.1313134806 0.06133858684
1246 0.999855516 0.14030146 0.06655728169
1247 0.999855516 0.1131305822 0.05530781345
1248 0.999855516 0.1225740723 0.05603076591
1249 0.999855516 0.1264519645 0.06405444033
1250 0.999855516 0.1445768329 0.06561204926
1251 0.999855516 0.1683007731 0.08431956497
1252 0.999855516 0.1449369287 0.0685520501
1253 0.999855516 0.1569430152 0.06837242039
1254 0.999855516 0.1620765073 0.07428474375
1255 0.999855516 0.1667731392 0.07571993373
1256 0.999855516 0.1449584151 0.06049906292
1257 0.999855516 0.1434860586 0.06778667159
1258 0.999855516 0.157964745 0.07524993253
1259 0.999855516 0.1534130936 0.06471836388
1260 0.999855516 0.1518980186 0.06505650622
1261 0.999855516 0.1380128277 0.05334198334
1262 0.999855516 0.1607755026 0.06017019968
1263 0.999855516 0.1597855687 0.06275601677
1264 0.999855516 0.167876436 0.07003896131
1265 0.999855516 0.1549944315 0.06235866817
1266 0.999855516 0.1411328256 0.06861822833
1267 0.999855516 0.1479615857 0.06796814588
1268 0.999855516 0.1308427511 0.06006484888
1269 0.999855516 0.1495153318 0.06413870268
1270 0.999855516 0.1383330735 0.06021492686
1271 0.999855516 0.1795899703 0.0728209245
1272 0.999855516 0.1808176587 0.07319183808
1273 0.999855516 0.1715158072 0.06991227092
1274 0.999855516 0.1460790187 0.06645796762
1275 0.999855516 0.1634282032 0.07654884854
1276 0.999855516 0.1491464823 0.06235295042
1277 0.999855516 0.148471296 0.05734408364
1278 0.999855516 0.1721938922 0.0681706369
1279 0.999855516 0.16728593 0.07486044133
1280 0.999855516 0.1757561231 0.07439970493
1281 0.999855516 0.1682827414 0.06819879313
1282 0.999855516 0.1613511024 0.07186931788
1283 0.999855516 0.1529128324 0.06205206969
1284 0.999855516 0.1472578669 0.07311202608
1285 0.999855516 0.1246008879 0.05670378331
1286 0.999855516 0.1280614329 0.06654730113
1287 0.999855516 0.1392005922 0.06975590842
1288 0.999855516 0.1372882611 0.07140884565
1289 0.999855516 0.1240369894 0.05542646123
1290 0.999855516 0.1450897474 0.06963190112
1291 0.999855516 0.1224222188 0.05842994759
1292 0.999855516 0.1466671668 0.07523627657
1293 0.999855516 0.1666852198 0.08231546646
1294 0.999855516 0.1413641172 0.0728681184
1295 0.999855516 0.148014944 0.07549320043
1296 0.999855516 0.1292334069 0.06013881084
1297 0.999855516 0.1347712276 0.06067540573
1298 0.999855516 0.1381547851 0.06275618432
1299 0.999855516 0.1497140036 0.06983098349
1300 0.999855516 0.1298592366 0.06022858656
1301 0.999855516 0.1422975945 0.06782558654
1302 0.999855516 0.1626249919 0.07568770308
1303 0.999855516 0.1401815032 0.06600997972
1304 0.999855516 0.1603734533 0.0813764471
1305 0.999855516 0.177805711 0.08159315464
1306 0.999855516 0.1414158505 0.06853565866
1307 0.999855516 0.1270159117 0.06476113276
1308 0.999855516 0.1516972765 0.07583856156
1309 0.999855516 0.1314313001 0.06544865853
1310 0.999855516 0.1528824344 0.06585461922
1311 0.999855516 0.1669189339 0.07982497063
1312 0.999855516 0.1418476296 0.06299865586
1313 0.999855516 0.1290992159 0.05573256357
1314 0.999855516 0.1388124391 0.06863779179
1315 0.999855516 0.1430220081 0.07469265175
1316 0.999855516 0.1530425052 0.08127930395
1317 0.999855516 0.1661931321 0.07884090855
1318 0.999855516 0.1678661607 0.07366400039
1319 0.999855516 0.1870026007 0.08376525466
1320 0.999855516 0.1366197995 0.06504871768
1321 0.999855516 0.1540217446 0.07440452754
1322 0.999855516 0.1398353507 0.06814824951
1323 0.999855516 0.133528419 0.06420071141
1324 0.999855516 0.1312245463 0.06206349802
1325 0.999855516 0.1205807214 0.05725884878
1326 0.999855516 0.1509846345 0.06613544435
1327 0.999855516 0.1254287005 0.05867876637
1328 0.999855516 0.1327198154 0.06465198253
1329 0.999855516 0.1487251513 0.07344501694
1330 0.999855516 0.1551048834 0.06716932774
1331 0.999855516 0.1528923754 0.06360733976
1332 0.999855516 0.1507756428 0.06181242317
1333 0.999855516 0.1513059807 0.06035057827
1334 0.999855516 0.156581815 0.07242682266
1335 0.999855516 0.1395527565 0.06648499609
1336 0.999855516 0.1324358804 0.06974863428
1337 0.999855516 0.1682227983 0.07467668512
1338 0.999855516 0.1290626315 0.06408747574
1339 0.999855516 0.109841445 0.06141712942
1340 0.999855516 0.1263016198 0.06632160677
1341 0.999855516 0.1241214061 0.06365316737
1342 0.999855516 0.1142147792 0.06320847752
1343 0.999855516 0.1082045361 0.06114205575
1344 0.999855516 0.09635559503 0.04945502933
1345 0.999855516 0.1137343011 0.05629608482
1346 0.999855516 0.1119603854 0.05769407092
1347 0.999855516 0.1137960478 0.05362779065
1348 0.999855516 0.1267230092 0.06320932392
1349 0.999855516 0.1375254888 0.07205199051
1350 0.999855516 0.114671109 0.05269366489
1351 0.999855516 0.1202859621 0.05691622692
1352 0.999855516 0.124433418 0.0695781703
1353 0.999855516 0.1057758482 0.05900395935
1354 0.999855516 0.135249435 0.06501802847
1355 0.999855516 0.1507910313 0.06672888899
1356 0.999855516 0.1395885206 0.06751557405
1357 0.999855516 0.1340078938 0.06929605116
1358 0.999855516 0.1220181298 0.06426707889
1359 0.999855516 0.1273985432 0.0658669187
1360 0.999855516 0.1219880014 0.06059875799
1361 0.999855516 0.1170591731 0.06590540355
1362 0.999855516 0.1374086678 0.06749110088
1363 0.999855516 0.1575122556 0.07089023386
1364 0.999855516 0.1495002525 0.06916585169
1365 0.999855516 0.1296608115 0.06037825644
1366 0.999855516 0.1416456871 0.06289813757
1367 0.999855516 0.1319348187 0.0736404929
1368 0.999855516 0.1178026339 0.06438059329
1369 0.999855516 0.1413786118 0.0800072265
1370 0.999855516 0.1657835514 0.08042207111
1371 0.999855516 0.1561765418 0.07501892811
1372 0.999855516 0.1635324721 0.07203527323
1373 0.999855516 0.1771155214 0.07150924145
1374 0.999855516 0.150532398 0.07560670738
1375 0.999855516 0.1362950572 0.06767171254
1376 0.999855516 0.1478954662 0.07432426551
1377 0.999855516 0.1657084513 0.08160523455
1378 0.999855516 0.1516140612 0.06947995698
1379 0.999855516 0.1833865398 0.08206409839
1380 0.999855516 0.1373919413 0.06463892536
1381 0.9998580626 0.1509251035 0.0762891029
1382 0.9998580626 0.1540577606 0.07304507874
1383 0.9998580626 0.1302008206 0.0619182037
1384 0.9998580626 0.1262823031 0.05995634614
1385 0.9998580626 0.1402151392 0.07088892557
1386 0.9998580626 0.1546650383 0.07541769816
1387 0.9998580626 0.1240507671 0.06077199743
1388 0.9998580626 0.1441538908 0.07241455822
1389 0.9998580626 0.163291455 0.07664597128
1390 0.9998580626 0.1729262485 0.08510315445
1391 0.9998580626 0.1908754671 0.09142330767
1392 0.9998580626 0.2304921963 0.09694540963
1393 0.9998580626 0.1723138255 0.07353559243
1394 0.9998580626 0.1972902609 0.08026047369
1395 0.9998580626 0.1885524871 0.07219619038
1396 0.9998580626 0.1559419275 0.05705412783
1397 0.9998580626 0.1670324225 0.06912320257
1398 0.9998580626 0.1726159728 0.08067360325
1399 0.9998580626 0.1646145826 0.07628889644
1400 0.9998580626 0.1815686873 0.07862511833
1401 0.9998580626 0.178769542 0.06947543289
1402 0.9998580626 0.1510656455 0.06612520371
1403 0.9998580626 0.1460577467 0.06732922223
1404 0.9998580626 0.1490743882 0.07381233905
1405 0.9998580626 0.1569807438 0.07272156824
1406 0.9998580626 0.1140247703 0.0486337439
1407 0.9998580626 0.1611398502 0.06913594554
1408 0.9998580626 0.1649031554 0.07201279296
1409 0.9998580626 0.1625529837 0.0664430979
1410 0.9998580626 0.1650562548 0.07153867728
1411 0.9998580626 0.2022957032 0.08268550116
1412 0.9998580626 0.1734636071 0.0653131448
1413 0.9998580626 0.1557985042 0.06247754719
1414 0.9998580626 0.1724680249 0.06569357235
1415 0.9998580626 0.1716344007 0.06001303667
1416 0.9998580626 0.1633410651 0.05820905345
1417 0.9998580626 0.1433724878 0.04907052324
1418 0.9998580626 0.1459019258 0.06522914874
1419 0.9998580626 0.1552750314 0.06033714033
1420 0.9998580626 0.1380924196 0.05773261147
1421 0.9998580626 0.173641098 0.07409884133
1422 0.9998580626 0.1681333498 0.07072910835
1423 0.9998580626 0.1819358756 0.08448662521
1424 0.9998580626 0.1563262925 0.06297159283
1425 0.9998580626 0.143031651 0.06100326433
1426 0.9998580626 0.1365167268 0.06322609965
1427 0.9998580626 0.1461106559 0.05967310998
1428 0.9998580626 0.1383708273 0.05946099248
1429 0.9998580626 0.1309731336 0.06043570456
1430 0.9998580626 0.1435486825 0.06413896129
1431 0.999861105 0.144908013 0.07059228389
1432 0.999861105 0.1523150934 0.07024271591
1433 0.999861105 0.1588303232 0.07641278756
1434 0.999861105 0.1806534753 0.0852244174
1435 0.999861105 0.1423100012 0.0712237837
1436 0.999861105 0.1521559525 0.07357065531
1437 0.999861105 0.130877821 0.06527824285
1438 0.999861105 0.1706244412 0.07744231492
1439 0.999861105 0.1727475501 0.08957498656
1440 0.999861105 0.1541388025 0.07672407237
1441 0.999861105 0.1735879544 0.08288761785
1442 0.999861105 0.1504201828 0.05769101547
1443 0.999861105 0.1519662107 0.0626859314
1444 0.999861105 0.172521932 0.0726023827
1445 0.999861105 0.1867674668 0.08255618327
1446 0.999861105 0.2016265388 0.07787844271
1447 0.999861105 0.1825839688 0.0643167863
1448 0.999861105 0.2114218003 0.07116155202
1449 0.999861105 0.1876871646 0.07701535273
1450 0.999861105 0.1534880595 0.05731453665
1451 0.999861105 0.1539820513 0.05836019725
1452 0.999861105 0.1790982902 0.06824562686
1453 0.999861105 0.1647219704 0.05978461347
1454 0.999861105 0.2024839333 0.07968521893
1455 0.999861105 0.1866722007 0.06461187065
1456 0.999861105 0.2075420272 0.06229029711
1457 0.999861105 0.2112225722 0.08303330032
1458 0.999861105 0.2029057414 0.07822493235
1459 0.999861105 0.1804394061 0.0780830617
1460 0.999861105 0.1943121219 0.08278244819
1461 0.999861105 0.104560726 0.04740816766
1462 0.999861105 0.1241291814 0.05693268192
1463 0.999861105 0.1731666729 0.08099126206
1464 0.999861105 0.2035934614 0.08501944141
1465 0.999861105 0.1671320952 0.07161016653
1466 0.999861105 0.1556438604 0.07037962036
1467 0.999861105 0.1537896268 0.07240019689
1468 0.999861105 0.1530706252 0.06867487583
1469 0.999861105 0.1493322204 0.06874763121
1470 0.999861105 0.144971783 0.06711092475
1471 0.999861105 0.1367657814 0.05857309848
1472 0.999861105 0.1418334919 0.05790609098
1473 0.999861105 0.1329552732 0.05340071116
1474 0.999861971 0.158127989 0.07206649931
1475 0.999861971 0.1554542502 0.07144198053
1476 0.999861971 0.1389652802 0.06792165139
1477 0.999861971 0.1325381205 0.06267175374
1478 0.999861971 0.1245040872 0.06803493568
1479 0.999861971 0.1266299032 0.06603661569
1480 0.999861971 0.09405425071 0.04599648531
1481 0.999861971 0.1195074039 0.0622533346
1482 0.999861971 0.1357916643 0.06774808906
1483 0.999861971 0.1114294121 0.05331046815
1484 0.999861971 0.1313821228 0.07218382421
1485 0.999861971 0.1407884966 0.07209988083
1486 0.999861971 0.1351446836 0.06021263151
1487 0.999861971 0.1450345538 0.06167415369
1488 0.999861971 0.1363713438 0.0587435118
1489 0.999861971 0.1494680066 0.0606945262
1490 0.999861971 0.1491727394 0.06595153434
1491 0.999861971 0.1497097863 0.0584913903
1492 0.999861971 0.1532144343 0.06969614443
1493 0.999861971 0.1610054131 0.06179506198
1494 0.999861971 0.1464124725 0.0655384399
1495 0.999861971 0.1666961685 0.07093597975
1496 0.999861971 0.1667944028 0.06445678466
1497 0.999861971 0.1787199169 0.07448648168
1498 0.999861971 0.1810296605 0.0728334963
1499 0.999861971 0.1844425367 0.07882056066
1500 0.999861971 0.2140526868 0.08651624527
1501 0.999861971 0.1993325108 0.08847662023
1502 0.999861971 0.1714266453 0.0743542406
1503 0.999861971 0.1780450113 0.07434003082
1504 0.999861971 0.1545498116 0.06300574723
1505 0.999861971 0.1695836989 0.0706778099
1506 0.999861971 0.1709396002 0.06912192518
1507 0.999861971 0.1651536186 0.07463776705
1508 0.999861971 0.1404814797 0.06327172952
1509 0.999861971 0.1619522556 0.06956879319
1510 0.999861971 0.1596035914 0.07168553808
1511 0.999861971 0.1618621242 0.06609256931
1512 0.999861971 0.1424153432 0.05930454533
1513 0.999861971 0.1425329904 0.06671429375
1514 0.999861971 0.1656550962 0.07752913483
1515 0.999861971 0.1386439448 0.06347421543
1516 0.999861971 0.1303955221 0.06083383313
1517 0.999861971 0.1702482669 0.07442930281
1518 0.999861971 0.1754463406 0.07573635626
1519 0.999861971 0.155073215 0.07086923458
1520 0.999861971 0.134115609 0.06736869906
1521 0.999861971 0.1464446572 0.07596900239
1522 0.999861971 0.1434176335 0.06640260448
1523 0.999861971 0.147383985 0.07607517955
1524 0.999861971 0.1525242629 0.09268963291
1525 0.999861971 0.1584165155 0.08238029918
1526 0.999861971 0.1576031105 0.06824834194
1527 0.999861971 0.1433569689 0.06796564706
1528 0.999861971 0.1295225905 0.05656651744
1529 0.999861971 0.1260812255 0.05354567943
1530 0.999861971 0.140932888 0.07137022554
1531 0.999861971 0.1271821422 0.06570356805
1532 0.999861971 0.1305090035 0.06420962094
1533 0.999861971 0.1535788514 0.08139301218
1534 0.9998621191 0.1726484464 0.08175396527
1535 0.9998621191 0.1830799546 0.07698365281
1536 0.9998621191 0.1696638469 0.0752970228
1537 0.9998621191 0.1379576892 0.06995042584
1538 0.9998621191 0.1343354023 0.0652353324
1539 0.9998621191 0.167413452 0.07397716061
1540 0.9998621191 0.2104968015 0.08677897555
1541 0.9998621191 0.1818704024 0.07511471239
1542 0.9998621191 0.1785397468 0.06936283929
1543 0.9998621191 0.1685898502 0.06807101893
1544 0.9998621191 0.1636511479 0.07586797987
1545 0.9998621191 0.1400533638 0.06318344093
1546 0.9998621191 0.1559146484 0.06919741454
1547 0.9998621191 0.1466260822 0.06279966252
1548 0.9998621191 0.1436076007 0.0633172542
1549 0.9998621191 0.1567495966 0.06449616931
1550 0.9998621191 0.1515474196 0.07187548499
1551 0.9998621191 0.1573952863 0.06763229987
1552 0.9998621191 0.1410303448 0.06406311028
1553 0.9998621191 0.1557456331 0.07109749883
1554 0.9998621191 0.1511285013 0.06830692092
1555 0.9998621191 0.1535871506 0.0742690703
1556 0.9998621191 0.1681300292 0.07972997266
1557 0.9998621191 0.1012662924 0.050466138
1558 0.9998621191 0.1067601315 0.04987634339
1559 0.9998621191 0.1220041173 0.05971807821
1560 0.9998621191 0.1105048965 0.05907606455
1561 0.9998621191 0.1103803228 0.04580388406
1562 0.9998621191 0.1377501234 0.06355376386
1563 0.9998621191 0.1557701087 0.06158793821
1564 0.9998621191 0.141707733 0.06456857692
1565 0.9998621191 0.1549285506 0.06280148895
1566 0.9998621191 0.1193930321 0.05529821504
1567 0.9998621191 0.1375976585 0.06662937079
1568 0.9998621191 0.1583406184 0.07759217103
1569 0.9998621191 0.1585038262 0.06941748358
1570 0.9998621191 0.1413996979 0.06145987262
1571 0.9998621191 0.1627327085 0.07386023354
1572 0.9998621191 0.1568801212 0.07211429681
1573 0.9998621191 0.1798791722 0.07400697915
1574 0.9998621191 0.1741867144 0.08140299954
1575 0.9998621191 0.1862063353 0.08147268307
1576 0.9998621191 0.1666367861 0.0716546557
1577 0.9998621191 0.1734536249 0.07177383311
1578 0.9998621191 0.1825505403 0.07161662374
1579 0.9998621191 0.1869321958 0.06945675161
1580 0.9998621191 0.1849445217 0.06965839327
1581 0.9998621191 0.1750794654 0.06667858828
1582 0.9998621191 0.182559487 0.0724733896
1583 0.9998621191 0.1524737493 0.06603361792
1584 0.9998621191 0.1906912033 0.07639177312
1585 0.9998621191 0.1883299656 0.06570754036
1586 0.9998621191 0.2019319135 0.07656416811
1587 0.9998621191 0.1894514755 0.07556275685
1588 0.9998621191 0.2024396124 0.08091325064
1589 0.9998621191 0.2336022711 0.09413435923
1590 0.9998621191 0.2075281894 0.0784162019
1591 0.9998621191 0.1594957278 0.05911564672
1592 0.9998621191 0.1857455986 0.08159983609
1593 0.9998621191 0.1611816371 0.07242951676
1594 0.9998621191 0.1939353454 0.07821409917
1595 0.9998621191 0.1742303086 0.06670906962
1596 0.9998621191 0.1985689698 0.0699121028
1597 0.9998621191 0.1811460882 0.05971127844
1598 0.9998621191 0.2020744943 0.07369613532
1599 0.9998621191 0.1931908479 0.07490415723
1600 0.9998621191 0.1831526246 0.0680181844
1601 0.9998621191 0.1725146704 0.06775599109
1602 0.9998621191 0.1642445979 0.06692571164
1603 0.9998621191 0.1631570981 0.06397067606
1604 0.9998621191 0.1555585452 0.07478446669
1605 0.9998621191 0.1611772267 0.07527560945
1606 0.9998621191 0.1604625631 0.07273385701
1607 0.9998621191 0.1495945093 0.06655162079
1608 0.9998621191 0.1659002659 0.06773935009
1609 0.9998621191 0.1458714825 0.06383469406
1610 0.9998621191 0.1302176536 0.06127118173
1611 0.9998621191 0.1226897994 0.05946420682
1612 0.9998621191 0.1497997695 0.06657766498
1613 0.9998621191 0.1430866121 0.06164605419
1614 0.9998621191 0.1468015243 0.06723383447
1615 0.9998621191 0.1477949734 0.06261566677
1616 0.9998621191 0.1460932861 0.06306977948
1617 0.9998621191 0.1286683699 0.06845907069
1618 0.9998621191 0.1477634167 0.06601002523
1619 0.9998621191 0.1382333561 0.06918260755
1620 0.9998621191 0.1236126069 0.06426410036
1621 0.9998621191 0.1495605487 0.07683073767
1622 0.9998621191 0.1226034423 0.05215123781
1623 0.9998621581 0.1337029588 0.06874441841
1624 0.9998621581 0.1458490417 0.07577926267
1625 0.9998621581 0.11131411 0.05787211238
1626 0.9998621581 0.1213254996 0.06227288883
1627 0.9998621581 0.1516221182 0.08176141657
1628 0.9998621581 0.1481011629 0.06625071692
1629 0.9998621581 0.1367771424 0.05899792924
1630 0.9998621581 0.1356098473 0.05442228203
1631 0.9998621581 0.1338804242 0.05205674214
1632 0.9998621581 0.1619044431 0.07189579646
1633 0.9998621581 0.1722285178 0.07970883506
1634 0.9998621581 0.1735968926 0.07334676157
1635 0.9998621581 0.1564276394 0.07026341042
1636 0.9998621581 0.153790431 0.06795533356
1637 0.9998621581 0.1280493394 0.04973206002
1638 0.9998621581 0.1365887421 0.06221613992
1639 0.9998621581 0.1326317411 0.0655830732
1640 0.9998621581 0.1223846754 0.06170201562
1641 0.9998621581 0.1459154787 0.0698286833
1642 0.9998621581 0.1227332679 0.05923662269
1643 0.9998621581 0.13539119 0.0651550949
1644 0.9998621581 0.120241688 0.05662205175
1645 0.9998621581 0.1091955195 0.05145682518
1646 0.9998621581 0.128110733 0.06225848895
1647 0.9998621581 0.1649397446 0.06987797503
1648 0.9998621581 0.1637428045 0.07954133568
1649 0.9998621581 0.1702083711 0.08735768561
1650 0.9998621581 0.1514897668 0.0662110614
1651 0.9998621581 0.179223672 0.07911995201
1652 0.9998621581 0.1826460938 0.08119271381
1653 0.9998621581 0.1797693749 0.0725936968
1654 0.9998621581 0.1669242458 0.06913422817
1655 0.9998621581 0.177099943 0.08121480172
1656 0.9998621581 0.1439453813 0.06525454581
1657 0.9998621581 0.1399764596 0.05900549942
1658 0.9998621581 0.1436926548 0.06503947861
1659 0.9998621581 0.1247046273 0.05370568561
1660 0.9998621581 0.1273546405 0.0567258562
1661 0.9998621581 0.1403564677 0.06228402787
1662 0.9998621581 0.1152368902 0.05560312368
1663 0.9998621581 0.1248709516 0.06827584308
1664 0.9998621581 0.1384334579 0.06586201448
1665 0.9998621581 0.1274891826 0.05962260451
1666 0.9998621581 0.1321813264 0.06449186402
1667 0.9998621581 0.1325016091 0.06751540724
1668 0.9998621581 0.1242385549 0.05686810461
1669 0.9998621581 0.1270010332 0.05446502005
1670 0.9998621581 0.1291522008 0.05242975931
1671 0.9998621581 0.1190486173 0.05296264397
1672 0.9998621581 0.1399501963 0.06787686698
1673 0.9998621581 0.1260935147 0.05822484298
1674 0.9998621581 0.1627178934 0.07610496783
1675 0.9998621581 0.1341462247 0.06327680319
1676 0.9998621581 0.1106755413 0.05359990865
1677 0.9998621581 0.1201450011 0.06567644423
1678 0.9998621581 0.1063180138 0.05132057107
1679 0.9998621581 0.1184897943 0.06533408106
1680 0.9998621581 0.1532097014 0.07017128134
1681 0.9998621581 0.1241334446 0.05457655733
1682 0.9998621581 0.1467833828 0.06908514123
1683 0.9998621581 0.1065822759 0.04871389122
1684 0.9998621581 0.1315260349 0.05986574385
1685 0.9998621581 0.1250186506 0.0575514418
1686 0.9998621581 0.1404707791 0.06201400683
1687 0.9998621581 0.1389931937 0.06262328461
1688 0.9998621581 0.1532175575 0.07481873371
1689 0.9998621581 0.1493146519 0.07566127081
1690 0.9998621581 0.1380091918 0.06091883716
1691 0.9998621581 0.1453067359 0.06507032817
1692 0.9998621581 0.1391837103 0.06429558441
1693 0.9998621581 0.129315788 0.06115325789
1694 0.9998621581 0.125630273 0.06214658241
1695 0.9998621581 0.1308414414 0.06939637999
1696 0.9998621581 0.1278111954 0.06462062864
1697 0.9998621581 0.1315710267 0.07038438522
1698 0.9998621581 0.1211697371 0.06254693783
1699 0.9998621581 0.1304832127 0.06338950379
1700 0.9998621581 0.1539625168 0.06943687315
1701 0.9998621581 0.1493632777 0.06868412078
1702 0.9998621581 0.1460371033 0.06581022602
1703 0.9998621581 0.1825722261 0.08142007789
1704 0.9998621581 0.171148131 0.07390861558
1705 0.9998621581 0.132720374 0.06539337972
1706 0.9998621581 0.1181033683 0.06480469463
1707 0.9998621581 0.1247114963 0.06722622099
1708 0.9998621581 0.1365870907 0.07370299309
1709 0.9998621581 0.1296529585 0.0731260053
1710 0.9998621581 0.1317501281 0.06310490781
1711 0.9998621581 0.1343264469 0.05796954942
1712 0.9998621581 0.1374373569 0.06559644575
1713 0.9998621581 0.1564456623 0.07106767203
1714 0.9998621581 0.1481870148 0.07221211272
1715 0.9998621581 0.1203629873 0.05652977512
1716 0.9998621581 0.1497162027 0.06248440078
1717 0.9998621581 0.1509467326 0.06460063298
1718 0.9998621581 0.1623081924 0.07528248206
1719 0.9998621581 0.1805597207 0.06885436623
1720 0.9998621581 0.1874660593 0.07846531659
1721 0.9998621581 0.1950070986 0.06673837775
1722 0.9998621581 0.2058734294 0.07717467091
1723 0.9998621581 0.1763324757 0.06245071294
1724 0.9998621581 0.1888707052 0.08060803722
1725 0.9998621581 0.1883418036 0.07353733518
1726 0.9998621581 0.2248722169 0.07554289766
1727 0.9998621581 0.1936936185 0.0707881819
1728 0.9998621581 0.1707792685 0.06415214736
1729 0.9998621581 0.1664382078 0.06337643765
1730 0.9998621581 0.1665793581 0.07345536329
1731 0.9998621581 0.17150524 0.07149361231
1732 0.9998621581 0.1838523417 0.07698790293
1733 0.9998621581 0.1310243685 0.05619966466
1734 0.9998621581 0.150543724 0.06210614272
1735 0.9998621581 0.1497503224 0.0634724092
1736 0.9998621581 0.1202031212 0.05491777579
1737 0.9998621581 0.1563583155 0.0697974899
1738 0.9998621581 0.1322517402 0.05566431815
1739 0.9998621581 0.1364553065 0.05802458088
1740 0.9998621581 0.1638369612 0.0728696375
1741 0.9998621581 0.141136563 0.05583275967
1742 0.9998621581 0.1432814053 0.0658299776
1743 0.9998621581 0.1117635722 0.05358364072
1744 0.9998621581 0.1291502357 0.06620981542
1745 0.9998621581 0.1583544658 0.07302129011
1746 0.9998621581 0.1337388897 0.06554908533
1747 0.9998621581 0.1370580835 0.0638337312
1748 0.9998621581 0.1410409473 0.06079308066
1749 0.9998621581 0.1841681665 0.09005267052
1750 0.9998621581 0.1583057565 0.07654359417
1751 0.9998621581 0.1541894159 0.06924960904
1752 0.9998621581 0.1054884048 0.04694138921
1753 0.9998621581 0.1280316228 0.06099511982
1754 0.9998621581 0.1250456592 0.05971039228
1755 0.9998621581 0.1339213704 0.06909200283
1756 0.9998621581 0.1279931432 0.0558135538
1757 0.9998621581 0.1305285218 0.06695448275
1758 0.9998621581 0.1360498448 0.07014476914
1759 0.9998621581 0.1189466621 0.05860256231
1760 0.9998621581 0.1481354538 0.07619705594
1761 0.9998621581 0.1373227908 0.06270502075
1762 0.9998621581 0.1399573247 0.06977706482
1763 0.9998621581 0.1302966965 0.06450570274
1764 0.9998621581 0.1177362911 0.06009100816
1765 0.9998621581 0.1317614932 0.0643709032
1766 0.9998621581 0.1409754797 0.05862690972
1767 0.9998621581 0.1412462443 0.06517515818
1768 0.9998621581 0.1111227947 0.05311356447
1769 0.9998621581 0.1311000057 0.06501358739
1770 0.9998621581 0.133086204 0.06898862062
1771 0.9998621581 0.1764681704 0.07594581881
1772 0.9998621581 0.1650923541 0.06765214159
1773 0.9998621581 0.1660255726 0.06337157671
1774 0.9998621581 0.1588487943 0.06677740016
1775 0.9998621581 0.1333510454 0.05746876705
1776 0.9998621581 0.1389266121 0.07058786482
1777 0.9998621581 0.1652443811 0.07221651256
1778 0.9998621581 0.1670430876 0.07875669409
1779 0.9998621581 0.1538323969 0.07378451969
1780 0.9998621581 0.1341651061 0.06557561304
1781 0.9998621581 0.1443879245 0.07437858436
1782 0.9998621581 0.1399552913 0.07651840172
1783 0.9998621581 0.1596815821 0.07870637526
1784 0.9998621581 0.1558755911 0.08013459106
1785 0.9998621581 0.1583954021 0.08707503626
1786 0.9998621581 0.1572849019 0.07145250058
1787 0.9998621581 0.1251482886 0.0602841487
1788 0.9998621581 0.1625922576 0.07425082699
1789 0.9998621581 0.1741743902 0.08629429309
1790 0.9998621581 0.1545861583 0.07385378469
1791 0.9998621581 0.1857950522 0.08274488537
1792 0.9998621581 0.1717109061 0.07464744435
1793 0.9998621581 0.1917447361 0.08524286118
1794 0.9998621581 0.1582554763 0.06594442935
1795 0.9998621581 0.1777583741 0.07529554999
1796 0.9998621581 0.1710202367 0.06654800051
1797 0.9998621581 0.1901330152 0.07354920196
1798 0.9998621581 0.1742539207 0.06762553461
1799 0.9998621581 0.1831281295 0.06620912653
1800 0.9998621581 0.1641699288 0.06036299175
1801 0.9998621581 0.1663867805 0.06571703933
1802 0.9998621581 0.204701883 0.0759542077
1803 0.9998621581 0.1885744287 0.07484986837
1804 0.9998621581 0.1871648112 0.07297610243
1805 0.9998621581 0.1885126761 0.079093833
1806 0.9998621581 0.1796930533 0.08882128416
1807 0.9998621581 0.1813297843 0.08887218275
1808 0.9998621581 0.1580159027 0.07781848808
1809 0.9998621581 0.1263652227 0.06197441632
1810 0.9998621581 0.1391563716 0.06663776789
1811 0.9998621581 0.147257855 0.07563106569
1812 0.9998621581 0.1336734468 0.06627930707
1813 0.9998621581 0.1562783831 0.07271078088
1814 0.9998621581 0.1298677079 0.06537419782
1815 0.9998621581 0.1596317891 0.0774579209
1816 0.9998621581 0.15155297 0.07381208026
1817 0.9998621581 0.1501399422 0.07082482657
1818 0.9998621581 0.1525495728 0.07077058924
1819 0.9998621581 0.14450534 0.05701987781
1820 0.9998621581 0.171619051 0.07202100639
1821 0.9998621581 0.1375635419 0.05771471135
1822 0.9998621581 0.1664138359 0.070073641
1823 0.9998621581 0.1578411714 0.07376605969
1824 0.9998621581 0.1607399157 0.06769530484
1825 0.9998621581 0.1657288644 0.07658011845
1826 0.9998621581 0.1502106916 0.06174059813
1827 0.9998621581 0.15486038 0.07305594316
1828 0.9998621581 0.1797696826 0.07787529725
1829 0.9998621581 0.1862914101 0.06747344679
1830 0.9998621581 0.1563381101 0.06312365045
1831 0.9998621581 0.1543498997 0.06253219226
1832 0.9998621581 0.1760778576 0.07223738837
1833 0.9998621581 0.166412751 0.06565678782
1834 0.9998621581 0.1591142385 0.0592931775
1835 0.9998621581 0.185662765 0.07603132561
1836 0.9998621581 0.1767263736 0.07272455168
1837 0.9998621581 0.1505814858 0.06672203504
1838 0.9998621581 0.1653803599 0.06437609895
1839 0.9998621581 0.1696430431 0.06961905132
1840 0.9998621581 0.1398201698 0.05649857016
1841 0.9998621581 0.1295147241 0.06059168843
1842 0.9998621581 0.1312260892 0.05954196285
1843 0.9998621581 0.1431541632 0.07411976928
1844 0.9998621581 0.1567379048 0.07320980316
1845 0.9998621581 0.1716313675 0.082405163
1846 0.9998621581 0.154838322 0.06594579806
1847 0.9998621581 0.1678865532 0.06759717194
1848 0.9998621581 0.1578708033 0.06679272514
1849 0.9998621581 0.1460041719 0.05815537653
1850 0.9998621581 0.156266522 0.07117718732
1851 0.9998621581 0.1622412482 0.06593392154
1852 0.9998621581 0.1401695208 0.05715038494
1853 0.9998621581 0.1348373842 0.06479489448
1854 0.9998621581 0.1353491201 0.05603174338
1855 0.9998621581 0.1260077238 0.05957380219
1856 0.9998621581 0.1169384072 0.05707926636
1857 0.9998621581 0.1277439841 0.05829969776
1858 0.9998621581 0.1311852254 0.06900438912
1859 0.9998621581 0.1091874925 0.05283786882
1860 0.9998621581 0.1381560137 0.06778733499
1861 0.9998621581 0.1600587258 0.07293994146
1862 0.9998621581 0.1564118165 0.082611096
1863 0.9998621581 0.1680814079 0.08858219337
1864 0.9998621581 0.1410707428 0.07189399422
1865 0.9998621581 0.1461779438 0.06968538016
1866 0.9998621581 0.1196880676 0.05435965823
1867 0.9998621581 0.112080412 0.0578121953
1868 0.9998621581 0.1479575706 0.06537523751
1869 0.9998621581 0.1230266674 0.05803873605
1870 0.9998621581 0.1219842302 0.06182903191
1871 0.9998621581 0.1140063911 0.06470898334
1872 0.9998621581 0.1013650191 0.05384754497
1873 0.9998621581 0.08926195324 0.04389516417
1874 0.9998621581 0.1031570708 0.0491816946
1875 0.9998621581 0.1125324905 0.06529049037
1876 0.9998621581 0.1353253341 0.07307241773
1877 0.9998621581 0.1300563927 0.07169875523
1878 0.9998621581 0.1366704292 0.0702206714
1879 0.9998621581 0.1258747825 0.06955766178
1880 0.9998621581 0.1235234324 0.0658320992
1881 0.9998621581 0.134487047 0.0646597031
1882 0.9998621581 0.1325198597 0.06119281232
1883 0.9998621581 0.1290709386 0.05760429222
1884 0.9998621581 0.1429390392 0.063693238
1885 0.9998621581 0.133276255 0.05733842596
1886 0.9998621581 0.1376911542 0.05748982088
1887 0.9998621581 0.1357073281 0.06150927177
1888 0.9998621581 0.1341421021 0.0587111644
1889 0.9998621581 0.1516975834 0.06751773269
1890 0.9998621581 0.1640429145 0.07553029872
1891 0.9998621581 0.1412654403 0.06032341469
1892 0.9998621581 0.1362850352 0.05723344714
1893 0.9998621581 0.1182319542 0.05188814907
1894 0.9998621581 0.1267076184 0.06006232716
1895 0.9998621581 0.1404598896 0.06451726637
1896 0.9998621581 0.1253175405 0.05538412769
1897 0.9998621581 0.1323841315 0.0629407616
1898 0.9998621581 0.1191487012 0.0506058429
1899 0.9998621581 0.1289698892 0.0585789173
1900 0.9998621581 0.1497029624 0.06614911367
1901 0.9998621581 0.1721582053 0.07403913718
1902 0.9998621581 0.1584737508 0.06696666779
1903 0.9998621581 0.1549160197 0.06143748564
1904 0.9998621581 0.1677430065 0.07501526032
1905 0.9998621581 0.16604286 0.07514641752
1906 0.9998621581 0.1716206701 0.08695894562
1907 0.9998621581 0.1760408806 0.07943251818
1908 0.9998621581 0.1449500794 0.06621071118
1909 0.9998621581 0.1402753656 0.07269666137
1910 0.9998621581 0.1220903405 0.05846343065
1911 0.9998621581 0.147634507 0.06355317179
1912 0.9998621581 0.1566171545 0.06815165197
1913 0.9998621581 0.1474636011 0.05976002976
1914 0.9998621581 0.1558699319 0.07062271259
1915 0.9998621581 0.1500330793 0.06427439438
1916 0.9998621581 0.1636627959 0.06758218196
1917 0.9998621581 0.161445596 0.06748564164
1918 0.9998621581 0.1586162368 0.06649924862
1919 0.9998621581 0.138998486 0.06236920861
1920 0.9998621581 0.1570520878 0.07585906729
1921 0.9998621581 0.1562899074 0.08062912681
1922 0.9998621581 0.1399534737 0.06223702874
1923 0.9998621581 0.1573466605 0.07401188088
1924 0.9998621581 0.1497134042 0.07682327884
1925 0.9998621581 0.1433528811 0.07102792891
1926 0.9998621581 0.1650444097 0.07689021707
1927 0.9998621581 0.15161243 0.07643803975
1928 0.9998621581 0.1559147151 0.07326739621
1929 0.9998621581 0.144475811 0.06427614573
1930 0.9998621581 0.1576523614 0.07749783021
1931 0.9998621581 0.1376647199 0.06464021902
1932 0.9998621581 0.1598714562 0.07625385459
1933 0.9998621581 0.1358936256 0.07317774631
1934 0.9998621581 0.1315814273 0.07085935112
1935 0.9998621581 0.1502851592 0.06748787194
1936 0.9998621581 0.1469966027 0.06985581459
1937 0.9998621581 0.1184940532 0.05433754559
1938 0.9998621581 0.1649348811 0.07958218711
1939 0.9998621581 0.1451883496 0.07146679142
1940 0.9998621581 0.1105575149 0.05584487581
1941 0.9998621581 0.1167618426 0.05556705374
1942 0.9998621581 0.1024164161 0.0610922067
1943 0.9998621581 0.1346726207 0.07587345266
1944 0.9998621581 0.1310768704 0.07202777053
1945 0.9998621581 0.1177315141 0.06873646066
1946 0.9998621581 0.130337947 0.06412437743
1947 0.9998621581 0.1412752918 0.07202579699
1948 0.9998621581 0.113844425 0.06713487438
1949 0.9998621581 0.1321877028 0.07425107321
1950 0.9998621581 0.1339882672 0.07115119893
1951 0.9998621581 0.1481821787 0.07873178812
1952 0.9998621581 0.1501948235 0.06819426994
1953 0.9998621581 0.1157578401 0.06622876164
1954 0.9998621581 0.1183971845 0.06796823436
1955 0.9998621581 0.1057379422 0.06074884153
1956 0.9998621581 0.1060735438 0.05532693049
1957 0.9998621581 0.1179628454 0.068670107
1958 0.9998621581 0.1005318362 0.05281180135
1959 0.9998621581 0.1166373326 0.06167197149
1960 0.9998621581 0.1232362486 0.07071709708
1961 0.9998621581 0.1250861408 0.06501066119
1962 0.9998621581 0.1236740101 0.06337513447
1963 0.9998621581 0.1156348666 0.06173817046
1964 0.9998621581 0.1060955131 0.06162298931
1965 0.9998621581 0.09164685558 0.04797852817
1966 0.9998621581 0.1054465414 0.06070284125
1967 0.9998621581 0.1252441438 0.06265606452
1968 0.9998621581 0.1423520842 0.07232218126
1969 0.9998621581 0.1212786816 0.05396371525
1970 0.9998621581 0.1361520544 0.06566936119
1971 0.9998621581 0.1254741254 0.05993297284
1972 0.9998621581 0.1291684143 0.06265329895
1973 0.9998621581 0.1202463159 0.06005927153
1974 0.9998621581 0.1333070255 0.06699439816
1975 0.9998621581 0.122094869 0.06253440572
1976 0.9998621581 0.1040860343 0.05944414293
1977 0.9998621581 0.1068353224 0.05144526453
1978 0.9998621581 0.1125828322 0.0587238668
1979 0.9998621581 0.1068975156 0.0593114877
1980 0.9998621581 0.1218145102 0.06384283873
1981 0.9998621581 0.1415679663 0.0713882781
1982 0.9998621581 0.1533023321 0.07343010037
1983 0.9998621581 0.1497452324 0.07172384349
1984 0.9998621581 0.1540851337 0.0692961475
1985 0.9998621581 0.132139034 0.06096010906
1986 0.9998621581 0.1207403344 0.06182179927
1987 0.9998621581 0.1288515276 0.06944057342
1988 0.9998621581 0.1101806613 0.06089782619
1989 0.9998621581 0.1518847453 0.07472161715
1990 0.9998621581 0.1726973394 0.08606388251
1991 0.9998621581 0.1656053442 0.06827273261
1992 0.9998621581 0.157956955 0.07113258398
1993 0.9998621581 0.1568949894 0.08207855436
1994 0.9998621581 0.1465951936 0.07809212685
1995 0.9998621581 0.1514520216 0.07703627285
1996 0.9998621581 0.1566413067 0.06990491812
1997 0.9998621581 0.1555129063 0.07375608639
1998 0.9998621581 0.160588903 0.0734687725
1999 0.9998621581 0.1361264027 0.05863150767
2000 0.9998621581 0.1358440857 0.05987217507
