0 0 0 0
1 0 0 0
2 0 0 0
3 0 0 0
4 0 0 0
5 0 0 0
6 0 0 0
7 0 0 0
8 0 0 0
9 0 0 0
10 0 0 0
11 0 0 0
12 0 0 0
13 0 0 0
14 0 0 0
15 0 0 0
16 0 0 0
17 0 0 0
18 0 0 0
19 0 0 0
20 0 0 0
21 0 0 0
22 0 0 0
23 0 0 0
24 0 0 0
25 0 0 0
26 0 0 0
27 0 0 0
28 0 0 0
29 0 0 0
30 0 0 0
31 0 0 0
32 0 0 0
33 0 0 0
34 0 0 0
35 0 0 0
36 0 0 0
37 0 0 0
38 0 0 0
39 0 0 0
40 0 0 0
41 0 0 0
42 0 0 0
43 0 0 0
44 0 0 0
45 0 0 0
46 0 0 0
47 0 0 0
48 0 0 0
49 0 0 0
50 0 0 0
51 0 0 0
52 0 0 0
53 0 0 0
54 0 0 0
55 0 0 0
56 0 0 0
57 0 0 0
58 0 0 0
59 0 0 0
60 0 0 0
61 0 0 0
62 0 0 0
63 0 0 0
64 0 0 0
65 0 0 0
66 0 0 0
67 0 0 0
68 0 0 0
69 0 0 0
70 0 0 0
71 0 0 0
72 0 0 0
73 0 0 0
74 0 0 0
75 0 0 0
76 0 0 0
77 0 0 0
78 0 0 0
79 0 0 0
80 0 0 0
81 0 0 0
82 0 0 0
83 0 0 0
84 0 0 0
85 0 0 0
86 0 0 0
87 0 0 0
88 0 0 0
89 0 0 0
90 0 0 0
91 0 0 0
92 0 0 0
93 0 0 0
94 0 0 0
95 0 0 0
96 0 0 0
97 0 0 0
98 6.473043843e-14 6.473043843e-16 4.190029659e-29
99 6.917406907e-14 1.339045075e-15 8.884623555e-29
100 6.917406907e-14 1.339045075e-15 8.884623555e-29
101 6.917406907e-14 1.367639334e-15 8.883930399e-29
102 6.917406907e-14 1.415299073e-15 8.89347696e-29
103 9.935512951e-14 3.072383701e-15 2.242940716e-28
104 3.172772756e-13 6.48028262e-15 1.21801413e-27
105 6.933515058e-13 1.541954277e-14 6.153030941e-27
106 7.18215137e-13 2.421722252e-14 1.163023255e-26
107 1.06463804e-12 4.152644376e-14 2.653753294e-26
108 1.109053619e-10 1.146960777e-12 1.229408987e-22
109 1.109053619e-10 1.137215868e-12 1.229581839e-22
110 1.403651246e-08 1.432761572e-10 1.969758907e-18
111 0.000705730738 7.057452227e-06 4.980556682e-09
112 0.001506893818 2.212642507e-05 2.747299984e-08
113 0.001506893818 2.212710268e-05 2.747296957e-08
114 0.001506893818 3.086109198e-05 3.470939938e-08
115 0.001506893818 3.96142544e-05 3.828604147e-08
116 0.005693381475 0.0001490001293 4.99308579e-07
117 0.005911162734 0.0002632715307 1.04446085e-06
118 0.005911162734 0.0002416944835 1.038760688e-06
119 0.006963563083 0.0002578816332 1.375044558e-06
120 0.006963563083 0.0002799413278 1.384136303e-06
121 0.006963563083 0.0003118744388 1.546512552e-06
122 0.007896204064 0.0003245092174 1.890522266e-06
123 0.007896204064 0.0003923055707 2.203470873e-06
124 0.008157121423 0.0004695225053 2.81588515e-06
125 0.008739032768 0.0006288005193 3.763434687e-06
126 0.008739032768 0.0005944080581 3.364473873e-06
127 0.01542957569 0.0007489830278 6.25478801e-06
128 0.01542957569 0.000672553596 6.324636583e-06
129 0.01542957569 0.000639883337 6.570960415e-06
130 0.01542957569 0.0009901556859 9.484406584e-06
131 0.01542957569 0.001050340128 1.077364597e-05
132 0.01542957569 0.0007831734518 9.477014779e-06
133 0.01542957569 0.0007198971362 7.997752569e-06
134 0.01542957569 0.0009295259008 9.92406182e-06
135 0.01542957569 0.000744059446 8.509216595e-06
136 0.02324018501 0.0008380171763 1.246432181e-05
137 0.02324018501 0.0007825910439 1.125314709e-05
138 0.02324018501 0.0009380766215 1.345956813e-05
139 0.02324018501 0.001796395472 2.638582123e-05
140 0.02324018501 0.001370094003 2.285220174e-05
141 0.2166177836 0.004462998043 0.000499454851
142 0.2166177836 0.006488513337 0.0009189750312
143 0.2166177836 0.007824824018 0.001191427351
144 0.2927521163 0.0164509669 0.002929781871
145 0.2927521163 0.0161729787 0.003241410707
146 0.3126307392 0.02828524363 0.005781965764
147 0.3126307392 0.02559274219 0.005239105357
148 0.3126307392 0.02332220689 0.005117704591
149 0.4036389113 0.02550716877 0.006502680381
150 0.4036389113 0.02192770214 0.005561470738
151 0.4036389113 0.02349404754 0.005601363448
152 0.4036389113 0.03224529849 0.007526033457
153 0.4036389113 0.03386572292 0.007618269253
154 0.4619534585 0.03913583652 0.0100649131
155 0.51777202 0.04386291777 0.01269396672
156 0.51777202 0.03440631913 0.01043513478
157 0.5563659967 0.06093067885 0.02110481964
158 0.5563659967 0.0648988969 0.02202100336
159 0.6243283601 0.06760481501 0.02475421466
160 0.6243283601 0.06453019972 0.02673205471
161 0.7610468726 0.07292180273 0.0328149677
162 0.7610468726 0.08482742949 0.03509713364
163 0.7610468726 0.08004802587 0.03229133881
164 0.7610468726 0.08147142513 0.03411331136
165 0.7610468726 0.07288113952 0.03189131848
166 0.7610468726 0.06623604143 0.03428789127
167 0.8901379939 0.07890394319 0.04297652222
168 0.8901379939 0.1047795019 0.0519738496
169 0.9198424274 0.1387726884 0.07495690388
170 0.938061348 0.141845552 0.08208588943
171 0.9983680876 0.1622648623 0.09897469912
171 0.003300081914 4.19503439e-05 1.117056118e-07
172 0.003300081914 6.819077957e-05 1.794135857e-07
173 0.004936546949 0.0001684768867 5.024724419e-07
174 0.004936546949 0.000225148237 6.364596617e-07
175 0.004936546949 0.0002136682987 5.953568818e-07
176 0.004936546949 0.0003227116075 9.370837981e-07
177 0.005656190933 0.0004129269514 1.371583336e-06
178 0.006678179101 0.0005767767205 2.211647173e-06
179 0.01396419957 0.0006347348766 4.176676825e-06
180 0.01396419957 0.0006544476521 4.333420013e-06
181 0.01396419957 0.0008909603364 6.11065797e-06
182 0.01396419957 0.0006433353466 4.811178281e-06
183 0.01396419957 0.0008250019224 5.809234315e-06
184 0.01396419957 0.001071122313 9.451722558e-06
185 0.01396419957 0.001054795584 9.692456702e-06
186 0.01396419957 0.001062557642 9.625030775e-06
187 0.01396419957 0.001030570688 9.970473321e-06
188 0.02413274731 0.001024739881 1.32896993e-05
189 0.02413274731 0.001194484409 1.80301094e-05
190 0.02503879081 0.001338806426 2.183443702e-05
191 0.02685616935 0.001592334345 2.811307367e-05
192 0.02685616935 0.001630973716 2.776459859e-05
193 0.02685616935 0.001961627456 3.335288489e-05
194 0.02877454406 0.002108174895 3.723223074e-05
195 0.03676412366 0.002187036639 4.359718546e-05
196 0.03676412366 0.002769279652 5.030767861e-05
197 0.03676412366 0.002335259121 4.513952885e-05
198 0.03676412366 0.002635254637 5.506517163e-05
199 0.03676412366 0.002821956083 6.200990768e-05
200 0.0431870303 0.003161592474 7.706685313e-05
201 0.0431870303 0.003664159587 8.184976762e-05
202 0.05029519128 0.003971570582 0.0001035419906
203 0.05029519128 0.003070435449 8.443789927e-05
204 0.05029519128 0.003496459428 9.22690766e-05
205 0.05029519128 0.003813092647 0.0001015993336
206 0.05029519128 0.004878925358 0.0001258747683
207 0.05029519128 0.003923885454 9.788767664e-05
208 0.05029519128 0.003591636431 8.853806431e-05
209 0.05029519128 0.003446697023 9.492929803e-05
210 0.05029519128 0.003953805482 0.0001120670361
211 0.05029519128 0.00359145101 8.851518959e-05
212 0.05029519128 0.003850780009 0.0001000199798
213 0.05029519128 0.004064583151 0.0001220355743
214 0.05029519128 0.00346117756 8.994743299e-05
215 0.05029519128 0.003655270112 0.0001065582588
216 0.05029519128 0.00426269033 0.0001230386352
217 0.05029519128 0.004095595109 0.0001142733851
218 0.05029519128 0.003409753442 9.19263315e-05
219 0.05029519128 0.003399119966 9.340459759e-05
220 0.05204715294 0.005398341613 0.00015329898
221 0.05204715294 0.004737081546 0.0001262383303
222 0.05204715294 0.005349894704 0.000150495049
223 0.05668648674 0.006376297497 0.000182630781
224 0.06754686563 0.004941595851 0.0001664852669
225 0.06754686563 0.00421473256 0.0001599484449
226 0.06754686563 0.005314402805 0.0001815866208
227 0.06754686563 0.004348405374 0.0001635239849
228 0.06754686563 0.003641785246 0.0001355424764
229 0.06754686563 0.003773227048 0.0001557729561
230 0.06754686563 0.00361907743 0.0001399341845
231 0.06754686563 0.00359445886 0.0001443788133
232 0.06754686563 0.004366851631 0.0001691731579
233 0.06754686563 0.003843469026 0.0001426695657
234 0.06754686563 0.004857675439 0.0001822882221
235 0.06754686563 0.004512199234 0.000161362644
236 0.06754686563 0.004700659569 0.0001588923902
237 0.06754686563 0.004042758443 0.0001541645531
238 0.06754686563 0.006461111261 0.0002573530983
239 0.06754686563 0.006581309463 0.0002638732679
240 0.06754686563 0.006895277396 0.0002537161158
241 0.06754686563 0.005974921172 0.0002045050141
242 0.06754686563 0.005024923492 0.0002052688708
243 0.06754686563 0.00612951725 0.0002366532219
244 0.06754686563 0.004777347749 0.0001924565298
245 0.06754686563 0.004568641175 0.0001868912194
246 0.09786825515 0.007018617552 0.0003199374824
247 0.09786825515 0.007075025681 0.0002975442026
248 0.09786825515 0.005948782285 0.000304346113
249 0.1169862525 0.005786333805 0.0003647935951
250 0.1169862525 0.007021175007 0.0004465297011
251 0.1169862525 0.005505825599 0.0003529368475
252 0.1169862525 0.006758497409 0.0004572185618
253 0.1169862525 0.006592224278 0.0004337760121
254 0.1169862525 0.008547410183 0.0005099580203
255 0.1169862525 0.007709784707 0.0004740180112
256 0.1169862525 0.006093118769 0.000409394841
257 0.1169862525 0.00843422908 0.0004658929373
258 0.12082288 0.008486837911 0.0005452215074
259 0.12082288 0.01169542955 0.0007280200665
260 0.12082288 0.01178498254 0.0007468071022
261 0.12082288 0.008667976278 0.0006394142503
262 0.12082288 0.008939080305 0.0006065544016
263 0.12082288 0.009656068251 0.0006618693789
264 0.12082288 0.01240858974 0.0007735964561
265 0.12082288 0.01238851265 0.0008444664404
266 0.1277651977 0.01325524852 0.0008816950516
267 0.1277651977 0.01444300886 0.0008252165139
268 0.1277651977 0.01841832728 0.001258009703
269 0.1277651977 0.0164605082 0.001097441787
270 0.1711469658 0.01830007476 0.001602067607
271 0.1711469658 0.01601991669 0.001202412677
272 0.1711469658 0.01490865549 0.001144655999
273 0.1711469658 0.01128266688 0.001024537917
274 0.1711469658 0.01196650056 0.0009907577129
275 0.1711469658 0.01493501587 0.00127672124
276 0.1711469658 0.01259703808 0.001248558214
277 0.1711469658 0.01516484157 0.001431237053
278 0.1711469658 0.02160456347 0.001853774176
279 0.1711469658 0.01565612063 0.001393678553
280 0.2563409515 0.01969584412 0.002125073358
281 0.2563409515 0.01753419429 0.002066599454
282 0.2563409515 0.01363333705 0.001575512813
283 0.2563409515 0.01833833155 0.002057429376
284 0.2563409515 0.01434724911 0.001595576235
285 0.2563409515 0.01570747746 0.002148598192
286 0.2563409515 0.01669986017 0.002009066032
287 0.2563409515 0.01718526905 0.002058880959
288 0.2563409515 0.01725281078 0.001951242476
289 0.2563409515 0.01724408463 0.001974674833
290 0.2563409515 0.01806956138 0.002207141739
291 0.2563409515 0.01977021787 0.00241801573
292 0.2563409515 0.01884782445 0.002394230211
293 0.2563409515 0.02205160963 0.002697582008
294 0.2563409515 0.01818850931 0.002468812642
295 0.2563409515 0.0206965953 0.002638963663
296 0.2563409515 0.0267057584 0.003522772403
297 0.2563409515 0.02315163946 0.002653188715
298 0.2563409515 0.02676548228 0.003543836453
299 0.2563409515 0.0294930732 0.003361884894
300 0.2563409515 0.02395894113 0.002868123599
301 0.2563409515 0.0332569672 0.003906312525
302 0.2563409515 0.02763060641 0.003468323547
303 0.2563409515 0.02785308254 0.003583331259
304 0.2735712174 0.03874145405 0.004774445822
305 0.2735712174 0.02947530432 0.004342186432
306 0.2735712174 0.02554985095 0.004180908787
307 0.2735712174 0.02603717924 0.00340328542
308 0.2808733596 0.03836398467 0.006353898349
309 0.2808733596 0.04144380572 0.006297964123
310 0.2808733596 0.03103989139 0.005197536325
311 0.2824490322 0.03385490221 0.005029173777
312 0.2824490322 0.03267120151 0.004398884982
313 0.2824490322 0.03612821409 0.004480940102
314 0.2824490322 0.03194897108 0.004945531601
315 0.2880349185 0.03715610919 0.006063985803
316 0.2880349185 0.03375445698 0.005047718811
317 0.2880349185 0.03325544625 0.004509649736
318 0.2970819448 0.03867378999 0.005797813961
319 0.2970819448 0.03131084075 0.004413172768
320 0.2970819448 0.02884687497 0.004594205676
321 0.2970819448 0.02306800901 0.003852629891
322 0.2970819448 0.02651748204 0.004162229925
323 0.2970819448 0.03104274739 0.004723547155
324 0.3102688172 0.034396205 0.0056977518
325 0.3102688172 0.03100654541 0.005406037896
326 0.3102688172 0.03319787652 0.00589276756
327 0.3102688172 0.04334661522 0.007796271809
328 0.3102688172 0.03813615565 0.006455051176
329 0.3152637804 0.03894756133 0.007710577206
330 0.3152637804 0.04403443345 0.008009055775
331 0.3152637804 0.04184364551 0.007730291415
332 0.3250169242 0.04556112222 0.008114898478
333 0.3250169242 0.0419920519 0.007322392462
334 0.3250169242 0.0438361883 0.006652359228
335 0.3250169242 0.05093399589 0.007094269345
336 0.3250169242 0.04180163069 0.005744015248
337 0.3250169242 0.0425699473 0.006086145069
338 0.3250169242 0.05020048057 0.007574457318
339 0.3332008829 0.05377185224 0.008329954239
340 0.3527063301 0.04629186242 0.007476924583
341 0.3527063301 0.04549864672 0.007310851119
342 0.3527063301 0.03754088853 0.005852731253
343 0.3527063301 0.0398027696 0.007015315131
344 0.3527063301 0.04386098063 0.007587179926
345 0.3527063301 0.03841785884 0.00681732534
346 0.3527063301 0.04652337202 0.008016703645
347 0.3527063301 0.03993015003 0.007483054093
348 0.3527063301 0.03981178482 0.006582384213
349 0.3527063301 0.04335474683 0.007153876013
350 0.3527063301 0.04496699965 0.008040829305
351 0.4123149413 0.05671440593 0.01185777936
352 0.4123149413 0.04602459339 0.009098760796
353 0.4123149413 0.0394560953 0.008263269717
354 0.4123149413 0.03532883513 0.006164250326
355 0.4123149413 0.04477592584 0.008643302898
356 0.4123149413 0.05011568556 0.009099677865
357 0.4123149413 0.0474771515 0.009729274026
358 0.4123149413 0.04278299774 0.008519456613
359 0.4123149413 0.04761509209 0.009780957748
360 0.4123149413 0.0397124585 0.007849794794
361 0.4123149413 0.0462478556 0.009919069779
362 0.434275034 0.04194595185 0.009635824032
363 0.434275034 0.04739427109 0.01079850395
364 0.434275034 0.04762381607 0.01096648334
365 0.473279092 0.06603409835 0.01548935336
366 0.473279092 0.04773491065 0.01197129475
367 0.473279092 0.04205979008 0.01053750015
368 0.473279092 0.03635002308 0.01037547881
369 0.473279092 0.0461446788 0.01088351446
370 0.473279092 0.04529473234 0.01121949379
371 0.473279092 0.0488169172 0.01344576784
372 0.473279092 0.04333074394 0.01193877428
373 0.5250151627 0.05040907208 0.01429329455
374 0.5250151627 0.04784086183 0.01203806753
375 0.5250151627 0.0378275057 0.01065358341
376 0.5250151627 0.05845045229 0.01511438357
377 0.5250151627 0.05118696181 0.01324238027
378 0.5250151627 0.04897765742 0.01331034288
379 0.5250151627 0.04510332409 0.01190110983
380 0.5250151627 0.03648495677 0.01099606306
381 0.5250151627 0.03281844587 0.01093902528
382 0.5250151627 0.04424827507 0.01292091072
383 0.5250151627 0.04656561944 0.01255440408
384 0.5250151627 0.04866054691 0.01496410255
385 0.5250151627 0.0559442737 0.0150403749
386 0.5250151627 0.05316211591 0.01355331917
387 0.5250151627 0.05888481967 0.01700222658
388 0.5250151627 0.05251167868 0.01447721226
389 0.5250151627 0.05882576737 0.01445194163
390 0.5261188895 0.06919426813 0.0199720099
391 0.5682627885 0.06139167218 0.0166874414
392 0.5682627885 0.05837424302 0.01719345809
393 0.5682627885 0.07028772484 0.01878038112
394 0.5682627885 0.06359825856 0.01936958508
395 0.5684005211 0.06118053231 0.01956216336
396 0.5684005211 0.06062388733 0.01702961904
397 0.5684005211 0.05769280878 0.0199784968
398 0.6203263833 0.07272757776 0.02336405838
399 0.6203263833 0.07056869663 0.02119663487
400 0.6203263833 0.05832148703 0.01822895256
401 0.6203263833 0.06609112372 0.02253731185
402 0.6203263833 0.06432419648 0.02177955683
403 0.6203263833 0.06201981337 0.02188113234
404 0.6203263833 0.05726610862 0.01902302566
405 0.6203263833 0.05394042295 0.01585759341
406 0.6223403136 0.06623058421 0.02031626052
407 0.6223403136 0.07518447177 0.02358908336
408 0.6223403136 0.06577014434 0.02060253965
409 0.6223403136 0.06670270489 0.0195873666
410 0.6223403136 0.07149130254 0.02097444949
411 0.6261168164 0.08916385972 0.02407991821
412 0.6261168164 0.08481019958 0.02227660697
413 0.6261168164 0.09149875102 0.02552761767
414 0.6261168164 0.09000981877 0.02241247214
415 0.686724519 0.08690396047 0.02610711231
416 0.686724519 0.09038562116 0.02598680199
417 0.686724519 0.0856517193 0.02300178705
418 0.686724519 0.08970144988 0.02832823199
419 0.686724519 0.07931005331 0.02423457049
420 0.686724519 0.08828499525 0.02860943898
421 0.686724519 0.07863935745 0.02758177525
422 0.686724519 0.09111152487 0.02656099213
423 0.686724519 0.09660277725 0.0311830037
424 0.686724519 0.08785642436 0.02834476344
425 0.686724519 0.09053588664 0.0318414405
426 0.686724519 0.0851250625 0.03047258936
427 0.686724519 0.08196792711 0.02437649682
428 0.686724519 0.08371661447 0.0242816639
429 0.686724519 0.1045981441 0.03005198044
430 0.686724519 0.09049218293 0.02932373634
431 0.686724519 0.08501476444 0.02439075447
432 0.686724519 0.08777392649 0.02616752655
433 0.686724519 0.0968165505 0.03058193059
434 0.686724519 0.08430072611 0.02554682935
435 0.686724519 0.075500972 0.0240797935
436 0.686724519 0.09840690094 0.03346420446
437 0.686724519 0.07512513336 0.02427450987
438 0.686724519 0.08443911086 0.02706396329
439 0.686724519 0.07706183234 0.02556619763
440 0.686724519 0.08799064838 0.02863143576
441 0.686724519 0.08213813319 0.02788592378
442 0.686724519 0.09900991917 0.02931968489
443 0.686724519 0.09049865083 0.02683036229
444 0.686724519 0.1010148744 0.03266853973
445 0.686724519 0.08586692315 0.03483714687
446 0.686724519 0.07294539009 0.02801820005
447 0.686724519 0.07508298116 0.02825106759
448 0.686724519 0.08937056675 0.03144895063
449 0.686724519 0.08067946566 0.02936057624
450 0.686724519 0.09183903187 0.03241532922
451 0.8271626731 0.1071166002 0.0354444014
452 0.8271626731 0.09974846166 0.03676814414
453 0.8502569357 0.09685465692 0.03730007201
454 0.8502569357 0.1165233196 0.04031967272
455 0.8502569357 0.1017765323 0.03939565877
456 0.8502569357 0.1161670291 0.04588802724
457 0.8502569357 0.1287442651 0.05233602185
458 0.8603249096 0.1128653812 0.04848053416
459 0.9018985245 0.1039301116 0.04435702955
460 0.9018985245 0.08527424601 0.03902258223
461 0.9018985245 0.08920524888 0.04167689006
462 0.9018985245 0.09661275248 0.04998684645
463 0.9018985245 0.09161280053 0.04209761196
464 0.9018985245 0.086623823 0.03820359334
465 0.9018985245 0.102747053 0.04061535449
466 0.9018985245 0.115816498 0.05643443602
467 0.9018985245 0.1261781959 0.05672727582
468 0.9018985245 0.1249964177 0.05276279953
469 0.9018985245 0.1036420373 0.03866220022
470 0.9018985245 0.1240965178 0.04910757189
471 0.9018985245 0.1251929126 0.04855103231
472 0.9018985245 0.132894448 0.05752083823
473 0.9018985245 0.1052129606 0.04396464035
474 0.9018985245 0.1010791429 0.04775899752
475 0.9018985245 0.09980965264 0.04989802663
476 0.9018985245 0.1068379762 0.04454672689
477 0.9018985245 0.1130499114 0.0451658131
478 0.9018985245 0.1097195347 0.05254265687
479 0.9018985245 0.08202639447 0.03798471379
480 0.903504092 0.1065786396 0.050061647
481 0.903504092 0.129907017 0.05728387878
482 0.903504092 0.1067113476 0.04408207929
483 0.903504092 0.1236870153 0.04985716262
484 0.903504092 0.135869353 0.04926501088
485 0.9297514693 0.140713413 0.06126346481
486 0.9297514693 0.1248739324 0.04937877727
487 0.9297514693 0.1320682205 0.05883559668
488 0.9297514693 0.11306003 0.04289891833
489 0.9297514693 0.1363910417 0.0492565412
490 0.9297514693 0.1478338764 0.0498813482
491 0.9297514693 0.1505552796 0.04717245621
492 0.9297514693 0.1457529164 0.05031520418
493 0.9297514693 0.1367885288 0.04465019168
494 0.9297514693 0.1351101304 0.04992228975
495 0.9297514693 0.131209878 0.0516175298
496 0.9297514693 0.1099502742 0.0471673152
497 0.9297514693 0.1223414238 0.05316845345
498 0.9297514693 0.1182318561 0.05208810099
499 0.9297514693 0.1173632311 0.05326345503
500 0.9297514693 0.1029006154 0.04744043448
501 0.9297514693 0.1128632727 0.04972516072
502 0.9297514693 0.1083753586 0.04491038928
503 0.9297514693 0.09624209497 0.04723228479
504 0.9297514693 0.1064660336 0.04624943754
505 0.9297514693 0.1111677514 0.0498134975
506 0.9297514693 0.1116079999 0.04364747503
507 0.9297514693 0.1072814607 0.04712881191
508 0.9297514693 0.1026203677 0.04625735921
509 0.9297514693 0.1039757176 0.04635886957
510 0.9335725971 0.1166552422 0.05157626126
511 0.9335725971 0.1177749679 0.05425382223
512 0.9335725971 0.1213212876 0.0503893408
513 0.9335725971 0.1078984152 0.04627947922
514 0.9355430161 0.1040122307 0.04771387564
515 0.9355430161 0.1002135126 0.05203484844
516 0.9355430161 0.107047788 0.05681075478
517 0.9355430161 0.1087713624 0.05033611842
518 0.9355430161 0.09702781618 0.05481690834
519 0.9355430161 0.1015464999 0.05317005269
520 0.9355430161 0.09287315936 0.04280724322
521 0.9355430161 0.119342258 0.05569844504
522 0.9355430161 0.1088136794 0.05332964572
523 0.9355430161 0.1178204279 0.04863688442
524 0.9355430161 0.1230649218 0.05389913141
525 0.9355430161 0.1180295329 0.04529019779
526 0.9461942468 0.118891929 0.05712731184
527 0.9461942468 0.08599864918 0.03973220821
528 0.9463656315 0.09545341733 0.04491859408
529 0.9463656315 0.1159547687 0.05343580956
530 0.9463656315 0.1346528707 0.0557993973
531 0.9463656315 0.1296238998 0.04972481195
532 0.9463656315 0.09734088946 0.04427240638
533 0.9553867633 0.1081463426 0.05068886633
534 0.9553867633 0.1062682643 0.05522913872
535 0.9553867633 0.1255255873 0.06402220496
536 0.9553867633 0.1351581905 0.05942629872
537 0.9553867633 0.1268858109 0.05905149798
538 0.9553867633 0.1452868669 0.06623842602
539 0.9553867633 0.1369720846 0.06009900826
540 0.9553867633 0.1230143241 0.05747078274
541 0.9553867633 0.1188878425 0.05668261146
542 0.9553867633 0.1192047681 0.05087748555
543 0.9553867633 0.1446782711 0.06293595812
544 0.9553867633 0.1216359561 0.05694568916
545 0.9553867633 0.1099268914 0.05042302793
546 0.9553867633 0.1186964343 0.056156172
547 0.9553867633 0.1011417068 0.04190769769
548 0.9553867633 0.1010648989 0.0426989068
549 0.9553867633 0.1014243053 0.05026067333
550 0.9553867633 0.1012994111 0.0516870446
551 0.9553867633 0.1078207448 0.05347356573
552 0.9553867633 0.1114382436 0.05338080422
553 0.9553867633 0.1096563936 0.04645939816
554 0.9553867633 0.1371514367 0.06119757184
555 0.9553867633 0.1309992438 0.05793685048
556 0.9553867633 0.1206709057 0.05428753965
557 0.9553867633 0.1171204532 0.05462693698
558 0.9553867633 0.1069962278 0.04908858333
559 0.9553867633 0.1198643942 0.05346511005
560 0.9553867633 0.1083534064 0.04674914882
561 0.9553867633 0.1226450343 0.05792419315
562 0.9553867633 0.1056215555 0.04473955301
563 0.9553867633 0.1030319902 0.04570465734
564 0.9553867633 0.118610939 0.04763836159
565 0.9553867633 0.1000250283 0.04905649551
566 0.9553867633 0.1183766513 0.0536782869
567 0.965358252 0.09932465447 0.0517798221
568 0.965358252 0.109752896 0.05346440207
569 0.965358252 0.1163659149 0.05492406298
570 0.965358252 0.1113203896 0.05104115859
571 0.965358252 0.12377502 0.05395092919
572 0.965358252 0.1196460077 0.05495081013
573 0.965358252 0.1119664928 0.05639995765
574 0.965358252 0.09496959009 0.04629180634
575 0.965358252 0.07621515436 0.03810919593
576 0.965358252 0.09462702201 0.04234157553
577 0.965358252 0.1309786111 0.06721186181
578 0.965358252 0.1093793954 0.04755176441
579 0.965358252 0.1068097207 0.04886988871
580 0.965358252 0.10543599 0.04840925062
581 0.965358252 0.110691737 0.05541085654
582 0.965358252 0.1032143336 0.0480116696
583 0.965358252 0.1127297375 0.05241319319
584 0.965358252 0.09421216832 0.04949629303
585 0.9704057217 0.1287775965 0.05986935731
586 0.9704057217 0.1416262744 0.06014002937
587 0.9704057217 0.1201795288 0.04784095415
588 0.9704057217 0.1107759621 0.04631971872
589 0.9704057217 0.1140112343 0.05319900289
590 0.9704057217 0.12940036 0.06261224444
591 0.9704057217 0.1139333867 0.05261949545
592 0.9704057217 0.1002677284 0.04837227552
593 0.9704057217 0.09050683543 0.04604358055
594 0.9704057217 0.09347384917 0.04717156473
595 0.9704057217 0.1063134675 0.05074804773
596 0.9704057217 0.1089201323 0.05307753388
597 0.9704057217 0.1041633137 0.05191559357
598 0.9704057217 0.132847174 0.06914195961
599 0.9704057217 0.1413861061 0.06319640592
600 0.9704057217 0.117492415 0.05790924126
601 0.9704057217 0.1151046482 0.06131579201
602 0.9704057217 0.1005300158 0.04985223815
603 0.9704057217 0.09721518927 0.0516432991
604 0.9704057217 0.1029075734 0.04926549554
605 0.9704057217 0.106834591 0.06086404769
606 0.9704057217 0.115598846 0.05986060733
607 0.9704057217 0.140138806 0.06413357567
608 0.9704057217 0.1200143748 0.06007338653
609 0.9704057217 0.1197650873 0.06298411819
610 0.9704057217 0.1367669045 0.06656324106
611 0.9704057217 0.1060376334 0.04528585578
612 0.9704057217 0.1258182742 0.05794516911
613 0.9704057217 0.1260256925 0.05965765004
614 0.9704057217 0.1275567627 0.0559339583
615 0.9704057217 0.1100480528 0.0509360365
616 0.9730980611 0.1114881911 0.05549326482
617 0.9730980611 0.09968640636 0.05190372533
618 0.9730980611 0.1041550548 0.0612934675
619 0.9730980611 0.1290533994 0.06056550251
620 0.9730980611 0.1155880777 0.05506422635
621 0.9730980611 0.1221025926 0.06301302558
622 0.9730980611 0.1113296567 0.05464744312
623 0.9730980611 0.1021679697 0.05310772542
624 0.978541307 0.1190177548 0.05690302052
625 0.978541307 0.1019581199 0.05262455972
626 0.978541307 0.1021335605 0.05262574219
627 0.978541307 0.08938946447 0.0436924378
628 0.978541307 0.0838561789 0.04253417304
629 0.978541307 0.09158157753 0.04848099633
630 0.978541307 0.1151244921 0.05703540961
631 0.978541307 0.1091475101 0.05855867392
632 0.978541307 0.08808473951 0.04618997954
633 0.978541307 0.07949082094 0.04459620915
634 0.978541307 0.08767861271 0.04817475621
635 0.978541307 0.103613474 0.05566063928
636 0.978541307 0.08974969454 0.05146375143
637 0.978541307 0.0821596269 0.05291016398
638 0.978541307 0.1005452737 0.05424535273
639 0.978541307 0.0906803248 0.04796825286
640 0.978541307 0.09708568813 0.05799499439
641 0.9790707899 0.1072612747 0.06040059096
642 0.9790707899 0.1142073604 0.06155114447
643 0.9790707899 0.1389434668 0.06848464104
644 0.9790707899 0.128970471 0.06290343125
645 0.9790707899 0.1153206729 0.05657455591
646 0.9790707899 0.1088418438 0.04988185728
647 0.9790707899 0.08435581797 0.04967229805
648 0.9790707899 0.1067685504 0.05893968652
649 0.9790707899 0.1075916581 0.05138713815
650 0.9790707899 0.1058857092 0.04812528103
651 0.9790707899 0.100011609 0.04951872991
652 0.9790707899 0.1158227466 0.05186798848
653 0.9790707899 0.1384977447 0.0674655353
654 0.9790707899 0.1253448383 0.05736105396
655 0.9838310911 0.1222780924 0.06387896385
656 0.9838310911 0.1095705866 0.04982734094
657 0.9838310911 0.1193680015 0.0645207378
658 0.9838310911 0.1302428384 0.06513422032
659 0.9838310911 0.1250378985 0.05213155882
660 0.9838310911 0.09626463216 0.04442950122
661 0.9838310911 0.1059886687 0.05032996167
662 0.9838310911 0.1186261242 0.06053059591
663 0.9838310911 0.1295641192 0.0584371677
664 0.9838310911 0.1582786533 0.07349017867
665 0.9838310911 0.1570003366 0.06962440682
666 0.9838310911 0.1435742263 0.0651932579
667 0.9838310911 0.1504594826 0.06009127863
668 0.9838310911 0.1348152546 0.06455504484
669 0.9838310911 0.1467726788 0.07287519778
670 0.9838310911 0.1465759752 0.06103681709
671 0.9838310911 0.1284636056 0.05517632785
672 0.9838310911 0.1159420589 0.05458109171
673 0.9838310911 0.1136687762 0.05190932003
674 0.9838310911 0.1203408588 0.05729070317
675 0.9838310911 0.1108179879 0.05112160511
676 0.9838310911 0.1133252195 0.04705388014
677 0.9838310911 0.1302328146 0.0524568424
678 0.9838310911 0.1232301741 0.05799960046
679 0.9838310911 0.118546592 0.05998667982
680 0.9838310911 0.1142553594 0.05215029937
681 0.9838310911 0.1101337349 0.05065876584
682 0.9838310911 0.1189365315 0.05823627152
683 0.9838310911 0.121830689 0.05844972492
684 0.9838310911 0.1075410677 0.05401653229
685 0.9838310911 0.1134195243 0.05801476918
686 0.9838310911 0.14184246 0.06931728991
687 0.9838310911 0.1085639288 0.047980799
688 0.9838310911 0.1214514151 0.05105944815
689 0.9838310911 0.1283377555 0.0583146492
690 0.9838310911 0.1226292983 0.06056868213
691 0.9838310911 0.1004627784 0.05971022658
692 0.9838310911 0.09174988089 0.05071390081
693 0.9838310911 0.1011193955 0.05331461038
694 0.9838310911 0.09539111373 0.05019218283
695 0.9838310911 0.1057928759 0.05200401103
696 0.9838310911 0.09844691473 0.05474479201
697 0.9838310911 0.09848791289 0.05958910867
698 0.9887257056 0.09258568902 0.05734023064
699 0.9887257056 0.1049102593 0.06133594424
700 0.9887257056 0.09412961081 0.05733989557
701 0.9887257056 0.07107323713 0.04106325113
702 0.9887257056 0.09581083885 0.05048873401
703 0.9887257056 0.1140751372 0.05577024505
704 0.9887257056 0.109327186 0.05763870878
705 0.9887257056 0.1084072159 0.05492197861
706 0.9887257056 0.1272343491 0.07068742855
707 0.9887257056 0.0898391049 0.04976473685
708 0.9887257056 0.1005886708 0.0492477864
709 0.9887257056 0.1121917048 0.05844306954
710 0.9887257056 0.1116339005 0.05269135295
711 0.9887257056 0.09315348968 0.05042871942
712 0.9887257056 0.1018508037 0.04715670208
713 0.9887257056 0.1037452888 0.04866874175
714 0.9887257056 0.1116407409 0.05855798576
715 0.9887257056 0.112453057 0.05821349478
716 0.9887257056 0.09943682363 0.04409483843
717 0.9887257056 0.09866013381 0.04852808667
718 0.9887257056 0.1070930739 0.05034231726
719 0.9887257056 0.1156280161 0.05656181383
720 0.9887257056 0.11878174 0.06647904481
721 0.9887257056 0.1014468342 0.05117188044
722 0.9887257056 0.1118374119 0.05363647663
723 0.9887257056 0.09897115476 0.0530248368
724 0.9887257056 0.07729010424 0.04073573554
725 0.9887257056 0.09440167718 0.05597428857
726 0.9887257056 0.08423936163 0.05050669065
727 0.9887257056 0.1031580941 0.05199925803
728 0.9887257056 0.1087119059 0.04731897065
729 0.9887257056 0.1114262475 0.05208297984
730 0.9887257056 0.09661419515 0.04678582629
731 0.9887257056 0.111292444 0.05726695055
732 0.9887257056 0.1041294761 0.05721283595
733 0.9887257056 0.1151604803 0.05333637237
734 0.9887257056 0.09536513 0.04447631211
735 0.9887257056 0.1130424517 0.06096865486
736 0.9887257056 0.1226174464 0.06828819314
737 0.9887257056 0.1329827215 0.07032988655
738 0.9887257056 0.1282105104 0.06591657305
739 0.9887257056 0.1054170566 0.06350569769
740 0.9887257056 0.1101504145 0.05082337098
741 0.9887257056 0.1023166881 0.04695878682
742 0.9887257056 0.1144306671 0.04967812008
743 0.9887257056 0.1028079509 0.05107851317
744 0.9887257056 0.116326869 0.0550992248
745 0.9887257056 0.1379360497 0.06145378836
746 0.9887257056 0.1163293065 0.06297705602
747 0.9887257056 0.1312783433 0.05889485381
748 0.9887257056 0.1163520571 0.0567418733
749 0.9887257056 0.09707486778 0.05294407898
750 0.9887257056 0.1182910531 0.06523206262
751 0.9887257056 0.1024577397 0.05191757303
752 0.9887257056 0.09809616633 0.05229029388
753 0.9887257056 0.09010703328 0.04651300584
754 0.9887257056 0.06937451492 0.04125045271
755 0.9887257056 0.09546636212 0.0466032832
756 0.9887257056 0.1127453454 0.05843107793
757 0.9887257056 0.1324714538 0.06467832545
758 0.9887257056 0.1107586882 0.05766872241
759 0.9887257056 0.1175625371 0.06156033312
760 0.9887257056 0.1422473075 0.06776498515
761 0.9887257056 0.1004898448 0.05310003764
762 0.9887257056 0.1051266913 0.05045831993
763 0.9887257056 0.1303372461 0.05568142477
764 0.9887257056 0.1351937562 0.05692365295
765 0.9887257056 0.1250561817 0.05252865034
766 0.9887257056 0.1535662407 0.06704927687
767 0.9887257056 0.128546835 0.0464019213
768 0.9887257056 0.1083465838 0.0510449868
769 0.9887257056 0.1079489867 0.04520013452
770 0.9887257056 0.1095315009 0.05063050293
771 0.9887257056 0.1134887539 0.05925393854
772 0.9887257056 0.1241031637 0.05417959727
773 0.9887257056 0.1290326967 0.06800608178
774 0.9887257056 0.132691377 0.06639071088
775 0.9887257056 0.1433313034 0.05524454055
776 0.9887257056 0.1307297554 0.06249193507
777 0.9887257056 0.1364513504 0.06583309166
778 0.9887257056 0.1378576141 0.06449306176
779 0.9887257056 0.1144785555 0.05830526621
780 0.9887257056 0.1091186002 0.05448365627
781 0.9887257056 0.1272748854 0.06290935871
782 0.9887257056 0.1234138996 0.05775169142
783 0.9887257056 0.1221179638 0.05778903666
784 0.9887257056 0.1060241312 0.05183196568
785 0.9887257056 0.110235168 0.05100375242
786 0.9887257056 0.1055291081 0.05230790908
787 0.9887257056 0.1079072883 0.05415697118
788 0.9887257056 0.1325656471 0.05912487776
789 0.9887257056 0.125152867 0.05318538676
790 0.9887257056 0.1301800258 0.05533582885
791 0.9887257056 0.1199579069 0.0569271783
792 0.9887257056 0.1417736458 0.06482210401
793 0.9887257056 0.1020732574 0.04586246273
794 0.9887257056 0.09202750477 0.04711223359
795 0.9887257056 0.09752113671 0.04667071923
796 0.9887257056 0.08624376829 0.04511034558
797 0.9887257056 0.1005667089 0.04888418105
798 0.9887257056 0.1075712946 0.05680218832
799 0.9887257056 0.09814694564 0.05121229801
800 0.9887257056 0.07288579203 0.04489043426
801 0.9887257056 0.09571049555 0.04918185793
802 0.9887257056 0.08124573862 0.04394102111
803 0.9887257056 0.1028530957 0.05142022753
804 0.9887257056 0.1239869627 0.06026007582
805 0.9889921005 0.1492726808 0.07170079865
806 0.9889921005 0.1419308849 0.06567430288
807 0.9889921005 0.1568108414 0.07308969432
808 0.9889921005 0.1368462639 0.05378510175
809 0.9889921005 0.1395699913 0.05935173075
810 0.9889921005 0.1367471615 0.05978347723
811 0.9889921005 0.1610480168 0.06788139427
812 0.9889921005 0.160608715 0.06983954576
813 0.9889921005 0.1540148916 0.06663586338
814 0.9889921005 0.142851116 0.05513193045
815 0.9889921005 0.1311078024 0.05151686472
816 0.9889921005 0.1152627778 0.04825494415
817 0.9889921005 0.1445944488 0.06418578976
818 0.9889921005 0.1461678195 0.06791497571
819 0.9889921005 0.1278461316 0.0571646948
820 0.9889921005 0.1133625978 0.05205831332
821 0.9889921005 0.1399950251 0.05231705142
822 0.9889921005 0.1570332195 0.06744680475
823 0.9894315426 0.1527277784 0.07132457999
824 0.9894315426 0.1418277216 0.05995304767
825 0.9894315426 0.1575873855 0.06107572321
826 0.9894315426 0.1477174067 0.05938537812
827 0.9894315426 0.1499461067 0.06023919387
828 0.9894315426 0.1158712325 0.05467041722
829 0.9918857659 0.1323490317 0.06707735393
830 0.9918857659 0.144929247 0.06629057719
831 0.9918857659 0.1376852288 0.05510420594
832 0.9918857659 0.1306575388 0.05140983786
833 0.9918857659 0.123927694 0.05493029343
834 0.9918857659 0.1056978305 0.04774933362
835 0.9918857659 0.1084950973 0.05057492298
836 0.9918857659 0.1018248585 0.04692797345
837 0.9918857659 0.1139902003 0.05450040553
838 0.9918857659 0.1206045639 0.06219547798
839 0.9918857659 0.1059766772 0.04979421041
840 0.9918857659 0.1021162997 0.04942294767
841 0.9918857659 0.1200444556 0.05695301877
842 0.9918857659 0.130253963 0.06003272618
843 0.9918857659 0.1119150512 0.05722470256
844 0.9918857659 0.1132323161 0.05710780629
845 0.9918857659 0.1209690378 0.07097384296
846 0.9918857659 0.1002078418 0.0511991917
847 0.9918857659 0.0980163985 0.04639673631
848 0.9918857659 0.1104038959 0.05870390157
849 0.9918857659 0.1048346567 0.0470235212
850 0.9918857659 0.09671002323 0.04450681736
851 0.9918857659 0.1094138531 0.05398382554
852 0.9918857659 0.1197225712 0.05787249091
853 0.9918857659 0.1158851125 0.05404755396
854 0.9918857659 0.1160479586 0.06537249549
855 0.9918857659 0.1228370647 0.06598231157
856 0.9918857659 0.1265022449 0.06063517449
857 0.9918857659 0.1035102954 0.0507824122
858 0.9918857659 0.1074194403 0.05983459555
859 0.9918857659 0.1096209048 0.05754633675
860 0.9918857659 0.1032229767 0.05419202956
861 0.9918857659 0.1079920308 0.05313093311
862 0.9918857659 0.103067728 0.05194193489
863 0.9918857659 0.126639283 0.06047730685
864 0.9918857659 0.134196907 0.06333259594
865 0.9918857659 0.1127767256 0.05394876007
866 0.9918857659 0.1185654727 0.06370319575
867 0.9918857659 0.1309339198 0.06048506867
868 0.9918857659 0.1230220287 0.05548910607
869 0.9918857659 0.09903039172 0.05550258289
870 0.9918857659 0.09569275138 0.04823918434
871 0.9918857659 0.08460515082 0.04260521568
872 0.9918857659 0.09929374189 0.04541445609
873 0.9918857659 0.0945452784 0.04293760643
874 0.9918857659 0.09608712158 0.04818423158
875 0.9940053266 0.108011192 0.05767710924
876 0.9940053266 0.1270412586 0.06056059219
877 0.9940053266 0.1531613646 0.07044845712
878 0.9940053266 0.1313568313 0.05402276011
879 0.9940053266 0.0987591723 0.04797776498
880 0.9940053266 0.1118640564 0.0574327812
881 0.9940053266 0.1216708605 0.06503728201
882 0.9954680108 0.1267134717 0.06375354547
883 0.9954680108 0.1164179501 0.05391613622
884 0.9954680108 0.1014382897 0.05371381257
885 0.9954680108 0.09615534103 0.05458716403
886 0.9954680108 0.121517671 0.06516902192
887 0.9954680108 0.1316902691 0.06548945432
888 0.9954680108 0.114618339 0.05385808082
889 0.9966485742 0.1280408314 0.07388704442
890 0.9966485742 0.09981713109 0.05242970435
891 0.9966485742 0.107753752 0.06669973073
892 0.9966485742 0.0910410836 0.05119503613
893 0.9966485742 0.09795097252 0.05020819063
894 0.9966485742 0.1199144155 0.05540418061
895 0.9966485742 0.1391108851 0.06475917825
896 0.9966485742 0.1107762523 0.06351649293
897 0.9966485742 0.1157023304 0.05306121259
898 0.9966485742 0.1074078264 0.05459345098
899 0.9966485742 0.09425051491 0.05406373298
900 0.9966485742 0.09411848954 0.05919736273
901 0.9966485742 0.1169395602 0.06573423594
902 0.9966485742 0.1090936055 0.05971717177
903 0.9992419258 0.09049451137 0.05582910362
904 0.9992419258 0.1026692079 0.06213340925
905 0.9992419258 0.1000052696 0.0666070491
906 0.9992419258 0.1207092442 0.06735867039
907 0.9992419258 0.1085354349 0.0609699443
908 0.9992419258 0.1000676582 0.05269172439
909 0.9992419258 0.08786390702 0.05475940274
910 0.9992419258 0.1008745095 0.05264962803
911 0.9992419258 0.09289514756 0.05179808958
912 0.9992419258 0.1045814139 0.05998091841
913 0.9992419258 0.07655906642 0.04868758141
914 0.9992419258 0.08864380112 0.05739190253
915 0.9992419258 0.08412574929 0.05012019851
916 0.9992419258 0.09209573689 0.05504011565
917 0.9992419258 0.1162155011 0.06286015627
918 0.9992419258 0.1226311179 0.0688503777
919 0.9992419258 0.1094235879 0.0542753319
920 0.9992419258 0.1091942394 0.05848572244
921 0.9992419258 0.1014602644 0.05309740026
922 0.9992419258 0.1144789876 0.06156110784
923 0.9992419258 0.08468772384 0.04404995883
924 0.9992419258 0.1038522733 0.05961200715
925 0.9992419258 0.1189471804 0.071373749
926 0.9992419258 0.09471756455 0.05793017725
927 0.9992419258 0.11759275 0.0600610126
928 0.9992419258 0.1097977364 0.05505827016
929 0.9992419258 0.107480812 0.05626634505
930 0.9992419258 0.143288214 0.06506445051
931 0.9992419258 0.09921742005 0.0531213353
932 0.9992419258 0.1218969977 0.06940903099
933 0.9992419258 0.1091448478 0.0610160966
934 0.9992419258 0.0964801765 0.05132824852
935 0.9992419258 0.1239050723 0.06608544001
936 0.9992419258 0.09424097233 0.04700493175
937 0.9992419258 0.1027023701 0.05852514905
938 0.9992419258 0.1110645718 0.0609135635
939 0.9992419258 0.09903696799 0.05817113855
940 0.9992419258 0.1116208857 0.06378840374
941 0.9992419258 0.1108442032 0.05429179019
942 0.9992419258 0.0975373447 0.05341042701
943 0.9992419258 0.08995166385 0.04750025928
944 0.9992419258 0.1116115133 0.05855078617
945 0.9992419258 0.09731837732 0.05804563668
946 0.9992419258 0.08611272995 0.0443969226
947 0.9992419258 0.1162435639 0.06086999161
948 0.9992419258 0.1075998189 0.0589358404
949 0.9992419258 0.1022716579 0.0598175666
950 0.9992419258 0.0834504635 0.04947667624
951 0.9992419258 0.09512345537 0.05002002613
952 0.9992419258 0.09296042412 0.05302027464
953 0.9997420089 0.09229917456 0.05701440983
954 0.9997420089 0.09687313755 0.05199303759
955 0.9997420089 0.08408621134 0.04612999686
956 0.9997420089 0.09376338417 0.05095397149
957 0.9997420089 0.1105456074 0.06418098493
958 0.9997420089 0.1059730731 0.06508422351
959 0.9997420089 0.1103035812 0.06436668991
960 0.9997420089 0.09753033026 0.05433938316
961 0.9997420089 0.09001285129 0.05278012986
962 0.9997420089 0.0643375214 0.04007202907
963 0.9997420089 0.07891574187 0.0530415329
964 0.9997420089 0.08306955944 0.05175119436
965 0.9997420089 0.07727134642 0.04502072452
966 0.9997420089 0.09445113825 0.05799060475
967 0.9997420089 0.08397869886 0.04591845382
968 0.9997420089 0.08221912222 0.04717973397
969 0.9997420089 0.09658872403 0.05215974479
970 0.9997420089 0.1019229342 0.05993675538
971 0.9997420089 0.1045593103 0.06187411848
972 0.9997420089 0.1057084471 0.0627405284
973 0.9997420089 0.09713498504 0.05993484578
974 0.9997420089 0.09811360581 0.0619291718
975 0.9997420089 0.09342625067 0.05454633763
976 0.9997420089 0.0996696634 0.05905737642
977 0.9997420089 0.08633186406 0.05468313983
978 0.9997420089 0.09694077933 0.05765305221
979 0.9997420089 0.1148913403 0.06795453244
980 0.9997420089 0.1079127129 0.06291108116
981 0.9997420089 0.1076795928 0.06473463945
982 0.9997420089 0.111650825 0.07253677624
983 0.9997420089 0.09735632725 0.06271592953
984 0.9997420089 0.09472079356 0.05705852034
985 0.9997420089 0.1091649878 0.06136415958
986 0.9997420089 0.09964204205 0.0554021194
987 0.9997420089 0.1134419933 0.05679707092
988 0.9997420089 0.0918448038 0.04996193019
989 0.9997420089 0.1053003492 0.05271845368
990 0.9997420089 0.1293406478 0.06434076236
991 0.9997420089 0.09675787479 0.05209086739
992 0.9997420089 0.1071365533 0.05166775973
993 0.9997420089 0.114421867 0.06338920386
994 0.9997420089 0.1137970275 0.06229459487
995 0.9997420089 0.1085076757 0.05626802677
996 0.9997420089 0.1031599724 0.05509411289
997 0.9997420089 0.1041997672 0.06085208602
998 0.9997420089 0.1003809325 0.05253738494
999 0.9997420089 0.1102425435 0.05695841459
1000 0.9997420089 0.1135352234 0.0608548509
1001 0.9997420089 0.1186723333 0.06828592624
1002 0.9997420089 0.1181957462 0.05113122019
1003 0.9997420089 0.09961244257 0.04985036071
1004 0.9997420089 0.09642791564 0.04917878111
1005 0.9997420089 0.1204361913 0.06307292228
1006 0.9997420089 0.08505955263 0.0469385
1007 0.9997420089 0.09760301976 0.06223602704
1008 0.9997420089 0.1189740895 0.07218956121
1009 0.9997420089 0.1305407294 0.08011601941
1010 0.9997420089 0.1395386819 0.08397041031
1011 0.9997420089 0.1240339272 0.06356335596
1012 0.9997420089 0.1016400934 0.0586345673
1013 0.9997420089 0.1032716826 0.05499105498
1014 0.9997420089 0.1126175365 0.05830281347
1015 0.9997420089 0.1248153879 0.0615977357
1016 0.9997420089 0.1054266878 0.0560847992
1017 0.9997420089 0.1078259345 0.06138741243
1018 0.9997420089 0.09001813602 0.05295184851
1019 0.9997420089 0.08230106724 0.0509173983
1020 0.9997420089 0.1141130483 0.06425025897
1021 0.9997420089 0.1067565672 0.0583498526
1022 0.9997420089 0.1018523487 0.058068423
1023 0.9997420089 0.113895899 0.06384554967
1024 0.9997420089 0.1292261096 0.06117859615
1025 0.9997420089 0.117059821 0.05348109941
1026 0.9997420089 0.1184212452 0.05502883544
1027 0.9997420089 0.1245981292 0.06253984648
1028 0.9997420089 0.1300142958 0.06152281742
1029 0.9997420089 0.1280333865 0.06206858563
1030 0.9997420089 0.1125819661 0.0568693773
1031 0.99980822 0.12065711 0.0640573415
1032 0.99980822 0.1164758695 0.05695451736
1033 0.99980822 0.1140194725 0.05657061257
1034 0.99980822 0.1470590037 0.06070456954
1035 0.99980822 0.1267202043 0.06471723711
1036 0.99980822 0.1088118533 0.05143936408
1037 0.99980822 0.1216312698 0.05468094449
1038 0.99980822 0.117236985 0.05355270618
1039 0.99980822 0.1128548629 0.05885433612
1040 0.99980822 0.1396112297 0.06726900074
1041 0.99980822 0.1320802324 0.06294973031
1042 0.99980822 0.130480636 0.06911860893
1043 0.99980822 0.1171037886 0.05532153191
1044 0.99980822 0.1037005679 0.04885761876
1045 0.99980822 0.0819006202 0.04575147683
1046 0.99980822 0.1134756169 0.05628331415
1047 0.99980822 0.09263310592 0.05306347376
1048 0.99980822 0.09819122524 0.05061646886
1049 0.99980822 0.1061886521 0.05835076283
1050 0.99980822 0.1289915174 0.06749864413
1051 0.99980822 0.1010267486 0.04767168999
1052 0.99980822 0.1139948889 0.05497561204
1053 0.99980822 0.1139272456 0.04719536632
1054 0.99980822 0.09449912712 0.04917690305
1055 0.99980822 0.1084789647 0.04996270539
1056 0.99980822 0.1183748143 0.06525337332
1057 0.99980822 0.1166295611 0.05667086125
1058 0.99980822 0.1204532957 0.05953777513
1059 0.99980822 0.1286296064 0.06307611197
1060 0.9998305656 0.1246565682 0.06438199922
1061 0.9998305656 0.09545479419 0.0481225356
1062 0.9998305656 0.1056028017 0.0518347161
1063 0.9998305656 0.1048181375 0.05753849398
1064 0.9998305656 0.106672595 0.05712534446
1065 0.9998305656 0.105341085 0.05474409308
1066 0.9998305656 0.09270416612 0.05168957758
1067 0.9998305656 0.09675148434 0.05618603422
1068 0.9998305656 0.09690808577 0.05408733516
1069 0.9998305656 0.09763114891 0.0479502509
1070 0.9998305656 0.09369697704 0.05360503525
1071 0.9998305656 0.09181152525 0.05472887885
1072 0.9998305656 0.09854695239 0.05755888251
1073 0.9998305656 0.0885270656 0.0506245616
1074 0.9998305656 0.09926329304 0.05422429882
1075 0.9998305656 0.111931914 0.05659500438
1076 0.9998305656 0.111325617 0.06324111171
1077 0.9998305656 0.1040355647 0.04761619252
1078 0.9998305656 0.09873704181 0.05024903228
1079 0.9998305656 0.110671571 0.06169216249
1080 0.9998305656 0.109633431 0.06267360595
1081 0.9998305656 0.1063232203 0.05289283215
1082 0.9998305656 0.1006699223 0.0502199345
1083 0.9998305656 0.09925008656 0.05120008985
1084 0.9998305656 0.1021763656 0.05093099224
1085 0.9998305656 0.116839316 0.05799152529
1086 0.9998305656 0.1143487965 0.05512140239
1087 0.9998305656 0.09562401872 0.04758431359
1088 0.9998305656 0.1167558168 0.0534347898
1089 0.9998305656 0.1170022563 0.06209662381
1090 0.9998305656 0.1171411341 0.05573841434
1091 0.9998305656 0.1145501741 0.05312086539
1092 0.9998305656 0.1304137721 0.0531532302
1093 0.9998305656 0.1233759906 0.0534654632
1094 0.9998305656 0.1273096669 0.05414041225
1095 0.9998305656 0.1405949164 0.06164689645
1096 0.9998305656 0.171940867 0.07441535029
1097 0.9998305656 0.1503605228 0.06865480557
1098 0.9998305656 0.1380862777 0.0647781676
1099 0.9998305656 0.1198087937 0.06015202948
1100 0.9998305656 0.1241666519 0.05562270468
1101 0.9998305656 0.1097877741 0.05204812811
1102 0.9998305656 0.0932840623 0.04320790027
1103 0.9998305656 0.1145340108 0.06145545673
1104 0.9998305656 0.1213617075 0.05874104268
1105 0.9998305656 0.09355690102 0.04920506011
1106 0.9998305656 0.1146386197 0.05434334147
1107 0.9998305656 0.09440061814 0.04392191403
1108 0.9998305656 0.1102356083 0.05503014182
1109 0.9998305656 0.1108450168 0.05721341757
1110 0.9998305656 0.1189066839 0.06078903845
1111 0.9998305656 0.1138230057 0.05454247774
1112 0.9998305656 0.1041912303 0.0514410407
1113 0.9998305656 0.09894734391 0.04824728748
1114 0.9998305656 0.1264959208 0.0644019738
1115 0.9998305656 0.1174749836 0.05942228943
1116 0.9998305656 0.1456718276 0.07252397006
1117 0.9998305656 0.1398777387 0.05842062003
1118 0.9998305656 0.1050520265 0.05079173722
1119 0.9998305656 0.09440220066 0.04925431591
1120 0.9998305656 0.09117204071 0.05024631477
1121 0.9998305656 0.10765793 0.05520440457
1122 0.9998305656 0.1232908846 0.05717412716
1123 0.9998305656 0.1278505016 0.06569743975
1124 0.9998305656 0.1112556966 0.04804932114
1125 0.9998305656 0.12279017 0.05827847991
1126 0.9998305656 0.1268401736 0.05219299526
1127 0.9998305656 0.1008176681 0.05171880279
1128 0.9998305656 0.1266294215 0.06074865399
1129 0.9998305656 0.1024783147 0.04954921479
1130 0.9998305656 0.1202641055 0.06000245725
1131 0.9998305656 0.1089886216 0.05534765527
1132 0.9998305656 0.1232211182 0.05349041378
1133 0.9998305656 0.1277421685 0.06065455562
1134 0.9998305656 0.1315250386 0.06268979536
1135 0.9998305656 0.1064544698 0.05531863748
1136 0.9998305656 0.111245881 0.05769155766
1137 0.9998305656 0.1071001237 0.05148355557
1138 0.9998305656 0.1012642567 0.05522260104
1139 0.9998305656 0.08510490643 0.04758581167
1140 0.9998305656 0.07368245348 0.0441360914
1141 0.9998305656 0.0836755344 0.04868222814
1142 0.9998305656 0.1110648607 0.05442888058
1143 0.9998305656 0.09862226841 0.05284459804
1144 0.9998305656 0.1006089329 0.06066862823
1145 0.9998305656 0.09992019719 0.05704698546
1146 0.9998305656 0.09734731525 0.05280373356
1147 0.9998305656 0.09904965958 0.05848205674
1148 0.9998305656 0.1032937357 0.05978239734
1149 0.9998305656 0.08312070795 0.04643527783
1150 0.9998305656 0.09146673772 0.04881544491
1151 0.9998305656 0.1058577824 0.04814282065
1152 0.9998305656 0.1153564521 0.05509421132
1153 0.9998305656 0.1079775633 0.05498086128
1154 0.9998305656 0.116313427 0.05789920648
1155 0.9998305656 0.1100753402 0.0592572827
1156 0.9998305656 0.1040607377 0.06147480565
1157 0.9998305656 0.1004976741 0.05321073894
1158 0.9998305656 0.0855253726 0.04450954305
1159 0.9998305656 0.1297539062 0.06546769188
1160 0.9998305656 0.1036968049 0.05286999217
1161 0.9998305656 0.1185535833 0.06109409293
1162 0.9998305656 0.1312634399 0.07036265226
1163 0.9998305656 0.1139055867 0.05289452501
1164 0.9998305656 0.09645793651 0.04906139997
1165 0.9998305656 0.08297991443 0.04413360779
1166 0.9998305656 0.1292990158 0.07432910443
1167 0.9998305656 0.1514541059 0.07339565478
1168 0.9998305656 0.1146461857 0.05495769909
1169 0.9998305656 0.1133170452 0.06192312088
1170 0.9998305656 0.1092663368 0.05933236298
1171 0.9998305656 0.1093387443 0.05625683063
1172 0.9998305656 0.1255610177 0.07046771592
1173 0.9998305656 0.147532083 0.078299231
1174 0.9998305656 0.1374394228 0.0620006461
1175 0.9998305656 0.1146686478 0.05249707662
1176 0.9998305656 0.1211488056 0.05612602449
1177 0.9998305656 0.1330684272 0.06866829603
1178 0.9998305656 0.1345554065 0.06459828916
1179 0.9998305656 0.1111759626 0.05354707046
1180 0.9998305656 0.1314019248 0.06842504108
1181 0.9998305656 0.09563524473 0.05264605142
1182 0.9998305656 0.1094769344 0.04876286546
1183 0.9998305656 0.1227188486 0.05681314027
1184 0.9998305656 0.1124687315 0.05760293418
1185 0.9998305656 0.1055763954 0.05205770795
1186 0.9998305656 0.1086080686 0.05263323752
1187 0.9998305656 0.1032484038 0.04868137178
1188 0.9998305656 0.1075912441 0.05404047734
1189 0.9998305656 0.1108552511 0.05086084818
1190 0.9998305656 0.1218816126 0.05535593946
1191 0.9998305656 0.148354567 0.06937469091
1192 0.9998305656 0.1537724171 0.06708920971
1193 0.9998305656 0.1396027354 0.06850018416
1194 0.9998305656 0.1353385212 0.06292697499
1195 0.9998305656 0.1583906959 0.06995922358
1196 0.9998305656 0.1219839165 0.05495192714
1197 0.9998305656 0.1310751602 0.06364927566
1198 0.9998305656 0.1018618933 0.04947073538
1199 0.9998305656 0.1033352523 0.05108850235
1200 0.9998305656 0.1295367956 0.06867627308
1201 0.9998305656 0.1732265619 0.0758961775
1202 0.9998305656 0.1261656527 0.06102914583
1203 0.9998305656 0.1276411861 0.06593299874
1204 0.9998305656 0.1421589746 0.07255755708
1205 0.9998305656 0.1274732812 0.05636021022
1206 0.9998305656 0.1248457447 0.06098036504
1207 0.9998305656 0.1198374728 0.05529251722
1208 0.9998305656 0.1117000794 0.05972591803
1209 0.9998305656 0.12264003 0.0601359287
1210 0.9998305656 0.1106007061 0.06441145547
1211 0.9998305656 0.08981542376 0.0471942803
1212 0.9998305656 0.08008100762 0.04768077943
1213 0.9998305656 0.09870361565 0.05082438604
1214 0.9998305656 0.1056313928 0.05526721507
1215 0.9998305656 0.1112263237 0.0554527631
1216 0.9998305656 0.1202727462 0.06865185645
1217 0.9998305656 0.124426304 0.06182317286
1218 0.9998305656 0.1226181122 0.05570940177
1219 0.9998305656 0.1416447578 0.0667621762
1220 0.9998305656 0.1347846269 0.06385403966
1221 0.9998305656 0.1285603831 0.05864485023
1222 0.9998305656 0.1547738941 0.06726551541
1223 0.9998305656 0.1395373798 0.05853773866
1224 0.9998305656 0.1267607753 0.05507345328
1225 0.9998305656 0.1231047875 0.0631902103
1226 0.9998305656 0.1163699046 0.06150809877
1227 0.9998305656 0.1287842116 0.05694453876
1228 0.9998305656 0.1152964466 0.05436300637
1229 0.9998305656 0.1353005172 0.06835304601
1230 0.9998305656 0.1154829534 0.05464629059
1231 0.9998305656 0.1464737226 0.06392215057
1232 0.9998305656 0.1309479672 0.05902631019
1233 0.9998305656 0.1230141329 0.05980715558
1234 0.9998305656 0.1232289424 0.05455829974
1235 0.9998305656 0.1226217854 0.0594311787
1236 0.9998305656 0.1110834021 0.05849403013
1237 0.9998305656 0.1060774798 0.05799662981
1238 0.9998305656 0.1284597675 0.06917677758
1239 0.9998305656 0.1378689878 0.07079560891
1240 0.9998305656 0.1238284514 0.06117370417
1241 0.9998305656 0.1194860693 0.05818375718
1242 0.9998305656 0.1078784296 0.05474782383
1243 0.9998305656 0.1060152551 0.05082955471
1244 0.9998305656 0.1025563476 0.05099783707
1245 0.9998305656 0.1138284809 0.05629089916
1246 0.9998305656 0.1151189962 0.05345668451
1247 0.9998305656 0.1057839864 0.05026342397
1248 0.9998305656 0.09918174616 0.04988391905
1249 0.9998305656 0.1249580913 0.0609778866
1250 0.9998305656 0.1062223433 0.05860321307
1251 0.9998305656 0.1024767404 0.05150268609
1252 0.9998305656 0.09436745793 0.04783974592
1253 0.9998305656 0.1232178537 0.06276181708
1254 0.9998305656 0.11129543 0.0553807045
1255 0.9998305656 0.121818284 0.06163066447
1256 0.9998305656 0.1334990056 0.07052107272
1257 0.9998305656 0.1345643396 0.06960218898
1258 0.9998305656 0.1319878339 0.06243555156
1259 0.9998305656 0.1163683058 0.05571358519
1260 0.9998305656 0.1141643444 0.05916546504
1261 0.9998305656 0.08841918358 0.04550294949
1262 0.9998305656 0.1086762428 0.05862265953
1263 0.9998305656 0.1129009996 0.05836192685
1264 0.9998305656 0.1055081841 0.04752824681
1265 0.9998305656 0.09074071468 0.04441765122
1266 0.9998305656 0.1198122878 0.06590804326
1267 0.9998305656 0.1294289155 0.06159552215
1268 0.9998305656 0.1193280188 0.06059657002
1269 0.9998305656 0.1124943658 0.05783851148
1270 0.9998305656 0.1394047424 0.05697907467
1271 0.9998305656 0.1675384258 0.07088394589
1272 0.9998305656 0.1516353044 0.06641236827
1273 0.9998305656 0.1599289243 0.0652846268
1274 0.9998305656 0.131398364 0.06017669545
1275 0.9998305656 0.1478421551 0.06871066722
1276 0.9998305656 0.1470605578 0.06899084319
1277 0.9998305656 0.1273477789 0.05168530824
1278 0.9998305656 0.1133411426 0.04754290593
1279 0.9998305656 0.1135633733 0.0554676465
1280 0.9998305656 0.1360059408 0.06254854092
1281 0.9998305656 0.1401864817 0.06949711916
1282 0.9998305656 0.1264726852 0.0633735932
1283 0.9998305656 0.1224880661 0.06240589534
1284 0.9998305656 0.1313172031 0.06954222283
1285 0.9998305656 0.1324370968 0.06617966476
1286 0.9998305656 0.133347097 0.06819994339
1287 0.9998305656 0.1249930627 0.06077282736
1288 0.9998305656 0.1187084319 0.05969891482
1289 0.9998305656 0.1194894603 0.06264203536
1290 0.9998305656 0.1067867746 0.05069718392
1291 0.9998305656 0.1083911512 0.04734967494
1292 0.9998305656 0.1401379215 0.07058678456
1293 0.9998305656 0.1234196911 0.06167342571
1294 0.9998305656 0.1268536486 0.05742610959
1295 0.9998305656 0.1171148992 0.05553050164
1296 0.9998305656 0.09268807198 0.04339127588
1297 0.9998305656 0.1061215148 0.05135995661
1298 0.9998305656 0.1029572308 0.0551126665
1299 0.9998305656 0.112427015 0.06134099531
1300 0.9998305656 0.1253142183 0.06162973999
1301 0.9998305656 0.09923747199 0.04880045985
1302 0.9998305656 0.1143993953 0.05167202471
1303 0.9998305656 0.1146149188 0.05741652182
1304 0.9998305656 0.1215132823 0.05744711164
1305 0.9998305656 0.1151915419 0.05673369387
1306 0.9998305656 0.1062448982 0.04506780959
1307 0.9998305656 0.1202216237 0.04999453202
1308 0.9998305656 0.104605121 0.04764464952
1309 0.9998305656 0.1125246755 0.04764803596
1310 0.9998305656 0.1217128801 0.05813153687
1311 0.9998305656 0.1310906295 0.05960721374
1312 0.9998305656 0.1530303691 0.06707061944
1313 0.9998305656 0.120668682 0.05554936134
1314 0.9998305656 0.1227469076 0.06144323626
1315 0.9998305656 0.1337992839 0.06795004386
1316 0.9998305656 0.1200523278 0.06522681797
1317 0.9998305656 0.09903608164 0.05796874642
1318 0.9998305656 0.1185441638 0.06648646295
1319 0.9998305656 0.1075893647 0.05763951064
1320 0.9998305656 0.09534619017 0.05484410613
1321 0.9998305656 0.1409178906 0.07053728023
1322 0.9998305656 0.1233539265 0.06313982222
1323 0.9998305656 0.1283749485 0.06277178904
1324 0.9998305656 0.1241839742 0.0591224786
1325 0.9998305656 0.1341669091 0.05457375032
1326 0.9998305656 0.1290495033 0.05732456116
1327 0.9998305656 0.1156341023 0.05590012671
1328 0.9998305656 0.1174000323 0.06092741894
1329 0.9998305656 0.1106373255 0.05315269928
1330 0.9998305656 0.115413712 0.05764606932
1331 0.9998305656 0.09295184524 0.04701616668
1332 0.9998305656 0.1132108928 0.05932477038
1333 0.9998305656 0.1196227932 0.06846246927
1334 0.9998305656 0.1046558096 0.0528015137
1335 0.9998305656 0.0937807147 0.04996497952
1336 0.9998305656 0.1102682066 0.05939584549
1337 0.9998305656 0.1117022364 0.06171392916
1338 0.9998305656 0.09742087022 0.05811145018
1339 0.9998305656 0.111151208 0.06249383004
1340 0.9998305656 0.1042379507 0.04663389091
1341 0.9998305656 0.1074914234 0.05445886011
1342 0.9998305656 0.1009551167 0.05302102951
1343 0.9998305656 0.096456986 0.05348657138
1344 0.9998305656 0.08877943504 0.04932867246
1345 0.9998305656 0.09683422886 0.05082580814
1346 0.9998305656 0.09817283688 0.05968813341
1347 0.9998305656 0.1148687631 0.06506341846
1348 0.9998305656 0.1159781084 0.06174667345
1349 0.9998305656 0.1030333779 0.04895922578
1350 0.9998305656 0.1336259381 0.06821478758
1351 0.9998305656 0.1329790216 0.06404024188
1352 0.9998305656 0.1228523924 0.06314092226
1353 0.9998305656 0.1258527108 0.06383280264
1354 0.9998305656 0.1052041641 0.046761826
1355 0.9998305656 0.1260413835 0.06750397267
1356 0.9998305656 0.08672278761 0.04467055951
1357 0.9998305656 0.1043781515 0.04889785372
1358 0.9998305656 0.09628089396 0.04628996982
1359 0.9998305656 0.1094771924 0.05279138208
1360 0.9998305656 0.09229103443 0.04737596531
1361 0.9998305656 0.1058346218 0.06064186584
1362 0.9998305656 0.1135329728 0.05912243043
1363 0.9998305656 0.131594954 0.07588882882
1364 0.9998305656 0.09395618421 0.05332653747
1365 0.9998305656 0.1169326612 0.06473506341
1366 0.9998305656 0.09684550828 0.05229245068
1367 0.9998305656 0.0859696189 0.04887208109
1368 0.9998305656 0.0927335753 0.05512192406
1369 0.9998305656 0.1002515312 0.05356915366
1370 0.9998305656 0.08634881603 0.05175533644
1371 0.9998305656 0.09049352071 0.05109293503
1372 0.9998305656 0.09396466591 0.05359822082
1373 0.9998305656 0.1125457863 0.06193383251
1374 0.9998305656 0.09898491372 0.04832809366
1375 0.9998305656 0.1200685804 0.06472381623
1376 0.9998305656 0.12720731 0.0636066219
1377 0.9998305656 0.1233626719 0.06541165643
1378 0.9998305656 0.1338891655 0.06106734473
1379 0.9998305656 0.1527003334 0.06402452065
1380 0.9998305656 0.1242440946 0.05749248095
1381 0.9998305656 0.1161235228 0.05330371284
1382 0.9998305656 0.1223213528 0.05723223617
1383 0.9998305656 0.1124904538 0.05305677599
1384 0.9998305656 0.1056337091 0.04877561358
1385 0.9998305656 0.09313870685 0.044829219
1386 0.9998305656 0.1127831424 0.05061234916
1387 0.9998305656 0.130772166 0.05665215708
1388 0.9998305656 0.1047690764 0.05092279309
1389 0.9998305656 0.108890899 0.05679217103
1390 0.9998305656 0.09505379372 0.05378919174
1391 0.9998305656 0.0859963087 0.04419252656
1392 0.9998305656 0.1033276174 0.05234151338
1393 0.9998305656 0.09127983948 0.04456692824
1394 0.9998305656 0.1078032448 0.06160950799
1395 0.9998305656 0.08832644558 0.04871518569
1396 0.9998305656 0.1211117658 0.06500732544
1397 0.9998305656 0.1106146624 0.05182783505
1398 0.9998305656 0.09921386878 0.05055985858
1399 0.9998305656 0.09004301436 0.0448818419
1400 0.9998305656 0.0907247022 0.04518388954
1401 0.9998305656 0.1035894294 0.05499379733
1402 0.9998305656 0.09754015362 0.05404934088
1403 0.9998305656 0.08530304566 0.04966873186
1404 0.9998305656 0.09449568853 0.05106953539
1405 0.9998305656 0.08673049517 0.04816129171
1406 0.9998305656 0.09317253819 0.04782269527
1407 0.9998305656 0.1001928014 0.0607438392
1408 0.9998305656 0.1134096571 0.06206758374
1409 0.9998305656 0.1041996817 0.05532704681
1410 0.9998305656 0.124584268 0.07073877675
1411 0.9998305656 0.1071422513 0.06293526557
1412 0.9998305656 0.1106966267 0.0574508341
1413 0.9998305656 0.08491178486 0.05252490097
1414 0.9998305656 0.09215430935 0.05194263092
1415 0.9998305656 0.0895666004 0.04601535058
1416 0.9998305656 0.0987369027 0.05329242086
1417 0.9998305656 0.08778779736 0.04689162996
1418 0.9998305656 0.09092614332 0.04850858283
1419 0.9998305656 0.1042643916 0.06382600949
1420 0.9998305656 0.0823685301 0.04646289371
1421 0.9998305656 0.09784473518 0.05347184012
1422 0.9998305656 0.1026130522 0.05885452101
1423 0.9998305656 0.1083468281 0.05574385111
1424 0.9998305656 0.08677985678 0.04439648127
1425 0.9998305656 0.0955142489 0.05201539039
1426 0.9998305656 0.07982089893 0.04858498139
1427 0.9998305656 0.07779557576 0.04898973665
1428 0.9998305656 0.09693897998 0.05740084064
1429 0.9998305656 0.09741580959 0.04931269366
1430 0.9998305656 0.08544911809 0.04636822195
1431 0.9998305656 0.0948542098 0.06090039584
1432 0.9998305656 0.09242766515 0.0459107056
1433 0.9998305656 0.09794220399 0.0514072309
1434 0.9998305656 0.08774088707 0.05153518373
1435 0.9998305656 0.08091820047 0.04478207446
1436 0.9998305656 0.09090120143 0.0514954241
1437 0.9998305656 0.09304054272 0.04620927444
1438 0.9998305656 0.09405196304 0.04711543189
1439 0.9998305656 0.0823952366 0.04462582863
1440 0.9998305656 0.1243674207 0.06520126486
1441 0.9998305656 0.09934318308 0.05046990565
1442 0.9998305656 0.1141146506 0.06628767365
1443 0.9998305656 0.1080042525 0.06197068059
1444 0.9998305656 0.1019040199 0.05532197795
1445 0.9998305656 0.1040949126 0.06190836723
1446 0.9998305656 0.1139612068 0.05767810207
1447 0.9998305656 0.09661065735 0.05624493554
1448 0.9998305656 0.111544623 0.06820594334
1449 0.9998305656 0.1027870602 0.05925494609
1450 0.9998305656 0.1036678487 0.06022096857
1451 0.9998305656 0.1009696242 0.05627655453
1452 0.9998305656 0.138565954 0.06982879567
1453 0.9998305656 0.1003849969 0.0527902722
1454 0.9998305656 0.09986675014 0.05310461949
1455 0.9998305656 0.09012956254 0.0485067588
1456 0.9998305656 0.08389906147 0.05569775943
1457 0.9998305656 0.09960290543 0.05636663733
1458 0.9998305656 0.09342375658 0.05235893007
1459 0.9998305656 0.0930783177 0.05389839661
1460 0.9998305656 0.08446620079 0.05126966383
1461 0.9998305656 0.10110562 0.05884869919
1462 0.9998305656 0.09369846172 0.05812543577
1463 0.9998305656 0.09777449002 0.0558419276
1464 0.9998305656 0.09386686959 0.05944833422
1465 0.9998305656 0.09234667808 0.06296258953
1466 0.9998305656 0.09021537862 0.0538471247
1467 0.9998305656 0.1039791071 0.05793674513
1468 0.9998305656 0.1161185179 0.05947183482
1469 0.9998305656 0.1149002569 0.05649240011
1470 0.9998305656 0.1324449108 0.06967758513
1471 0.9998305656 0.1110612578 0.05510701338
1472 0.9998305656 0.09006980889 0.04659756762
1473 0.9998305656 0.08533351301 0.04793978122
1474 0.9998305656 0.09922421909 0.0561168165
1475 0.9998305656 0.1204223038 0.06348797336
1476 0.9998305656 0.09814390506 0.0498035916
1477 0.9998305656 0.09859934644 0.05764074989
1478 0.9998305656 0.0871391013 0.05413490925
1479 0.9998305656 0.08345142581 0.04745864533
1480 0.9998305656 0.1045391688 0.0572618361
1481 0.9998305656 0.124979427 0.06699390171
1482 0.9998305656 0.09472374696 0.05220831121
1483 0.9998305656 0.08892409554 0.04951464858
1484 0.9998305656 0.1029346998 0.05691990812
1485 0.9998305656 0.1162870256 0.05889237303
1486 0.9998305656 0.09866743424 0.05538683534
1487 0.9998305656 0.1039713282 0.06124920933
1488 0.9998305656 0.1070997463 0.06736490841
1489 0.9998305656 0.09051457942 0.05702023347
1490 0.9998305656 0.08855014714 0.04719676128
1491 0.9998305656 0.08740135775 0.04872422637
1492 0.9998305656 0.1075206573 0.05760157264
1493 0.9998305656 0.1046687261 0.05707113612
1494 0.9998305656 0.09471560973 0.0465854493
1495 0.9998305656 0.09337890203 0.05085942151
1496 0.9998305656 0.1171576528 0.06194178414
1497 0.9998305656 0.08291324475 0.05201992031
1498 0.9998305656 0.08325722192 0.04893459579
1499 0.9998305656 0.09095668414 0.0520344428
1500 0.9998305656 0.09051747949 0.05230130903
1501 0.9998305656 0.09836022165 0.05887637368
1502 0.9998305656 0.1191085998 0.07386843628
1503 0.9998305656 0.1181732582 0.069223586
1504 0.9998305656 0.1220956054 0.07493685791
1505 0.9998305656 0.1312418116 0.06868586449
1506 0.9998305656 0.146400493 0.07038223064
1507 0.9998305656 0.1353457414 0.06744802788
1508 0.9998305656 0.1454931249 0.06585445243
1509 0.9998305656 0.1118811212 0.04930421225
1510 0.9998305656 0.1328713212 0.05873011275
1511 0.9998305656 0.121114273 0.05173224552
1512 0.9998305656 0.1354020931 0.06762899056
1513 0.9998305656 0.1415834628 0.06787522243
1514 0.9998305656 0.129131225 0.06257641882
1515 0.9998305656 0.1076833831 0.04810003289
1516 0.9998305656 0.115065702 0.05198981238
1517 0.9998305656 0.1367653623 0.06872947632
1518 0.9998305656 0.1279411137 0.06045343817
1519 0.9998305656 0.1509605839 0.06575514709
1520 0.9998305656 0.1373663266 0.05821780326
1521 0.9998305656 0.1439195074 0.05780945508
1522 0.9998305656 0.1396847303 0.06431783265
1523 0.9998305656 0.1399398332 0.06894892906
1524 0.9998305656 0.1151674657 0.04790581403
1525 0.9998305656 0.1210393563 0.05622107483
1526 0.9998305656 0.1278405469 0.05787800144
1527 0.9998305656 0.1263870342 0.05886817909
1528 0.9998305656 0.1344381845 0.0628566121
1529 0.9998305656 0.1117088558 0.05275709557
1530 0.9998305656 0.1005536112 0.0565766933
1531 0.9998305656 0.1122594777 0.06198722191
1532 0.9998305656 0.1386617484 0.07780152623
1533 0.9998305656 0.1265769688 0.06923055471
1534 0.9998305656 0.1243370423 0.06876404273
1535 0.9998305656 0.113981801 0.0531959511
1536 0.9998305656 0.1060837987 0.04980391626
1537 0.9998305656 0.1056899691 0.04418721672
1538 0.9998305656 0.1217280929 0.05805402401
1539 0.9998305656 0.120314615 0.05663894852
1540 0.9998305656 0.11994416 0.05991386205
1541 0.9998305656 0.118978418 0.05531139492
1542 0.9998305656 0.1026827617 0.04987823128
1543 0.9998305656 0.1094095353 0.04960882798
1544 0.9998305656 0.1220561441 0.05694956467
1545 0.9998305656 0.1026269318 0.0581260309
1546 0.9998305656 0.09774445163 0.05297169211
1547 0.9998305656 0.1104260194 0.05909907198
1548 0.9998305656 0.1398575236 0.07365539858
1549 0.9998305656 0.1100848506 0.05607520899
1550 0.9998305656 0.1195885741 0.06055825017
1551 0.9998305656 0.1106881032 0.05236056566
1552 0.9998305656 0.1256970088 0.059103586
1553 0.9998305656 0.1143584687 0.05693937879
1554 0.9998305656 0.1586827264 0.07827454824
1555 0.9998305656 0.1556212375 0.06937880317
1556 0.9998305656 0.1216770041 0.05485009684
1557 0.9998305656 0.1223672112 0.06046953946
1558 0.9998305656 0.1194055035 0.06396254993
1559 0.9998305656 0.1163074953 0.05343624694
1560 0.9998305656 0.1088666277 0.05371925534
1561 0.9998305656 0.1174755057 0.05772221845
1562 0.9998305656 0.1233682552 0.05056017806
1563 0.9998305656 0.10527754 0.04520121987
1564 0.9998305656 0.1328591085 0.05753386605
1565 0.9998305656 0.1246204922 0.06250889045
1566 0.9998305656 0.1332518761 0.05979642447
1567 0.9998305656 0.1108919761 0.0523563652
1568 0.9998305656 0.1106311761 0.05587047777
1569 0.9998305656 0.09774344062 0.05179339724
1570 0.9998305656 0.113661324 0.05796708731
1571 0.9998305656 0.1024391591 0.05392436364
1572 0.9998305656 0.1035656813 0.05329305286
1573 0.9998305656 0.1056059022 0.05346018441
1574 0.9998305656 0.1196144068 0.06422984968
1575 0.9998305656 0.1304975289 0.06955969866
1576 0.9998305656 0.1123716787 0.05643873924
1577 0.9998305656 0.1059424353 0.05247391847
1578 0.9998305656 0.1352204802 0.066371663
1579 0.9998305656 0.1177918927 0.05535573438
1580 0.9998305656 0.1301374805 0.06085070891
1581 0.9998305656 0.1335572128 0.06206237525
1582 0.9998305656 0.1279469356 0.05848841455
1583 0.9998305656 0.1143492822 0.05192425765
1584 0.9998305656 0.1163688394 0.04975814381
1585 0.9998305656 0.1136092952 0.05743775361
1586 0.9998305656 0.1286518672 0.05950183009
1587 0.9998305656 0.1497749975 0.06558909881
1588 0.9998305656 0.129594135 0.05382823875
1589 0.9998305656 0.1281045747 0.05569003937
1590 0.9998305656 0.1157939186 0.05807112756
1591 0.9998305656 0.115055873 0.05869590191
1592 0.9998326471 0.1259793881 0.05991316933
1593 0.9998326471 0.1330501509 0.06902804053
1594 0.9998326471 0.1510185724 0.0737137939
1595 0.9998326471 0.1460574336 0.06209250336
1596 0.9998326471 0.1316513242 0.06180776302
1597 0.9998326471 0.1311537103 0.05991313762
1598 0.9998326471 0.1274197682 0.05701174892
1599 0.9998326471 0.1309121265 0.06326289434
1600 0.9998326471 0.1194800996 0.0639063503
1601 0.9998326471 0.08798898575 0.05165788648
1602 0.9998326471 0.1036582806 0.05264720237
1603 0.9998326471 0.1115691536 0.0480015226
1604 0.9998326471 0.1108173335 0.04995610433
1605 0.9998326471 0.09832117572 0.05232774639
1606 0.9998326471 0.09850526885 0.04750839802
1607 0.9998326471 0.1300617769 0.06378552456
1608 0.9998326471 0.1087207099 0.04718726822
1609 0.9998326471 0.09426484068 0.04690053861
1610 0.9998326471 0.1128345441 0.05169384556
1611 0.9998326471 0.1198042568 0.06049215423
1612 0.9998326471 0.1128693992 0.05498135976
1613 0.9998326471 0.1033985068 0.0493725059
1614 0.9998326471 0.09958962103 0.0462101157
1615 0.9998326471 0.1203550265 0.05920300852
1616 0.9998326471 0.139213631 0.07000458161
1617 0.9998326471 0.1231494192 0.05929041152
1618 0.9998326471 0.1156377127 0.05558159966
1619 0.9998326471 0.1168536375 0.05997412873
1620 0.9998326471 0.1235116361 0.06346898974
1621 0.9998326471 0.1507122177 0.0744341776
1622 0.9998326471 0.1318598567 0.06137785674
1623 0.9998326471 0.1334071267 0.06504057136
1624 0.9998326471 0.1254389658 0.05493634221
1625 0.9998326471 0.1213048945 0.05238445194
1626 0.9998326471 0.1351170486 0.06486977323
1627 0.9998326471 0.1113988973 0.04979732994
1628 0.9998326471 0.1163876229 0.04991335429
1629 0.9998326471 0.1225448286 0.05154121292
1630 0.9998326471 0.1496022993 0.0694171279
1631 0.9998326471 0.1318814558 0.06573235687
1632 0.9998326471 0.1171493473 0.05813098014
1633 0.9998326471 0.1228002418 0.06177082236
1634 0.9998326471 0.103620639 0.0576828345
1635 0.9998326471 0.1150074373 0.06032139086
1636 0.9998326471 0.1431864057 0.06666602321
1637 0.9998326471 0.1142213867 0.05856305452
1638 0.9998326471 0.1323364495 0.07640379673
1639 0.9998326471 0.1258227468 0.06895083358
1640 0.9998326471 0.1274022643 0.06764772822
1641 0.9998326471 0.1357657881 0.06965106407
1642 0.9998326471 0.1166387514 0.05867476511
1643 0.9998326471 0.1273917908 0.06886274352
1644 0.9998326471 0.1116428384 0.05405460752
1645 0.9998326471 0.1262659578 0.06117470317
1646 0.9998326471 0.1312876072 0.06802570719
1647 0.9998326471 0.1170768832 0.06118245859
1648 0.9998326471 0.1135863708 0.05625652758
1649 0.9998326471 0.1166451496 0.05918781146
1650 0.9998326471 0.1267811405 0.06365834654
1651 0.9998326471 0.09010694253 0.04920449039
1652 0.9998326471 0.09892908865 0.05740004247
1653 0.9998326471 0.1080376932 0.05573515664
1654 0.9998326471 0.09295191813 0.05157001853
1655 0.9998326471 0.1029762543 0.0527155396
1656 0.9998326471 0.08776882321 0.0521656458
1657 0.9998326471 0.08189529701 0.04637264271
1658 0.9998326471 0.09675740895 0.05824194218
1659 0.9998326471 0.1066231737 0.06174001911
1660 0.9998326471 0.1236173502 0.07185697197
1661 0.9998326471 0.1157112663 0.0587273637
1662 0.9998326471 0.1052160146 0.05188011817
1663 0.9998326471 0.1131750299 0.05382884313
1664 0.9998326471 0.09927284689 0.05493489154
1665 0.9998326471 0.1188644504 0.06234586214
1666 0.9998326471 0.1091921458 0.06358544494
1667 0.9998326471 0.105821382 0.05259321797
1668 0.9998326471 0.1162410261 0.06177448368
1669 0.9998326471 0.1134239976 0.05453902037
1670 0.9998326471 0.08912574882 0.04605268724
1671 0.9998326471 0.08715531513 0.0502277673
1672 0.9998326471 0.1162612554 0.06131341513
1673 0.9998326471 0.1208362189 0.05306093504
1674 0.9998326471 0.1193988848 0.06291831214
1675 0.9998326471 0.1166406021 0.05808740343
1676 0.9998326471 0.125356299 0.05866013856
1677 0.9998326471 0.1307138185 0.05954554717
1678 0.9998326471 0.1371029952 0.06467039918
1679 0.9998326471 0.125995002 0.0557042091
1680 0.9998326471 0.1323124838 0.06548323177
1681 0.9998326471 0.1350894881 0.05879920377
1682 0.9998326471 0.1281219944 0.06326151864
1683 0.9998326471 0.1103897081 0.05177293963
1684 0.9998326471 0.159287569 0.07534053231
1685 0.9998326471 0.165384714 0.08041210623
1686 0.9998326471 0.1320321183 0.06263712678
1687 0.9998326471 0.1332846696 0.06983196634
1688 0.9998326471 0.1418663784 0.07267903462
1689 0.9998326471 0.1007886084 0.05616245318
1690 0.9998326471 0.1007621947 0.05004694707
1691 0.9998326471 0.1202659741 0.05882004726
1692 0.9998326471 0.1167317405 0.05157567178
1693 0.9998326471 0.1287047973 0.06670128466
1694 0.999846355 0.131751532 0.06958555904
1695 0.999846355 0.1240424893 0.06052723962
1696 0.999846355 0.1266319897 0.0558501683
1697 0.999846355 0.1093484151 0.05245293487
1698 0.999846355 0.1329866811 0.0643695536
1699 0.999846355 0.08930273586 0.04835814288
1700 0.999846355 0.107450248 0.05894821351
1701 0.999846355 0.1321003765 0.06336859706
1702 0.999846355 0.1247702633 0.05008560795
1703 0.999846355 0.1310296905 0.05753354681
1704 0.999846355 0.1172661882 0.05405966455
1705 0.999846355 0.1225706347 0.05659023887
1706 0.999846355 0.1424262311 0.05951635797
1707 0.999846355 0.1113248627 0.05865590925
1708 0.999846355 0.1261889958 0.06169224233
1709 0.999846355 0.09892820057 0.051363491
1710 0.999846355 0.1139036329 0.06027953612
1711 0.999846355 0.09623832819 0.05051395176
1712 0.999846355 0.1050842117 0.05464873162
1713 0.999846355 0.1097646786 0.05449778897
1714 0.999846355 0.1078581167 0.05890221323
1715 0.999846355 0.106853315 0.05040929839
1716 0.999846355 0.1155911809 0.05600234238
1717 0.999846355 0.1379531921 0.06501989534
1718 0.999846355 0.1408713261 0.06432611743
1719 0.999846355 0.1044729004 0.05237634209
1720 0.999846355 0.1074208895 0.054438898
1721 0.999846355 0.1219863148 0.05932898373
1722 0.9998716885 0.1345905582 0.0724585615
1723 0.9998716885 0.1328470971 0.06229344608
1724 0.9998716885 0.0996108357 0.04571893067
1725 0.9998716885 0.1169415447 0.05946073013
1726 0.9998716885 0.1177066199 0.05943147737
1727 0.9998716885 0.1218476888 0.05981084195
1728 0.9998716885 0.1129745604 0.0557199005
1729 0.9998716885 0.1212342673 0.05638339818
1730 0.9998716885 0.1364217411 0.06133931529
1731 0.9998716885 0.1566426436 0.07743100673
1732 0.9998716885 0.1187012743 0.05778321447
1733 0.9998716885 0.1141282586 0.05548258482
1734 0.9998716885 0.1214083474 0.06649709661
1735 0.9998716885 0.1224662562 0.06127479627
1736 0.9998716885 0.1178432346 0.05825309188
1737 0.9998716885 0.1245323383 0.06701199878
1738 0.9998716885 0.1206622142 0.05233236788
1739 0.9998716885 0.1042780691 0.04787078797
1740 0.9998716885 0.1068131692 0.06005045031
1741 0.9998716885 0.1221950269 0.06369314962
1742 0.9998716885 0.1386485402 0.06273724577
1743 0.9998716885 0.1259419465 0.05822493763
1744 0.9998716885 0.1381876117 0.07397826935
1745 0.9998716885 0.1271220176 0.07398949943
1746 0.9998716885 0.09154138695 0.05127991576
1747 0.9998716885 0.1025546102 0.05714341353
1748 0.9998716885 0.1125341673 0.06408014863
1749 0.9998716885 0.1138309208 0.05224839121
1750 0.9998716885 0.08591446765 0.05103553343
1751 0.9998716885 0.09807228779 0.04962058586
1752 0.9998716885 0.09954140291 0.05196631194
1753 0.9998716885 0.08949907603 0.04799215416
1754 0.9998716885 0.09015930101 0.05087397567
1755 0.9998716885 0.1215732409 0.05988684156
1756 0.9998716885 0.121281736 0.06463683023
1757 0.9998716885 0.1133560204 0.06199699032
1758 0.9998716885 0.1145125376 0.0563959595
1759 0.9998716885 0.1190164952 0.06153000514
1760 0.9998716885 0.1219739285 0.06376545141
1761 0.9998716885 0.1032160792 0.04657715842
1762 0.9998716885 0.1102857631 0.05664111608
1763 0.9998716885 0.1101957823 0.05778132464
1764 0.9998716885 0.1006483955 0.05209185811
1765 0.9998716885 0.1125425922 0.0612444534
1766 0.9998716885 0.110479453 0.0553600656
1767 0.9998716885 0.09003053773 0.0475280775
1768 0.9998716885 0.09728504045 0.05414426561
1769 0.9998716885 0.1213666806 0.07217319721
1770 0.9998716885 0.1101683238 0.06262511605
1771 0.9998716885 0.1119908431 0.06221640918
1772 0.9998716885 0.1213854511 0.05490805075
1773 0.9998716885 0.1323629478 0.07159681429
1774 0.9998716885 0.1224334939 0.05578027233
1775 0.9998716885 0.142863982 0.0667706524
1776 0.9998716885 0.1405637725 0.07018459892
1777 0.9998716885 0.1339640499 0.06098547399
1778 0.9998716885 0.1466012694 0.07192086915
1779 0.9998716885 0.1298139658 0.05914900692
1780 0.9998716885 0.1161689245 0.05457000715
1781 0.9998716885 0.1011119821 0.0487651315
1782 0.9998716885 0.1186947735 0.05253803803
1783 0.9998716885 0.1184299671 0.05049037678
1784 0.9998716885 0.1378740991 0.06332719489
1785 0.9998716885 0.102120255 0.05233640968
1786 0.9998716885 0.1114517117 0.0603019497
1787 0.9998716885 0.1167561409 0.05533860063
1788 0.9998716885 0.1142787615 0.06157114994
1789 0.9998716885 0.1141954675 0.05199803441
1790 0.9998716885 0.1163279087 0.05305347757
1791 0.9998716885 0.1012944644 0.05490209598
1792 0.9998716885 0.1157820861 0.06110995157
1793 0.9998716885 0.09910413098 0.0480485557
1794 0.9998716885 0.1167405472 0.05435679662
1795 0.9998716885 0.1330352581 0.05950122965
1796 0.9998716885 0.1124389015 0.05474902418
1797 0.9998716885 0.1227737225 0.05803435748
1798 0.9998716885 0.1254026499 0.06054097349
1799 0.9998716885 0.138127427 0.06232890409
1800 0.9998716885 0.1108946562 0.05112807776
1801 0.9998716885 0.1115116127 0.04719864805
1802 0.9998716885 0.1322238163 0.0613743257
1803 0.9998716885 0.1708594936 0.07082599593
1804 0.9998716885 0.1632473545 0.06712732999
1805 0.9998716885 0.1414017739 0.05976935369
1806 0.9998716885 0.1447531455 0.06857074759
1807 0.9998716885 0.1461684919 0.06757966972
1808 0.9998716885 0.1453835478 0.06673011503
1809 0.9998716885 0.1146086998 0.05159274192
1810 0.9998716885 0.1136006517 0.05096750916
1811 0.9998716885 0.09453146348 0.04541149688
1812 0.9998716885 0.1231658588 0.05496960325
1813 0.9998716885 0.1044018042 0.05353187811
1814 0.9998716885 0.1142868295 0.05685788979
1815 0.9998716885 0.1312461622 0.0626438766
1816 0.9998716885 0.1324039404 0.0622458909
1817 0.9998716885 0.1260729946 0.05717020941
1818 0.9998716885 0.1273830864 0.0605284255
1819 0.9998716885 0.1111658924 0.05148582369
1820 0.9998716885 0.1219921498 0.06057747349
1821 0.9998716885 0.1416171523 0.0680086502
1822 0.9998716885 0.1312874587 0.06876989433
1823 0.9998716885 0.1147291394 0.06063572615
1824 0.9998716885 0.1312618479 0.06046666233
1825 0.9998716885 0.1294319686 0.05899040748
1826 0.9998716885 0.140160233 0.0691302685
1827 0.9998716885 0.1185307051 0.06334866719
1828 0.9998716885 0.09509145241 0.04968011389
1829 0.9998716885 0.1133287677 0.06048642267
1830 0.9998716885 0.1342763776 0.06188602263
1831 0.9998716885 0.1376383741 0.066692444
1832 0.9998716885 0.1309675035 0.06031580168
1833 0.9998716885 0.105358772 0.05098287745
1834 0.9998716885 0.10389342 0.05389890815
1835 0.9998716885 0.1103124545 0.04826908386
1836 0.9998716885 0.1167796471 0.05015090017
1837 0.9998716885 0.1192976337 0.05120617123
1838 0.9998716885 0.1095250971 0.04861688125
1839 0.9998716885 0.1294646084 0.05424646739
1840 0.9998716885 0.1201539137 0.05363942738
1841 0.9998716885 0.1346774922 0.06363991821
1842 0.9998716885 0.1044171582 0.04802976171
1843 0.9998716885 0.09999418879 0.04831259518
1844 0.9998716885 0.1023691925 0.04543808411
1845 0.9998716885 0.1087241258 0.05555847484
1846 0.9998716885 0.09478378228 0.04725657044
1847 0.9998716885 0.1158529421 0.06692559882
1848 0.9998716885 0.1099324294 0.05677256663
1849 0.9998716885 0.1347089391 0.06704990179
1850 0.9998716885 0.1281217529 0.05924136238
1851 0.9998716885 0.1291864421 0.05861615224
1852 0.9998716885 0.1405429784 0.06909821167
1853 0.9998716885 0.1152435469 0.05406913041
1854 0.9998716885 0.1230037164 0.05880137125
1855 0.9998716885 0.1275695274 0.05998821746
1856 0.9998716885 0.114358695 0.05828135167
1857 0.9998716885 0.1061607883 0.05218455272
1858 0.9998716885 0.1079349461 0.05109275737
1859 0.9998716885 0.1213765836 0.06207250433
1860 0.9998716885 0.1292317919 0.06414586165
1861 0.9998716885 0.1319843815 0.06504453761
1862 0.9998716885 0.1209533622 0.05933590971
1863 0.9998716885 0.1230800847 0.06559761542
1864 0.9998716885 0.1307219541 0.06305445329
1865 0.9998716885 0.1260874525 0.06177967709
1866 0.9998716885 0.1304163383 0.06335387454
1867 0.9998716885 0.1317407056 0.06114821161
1868 0.9998716885 0.1198637306 0.05637649454
1869 0.9998716885 0.1322236588 0.06564244435
1870 0.9998716885 0.1078329919 0.05422017949
1871 0.9998716885 0.1047100547 0.05353406565
1872 0.9998716885 0.09019560917 0.04884675505
1873 0.9998716885 0.1386921986 0.07087464063
1874 0.9998716885 0.1330609724 0.06466876902
1875 0.9998716885 0.1178086894 0.05568854785
1876 0.9998716885 0.1197739343 0.05934280407
1877 0.9998716885 0.1134426164 0.05435380123
1878 0.9998716885 0.1298005399 0.05879357556
1879 0.9998716885 0.148607879 0.06237837632
1880 0.9998716885 0.1498319631 0.06397159673
1881 0.9998716885 0.1407156721 0.06210834418
1882 0.9998716885 0.1652629003 0.07562241462
1883 0.9998716885 0.155714276 0.07569048168
1884 0.9998716885 0.1192539721 0.05714217934
1885 0.9998716885 0.1276537742 0.07109715222
1886 0.9998716885 0.1421031591 0.06632751446
1887 0.9998716885 0.1111237984 0.04801281935
1888 0.9998716885 0.09319134599 0.05416464038
1889 0.9998716885 0.1133467708 0.0557433195
1890 0.9998716885 0.1081459328 0.05406656113
1891 0.9998716885 0.1111665037 0.05786933583
1892 0.9998716885 0.1082756145 0.05852863944
1893 0.9998716885 0.1319731452 0.069006642
1894 0.9998716885 0.09673038513 0.04372909164
1895 0.9998716885 0.09852659192 0.05369068064
1896 0.9998716885 0.09660380576 0.0508555931
1897 0.9998716885 0.1169789189 0.05988572096
1898 0.9998716885 0.1457603602 0.07557395541
1899 0.9998716885 0.1213316049 0.05723651597
1900 0.9998716885 0.1073051232 0.05217334815
1901 0.9998716885 0.1215102586 0.06197848559
1902 0.9998716885 0.1316851808 0.0728589678
1903 0.9998716885 0.1277851838 0.06446904667
1904 0.9998716885 0.1118320258 0.05784151128
1905 0.9998716885 0.1252575523 0.06202635987
1906 0.9998716885 0.1508428129 0.06963836293
1907 0.9998716885 0.1230229256 0.06327400991
1908 0.9998716885 0.09680693417 0.04902655726
1909 0.9998716885 0.09997589145 0.05334756161
1910 0.9998716885 0.08585176932 0.04551604182
1911 0.9998716885 0.09208719071 0.0497807685
1912 0.9998716885 0.1122346152 0.05888858742
1913 0.9998716885 0.09869284931 0.05195977745
1914 0.9998716885 0.1222057717 0.06493689271
1915 0.9998716885 0.1082838798 0.05833001481
1916 0.9998716885 0.115307141 0.06275153084
1917 0.9998716885 0.1160560244 0.05902418583
1918 0.9998716885 0.1047998681 0.06035092651
1919 0.9998716885 0.127452681 0.06657724716
1920 0.9998716885 0.1261702948 0.05941107405
1921 0.9998716885 0.1159919105 0.05477619038
1922 0.9998716885 0.1090619257 0.04958928454
1923 0.9998716885 0.1309128763 0.0572697485
1924 0.9998716885 0.1155815481 0.05442001056
1925 0.9998716885 0.1044177572 0.05389294259
1926 0.9998716885 0.1044405653 0.05357966612
1927 0.9998716885 0.1012364753 0.0499074748
1928 0.9998716885 0.1164946364 0.05629416968
1929 0.9998716885 0.1344330235 0.07495535847
1930 0.9998716885 0.1197599676 0.05874948797
1931 0.9998716885 0.1250887654 0.05451848583
1932 0.9998716885 0.1178765488 0.04921033408
1933 0.9998716885 0.112134036 0.04819603819
1934 0.9998716885 0.1158896907 0.0614572327
1935 0.9998716885 0.1207902682 0.05836784404
1936 0.9998716885 0.1388879574 0.05998890415
1937 0.9998716885 0.127035251 0.06361120591
1938 0.9998716885 0.1113694271 0.04695933107
1939 0.9998716885 0.115415613 0.05141343356
1940 0.9998716885 0.135314582 0.06198352368
1941 0.9998716885 0.1142232379 0.05811066409
1942 0.9998716885 0.1128589897 0.05823593736
1943 0.9998716885 0.1097068707 0.06292273599
1944 0.9998716885 0.09930774406 0.05235222608
1945 0.9998716885 0.1048062886 0.0503489171
1946 0.9998716885 0.0999910765 0.05302684389
1947 0.9998716885 0.0980589885 0.04946493301
1948 0.9998716885 0.1042793504 0.0520856046
1949 0.9998716885 0.1100009522 0.05523058303
1950 0.9998716885 0.1043523729 0.05511781982
1951 0.9998716885 0.1097119651 0.0576609553
1952 0.9998716885 0.1128480916 0.06200535102
1953 0.9998716885 0.1513046614 0.06781157124
1954 0.9998716885 0.1362776097 0.06822668401
1955 0.9998716885 0.1365246826 0.05813388029
1956 0.9998716885 0.1422406854 0.06341303758
1957 0.9998716885 0.1503937043 0.07112480253
1958 0.9998716885 0.1263368034 0.0610574069
1959 0.9998716885 0.1329403125 0.05886357283
1960 0.9998716885 0.1206004558 0.05676023965
1961 0.9998716885 0.1515985254 0.08018754219
1962 0.9998716885 0.1435687896 0.06647683961
1963 0.9998716885 0.1102696963 0.05324095683
1964 0.9998716885 0.1191674662 0.05926424294
1965 0.9998716885 0.1226926296 0.05646548492
1966 0.9998716885 0.117584906 0.05681663823
1967 0.9998716885 0.1063214715 0.04870986443
1968 0.9998716885 0.1365045154 0.06569752678
1969 0.9998716885 0.1205443863 0.06036288726
1970 0.9998716885 0.1106538037 0.04877484358
1971 0.9998716885 0.1164841048 0.05569342079
1972 0.9998716885 0.1214999394 0.0544014681
1973 0.9998716885 0.1267285378 0.05749397632
1974 0.9998716885 0.1419585843 0.06146144972
1975 0.9998716885 0.1177118989 0.05146467298
1976 0.9998716885 0.1075165993 0.05249494907
1977 0.9998716885 0.1015317112 0.0486769062
1978 0.9998716885 0.1228591889 0.05939777862
1979 0.9998716885 0.1244100781 0.05438898907
1980 0.9998716885 0.1061167864 0.05604468681
1981 0.9998716885 0.1114687098 0.05036655753
1982 0.9998716885 0.09939638144 0.04881443678
1983 0.9998716885 0.1098180583 0.05595357204
1984 0.9998716885 0.1050126241 0.05286925613
1985 0.9998716885 0.1213980789 0.06274557593
1986 0.9998716885 0.1349296894 0.0635580172
1987 0.9998716885 0.1382744749 0.06447081677
1988 0.9998716885 0.1230517354 0.05759536522
1989 0.9998716885 0.1139881393 0.04907639338
1990 0.9998716885 0.129717814 0.06349019884
1991 0.9998716885 0.117281087 0.06186595526
1992 0.9998716885 0.1076323791 0.05351179572
1993 0.9998716885 0.1131176319 0.05306682138
1994 0.9998716885 0.1249765181 0.06472176192
1995 0.9998716885 0.1248267562 0.06299670892
1996 0.9998716885 0.1116985901 0.0611195941
1997 0.9998716885 0.1393345467 0.06466124912
1998 0.9998716885 0.1651402349 0.07329387162
1999 0.9998716885 0.1519744457 0.07424893249
2000 0.9998716885 0.1636896787 0.07942115618
