0 0 0 0
1 0 0 0
2 1.14680036e-10 1.14680036e-12 1.315151065e-22
3 2.730031046e-10 3.876831406e-12 8.704972081e-22
4 2.730031046e-10 3.876831406e-12 8.704972081e-22
5 2.730031046e-10 3.876831406e-12 8.704972081e-22
6 2.730031046e-10 6.017322989e-12 1.311903337e-21
7 3.112131248e-10 1.069879526e-11 2.459946945e-21
8 3.112131248e-10 1.196175259e-11 2.884753814e-21
9 1.768935183e-09 3.433587449e-11 3.458553919e-20
10 1.69404062e-06 1.697384241e-08 2.869662958e-14
11 2.120722151e-05 2.290823905e-07 4.518870284e-12
12 2.204016724e-05 4.494762361e-07 9.274566829e-12
13 2.294146133e-05 7.931671698e-07 1.547867793e-11
14 0.0003139060417 4.179086648e-06 9.98090606e-10
15 0.01891410552 0.0001938590432 3.576661243e-06
16 0.01891410552 0.0003564209697 6.173576928e-06
17 0.02064029711 0.0005645423679 1.028355061e-05
18 0.02666043879 0.001175758226 2.281488093e-05
19 0.02666043879 0.00130216226 2.738688064e-05
20 0.03236633453 0.001883887324 4.259375975e-05
21 0.03236633453 0.001273053787 3.181074401e-05
22 0.03236633453 0.001547884125 3.773043631e-05
23 0.03236633453 0.001796258687 4.191398219e-05
24 0.03236633453 0.001381861417 3.37259125e-05
25 0.04377993425 0.002245576773 7.011568807e-05
26 0.04377993425 0.001664140945 5.597432228e-05
27 0.04377993425 0.002117465759 6.377379681e-05
28 0.04377993425 0.001760180385 6.030998583e-05
29 0.04468760946 0.00325405234 0.0001065448334
30 0.1064259965 0.004531269733 0.0002567487037
31 0.1064259965 0.006265522536 0.0003907726286
32 0.1064259965 0.005319487283 0.0003555750967
33 0.1064259965 0.006543817894 0.0004999765139
34 0.2345999895 0.01184907062 0.001289144026
35 0.2345999895 0.01760517165 0.002090189853
36 0.3414271437 0.01903911814 0.003382168686
37 0.5167418462 0.0265054665 0.007037139766
38 0.5167418462 0.02347088634 0.007019100188
39 0.786456675 0.02770879089 0.0119228613
40 0.7893291653 0.03124929255 0.01681180896
41 0.8510637341 0.04781762748 0.0264647037
42 0.9450296063 0.06994403299 0.04469733008
43 0.9450296063 0.05702231561 0.03906129473
44 0.9454395231 0.05736254678 0.04619527044
45 0.9454395231 0.0536535862 0.04230791086
46 0.9454395231 0.06727571509 0.04800328396
47 0.9454395231 0.06275517209 0.04674984966
48 0.9454395231 0.05739600577 0.0422527736
49 0.9454395231 0.06701126237 0.04849021175
50 0.9454395231 0.06060438887 0.03719681606
51 0.9462959216 0.08045612615 0.05208934006
52 0.9462959216 0.07071548801 0.04795212054
53 0.9462959216 0.08172676441 0.05389807593
54 0.9746674786 0.09743641071 0.06352894338
55 0.9746674786 0.09808251153 0.05944094747
56 0.9795779174 0.1050923577 0.06491882863
57 0.9795779174 0.0868631417 0.05203458213
58 0.9795779174 0.09493931134 0.06139841776
59 0.9795779174 0.09427960498 0.06155076473
60 0.9795779174 0.09749806063 0.05371811678
61 0.9795779174 0.08441327412 0.05151615932
62 0.9968366443 0.09129587487 0.05856416781
62 1.751222519e-05 2.105327474e-07 3.101674623e-12
63 4.800129928e-05 8.448483968e-07 2.788958829e-11
64 4.800129928e-05 9.55392484e-07 2.881147485e-11
65 4.800129928e-05 1.979639453e-06 5.086621411e-11
66 4.800129928e-05 1.354362012e-06 4.416475295e-11
67 0.0002863490838 4.836766773e-06 8.642209448e-10
68 0.0002863490838 5.070950592e-06 9.386721343e-10
69 0.0002863490838 4.942068319e-06 9.360143144e-10
70 0.001743529472 2.542506228e-05 3.190080212e-08
71 0.001743529472 4.43593267e-05 5.724447667e-08
72 0.001743529472 7.206823886e-05 8.576745852e-08
73 0.001743529472 5.770137361e-05 8.336951219e-08
74 0.001743529472 7.215508265e-05 9.129645556e-08
75 0.003601009928 0.0001113679256 2.366704349e-07
76 0.003601009928 0.0001202857949 2.450153596e-07
77 0.003601009928 0.0001220867274 2.716161959e-07
78 0.003601009928 0.0001070445655 2.545977639e-07
79 0.02394195544 0.0003358839014 5.929884297e-06
80 0.02394195544 0.0003365876615 5.928515699e-06
81 0.02394195544 0.0003891490027 6.059846329e-06
82 0.02394195544 0.0004766560469 6.529542991e-06
83 0.02394195544 0.0005722937898 7.808148601e-06
84 0.02394195544 0.0008559266454 1.217111085e-05
85 0.02394195544 0.0008517134055 1.195124969e-05
86 0.02394195544 0.001171763059 1.783583423e-05
87 0.02394195544 0.001016954169 1.549460236e-05
88 0.02394195544 0.001203368479 1.804762789e-05
89 0.05950560222 0.002207070877 5.920196398e-05
90 0.05950560222 0.00200584352 5.939535927e-05
91 0.05950560222 0.001623910771 5.290048184e-05
92 0.05950560222 0.001866084223 6.030234763e-05
93 0.05950560222 0.001920060814 6.098958508e-05
94 0.05950560222 0.002538372483 9.880764592e-05
95 0.05950560222 0.002937622928 0.0001274753429
96 0.05950560222 0.00335610656 0.0001431063754
97 0.0636629585 0.004761342234 0.0002122368985
98 0.07079171325 0.005710101878 0.0002898125569
99 0.07079171325 0.00521432888 0.0002333612194
100 0.07418690364 0.005285570631 0.0002698765761
101 0.1125456837 0.005858064413 0.0003531693444
102 0.1581151241 0.007326848029 0.000544873727
103 0.1581151241 0.008287706699 0.0005730379016
104 0.1581151241 0.01112213375 0.0007026592215
105 0.1679621753 0.009010730825 0.0008440227758
106 0.1679621753 0.0128324877 0.001214634215
107 0.2787254474 0.01276585825 0.001729556163
108 0.2991515165 0.01761637606 0.002709193485
109 0.2991515165 0.02012983531 0.003255930146
110 0.2991515165 0.02197928292 0.003838012581
111 0.3220204072 0.02078393418 0.004284497334
112 0.3220204072 0.02548676839 0.005137359791
113 0.3220204072 0.025284693 0.004842608095
114 0.3468676651 0.02905433101 0.005883941144
115 0.4067586993 0.03238127191 0.0067162262
116 0.4067586993 0.03085523141 0.0061942745
117 0.4067586993 0.02946330992 0.006734524868
118 0.4067586993 0.02938888718 0.007035261737
119 0.4067586993 0.0291305526 0.007014791549
120 0.4067586993 0.02820901772 0.006342344574
121 0.4067586993 0.02929985186 0.006818458763
122 0.4067586993 0.03077466483 0.007139980512
123 0.4067586993 0.0320978742 0.007628317038
124 0.4083944501 0.02887044368 0.007241826039
125 0.4083944501 0.03420511709 0.007836855565
126 0.4207926382 0.03067851792 0.008593286702
127 0.6200430654 0.03760581444 0.01296027812
128 0.6200430654 0.04194033074 0.01218810014
129 0.6200430654 0.03568870459 0.0102169471
130 0.6200430654 0.03695302701 0.01140628094
131 0.6200430654 0.04998173946 0.0152828067
132 0.6200430654 0.04793706821 0.01356583581
133 0.6200430654 0.05224356244 0.01242629393
134 0.6200430654 0.04329555674 0.01144898056
135 0.6200430654 0.05606857273 0.01582998226
136 0.6200430654 0.05893204556 0.0166599081
137 0.6200430654 0.04048054825 0.01298598757
138 0.6200430654 0.05071160357 0.01515258569
139 0.6200430654 0.04681871906 0.01503946003
140 0.6200430654 0.04561121197 0.01495244714
141 0.6687008285 0.04571965083 0.01908113866
142 0.6687008285 0.04396440248 0.0162089763
143 0.6687008285 0.04503844418 0.01780439101
144 0.6687008285 0.04465694177 0.01857250612
145 0.7367265834 0.05190827908 0.02439263838
146 0.7367265834 0.0438470125 0.02050217111
147 0.8705003576 0.05837856793 0.02965457015
148 0.8705003576 0.06692347007 0.03315779766
149 0.8705003576 0.05038861625 0.02331711544
150 0.8705003576 0.06306570438 0.03246049468
151 0.8705003576 0.07076344215 0.03685119744
152 0.8705003576 0.04846008328 0.0271414455
153 0.8705003576 0.07339148777 0.03940781429
154 0.8705003576 0.07298344435 0.03584110559
155 0.8705003576 0.0663274164 0.03233717504
156 0.8705003576 0.06604205972 0.03244125564
157 0.8705003576 0.09826886894 0.0484989862
158 0.8705003576 0.08966140387 0.04294484378
159 0.8705003576 0.07766086983 0.04031959578
160 0.8705003576 0.07783514566 0.03840398984
161 0.8705003576 0.07685604274 0.03534578926
162 0.8705003576 0.06372560884 0.03176793833
163 0.8705003576 0.05270569664 0.02993028866
164 0.8705003576 0.06483439331 0.03625458059
165 0.8705003576 0.06034219277 0.03409815067
166 0.8705003576 0.06992922592 0.03682718117
167 0.8705003576 0.05869871454 0.0317593936
168 0.8705003576 0.08501911303 0.04431980103
169 0.8705003576 0.07575439051 0.03713593859
170 0.8705003576 0.07867622773 0.04084861296
171 0.8705003576 0.05718211937 0.03300990625
172 0.8705003576 0.08883143271 0.05053848365
173 0.8705003576 0.09537135835 0.04622094724
174 0.8705003576 0.08764476101 0.0393872755
175 0.8705003576 0.07274036614 0.03772161031
176 0.8705003576 0.08166589417 0.03738947056
177 0.8705003576 0.09322211209 0.04218688306
178 0.8705003576 0.09598480903 0.04893783659
179 0.8705003576 0.08537416656 0.03823370565
180 0.8705003576 0.07580279008 0.03444715743
181 0.8705003576 0.06741960095 0.03557264417
182 0.8705003576 0.07745536149 0.03970567636
183 0.8705003576 0.07480400867 0.03890385891
184 0.8705003576 0.07201457469 0.04136388936
185 0.8705003576 0.0908017717 0.05400128144
186 0.9341237536 0.1016604095 0.05067180668
187 0.9341237536 0.1048313958 0.04939200814
188 0.9341237536 0.086054452 0.04212945934
189 0.9341237536 0.1071941062 0.05847391871
190 0.9341237536 0.1052039366 0.05150655309
191 0.9341237536 0.1048180166 0.05226172661
192 0.9341237536 0.1050698667 0.05378497025
193 0.9341237536 0.0883202047 0.04064093712
194 0.9341237536 0.09442404299 0.04328839299
195 0.9341237536 0.08188820486 0.04245046051
196 0.9341237536 0.09162503236 0.04240917234
197 0.9341237536 0.1042922402 0.0497701028
198 0.9341237536 0.09363819661 0.04393706322
199 0.9341237536 0.1015050766 0.04673040923
200 0.9341237536 0.1148857487 0.05273531661
201 0.9341237536 0.1025738142 0.05314964607
202 0.9341237536 0.09683195738 0.04908084644
203 0.9341237536 0.1024394073 0.05316154416
204 0.9341237536 0.08530511358 0.04498049889
205 0.9341237536 0.08654877569 0.04831424293
206 0.9341237536 0.09853460413 0.05736765734
207 0.9341237536 0.07706450034 0.04230120249
208 0.9447899179 0.09310089585 0.05225394712
209 0.9447899179 0.07987607958 0.04183945282
210 0.9447899179 0.08561672114 0.04551401976
211 0.9447899179 0.09542935322 0.04901246543
212 0.9447899179 0.08271588018 0.04318591452
213 0.9447899179 0.07396580039 0.04258985977
214 0.9447899179 0.06855189951 0.04573862223
215 0.9447899179 0.07864558769 0.04878235976
216 0.9447899179 0.06656450663 0.03896458811
217 0.9447899179 0.07475788346 0.04145814501
218 0.9447899179 0.06690444258 0.03733311298
219 0.9447899179 0.06951693479 0.03700543049
220 0.9447899179 0.08254656035 0.04585298938
221 0.9447899179 0.09345862888 0.05438047283
222 0.9447899179 0.1080201653 0.05477915483
223 0.9447899179 0.1035687845 0.06000717424
224 0.9447899179 0.09957908922 0.04796811612
225 0.9447899179 0.1047180358 0.04538432169
226 0.9447899179 0.1009152139 0.04947297736
227 0.9447899179 0.1012130039 0.05045195671
228 0.9447899179 0.117992152 0.06006641798
229 0.9447899179 0.08916081034 0.04271497434
230 0.9447899179 0.09462474824 0.04865046963
231 0.9447899179 0.1059022319 0.0522052868
232 0.9447899179 0.09530530776 0.04997556747
233 0.949865889 0.1012109604 0.05794271441
234 0.949865889 0.08415860766 0.05158329483
235 0.949865889 0.1178568194 0.06693101909
236 0.949865889 0.09620532201 0.05654769214
237 0.949865889 0.07458721566 0.04685238922
238 0.949865889 0.0875814398 0.05099143983
239 0.949865889 0.07621000708 0.03901521097
240 0.949865889 0.07614220782 0.04200081122
241 0.949865889 0.07978790469 0.05100902463
242 0.949865889 0.08602235406 0.05267967888
243 0.949865889 0.07710692442 0.04931724454
244 0.949865889 0.07930344094 0.04795582141
245 0.949865889 0.0747508463 0.04024271665
246 0.949865889 0.09040454614 0.049912278
247 0.949865889 0.09392811771 0.05545588034
248 0.949865889 0.08350550023 0.04916980613
249 0.949865889 0.08295404891 0.04727841744
250 0.949865889 0.07874332159 0.04201491912
251 0.949865889 0.07623297584 0.04695213321
252 0.949865889 0.07380155292 0.0475768523
253 0.949865889 0.06804455347 0.04010182238
254 0.949865889 0.1000347539 0.05817069257
255 0.949865889 0.1090641703 0.062312645
256 0.949865889 0.1221759773 0.06700637619
257 0.949865889 0.1043606485 0.04997365171
258 0.949865889 0.1110232031 0.05508120729
259 0.949865889 0.09918706076 0.04892350918
260 0.949865889 0.09372406318 0.05352663706
261 0.949865889 0.08660076812 0.05564403675
262 0.949865889 0.09856409964 0.05329862489
263 0.949865889 0.09481943415 0.05588511238
264 0.949865889 0.09290518225 0.05357240746
265 0.949865889 0.1073549221 0.06121439456
266 0.949865889 0.0910304592 0.04470613793
267 0.949865889 0.09630496203 0.050800903
268 0.949865889 0.1002998055 0.05075906761
269 0.949865889 0.09462209539 0.04895907777
270 0.949865889 0.1134286819 0.05385873827
271 0.949865889 0.1120591691 0.05913103993
272 0.949865889 0.101380176 0.04690950424
273 0.949865889 0.1152547842 0.05613136971
274 0.949865889 0.09503019471 0.04542573955
275 0.949865889 0.1055684087 0.05118919022
276 0.949865889 0.08067269834 0.03975323177
277 0.9502774884 0.1063108646 0.05379097492
278 0.9502774884 0.09424595336 0.04896629171
279 0.9502774884 0.09520282435 0.05608230085
280 0.9502774884 0.08322366705 0.04243376224
281 0.9502774884 0.08209670102 0.04437053649
282 0.9502774884 0.1099673514 0.05922828642
283 0.9502774884 0.1029447695 0.05302324965
284 0.9502774884 0.09842813978 0.0555090141
285 0.9502774884 0.09468941182 0.04978066826
286 0.9502774884 0.09999340765 0.04603913632
287 0.9502774884 0.08447093839 0.04027819996
288 0.9502774884 0.1092697465 0.05867021262
289 0.9502774884 0.1130565682 0.05979476372
290 0.9502774884 0.09462174669 0.04428761471
291 0.9502774884 0.09014227105 0.0453053199
292 0.9502774884 0.08838628414 0.04547512535
293 0.9502774884 0.08614597511 0.04509364142
294 0.9502774884 0.09328107031 0.04890487254
295 0.9502774884 0.1002992628 0.04738957125
296 0.9502774884 0.0887806399 0.04390025013
297 0.9502774884 0.08693355819 0.04591562305
298 0.9502774884 0.08791676015 0.04528695848
299 0.9502774884 0.07988582704 0.04600386837
300 0.9502774884 0.08653833692 0.04755030115
301 0.9502774884 0.09893141814 0.04849051617
302 0.9502774884 0.09343307676 0.05434762058
303 0.9502774884 0.1016949965 0.05899270777
304 0.9502774884 0.1054218402 0.05753449587
305 0.9502774884 0.120353109 0.06256757082
306 0.9502774884 0.09471893311 0.05287880987
307 0.9502774884 0.1276774814 0.06659479758
308 0.9502774884 0.1015534554 0.05176335818
309 0.9502774884 0.118867697 0.06112647129
310 0.9502774884 0.1064828398 0.05281501303
311 0.9502774884 0.1028503061 0.05666876565
312 0.9502774884 0.09352712943 0.04690696653
313 0.9502774884 0.08983706527 0.04761302019
314 0.9502774884 0.08552694014 0.04647566846
315 0.9502774884 0.09461988258 0.05331000256
316 0.9502774884 0.1172558184 0.05438385551
317 0.9502774884 0.126445411 0.05839393121
318 0.9502774884 0.1170830351 0.05573774475
319 0.9502774884 0.1204994859 0.0509507297
320 0.9502774884 0.1012326323 0.04701357196
321 0.9502774884 0.08505519455 0.04605602173
322 0.9502774884 0.08925858382 0.04336445305
323 0.9502774884 0.08888739981 0.04697439797
324 0.9502774884 0.09454510778 0.04360264984
325 0.9502774884 0.08789003098 0.04160703138
326 0.9502774884 0.0730630909 0.0373534184
327 0.9502774884 0.09431008425 0.0499121454
328 0.9502774884 0.09570584222 0.04698309545
329 0.9502774884 0.1079959881 0.04969449083
330 0.9502774884 0.09964650966 0.05187540563
331 0.950560333 0.08940078485 0.05329662853
332 0.950560333 0.09933786197 0.05733856369
333 0.950560333 0.1088355294 0.05816965699
334 0.950560333 0.0946918916 0.05291454687
335 0.9511695047 0.1053675117 0.05605517022
336 0.9511695047 0.09887006156 0.05058651148
337 0.9511695047 0.08970192796 0.0445347149
338 0.9511695047 0.08546727484 0.04953164279
339 0.9511695047 0.1018282375 0.06170996074
340 0.9511695047 0.07849638011 0.04490017708
341 0.9511695047 0.09479085839 0.05118380332
342 0.9511695047 0.102125978 0.05208867482
343 0.9511695047 0.07917005367 0.0408878496
344 0.9511695047 0.08245041452 0.04262380365
345 0.9511695047 0.0741373009 0.04374444925
346 0.9511695047 0.08835379309 0.04866822112
347 0.9511695047 0.08550360564 0.05290640108
348 0.9556834255 0.08962492536 0.05497589866
349 0.9556834255 0.06929507656 0.0369185268
350 0.9556834255 0.1009632481 0.05223174999
351 0.9556834255 0.1023010436 0.06078782425
352 0.9556834255 0.09887330397 0.05074437016
353 0.9556834255 0.07615763029 0.04315315398
354 0.9556834255 0.08380019251 0.04929329899
355 0.9556834255 0.08896859818 0.04691762958
356 0.9556834255 0.08740329646 0.04601255936
357 0.9556834255 0.09248830455 0.05153038445
358 0.9556834255 0.0794605953 0.04608037484
359 0.9556834255 0.09405534873 0.05100666247
360 0.9556834255 0.1021737955 0.05593351346
361 0.9556834255 0.08133295391 0.0453996618
362 0.9556834255 0.08280066892 0.04401083659
363 0.9556834255 0.08210043926 0.04443968138
364 0.9556834255 0.06862400111 0.03944869633
365 0.9556834255 0.06312944768 0.04024372088
366 0.9556834255 0.0656259888 0.04312769108
367 0.9556834255 0.09647237753 0.05994749509
368 0.9556834255 0.0854313519 0.04926110221
369 0.9556834255 0.08863157708 0.05119761298
370 0.9556834255 0.07557399954 0.04322576697
371 0.9700695752 0.07527855694 0.04665317294
372 0.9700695752 0.07654373772 0.0430439118
373 0.9700695752 0.1048940395 0.0603099317
374 0.9700695752 0.09838493062 0.05635993238
375 0.9700695752 0.08768547817 0.04701838165
376 0.9700695752 0.1014739978 0.04803381648
377 0.9700695752 0.06826371379 0.03991420744
378 0.9700695752 0.09235080817 0.0508825267
379 0.9700695752 0.07000782398 0.04421023892
380 0.9700695752 0.07797676824 0.04271852235
381 0.9700695752 0.08067754507 0.04553387798
382 0.9700695752 0.07826531312 0.04750348198
383 0.9700695752 0.09541244929 0.05454305358
384 0.9700695752 0.08270671482 0.05036137997
385 0.9700695752 0.08350917341 0.04742823949
386 0.9700695752 0.07413675612 0.04234093859
387 0.9700695752 0.1111525546 0.05874745308
388 0.9700695752 0.08454285985 0.04651628688
389 0.9700695752 0.105931966 0.06216268865
390 0.9700695752 0.07436979712 0.04600367571
391 0.9700695752 0.089131225 0.05578277844
392 0.9772497383 0.1018878718 0.05931869326
393 0.9772497383 0.1003130282 0.05131777715
394 0.9772497383 0.09250324001 0.05349837873
395 0.9772497383 0.08825658137 0.04892258736
396 0.9772497383 0.1021914639 0.05849027188
397 0.9772497383 0.09437650218 0.05196742572
398 0.9772497383 0.1023352753 0.05856058694
399 0.9772497383 0.08238297412 0.0486459402
400 0.9772497383 0.09745289065 0.0612382442
401 0.9772497383 0.08523837627 0.04713075848
402 0.9772497383 0.07888050061 0.0448556085
403 0.9772497383 0.09607250409 0.05573591935
404 0.9772497383 0.09742874098 0.05698469021
405 0.9772497383 0.08071035091 0.04253457496
406 0.9772497383 0.07467679937 0.04600413855
407 0.9772497383 0.07384499462 0.03963071457
408 0.9772497383 0.1025302022 0.05496069312
409 0.9772497383 0.1023947821 0.05992833287
410 0.9772497383 0.08606311431 0.04437058098
411 0.9772497383 0.1026416587 0.05940152982
412 0.9772497383 0.09818118053 0.0541819603
413 0.9772497383 0.1143051004 0.06516760984
414 0.9772497383 0.1209270373 0.06647059607
415 0.9772497383 0.09856413717 0.05082156283
416 0.9772497383 0.08314548123 0.04817479257
417 0.9772497383 0.0824845613 0.04739133838
418 0.9772497383 0.09974950519 0.0593689725
419 0.9772497383 0.08940615505 0.04535982831
420 0.9772497383 0.08767353809 0.04672240316
421 0.9772497383 0.09494362779 0.04722025656
422 0.9772497383 0.09544576185 0.0473377579
423 0.9772497383 0.07548142545 0.0397725191
424 0.9772497383 0.106336773 0.06035302155
425 0.9772497383 0.09800367441 0.05902174379
426 0.9772497383 0.1090313986 0.06326965841
427 0.9772497383 0.09937133905 0.05775454734
428 0.9772497383 0.1083778878 0.05580362549
429 0.9772497383 0.08776784433 0.04794378715
430 0.9772497383 0.08935755884 0.04564558477
431 0.9772497383 0.09901791076 0.04925395366
432 0.9772497383 0.08995792269 0.05299551143
433 0.9772497383 0.08210653118 0.0445653782
434 0.9772497383 0.08326985704 0.04495639968
435 0.9772497383 0.07059500186 0.04294115168
436 0.9772497383 0.08310347414 0.05126179824
437 0.9772497383 0.09723725242 0.05388105567
438 0.9772497383 0.08571156815 0.04704461216
439 0.9772497383 0.08372090424 0.04684073005
440 0.9772497383 0.07782799302 0.04311576992
441 0.9772497383 0.08346713312 0.04172765979
442 0.9772497383 0.1008590002 0.04786523058
443 0.9808770927 0.110711194 0.06353253124
444 0.9808770927 0.1180592223 0.06858614469
445 0.9808770927 0.09920367715 0.05245523139
446 0.9808770927 0.09679923958 0.05738472069
447 0.9808770927 0.08587584298 0.05452876321
448 0.9808770927 0.09325025071 0.05703733782
449 0.9808770927 0.09906932955 0.06269694968
450 0.9808770927 0.1039328495 0.06271313438
451 0.9808770927 0.09510835723 0.06212193315
452 0.9808770927 0.1018376486 0.06176888477
453 0.9808770927 0.08062669401 0.04734393028
454 0.9808770927 0.07207929185 0.04117218485
455 0.9808770927 0.07121729223 0.04161759134
456 0.9808770927 0.06585623312 0.04049325004
457 0.9808770927 0.09455867121 0.05573757374
458 0.9808770927 0.1072365375 0.06257853911
459 0.9912721376 0.1203331965 0.07320922898
460 0.9912721376 0.1174035064 0.05950152404
461 0.9912721376 0.09819909341 0.04882417169
462 0.9912721376 0.1022483299 0.05219953818
463 0.9912721376 0.09978251405 0.05072478455
464 0.9912721376 0.08409180631 0.04430105479
465 0.9912721376 0.1072057005 0.05891967463
466 0.9912721376 0.08376289996 0.04899138679
467 0.9912721376 0.09084321985 0.05278348346
468 0.9912721376 0.07448450904 0.04340939063
469 0.9912721376 0.07360302876 0.05030086422
470 0.9912721376 0.07039306524 0.04991401732
471 0.9912721376 0.08025370125 0.04995301276
472 0.9912721376 0.08672178878 0.05760761766
473 0.9912721376 0.07076577579 0.04449655268
474 0.9912721376 0.09340445851 0.06394760024
475 0.9912721376 0.09363170489 0.06382895879
476 0.9912721376 0.08137112497 0.05776471993
477 0.9912721376 0.08151565886 0.05931996859
478 0.9912721376 0.08071484183 0.04966126703
479 0.9912721376 0.09371937896 0.06048940687
480 0.9912721376 0.07370612484 0.05320910804
481 0.9912721376 0.096246183 0.06697818802
482 0.9912721376 0.08442623453 0.05498922052
483 0.9912721376 0.08049869881 0.05177688532
484 0.9912721376 0.09363234286 0.05106848991
485 0.9912721376 0.1008289195 0.0564108972
486 0.9912721376 0.07646111524 0.04375077418
487 0.9912721376 0.08784950617 0.05380877021
488 0.9912721376 0.09736110579 0.05905895331
489 0.9912721376 0.09236925595 0.05832039308
490 0.9912721376 0.09103516583 0.06191158606
491 0.9912721376 0.0932503877 0.05617174616
492 0.9912721376 0.0942046453 0.06336136596
493 0.9912721376 0.08483156244 0.05453723947
494 0.9912721376 0.09403368842 0.05732195817
495 0.9912721376 0.09841712729 0.05571866886
496 0.9912721376 0.1025029423 0.05713971957
497 0.9912721376 0.08624725937 0.0449839754
498 0.9912721376 0.0875347204 0.05093343903
499 0.9912721376 0.09149787914 0.04965044428
500 0.9912721376 0.1135840238 0.06187300739
501 0.9912721376 0.0885418626 0.0469743287
502 0.9912721376 0.07828202825 0.0420129219
503 0.9912721376 0.1065880034 0.05957114927
504 0.9912721376 0.09484165393 0.05257434692
505 0.9912721376 0.0835501505 0.05132809063
506 0.9912721376 0.09681788597 0.05188415507
507 0.9912721376 0.08822048948 0.04932850645
508 0.9912721376 0.1053182998 0.05299940864
509 0.9912721376 0.1060715555 0.0508761704
510 0.9912721376 0.1161046729 0.05720405966
511 0.9912721376 0.1092916022 0.05933928954
512 0.9912721376 0.100893157 0.05646715994
513 0.9912721376 0.09872156414 0.05744694403
514 0.9912721376 0.1036772998 0.06141784358
515 0.9912721376 0.08861427982 0.05257138899
516 0.9912721376 0.08954159553 0.05373374899
517 0.9912721376 0.09467553171 0.05216415228
518 0.9912721376 0.08308464631 0.04806423287
519 0.9912721376 0.07959847757 0.04588091694
520 0.9912721376 0.1005515623 0.05372113304
521 0.9912721376 0.1086433899 0.05531607726
522 0.9912721376 0.09840374234 0.04983521995
523 0.9912721376 0.1231305262 0.06251837054
524 0.9912721376 0.0968797406 0.05167309859
525 0.9912721376 0.1056334774 0.05624059723
526 0.9912721376 0.1041165257 0.0566787234
527 0.9912721376 0.09772652062 0.05117277703
528 0.9912721376 0.08228026074 0.04585410025
529 0.9942227331 0.08020432661 0.04989540566
530 0.9942227331 0.07756673686 0.04403725413
531 0.9942227331 0.07660723379 0.04564546435
532 0.9942227331 0.103458369 0.0606256483
533 0.9942227331 0.07935137562 0.04600821777
534 0.9942227331 0.08576533257 0.05059680388
535 0.9942227331 0.08476315781 0.05066353007
536 0.9942227331 0.09449085288 0.05169904814
537 0.9942227331 0.09709003518 0.06090226355
538 0.9942227331 0.0785413259 0.0514364774
539 0.9942227331 0.07578782032 0.04568373357
540 0.9942227331 0.09825026491 0.06189247744
541 0.9942227331 0.07890870439 0.04718302266
542 0.9942227331 0.09118372589 0.05647269886
543 0.9942227331 0.07040266997 0.04237472869
544 0.9942227331 0.06391501082 0.04511758502
545 0.9942227331 0.06852336578 0.04445564985
546 0.9942227331 0.07823906122 0.04919762128
547 0.9942227331 0.06418556524 0.0435248217
548 0.9942227331 0.05543502614 0.03831315889
549 0.9942227331 0.07338837579 0.04529231924
550 0.9942227331 0.07211115561 0.05238561394
551 0.9942227331 0.06071872884 0.03933836278
552 0.9942227331 0.0678754979 0.04542547611
553 0.9942227331 0.07887952445 0.05203377947
554 0.9942227331 0.07893866531 0.05554020784
555 0.9942227331 0.07737109996 0.05126133116
556 0.9942227331 0.07599176638 0.05009265275
557 0.9942227331 0.06889704021 0.04958676359
558 0.9942227331 0.09662071132 0.05828254924
559 0.9942227331 0.1149651366 0.06505988208
560 0.9942227331 0.1132617574 0.06777210855
561 0.9942227331 0.09505925177 0.05504910181
562 0.9942227331 0.09592115671 0.05338024678
563 0.9942227331 0.07948189359 0.04287388285
564 0.9942227331 0.09107434285 0.05631371852
565 0.9942227331 0.1037361952 0.06519496544
566 0.9942227331 0.07935446585 0.04783078191
567 0.9942227331 0.095279872 0.05509392097
568 0.9942227331 0.1221210721 0.07261675685
569 0.9942227331 0.1100479688 0.064758564
570 0.9942227331 0.09733544437 0.0554546025
571 0.9942227331 0.08803402678 0.05049007819
572 0.9942227331 0.1056225521 0.06199675701
573 0.9942227331 0.0842504639 0.05092535055
574 0.9942227331 0.08205659672 0.05987442668
575 0.9942227331 0.09065387626 0.05717234745
576 0.9942227331 0.07483757942 0.05208929308
577 0.9942227331 0.09028640896 0.05541727354
578 0.9942227331 0.1018718393 0.06131878696
579 0.9942227331 0.1075748006 0.06923487708
580 0.9942227331 0.09015587698 0.05831471012
581 0.9942227331 0.08371702321 0.0507191012
582 0.9942227331 0.08842906668 0.0494816426
583 0.9942227331 0.09359015712 0.05806373031
584 0.997995179 0.09288649323 0.05794190223
585 0.997995179 0.08353508821 0.05563776528
586 0.997995179 0.07748054376 0.04856327975
587 0.997995179 0.08386889959 0.05135224983
588 0.997995179 0.08867178788 0.06232404274
589 0.997995179 0.09829295048 0.05997343672
590 0.997995179 0.08132586087 0.05503533175
591 0.997995179 0.07844151233 0.05010002276
592 0.997995179 0.08821186921 0.05425317353
593 0.997995179 0.09473619708 0.05131127933
594 0.997995179 0.09715808781 0.04896811427
595 0.997995179 0.09711967721 0.0480345034
596 0.997995179 0.1123959886 0.05885366814
597 0.997995179 0.1100410582 0.04892595326
598 0.997995179 0.1168092216 0.06139243997
599 0.997995179 0.1101909194 0.0675366284
600 0.997995179 0.1010059857 0.0558012979
601 0.997995179 0.08580367891 0.04445486835
602 0.997995179 0.0998244995 0.05275071923
603 0.997995179 0.09849527452 0.05864886169
604 0.997995179 0.08867646431 0.05465186081
605 0.997995179 0.08773852814 0.05505925966
606 0.997995179 0.1115593547 0.06573093146
607 0.997995179 0.0898699022 0.04923309873
608 0.997995179 0.110173616 0.06336587874
609 0.997995179 0.1306854788 0.07200570757
610 0.997995179 0.1054813943 0.06040679027
611 0.997995179 0.1086010721 0.05884201588
612 0.997995179 0.1243543695 0.05886361564
613 0.997995179 0.1101449567 0.05405936024
614 0.997995179 0.1052393988 0.05501496718
615 0.997995179 0.1119768817 0.06240974058
616 0.997995179 0.08960041417 0.04784475693
617 0.997995179 0.1156219477 0.05276996556
618 0.997995179 0.1257807446 0.05741853786
619 0.997995179 0.1257978428 0.05871860767
620 0.997995179 0.1339986486 0.0568976088
621 0.997995179 0.1312309304 0.05769215613
622 0.997995179 0.1260247494 0.05878592198
623 0.997995179 0.1367779836 0.05605286071
624 0.9983157165 0.1464553941 0.06288726232
625 0.9983157165 0.1349351347 0.06221443386
626 0.9983157165 0.13991662 0.06535517574
627 0.9983157165 0.1418914373 0.06891711759
628 0.9983157165 0.1569558245 0.05984738342
629 0.9983157165 0.148380357 0.06485185068
630 0.9983157165 0.1536845346 0.06892954518
631 0.9983157165 0.1358648268 0.07210679673
632 0.9983157165 0.1265420121 0.05935373979
633 0.9983157165 0.115911927 0.05892420369
634 0.9983157165 0.1248310514 0.06414038976
635 0.9983157165 0.1202382103 0.0634274449
636 0.9983157165 0.1057723397 0.051050426
637 0.9983157165 0.1051012116 0.05564352203
638 0.9983157165 0.1206126373 0.05576421492
639 0.9983157165 0.1157170437 0.06161189232
640 0.9983157165 0.1160818242 0.06045119809
641 0.9983157165 0.1055439457 0.04938059847
642 0.9983157165 0.1070390815 0.05949120988
643 0.9983157165 0.1045106647 0.05555042218
644 0.9983157165 0.1184965487 0.06236778639
645 0.9983157165 0.1135798494 0.06019100239
646 0.9983157165 0.1178672998 0.07109254452
647 0.9983157165 0.0962609368 0.05453465207
648 0.9983157165 0.1136543394 0.06120747463
649 0.9983157165 0.1059165502 0.05249035249
650 0.9983157165 0.107713796 0.05430791406
651 0.9983157165 0.1132314185 0.06293428123
652 0.9983157165 0.1160316435 0.05775416186
653 0.9983157165 0.1043015008 0.05439347563
654 0.9983157165 0.09671506301 0.05075029879
655 0.9983157165 0.127829523 0.0661014615
656 0.9983157165 0.1069609762 0.05639677965
657 0.9983157165 0.0988679174 0.05225406623
658 0.9983157165 0.08756521837 0.04668871516
659 0.9983157165 0.09056376176 0.04521451495
660 0.9983157165 0.1107246728 0.05300030465
661 0.9983157165 0.09776795889 0.04893431909
662 0.9983157165 0.08831160835 0.050622388
663 0.9983157165 0.09362655612 0.04791558921
664 0.9983157165 0.0998702589 0.05696265677
665 0.9983157165 0.1182406913 0.06621736784
666 0.9983157165 0.0823164072 0.04142117724
667 0.9983157165 0.0938365948 0.0521275087
668 0.9983157165 0.08569679679 0.04919383341
669 0.9983157165 0.1084322708 0.06273549058
670 0.9983157165 0.1039558183 0.06765325473
671 0.9983157165 0.1028778893 0.04805720066
672 0.9983157165 0.1109390645 0.06022050652
673 0.9983157165 0.1158120681 0.06323928635
674 0.9983157165 0.1129148507 0.05755527443
675 0.9983157165 0.09834813328 0.04938155503
676 0.9983157165 0.1034933556 0.05437758822
677 0.9983157165 0.1142212267 0.06927040829
678 0.9983157165 0.100518374 0.05673070731
679 0.9983157165 0.1080672971 0.0576608697
680 0.9983157165 0.1040079816 0.05070999155
681 0.9983157165 0.1289158504 0.06633190526
682 0.9983157165 0.1096153737 0.05542128431
683 0.9983157165 0.1124567432 0.05667159248
684 0.9983157165 0.1030333429 0.06037006313
685 0.9983157165 0.1044241799 0.06421445475
686 0.9983157165 0.09690870959 0.05442826717
687 0.9983157165 0.1080665875 0.06003492478
688 0.9983157165 0.1043314759 0.06547554295
689 0.9983157165 0.09517609473 0.05381874317
690 0.9983157165 0.0757449999 0.05065015095
691 0.9983157165 0.09027842898 0.05626849433
692 0.9983157165 0.07658980781 0.04388145292
693 0.9983157165 0.07574466752 0.04903999719
694 0.9983157165 0.09770547114 0.05950788819
695 0.9983157165 0.08820775629 0.05409228761
696 0.9983157165 0.0902038199 0.06341297292
697 0.9983157165 0.0766862674 0.04896165122
698 0.9983157165 0.08336165371 0.04892083372
699 0.9983157165 0.08720277883 0.05297322791
700 0.9983157165 0.09950793856 0.05746971607
701 0.9983157165 0.07215240036 0.04884373343
702 0.9983157165 0.1107398658 0.07170051306
703 0.9983157165 0.08391003731 0.04502071869
704 0.9983157165 0.07974359799 0.05033048666
705 0.9983157165 0.1164896296 0.07333684255
706 0.9983157165 0.09389304253 0.05168092408
707 0.9983157165 0.1047502822 0.05643213784
708 0.9983157165 0.09685570642 0.05124715943
709 0.9983157165 0.114015433 0.06106518203
710 0.9983157165 0.1022910256 0.05196880773
711 0.9983157165 0.1195107699 0.06380262171
712 0.9983157165 0.09183866846 0.0459411719
713 0.9983157165 0.1017657717 0.05481065815
714 0.9983157165 0.09179276096 0.05009636798
715 0.9983157165 0.08306482411 0.04471698273
716 0.9983157165 0.09263391608 0.04733182153
717 0.9983157165 0.1092989176 0.05666209865
718 0.9983157165 0.1135532187 0.06678548631
719 0.9983157165 0.1263320251 0.06135084219
720 0.9983157165 0.1049704291 0.05881653351
721 0.9983157165 0.1058530717 0.05270796695
722 0.9983157165 0.1166682564 0.05687168904
723 0.9983157165 0.1107557162 0.05527292835
724 0.9983157165 0.09482814813 0.05396474696
725 0.9983157165 0.1009154028 0.05895482991
726 0.9983157165 0.1403936244 0.07971445621
727 0.9983157165 0.1261919737 0.06724857352
728 0.9983157165 0.1080514767 0.05857748848
729 0.9983157165 0.09051481296 0.05155709399
730 0.9983157165 0.08231395994 0.04594854562
731 0.9983157165 0.08672067064 0.05016075242
732 0.9983157165 0.07954731428 0.04972277339
733 0.9983157165 0.09664342167 0.05857439887
734 0.9983157165 0.09455609173 0.0507366831
735 0.9983157165 0.1021328197 0.06062566558
736 0.9983157165 0.07353457773 0.04909852616
737 0.9988062719 0.08674243669 0.05825752961
738 0.9988062719 0.0817336175 0.05280684009
739 0.9988062719 0.1051025698 0.05657245671
740 0.9988062719 0.09538212736 0.05188622854
741 0.9988062719 0.09956711625 0.05596748102
742 0.9988062719 0.1123268221 0.0562778833
743 0.9988062719 0.1213196198 0.06616632332
744 0.9988062719 0.1273831975 0.07191418281
745 0.9988062719 0.1286150499 0.0672814277
746 0.9988062719 0.1391028509 0.07104413592
747 0.9988062719 0.1277245768 0.05807580413
748 0.9988062719 0.1102562553 0.05535677058
749 0.9988062719 0.10690456 0.05556401742
750 0.9988062719 0.09302093958 0.05346689753
751 0.9988062719 0.09629219811 0.05270321492
752 0.9988062719 0.09475426997 0.06005248681
753 0.9988062719 0.1283120534 0.08266577009
754 0.9988062719 0.08775329845 0.04395482702
755 0.9988062719 0.08640435179 0.04351452983
756 0.9988062719 0.1135706198 0.06031255976
757 0.9988062719 0.08733831981 0.05234013251
758 0.9988062719 0.07945501711 0.05300862849
759 0.9988062719 0.06615219487 0.0432912602
760 0.9988062719 0.07534630962 0.05292164792
761 0.9988062719 0.07686704526 0.04606757608
762 0.9988062719 0.08972401522 0.05869475796
763 0.9988062719 0.1069104698 0.0638153317
764 0.9988062719 0.08526472567 0.05746633195
765 0.9988062719 0.07696352451 0.04858832663
766 0.9988062719 0.06931083712 0.04998971082
767 0.9988062719 0.08443969654 0.05548176913
768 0.9988062719 0.08504307523 0.05493763497
769 0.9988062719 0.0900088243 0.05299307528
770 0.9988062719 0.08467011327 0.0491391927
771 0.9988062719 0.07771243431 0.04358047648
772 0.9988062719 0.07454035817 0.04057604155
773 0.9988062719 0.07815429302 0.04449304832
774 0.9988062719 0.09733449183 0.0532391174
775 0.9988062719 0.09612890274 0.05510290445
776 0.9988062719 0.1025546545 0.05948270188
777 0.9988062719 0.1068204051 0.06301271885
778 0.9988062719 0.1039610153 0.06023535337
779 0.9988062719 0.1390657539 0.08250315906
780 0.9988062719 0.105080202 0.05843008678
781 0.9988062719 0.1178734913 0.07023121793
782 0.9988062719 0.1193878089 0.06449129891
783 0.9988062719 0.113716521 0.06395900685
784 0.9988062719 0.1200728575 0.06145371325
785 0.9988062719 0.1299435591 0.07048542108
786 0.9988062719 0.1247620899 0.06873475639
787 0.9988062719 0.1381645131 0.06735144865
788 0.9988062719 0.1200605426 0.06585860809
789 0.9988062719 0.1015701991 0.05952882274
790 0.9988062719 0.1124962083 0.05895051228
791 0.9988062719 0.104524817 0.06045890389
792 0.9988062719 0.1121109943 0.06441777975
793 0.9988062719 0.1167624011 0.05998694715
794 0.9988062719 0.0905108911 0.0498833417
795 0.9988062719 0.09974399872 0.05249392058
796 0.9988062719 0.09264832115 0.05156661944
797 0.9988062719 0.0981658965 0.06017802308
798 0.9988062719 0.08649310524 0.04864589385
799 0.9988062719 0.1100779792 0.0623236226
800 0.9988062719 0.0856093396 0.05310076832
801 0.9988062719 0.07448564332 0.04144485879
802 0.9988062719 0.0791912485 0.04574979114
803 0.9988062719 0.098751146 0.05064727031
804 0.9988062719 0.07049012348 0.04542376177
805 0.9988062719 0.07811967478 0.04617376709
806 0.9988062719 0.1047366415 0.05371743788
807 0.9988062719 0.08968934662 0.04487613852
808 0.9988062719 0.0933394395 0.05726000885
809 0.9988062719 0.09106768788 0.05253454284
810 0.9988062719 0.09003753988 0.05395198768
811 0.9988062719 0.08897816036 0.05002133064
812 0.9988062719 0.1001922251 0.06343866621
813 0.9988062719 0.07463880589 0.04407223523
814 0.9988062719 0.09159921523 0.05200219583
815 0.9988062719 0.09510358502 0.06315699862
816 0.9988062719 0.0992209274 0.06392781455
817 0.9988062719 0.08941773834 0.05072905794
818 0.9988062719 0.07850635965 0.04643755859
819 0.9988062719 0.1088588924 0.06174060047
820 0.9988062719 0.1266997018 0.07576245403
821 0.9988062719 0.09451234236 0.05684618109
822 0.9988062719 0.09185585345 0.05469745941
823 0.9988062719 0.1098039086 0.06187355315
824 0.9988062719 0.09657498385 0.04968326832
825 0.9988062719 0.08588363182 0.04263044839
826 0.9988062719 0.1041928624 0.05717707928
827 0.9988062719 0.1157856781 0.0655027
828 0.9988062719 0.08897362116 0.04970490086
829 0.9988062719 0.08976513544 0.05319791557
830 0.9988062719 0.09939580679 0.0582668135
831 0.9988062719 0.1003001349 0.0550501204
832 0.9988062719 0.09375231625 0.05832153035
833 0.9988062719 0.1361620886 0.07724329942
834 0.9988062719 0.117497401 0.06741421121
835 0.9988062719 0.1137974634 0.05576875371
836 0.9988062719 0.1122549117 0.06215393689
837 0.9988062719 0.1079741829 0.05340457201
838 0.9988062719 0.1023064882 0.05604445783
839 0.9988062719 0.1060958385 0.05635603284
840 0.9988062719 0.1192673915 0.05686987311
841 0.9988062719 0.1151102242 0.0555746991
842 0.9988062719 0.09489581648 0.04767382788
843 0.9988062719 0.1092345582 0.06055880083
844 0.9988062719 0.132909156 0.05925387895
845 0.9988062719 0.1414003795 0.06537456827
846 0.9988062719 0.121461502 0.06631012398
847 0.9988062719 0.09144864437 0.04513732822
848 0.9988062719 0.1271565463 0.06385643314
849 0.9988062719 0.1267857226 0.0661362934
850 0.9988062719 0.1070206815 0.05080573316
851 0.9988062719 0.09827919932 0.05003813621
852 0.9988062719 0.0958234129 0.05224300433
853 0.9988062719 0.1086376244 0.05889903049
854 0.9988062719 0.0879585023 0.05122936387
855 0.9988062719 0.09266975095 0.05368266868
856 0.9988062719 0.1027065846 0.05886371598
857 0.9988062719 0.1191895254 0.06682214531
858 0.9988062719 0.1080329229 0.05596514647
859 0.9988062719 0.1085951557 0.05925042311
860 0.9988062719 0.1196227987 0.06487526818
861 0.9988062719 0.1215130199 0.06269390526
862 0.9988062719 0.1273961427 0.06014680961
863 0.9988062719 0.1349404226 0.06700111238
864 0.9988062719 0.1314345616 0.06655480813
865 0.9988062719 0.1160008722 0.05922785394
866 0.9988062719 0.09957783074 0.05369808527
867 0.9988062719 0.1029359394 0.05713553521
868 0.9988062719 0.1039701244 0.05525575887
869 0.9988062719 0.09097265615 0.05134170949
870 0.9988062719 0.07901351627 0.04565410967
871 0.9988062719 0.0993366005 0.05860117221
872 0.9988062719 0.08450706867 0.04818451343
873 0.9988062719 0.08925567694 0.05289004157
874 0.9988062719 0.09749323686 0.05969617186
875 0.9988062719 0.1182423603 0.06589534998
876 0.9988062719 0.1064964967 0.06269125007
877 0.9988062719 0.1038679804 0.06198218054
878 0.9988062719 0.1018396869 0.06388674683
879 0.9988062719 0.08089963885 0.04762676994
880 0.9988062719 0.08852936584 0.05127788181
881 0.9988062719 0.07732370959 0.04607950647
882 0.9988062719 0.07148181091 0.04405851927
883 0.9988062719 0.07439034518 0.04191276563
884 0.9988062719 0.09832602203 0.05944774941
885 0.9988062719 0.08576036193 0.05465998341
886 0.9988062719 0.09040186374 0.05506007548
887 0.9988062719 0.07945066084 0.04688460603
888 0.9988062719 0.08898146752 0.05072344329
889 0.9988062719 0.09394052363 0.05871027769
890 0.9988062719 0.09628200226 0.06372435524
891 0.9988062719 0.09453591568 0.05822937817
892 0.9988062719 0.1117964839 0.0591526465
893 0.9988062719 0.1111663662 0.05615523109
894 0.9988062719 0.08596755972 0.04596848819
895 0.9988062719 0.1048502437 0.05939483163
896 0.9988062719 0.105738224 0.05445002575
897 0.9988062719 0.1181086639 0.06590733473
898 0.9988062719 0.1199134208 0.06847059863
899 0.9988062719 0.1159488506 0.06485088564
900 0.9988062719 0.1112485568 0.06014477933
901 0.9988062719 0.1015181217 0.06062115892
902 0.9988062719 0.1031774442 0.06340999655
903 0.9988062719 0.08846234704 0.05428288171
904 0.9988062719 0.08476075983 0.05427789379
905 0.9988062719 0.08106576643 0.05994195893
906 0.9988062719 0.08222996485 0.06130498879
907 0.9988062719 0.08696197631 0.06173010174
908 0.9988062719 0.07188170574 0.04810802409
909 0.9988062719 0.08169167595 0.05147002604
910 0.9988062719 0.07260430553 0.04170390168
911 0.9988062719 0.06418234802 0.03981032512
912 0.9988062719 0.05579516936 0.04074564807
913 0.9988062719 0.08779662132 0.05176345129
914 0.9988062719 0.07466714002 0.04350716623
915 0.9988062719 0.08508413499 0.05242086956
916 0.9988062719 0.09913422221 0.06375150965
917 0.9988062719 0.08719395048 0.0501008615
918 0.9988062719 0.08531849879 0.04491355188
919 0.9988062719 0.1038800589 0.06021783917
920 0.9988062719 0.1112338999 0.06178017543
921 0.9988062719 0.09176277756 0.05867666727
922 0.9988062719 0.09637098359 0.05914462807
923 0.9988062719 0.09361556674 0.05097658894
924 0.9988062719 0.09610889713 0.05235303003
925 0.9988062719 0.09754214126 0.05475002714
926 0.9988062719 0.08289745115 0.04908848213
927 0.9988062719 0.06290246389 0.04001940222
928 0.9988062719 0.07384868395 0.04749396887
929 0.9988062719 0.08758751441 0.05261013713
930 0.9988062719 0.08102457155 0.05138942917
931 0.9988062719 0.07970523082 0.05076022792
932 0.9988062719 0.09420815582 0.05837937768
933 0.9988062719 0.06908202449 0.04018399526
934 0.9988062719 0.08167284362 0.05164643341
935 0.9988062719 0.07908588195 0.04981611926
936 0.9988062719 0.07499302953 0.04417302611
937 0.9988062719 0.09700893836 0.05425406686
938 0.9988062719 0.07968401267 0.05015505248
939 0.9988062719 0.07889361093 0.0451457303
940 0.9988062719 0.07463830545 0.04419169913
941 0.9988062719 0.09057046179 0.04978132042
942 0.9988062719 0.08801607189 0.04717392844
943 0.9988062719 0.09754685809 0.05898327956
944 0.9988062719 0.1006852509 0.05377587341
945 0.9988062719 0.09073645292 0.05483559711
946 0.9988062719 0.09841666555 0.05438038282
947 0.9988062719 0.1250698551 0.06552941882
948 0.9988062719 0.09436962981 0.04754400135
949 0.9990871129 0.1047291418 0.05984656498
950 0.9990871129 0.1119999572 0.06101407972
951 0.9990871129 0.1172676453 0.07302641401
952 0.9990871129 0.1220176512 0.06386340175
953 0.9990871129 0.1319469915 0.0789070677
954 0.9990871129 0.1060687395 0.05830712757
955 0.9990871129 0.1064896321 0.05402903059
956 0.9990871129 0.1224218031 0.06011818782
957 0.9990871129 0.1270800664 0.06877999356
958 0.9990871129 0.1304587549 0.0612263298
959 0.9990871129 0.1115814408 0.06383575442
960 0.9991474594 0.1136394874 0.06833047874
961 0.9991474594 0.0941349966 0.05110739808
962 0.9991474594 0.1016034791 0.05402298902
963 0.9991474594 0.111092806 0.06520058746
964 0.9991474594 0.1224410755 0.06953054605
965 0.9991474594 0.1316391065 0.07705852864
966 0.9991474594 0.1069149154 0.06525019952
967 0.9991474594 0.116472924 0.06883489675
968 0.9991474594 0.101298501 0.05456153831
969 0.9991474594 0.1094277294 0.0566406587
970 0.9991474594 0.1070099034 0.05672232719
971 0.9991474594 0.1030775266 0.05083113459
972 0.9991474594 0.1097012318 0.05463133187
973 0.9991474594 0.1183419273 0.06003367056
974 0.9991474594 0.1022856654 0.05467566047
975 0.9991474594 0.09543212086 0.05255316943
976 0.9991474594 0.09540534417 0.05677646465
977 0.9991474594 0.09114615493 0.05683291286
978 0.9991474594 0.118534322 0.07210607158
979 0.9991474594 0.1161607778 0.06949212303
980 0.9991474594 0.1109606517 0.0618570039
981 0.9991474594 0.1085527607 0.06774119522
982 0.9991474594 0.1288203282 0.0797408464
983 0.9991474594 0.1079669808 0.06208700141
984 0.9991474594 0.08385768715 0.04446145084
985 0.9991474594 0.09103921901 0.04506015321
986 0.9991474594 0.1010916866 0.05802877555
987 0.9991474594 0.1047843568 0.06156585338
988 0.9991474594 0.1052378064 0.05955405598
989 0.9991474594 0.1124954609 0.06066638864
990 0.9991474594 0.08559214789 0.04830859306
991 0.9991474594 0.1091522563 0.05760772538
992 0.9991474594 0.1169681982 0.05963421915
993 0.9991474594 0.08753685684 0.05071526165
994 0.9991474594 0.09829564466 0.04844854107
995 0.9991474594 0.1192295719 0.0590237111
996 0.9991474594 0.1139324152 0.05542849921
997 0.9991474594 0.09624046979 0.05001372742
998 0.9991474594 0.07901710318 0.0437180589
999 0.9991474594 0.1022255341 0.05610475858
1000 0.9991474594 0.1123355838 0.0612423085
1001 0.9991474594 0.09238849748 0.05281508924
1002 0.9991474594 0.08933526358 0.0505789603
1003 0.9991474594 0.09283205429 0.05418800336
1004 0.9991474594 0.08585066055 0.04621403
1005 0.9991474594 0.08331992869 0.0519507013
1006 0.9991474594 0.09214539507 0.05619179047
1007 0.9991474594 0.1161512465 0.06892759109
1008 0.9991474594 0.1173157856 0.06667712205
1009 0.9991474594 0.1099541341 0.05363872575
1010 0.9991474594 0.09087321487 0.04691684033
1011 0.9991474594 0.09640477519 0.0584095299
1012 0.9991474594 0.09725631099 0.05293138858
1013 0.9991474594 0.1038756241 0.05879452195
1014 0.9991474594 0.1094236758 0.05942017919
1015 0.9991474594 0.1133103384 0.073712437
1016 0.9991474594 0.1108081331 0.06831635475
1017 0.9991474594 0.1035236078 0.05938554915
1018 0.9991474594 0.1221464632 0.07123620348
1019 0.9991474594 0.120452712 0.06713798402
1020 0.9991474594 0.1053883196 0.05754974021
1021 0.9991474594 0.1148567721 0.06661820933
1022 0.9991474594 0.1181043152 0.06879154737
1023 0.9991474594 0.116562381 0.05839047594
1024 0.9991474594 0.1063533395 0.06770559976
1025 0.9991474594 0.1057860616 0.06050939511
1026 0.9991474594 0.1089390371 0.05916691586
1027 0.9991474594 0.102889025 0.05294644335
1028 0.9991474594 0.1108681657 0.05894346652
1029 0.9991474594 0.1329213747 0.064576682
1030 0.9991474594 0.1300169728 0.06907350852
1031 0.9991474594 0.1037418145 0.05238991681
1032 0.9991474594 0.08741650074 0.04861909391
1033 0.9991474594 0.08795239346 0.04868952337
1034 0.9991474594 0.08836517001 0.05078745964
1035 0.9991474594 0.09425291623 0.0496564125
1036 0.9991474594 0.09733738336 0.05472911435
1037 0.9991474594 0.1007977263 0.06776075816
1038 0.9991474594 0.086111764 0.05209360839
1039 0.9991474594 0.07981807724 0.04499634024
1040 0.9991474594 0.08748900909 0.05042896341
1041 0.9991474594 0.107961045 0.05976094663
1042 0.9991474594 0.1169459676 0.05959168698
1043 0.9991474594 0.1279291436 0.06621713967
1044 0.9991474594 0.1146503377 0.05707400678
1045 0.9991474594 0.116866388 0.06426131585
1046 0.9991474594 0.1155679688 0.06811311835
1047 0.9991474594 0.1156874745 0.05944328325
1048 0.9991474594 0.120865351 0.0634722246
1049 0.9991474594 0.1085468078 0.05921539987
1050 0.9991474594 0.09751469157 0.0471754739
1051 0.9991474594 0.1020473984 0.05517942711
1052 0.9991474594 0.1352884523 0.07397493985
1053 0.9991474594 0.1278227637 0.06904737749
1054 0.9991474594 0.1253868347 0.06797318672
1055 0.9991474594 0.09501257626 0.04840408951
1056 0.9991474594 0.1014037533 0.0526544174
1057 0.9991474594 0.1301120584 0.07025922812
1058 0.9991474594 0.1092218917 0.05129113154
1059 0.9991474594 0.1006714995 0.04773977162
1060 0.9991474594 0.1105768063 0.06042483036
1061 0.9991474594 0.1101597034 0.05998133467
1062 0.9991474594 0.1277604454 0.06054167132
1063 0.9991474594 0.1220849203 0.06633738913
1064 0.9991474594 0.1293290859 0.0614326892
1065 0.9991474594 0.1561021347 0.08209200408
1066 0.9991474594 0.1203142615 0.06455344533
1067 0.9991474594 0.1154102516 0.06447773997
1068 0.9991474594 0.1158714813 0.06523425676
1069 0.9991474594 0.1111767654 0.05881492698
1070 0.9991474594 0.1107968968 0.05821431838
1071 0.9991474594 0.1469980161 0.07806176644
1072 0.9991474594 0.1046303037 0.05667145563
1073 0.9991474594 0.1181291579 0.0641787789
1074 0.9991474594 0.09470532993 0.05240856647
1075 0.9991474594 0.0893030174 0.05316700649
1076 0.9991474594 0.08462460338 0.04963842866
1077 0.9991474594 0.09133003154 0.06166816077
1078 0.9991474594 0.09452020506 0.05852086059
1079 0.9991474594 0.1048495302 0.05835124821
1080 0.9991744134 0.1130624282 0.06855575815
1081 0.9991744134 0.09103038602 0.0560252493
1082 0.9991744134 0.1116274206 0.06301846559
1083 0.9991744134 0.09312532398 0.05230584935
1084 0.9991744134 0.08585284014 0.04879074555
1085 0.9991744134 0.07583672283 0.0443000034
1086 0.9991744134 0.08912690085 0.05319372103
1087 0.9991744134 0.09896519237 0.06027371415
1088 0.9991744134 0.100234297 0.05970827629
1089 0.9991744134 0.100066615 0.05277815089
1090 0.9991744134 0.09125663792 0.05256526938
1091 0.9991744134 0.09368114219 0.05382781655
1092 0.9991744134 0.09899397608 0.05922991769
1093 0.9991744134 0.105093853 0.05651434523
1094 0.9991744134 0.1015021465 0.06392135792
1095 0.9991744134 0.09801126675 0.05926976672
1096 0.9991744134 0.129036404 0.0724009435
1097 0.9991744134 0.1330119351 0.06998986492
1098 0.9991744134 0.1132952197 0.06097688247
1099 0.9991744134 0.1112978543 0.05455897474
1100 0.9991744134 0.08084442818 0.04491531832
1101 0.9991744134 0.09147141431 0.05298387377
1102 0.9991744134 0.09354493142 0.04996335507
1103 0.9991744134 0.08683635727 0.04659207188
1104 0.9991744134 0.07690852362 0.04378130925
1105 0.9991744134 0.08642193646 0.04666932601
1106 0.9991744134 0.09860724852 0.05714646069
1107 0.9991744134 0.1089509426 0.05649159327
1108 0.9991744134 0.07759219556 0.04461912992
1109 0.9991744134 0.09860279698 0.05843624517
1110 0.9991744134 0.09805233711 0.0624423599
1111 0.9991744134 0.09823953041 0.05726674154
1112 0.9991744134 0.103094576 0.05964445988
1113 0.9991744134 0.08927439463 0.04998654167
1114 0.9991744134 0.08867302864 0.05576262868
1115 0.9991744134 0.1027682864 0.06068232771
1116 0.9991744134 0.1053093214 0.05521135289
1117 0.9991744134 0.1300253546 0.07208689014
1118 0.9991744134 0.09389391251 0.05735662267
1119 0.9991744134 0.07851216444 0.0446120346
1120 0.9991744134 0.0720138025 0.0415237949
1121 0.9991744134 0.1003553023 0.05591804663
1122 0.9991744134 0.09557229968 0.05220443403
1123 0.9991744134 0.0877811254 0.05219717232
1124 0.9991744134 0.07049409067 0.04062920493
1125 0.9991744134 0.08620177481 0.04966890229
1126 0.9991744134 0.1191255772 0.06366733773
1127 0.9991744134 0.09622406561 0.05913385587
1128 0.9991744134 0.08899299472 0.05305050497
1129 0.9991744134 0.09631837661 0.05925303165
1130 0.999277835 0.09081306665 0.05922891517
1131 0.999277835 0.06954827058 0.04313655809
1132 0.999277835 0.08228134569 0.05197118667
1133 0.999277835 0.08544921662 0.05008421107
1134 0.999277835 0.08934580702 0.04934446935
1135 0.999277835 0.1051594601 0.06091010174
1136 0.999277835 0.09549392723 0.0534386943
1137 0.999277835 0.07128230087 0.04311353451
1138 0.999277835 0.07513996954 0.04482880915
1139 0.999277835 0.07249918769 0.04583933722
1140 0.999277835 0.07080900262 0.04354444455
1141 0.999277835 0.07813584223 0.04756216897
1142 0.999277835 0.07698629887 0.04584485199
1143 0.999277835 0.07961951145 0.05081444474
1144 0.999277835 0.08480700479 0.06011156631
1145 0.999277835 0.0800365297 0.05621340186
1146 0.999277835 0.07161340899 0.04271360906
1147 0.999277835 0.06889516818 0.04486499887
1148 0.999277835 0.07638147793 0.05048230096
1149 0.999277835 0.08992256464 0.05348289114
1150 0.999277835 0.06718455823 0.04506455154
1151 0.999277835 0.07496504951 0.05109680899
1152 0.999277835 0.08592586037 0.05837566583
1153 0.999277835 0.08256884856 0.05566123917
1154 0.999277835 0.07581175282 0.05133547265
1155 0.999277835 0.08460832353 0.0522277416
1156 0.999277835 0.07455012783 0.04585180461
1157 0.999277835 0.07086990595 0.04299172627
1158 0.999277835 0.08812046414 0.05972968689
1159 0.999277835 0.09784924706 0.05935823425
1160 0.999277835 0.1064952821 0.06688418608
1161 0.999277835 0.08717928495 0.05620617561
1162 0.999277835 0.08470571686 0.05581509292
1163 0.999277835 0.0757242804 0.04801862294
1164 0.999277835 0.0769041753 0.04917059924
1165 0.999277835 0.06157800598 0.0406963138
1166 0.999277835 0.09661242867 0.05651603859
1167 0.999277835 0.1121385326 0.06203596742
1168 0.999277835 0.1097593021 0.07061573002
1169 0.999277835 0.1026402819 0.05660381892
1170 0.999277835 0.1013745198 0.05620935071
1171 0.999277835 0.0815201273 0.05033678962
1172 0.999277835 0.07647527654 0.04234777634
1173 0.999277835 0.101246536 0.06301074736
1174 0.999277835 0.1191364959 0.07426271467
1175 0.999277835 0.1133820295 0.07134831577
1176 0.999277835 0.1287233643 0.07640664095
1177 0.999277835 0.1170676401 0.06417558292
1178 0.999277835 0.09147401992 0.05546473743
1179 0.999277835 0.1014529543 0.05588911076
1180 0.999277835 0.0987910876 0.05470797532
1181 0.999277835 0.104631808 0.05992262111
1182 0.999277835 0.1172877467 0.06102110413
1183 0.999277835 0.108521671 0.05858275795
1184 0.999277835 0.1003582669 0.04944991133
1185 0.999277835 0.1180290711 0.05527770729
1186 0.999277835 0.09636597818 0.044520306
1187 0.999277835 0.1189798901 0.06126661145
1188 0.999277835 0.1112723243 0.05442448491
1189 0.999277835 0.1191775713 0.06755890623
1190 0.999277835 0.1176444886 0.05849700525
1191 0.999277835 0.1189512531 0.05945234513
1192 0.999277835 0.1183206725 0.05769192813
1193 0.999277835 0.1190727722 0.06203820985
1194 0.999277835 0.1380520233 0.07828794129
1195 0.999277835 0.1194140213 0.05851753247
1196 0.999277835 0.1112436197 0.06103884753
1197 0.999277835 0.09630289457 0.05287126915
1198 0.999277835 0.08124962804 0.04803672969
1199 0.999277835 0.07846847034 0.05266687097
1200 0.999277835 0.0900183688 0.06176426024
1201 0.999277835 0.1141346789 0.0665676443
1202 0.999277835 0.1162779315 0.078143439
1203 0.999277835 0.1030750238 0.06268430114
1204 0.999277835 0.07636714291 0.04467247777
1205 0.999277835 0.08339260207 0.04831521333
1206 0.999277835 0.1011681464 0.06271862094
1207 0.999277835 0.08829851596 0.0488288712
1208 0.999277835 0.09238990036 0.05344241241
1209 0.999277835 0.1060369834 0.05788425739
1210 0.999277835 0.07873776288 0.05056869598
1211 0.999277835 0.07877214024 0.04621267074
1212 0.999277835 0.0848432206 0.0454283345
1213 0.999277835 0.1033340585 0.06101399551
1214 0.999277835 0.135850548 0.07103437051
1215 0.999277835 0.1006146889 0.05747787094
1216 0.999277835 0.1020627472 0.05157367364
1217 0.999277835 0.134981686 0.07436681224
1218 0.999277835 0.1068510077 0.06349705389
1219 0.999277835 0.09808521976 0.05821613038
1220 0.999277835 0.1090213945 0.05729681767
1221 0.999277835 0.1120850558 0.05921762499
1222 0.999277835 0.1194200948 0.06520344604
1223 0.999277835 0.09409759677 0.05653856164
1224 0.999277835 0.1073935267 0.05879952852
1225 0.999277835 0.1164229133 0.06405664739
1226 0.999277835 0.09381224919 0.04577985943
1227 0.999277835 0.1012528185 0.04820113292
1228 0.999277835 0.1059198534 0.05953854888
1229 0.999277835 0.1098103979 0.05828219166
1230 0.999277835 0.1092021422 0.05828818846
1231 0.999277835 0.1194366322 0.05984940624
1232 0.999277835 0.1205333722 0.07210191892
1233 0.999277835 0.07855879388 0.05104916771
1234 0.999277835 0.08051160194 0.04970897473
1235 0.999277835 0.08245777992 0.04502709967
1236 0.999277835 0.08180227691 0.04631342003
1237 0.999277835 0.09152682734 0.05661011317
1238 0.999277835 0.08935979048 0.04945109008
1239 0.999277835 0.1041079769 0.05938699809
1240 0.999277835 0.104141363 0.0633621627
1241 0.999277835 0.1278002164 0.06416670846
1242 0.999277835 0.1124596446 0.05763735278
1243 0.999277835 0.1116144919 0.06817281755
1244 0.999277835 0.103859996 0.05707974805
1245 0.999277835 0.1226311116 0.06792068121
1246 0.999277835 0.1133580469 0.06844457915
1247 0.999277835 0.1110760106 0.05915047042
1248 0.999277835 0.1182109878 0.06192407408
1249 0.999277835 0.1268749651 0.05628154016
1250 0.999277835 0.1190634382 0.05639412585
1251 0.999277835 0.100295253 0.05362667151
1252 0.999277835 0.1057839269 0.05402491279
1253 0.999277835 0.1102190267 0.05361894684
1254 0.999277835 0.1090768251 0.05472227497
1255 0.999277835 0.1078491256 0.05174503631
1256 0.999277835 0.1328647526 0.06330197831
1257 0.999277835 0.1105696183 0.05882860695
1258 0.999277835 0.1029412451 0.05654754185
1259 0.999277835 0.09092184815 0.05110550027
1260 0.999277835 0.08417804877 0.0483981271
1261 0.999277835 0.113103806 0.06670426073
1262 0.999277835 0.09934377487 0.05191014942
1263 0.999277835 0.08598834357 0.04891132833
1264 0.999277835 0.09383194602 0.04408825895
1265 0.999277835 0.1037508116 0.05179912125
1266 0.999277835 0.09668941395 0.05857495151
1267 0.999277835 0.09023615543 0.05574792232
1268 0.999277835 0.1133314792 0.07379342257
1269 0.999277835 0.1135699427 0.07251965364
1270 0.999277835 0.09942963609 0.05781628056
1271 0.999277835 0.08049746129 0.04849622734
1272 0.999277835 0.1004653322 0.05938847141
1273 0.999277835 0.09756915119 0.05836454622
1274 0.999277835 0.09342138421 0.05254313129
1275 0.999277835 0.09306746665 0.05820242433
1276 0.999277835 0.08894916617 0.04643796761
1277 0.999277835 0.09975451338 0.05902987145
1278 0.999277835 0.1105275292 0.06342023852
1279 0.999277835 0.08997420135 0.05380647841
1280 0.999277835 0.0738515065 0.04922452334
1281 0.999277835 0.09779365607 0.06056739542
1282 0.999277835 0.1048901417 0.06159780709
1283 0.999277835 0.1138289955 0.05213090938
1284 0.999277835 0.1128038391 0.0493831641
1285 0.999277835 0.08378220203 0.04339743514
1286 0.999277835 0.08492442566 0.04357466677
1287 0.999277835 0.08681649884 0.05112600376
1288 0.999277835 0.0984480773 0.06233214472
1289 0.999277835 0.1028601918 0.06365007175
1290 0.999277835 0.0828675023 0.04956308103
1291 0.999277835 0.08582708152 0.04913355215
1292 0.999277835 0.0978698761 0.05699905085
1293 0.999277835 0.08359669715 0.05000347727
1294 0.999277835 0.07976696348 0.0456963924
1295 0.999277835 0.08176337779 0.04619221576
1296 0.999277835 0.09061222649 0.05040468518
1297 0.999277835 0.09744846238 0.05178808824
1298 0.999277835 0.1069931856 0.05004395725
1299 0.999277835 0.1113448708 0.05093151313
1300 0.999277835 0.1077324959 0.05484541404
1301 0.999277835 0.1079367985 0.05690673728
1302 0.999277835 0.1074240679 0.05435926712
1303 0.999277835 0.1106583984 0.04928907615
1304 0.999277835 0.09363668143 0.0570061962
1305 0.999277835 0.08144929997 0.04334162183
1306 0.999277835 0.114341274 0.0592168402
1307 0.999277835 0.1182507414 0.06393465485
1308 0.999277835 0.09959740973 0.05711444971
1309 0.999277835 0.138651877 0.06774035684
1310 0.999277835 0.1341775906 0.06885845726
1311 0.999277835 0.09847805234 0.05243624655
1312 0.999277835 0.1061297558 0.05302982145
1313 0.999277835 0.1113629866 0.05795205176
1314 0.999277835 0.1026193424 0.04926171814
1315 0.999277835 0.1084788837 0.05606310232
1316 0.999277835 0.1086562307 0.05362146927
1317 0.999277835 0.09979632116 0.05200916722
1318 0.999277835 0.1024189744 0.05747575866
1319 0.999277835 0.1096089617 0.05591945867
1320 0.999277835 0.09142950869 0.05243061565
1321 0.999277835 0.06953219436 0.04116563071
1322 0.999277835 0.08710190399 0.05007851342
1323 0.999277835 0.107381065 0.06074271226
1324 0.999277835 0.1028335514 0.05427792062
1325 0.999277835 0.09706123798 0.05835917572
1326 0.999277835 0.09491262814 0.05689125094
1327 0.999277835 0.09287458664 0.05624369388
1328 0.999277835 0.1091712891 0.06144387866
1329 0.999277835 0.07146468755 0.04292061174
1330 0.999277835 0.1050943251 0.05976519148
1331 0.999277835 0.1164484774 0.06247171065
1332 0.999277835 0.1123527184 0.06290393696
1333 0.999277835 0.1021896785 0.05297694415
1334 0.999277835 0.1130175817 0.05561324193
1335 0.999277835 0.1149449258 0.05168978524
1336 0.999277835 0.1429212629 0.06070543748
1337 0.999277835 0.1258379072 0.05981723966
1338 0.999277835 0.1097681523 0.06011588367
1339 0.999277835 0.1079335975 0.04988172425
1340 0.999277835 0.1152636123 0.05323194936
1341 0.999277835 0.1052496938 0.05768976493
1342 0.999277835 0.1438955253 0.07603383299
1343 0.999277835 0.1159310973 0.0585121945
1344 0.999277835 0.1187252172 0.05710990435
1345 0.999277835 0.1198491218 0.05946139968
1346 0.999277835 0.1216994525 0.05898895343
1347 0.999277835 0.1156352732 0.06515118222
1348 0.999277835 0.1477287747 0.0841753205
1349 0.999277835 0.1289798138 0.0683123715
1350 0.999277835 0.1174208111 0.06519975801
1351 0.999277835 0.1302635063 0.06729822382
1352 0.999277835 0.1138046836 0.06186593981
1353 0.999277835 0.09095356137 0.04540643948
1354 0.999277835 0.09368739555 0.05276020118
1355 0.999277835 0.1245452693 0.06866918545
1356 0.999277835 0.09953095102 0.05624029092
1357 0.999277835 0.1109962717 0.06366291921
1358 0.999277835 0.09245655663 0.04402246516
1359 0.999277835 0.08619875027 0.04512847467
1360 0.999277835 0.08946163096 0.05007870922
1361 0.999277835 0.1045453022 0.06165762138
1362 0.999277835 0.106658634 0.05853658735
1363 0.999277835 0.1092386012 0.05820411853
1364 0.999277835 0.1107493605 0.0599318439
1365 0.999277835 0.09014556676 0.04649453294
1366 0.999277835 0.09818727329 0.05317868599
1367 0.999277835 0.108983287 0.05250064135
1368 0.999277835 0.1124175738 0.06388032523
1369 0.999277835 0.1053226461 0.05781884864
1370 0.999277835 0.08769910806 0.04823934722
1371 0.999277835 0.08963161749 0.05967977751
1372 0.999277835 0.08957021261 0.04472898811
1373 0.999277835 0.0981251134 0.05111818191
1374 0.999277835 0.1009977823 0.05582366395
1375 0.999277835 0.1165106188 0.06865490702
1376 0.999277835 0.1312326379 0.07383586135
1377 0.999277835 0.1116125831 0.05230529338
1378 0.999277835 0.1173938094 0.06138646021
1379 0.999277835 0.09397822003 0.04694051449
1380 0.999277835 0.09299378394 0.04850541655
1381 0.999277835 0.09656165423 0.05292313994
1382 0.999277835 0.08872440279 0.05134070526
1383 0.999277835 0.09740337217 0.04781481656
1384 0.999277835 0.1105222905 0.06201595736
1385 0.999277835 0.1080334885 0.06367023466
1386 0.999277835 0.09116939374 0.05522041887
1387 0.999277835 0.08139547686 0.059228501
1388 0.999277835 0.06717229044 0.04562054671
1389 0.999277835 0.09380294203 0.05941019029
1390 0.999277835 0.1065394486 0.06328145346
1391 0.999277835 0.08987675147 0.05235783372
1392 0.999277835 0.09668307953 0.05190123981
1393 0.999277835 0.09761486584 0.0503917351
1394 0.999277835 0.100024673 0.05740315395
1395 0.999277835 0.1186420441 0.07367160381
1396 0.999277835 0.1135815056 0.06497235148
1397 0.999277835 0.09168969542 0.051763569
1398 0.999277835 0.09609579681 0.05418337608
1399 0.999277835 0.08331467401 0.05151272548
1400 0.999277835 0.08418761567 0.0486359147
1401 0.999277835 0.09882002384 0.06093410826
1402 0.999277835 0.08390307832 0.05113118243
1403 0.999277835 0.09301149567 0.05455504086
1404 0.999277835 0.07907094069 0.05038616981
1405 0.999277835 0.06537172061 0.04485329256
1406 0.999277835 0.0964498027 0.05864769902
1407 0.999277835 0.1066813547 0.05492357321
1408 0.999277835 0.1023677482 0.05417840891
1409 0.999277835 0.1090870735 0.05438609112
1410 0.999277835 0.08897210828 0.05034943655
1411 0.999277835 0.100377129 0.05621925555
1412 0.999277835 0.1089650462 0.05993745548
1413 0.999277835 0.1097091326 0.06293808873
1414 0.999277835 0.09660464529 0.05453034909
1415 0.999277835 0.1144260979 0.0658028511
1416 0.999277835 0.09467910509 0.0565645721
1417 0.999277835 0.1023391402 0.05461256108
1418 0.999277835 0.1105016895 0.05829720528
1419 0.999277835 0.08220302275 0.05058768184
1420 0.999277835 0.08174740018 0.04748472385
1421 0.999277835 0.08689444399 0.0485990644
1422 0.999277835 0.120271144 0.0716711085
1423 0.999277835 0.1028873655 0.05197467221
1424 0.999277835 0.1125687477 0.06427601481
1425 0.999277835 0.1233989187 0.06767425416
1426 0.999277835 0.08951180794 0.04982304838
1427 0.999277835 0.07729415518 0.04751154366
1428 0.999277835 0.07223153213 0.04481356692
1429 0.999277835 0.07212461978 0.0470141284
1430 0.999277835 0.0892943296 0.05481113064
1431 0.999277835 0.07515383549 0.04762912469
1432 0.999277835 0.08597166613 0.05295642789
1433 0.999277835 0.09212720735 0.05880278497
1434 0.999277835 0.07943987829 0.04581059011
1435 0.999277835 0.09463546051 0.0596557037
1436 0.999277835 0.08389724956 0.05536625119
1437 0.999277835 0.07262577199 0.04631427183
1438 0.999277835 0.07852203158 0.04781052613
1439 0.999277835 0.1078303155 0.06619717334
1440 0.999277835 0.1091668398 0.06170634569
1441 0.999277835 0.1017433745 0.05476129517
1442 0.999277835 0.077499136 0.04283346354
1443 0.999277835 0.09290083762 0.04738041562
1444 0.999277835 0.08715497012 0.04860683742
1445 0.999277835 0.07918808514 0.04597087463
1446 0.999277835 0.09142632087 0.04650541651
1447 0.999277835 0.1105606527 0.06055495495
1448 0.999277835 0.09888870342 0.05259760564
1449 0.999277835 0.09035503592 0.04750041284
1450 0.999277835 0.1076687108 0.06031151063
1451 0.999277835 0.1087062844 0.05567763246
1452 0.999277835 0.08431482373 0.04642016494
1453 0.999277835 0.09385695476 0.0536310238
1454 0.999277835 0.08978253311 0.05577690776
1455 0.999277835 0.1197025439 0.06909879368
1456 0.999277835 0.1122307553 0.06990592091
1457 0.999277835 0.1237622134 0.06685424147
1458 0.999277835 0.09828431358 0.05170364479
1459 0.999277835 0.1104818553 0.05964858503
1460 0.999277835 0.09497421179 0.0501205195
1461 0.999277835 0.1095921898 0.04982791261
1462 0.999277835 0.1087087909 0.05599458746
1463 0.999277835 0.1058575944 0.0543718378
1464 0.999277835 0.09171200544 0.04509761291
1465 0.999277835 0.09218372112 0.0542448487
1466 0.999277835 0.07070174984 0.04062184864
1467 0.999277835 0.08060865358 0.04195446657
1468 0.999277835 0.09532508841 0.0540310923
1469 0.999277835 0.09193560826 0.04698666229
1470 0.999277835 0.07339932954 0.0410470724
1471 0.999277835 0.08553786461 0.05181242693
1472 0.999277835 0.07743358096 0.04573027503
1473 0.999277835 0.09784202072 0.0598590274
1474 0.999277835 0.08848152037 0.05812954149
1475 0.999277835 0.08598274508 0.05187298445
1476 0.999277835 0.1006178266 0.0539023461
1477 0.999277835 0.1087121234 0.05803063605
1478 0.999277835 0.08093708816 0.0447266168
1479 0.999277835 0.1146793564 0.05478025812
1480 0.999277835 0.122844201 0.06037095195
1481 0.999277835 0.1064978897 0.06484864122
1482 0.999277835 0.125918138 0.07848820221
1483 0.999277835 0.1003279475 0.05576802601
1484 0.999277835 0.09843156259 0.062015556
1485 0.999277835 0.1044660376 0.05788452003
1486 0.999277835 0.0685205407 0.04184606318
1487 0.999277835 0.0677551753 0.04892014637
1488 0.999277835 0.09161161277 0.057689785
1489 0.999277835 0.09444659611 0.05602958266
1490 0.999277835 0.1089584685 0.06358500801
1491 0.999277835 0.08626519225 0.05379955468
1492 0.999277835 0.08106721641 0.05544101026
1493 0.999277835 0.08933109665 0.05507430062
1494 0.999277835 0.1015636884 0.06210833573
1495 0.999277835 0.102900543 0.05834381453
1496 0.999277835 0.1020687574 0.05237418277
1497 0.999277835 0.09435677181 0.05439872946
1498 0.999277835 0.07514771085 0.05051078688
1499 0.999277835 0.0867492953 0.05654603732
1500 0.999277835 0.097358808 0.05313050423
1501 0.999277835 0.110763581 0.06223546592
1502 0.999277835 0.1114727669 0.05760148514
1503 0.999277835 0.1042684708 0.06044287967
1504 0.999277835 0.08113533861 0.04852793778
1505 0.999277835 0.07828544585 0.05225724602
1506 0.999277835 0.09595926837 0.05607643941
1507 0.999277835 0.1096918437 0.06577978767
1508 0.999277835 0.09236075867 0.04968391694
1509 0.999277835 0.08004544093 0.04951036098
1510 0.999277835 0.08066867362 0.04884479188
1511 0.999277835 0.07579321633 0.05105408333
1512 0.999277835 0.07152495079 0.04557347386
1513 0.999277835 0.06735552058 0.04421142034
1514 0.999277835 0.08249823256 0.06239757323
1515 0.999277835 0.05515508955 0.03994872559
1516 0.999277835 0.08205417303 0.0610115292
1517 0.999277835 0.06844999687 0.04939004005
1518 0.999277835 0.07924050387 0.05815988275
1519 0.999277835 0.08836879789 0.05690528296
1520 0.999277835 0.09083433114 0.05606485949
1521 0.999277835 0.09014990225 0.05444177781
1522 0.999277835 0.09722744471 0.05602006431
1523 0.999277835 0.1006276618 0.05925451271
1524 0.999277835 0.07331261663 0.04518254575
1525 0.999277835 0.0587826427 0.0410018431
1526 0.999277835 0.09025345694 0.06458737942
1527 0.999277835 0.0743888906 0.05244804401
1528 0.999277835 0.09144579451 0.06586680001
1529 0.999277835 0.09237869522 0.06372410633
1530 0.999277835 0.08555000632 0.05364718892
1531 0.999277835 0.09733126267 0.06226734447
1532 0.999277835 0.0868682405 0.05782405029
1533 0.999277835 0.07893308029 0.05085475682
1534 0.999277835 0.09773130154 0.06039905703
1535 0.999277835 0.07688857007 0.04427827431
1536 0.999277835 0.08917225201 0.04892003059
1537 0.999277835 0.09001735388 0.05223204262
1538 0.999277835 0.08694860606 0.05151447901
1539 0.999277835 0.09993937232 0.06014308142
1540 0.999277835 0.09092639551 0.05072047519
1541 0.999277835 0.09738891447 0.06168866603
1542 0.999277835 0.08658141398 0.05403218259
1543 0.999277835 0.07774760599 0.04877673892
1544 0.999277835 0.07951788459 0.05211469722
1545 0.999277835 0.1157853441 0.06934232499
1546 0.999277835 0.09608564016 0.06121930697
1547 0.999277835 0.1129953258 0.06659325618
1548 0.999277835 0.08079354835 0.04694060321
1549 0.999277835 0.07587516685 0.05024676055
1550 0.999277835 0.07620625616 0.05060922471
1551 0.999277835 0.08509142646 0.04952417059
1552 0.999277835 0.08301556757 0.05298269023
1553 0.999277835 0.0818094592 0.05333575203
1554 0.999277835 0.07351199511 0.04345692658
1555 0.999277835 0.08597322614 0.05305417609
1556 0.999277835 0.09834631911 0.05779276072
1557 0.999277835 0.08359123438 0.0458757027
1558 0.999277835 0.09554174747 0.05448872315
1559 0.999277835 0.1005107045 0.05868673966
1560 0.999277835 0.06975178121 0.04147409654
1561 0.999277835 0.1036252845 0.06098509899
1562 0.999277835 0.09350243421 0.05199540917
1563 0.999277835 0.07409034096 0.04470198217
1564 0.999277835 0.07604695449 0.04964034486
1565 0.999277835 0.07342837644 0.04503164932
1566 0.999277835 0.1082168911 0.0715162411
1567 0.999277835 0.1057786261 0.06574497197
1568 0.999277835 0.09682718881 0.05096063625
1569 0.999277835 0.1098829876 0.06583009516
1570 0.999277835 0.09748577688 0.06101705715
1571 0.999277835 0.1196130974 0.06968040609
1572 0.999277835 0.1004017493 0.05054674624
1573 0.999277835 0.1044574042 0.05631293277
1574 0.999277835 0.1202444225 0.06504770399
1575 0.999277835 0.1072606846 0.06398910917
1576 0.999277835 0.08462302584 0.05082130658
1577 0.999277835 0.07805261766 0.04992120928
1578 0.999277835 0.08344881122 0.05364019632
1579 0.999277835 0.07349673309 0.04479060542
1580 0.999277835 0.08924790794 0.04967955249
1581 0.999277835 0.1008579114 0.06037618581
1582 0.999277835 0.08050798034 0.04669592197
1583 0.999277835 0.1167929161 0.07129673281
1584 0.999277835 0.1001295743 0.06128050659
1585 0.999277835 0.100040173 0.06024083298
1586 0.999277835 0.08773926029 0.04668588157
1587 0.999277835 0.1019636579 0.05236969077
1588 0.999277835 0.09441406657 0.04687862533
1589 0.999277835 0.09702788191 0.05318490273
1590 0.999277835 0.0895527538 0.04735078152
1591 0.999277835 0.08883500395 0.05316180159
1592 0.999277835 0.09394633745 0.05584036742
1593 0.999277835 0.07603576655 0.04253948795
1594 0.999277835 0.08854384419 0.05413707758
1595 0.999277835 0.08418296192 0.05387105648
1596 0.999277835 0.08452909249 0.05256828869
1597 0.999277835 0.09217523223 0.05677400022
1598 0.999277835 0.09609353282 0.06037224315
1599 0.999277835 0.08368332474 0.06028018431
1600 0.999277835 0.07484144608 0.04544527891
1601 0.999277835 0.1078981384 0.05854175633
1602 0.999277835 0.0822022152 0.04361405618
1603 0.999277835 0.08192198709 0.04869928454
1604 0.999277835 0.1168482317 0.06852428901
1605 0.999277835 0.09988668053 0.06010114408
1606 0.999277835 0.1132118944 0.06456610284
1607 0.999277835 0.1067642905 0.05551148348
1608 0.999277835 0.1046161312 0.06013926417
1609 0.999277835 0.09088251357 0.04935612771
1610 0.999277835 0.09361870355 0.06152284405
1611 0.999277835 0.09819629271 0.05958695548
1612 0.999277835 0.106813084 0.06270521532
1613 0.999277835 0.08620737805 0.05071343004
1614 0.999277835 0.08140341078 0.04837827068
1615 0.999277835 0.09703676966 0.05507378014
1616 0.999277835 0.07981850809 0.05024608984
1617 0.999277835 0.06867972612 0.04197637321
1618 0.999277835 0.09890811455 0.0591344562
1619 0.999277835 0.08542717419 0.04913783867
1620 0.999277835 0.09787095718 0.05690996067
1621 0.999277835 0.1227880101 0.06673591518
1622 0.999277835 0.1167214745 0.06292818011
1623 0.999277835 0.1096628484 0.05930804108
1624 0.999277835 0.09387306633 0.05395678922
1625 0.999277835 0.1037772842 0.06001568704
1626 0.999277835 0.08721804873 0.0476316677
1627 0.999277835 0.08653400645 0.0561338564
1628 0.999277835 0.07147430069 0.04133047286
1629 0.999277835 0.07989060187 0.0432866297
1630 0.999277835 0.07051040453 0.0434785217
1631 0.999277835 0.08362189644 0.05152353085
1632 0.999277835 0.08261284338 0.04843897346
1633 0.999277835 0.09423417098 0.06166752386
1634 0.999277835 0.09051097141 0.05664463526
1635 0.999277835 0.1045653165 0.06287469254
1636 0.999277835 0.1164709139 0.07179387282
1637 0.999277835 0.07428320196 0.04918548105
1638 0.999277835 0.07765603856 0.04925284967
1639 0.999277835 0.07783294928 0.04772404387
1640 0.999277835 0.09140290293 0.05206126895
1641 0.999277835 0.1014906428 0.06212926237
1642 0.999277835 0.0783083985 0.04682301322
1643 0.999277835 0.06338900829 0.04377485015
1644 0.999277835 0.0739889987 0.05251306441
1645 0.999277835 0.07064388365 0.04756617912
1646 0.999277835 0.0771478511 0.04861071614
1647 0.999277835 0.08708975565 0.05712364531
1648 0.999277835 0.1021114519 0.06342557422
1649 0.999277835 0.1373569842 0.07671414688
1650 0.999277835 0.1388352233 0.07572419246
1651 0.999277835 0.1290058393 0.06828356039
1652 0.999277835 0.09985654139 0.05830567117
1653 0.999277835 0.1199976583 0.07209238965
1654 0.999277835 0.1252479877 0.07318784309
1655 0.999277835 0.1092957034 0.0648652338
1656 0.999277835 0.1169818427 0.06178799724
1657 0.999277835 0.08794630213 0.04605677098
1658 0.999277835 0.08376838702 0.04403623493
1659 0.999277835 0.103230356 0.06218248879
1660 0.999277835 0.1174169478 0.05771371216
1661 0.999277835 0.09825736483 0.0510853518
1662 0.999277835 0.09868380752 0.05775519944
1663 0.999277835 0.1067170594 0.05799835704
1664 0.999277835 0.1009039661 0.05572958437
1665 0.999277835 0.1075648916 0.05660880463
1666 0.999277835 0.09478994209 0.05296569912
1667 0.999277835 0.1236810807 0.06647510871
1668 0.999277835 0.1027781718 0.05576386717
1669 0.999277835 0.09689093923 0.05254382616
1670 0.999277835 0.1155787215 0.06072442394
1671 0.999277835 0.1228791447 0.06820430586
1672 0.999277835 0.09578943896 0.05227328712
1673 0.999277835 0.09102113868 0.05114112542
1674 0.999277835 0.1031981276 0.05703500442
1675 0.999277835 0.1054406178 0.05721168653
1676 0.999277835 0.1035750309 0.0513158343
1677 0.999277835 0.1324192471 0.06452955012
1678 0.999277835 0.08852694972 0.04966818288
1679 0.999277835 0.09536031245 0.05747681787
1680 0.999277835 0.08576286574 0.05133261928
1681 0.999277835 0.07833715577 0.04659938673
1682 0.999277835 0.09641840888 0.06045553713
1683 0.999277835 0.1093691233 0.06816077682
1684 0.999277835 0.1014074424 0.05670855109
1685 0.999277835 0.1055892631 0.06027834486
1686 0.999277835 0.1142645788 0.06046217336
1687 0.999277835 0.1036367382 0.05570460901
1688 0.999277835 0.112521789 0.0595763942
1689 0.999277835 0.08958112114 0.04726672892
1690 0.999277835 0.1121220513 0.06559067813
1691 0.999277835 0.1042298985 0.05622375904
1692 0.999277835 0.08746872493 0.04482853799
1693 0.999277835 0.08880281213 0.0493466814
1694 0.999277835 0.1078859216 0.06075048293
1695 0.999277835 0.1122657116 0.06673277847
1696 0.999277835 0.08429753774 0.04926831333
1697 0.999277835 0.07871423586 0.04438679385
1698 0.999277835 0.09053687505 0.05126506696
1699 0.999277835 0.1102687362 0.06022386866
1700 0.999277835 0.09796878404 0.05618224363
1701 0.999277835 0.1109636021 0.06400638884
1702 0.999277835 0.1092603543 0.06448699652
1703 0.999277835 0.09820124757 0.05915207039
1704 0.999277835 0.08483724549 0.0527315304
1705 0.999277835 0.08635479432 0.05666318824
1706 0.999277835 0.0942623583 0.0604429513
1707 0.999277835 0.1118567493 0.07086777573
1708 0.999277835 0.08697757512 0.05382302472
1709 0.999277835 0.101791769 0.05899073932
1710 0.999277835 0.09632148954 0.06154778832
1711 0.999277835 0.1008677654 0.05795736011
1712 0.999277835 0.1007414869 0.05867104333
1713 0.999277835 0.1002474155 0.0635522302
1714 0.999277835 0.1112585722 0.0643948707
1715 0.999277835 0.09668424022 0.05406798983
1716 0.999277835 0.1166964961 0.06065766346
1717 0.999277835 0.1126563927 0.05984701189
1718 0.999277835 0.095238522 0.05060748515
1719 0.999277835 0.08522681811 0.0521551568
1720 0.999277835 0.1090036547 0.06777536776
1721 0.999277835 0.1090789764 0.06189051054
1722 0.999277835 0.08811738821 0.04715735765
1723 0.999277835 0.0765002216 0.04854203086
1724 0.999277835 0.1127822255 0.05869307721
1725 0.999277835 0.1081362674 0.05877774333
1726 0.999277835 0.1044718379 0.05761873078
1727 0.999277835 0.1288363973 0.06839307338
1728 0.999277835 0.1360992399 0.06791363105
1729 0.999277835 0.1355277085 0.06894631082
1730 0.999277835 0.132341371 0.05131314779
1731 0.999277835 0.1291884367 0.06125085574
1732 0.999277835 0.09927375458 0.05239661189
1733 0.999277835 0.1186128828 0.05651288824
1734 0.999277835 0.1343134825 0.06230272845
1735 0.999277835 0.1127231587 0.05398334169
1736 0.999277835 0.09695467767 0.05229912583
1737 0.999277835 0.0945651408 0.04985370085
1738 0.999277835 0.08395967802 0.05120292682
1739 0.999277835 0.1168986712 0.07691380477
1740 0.999277835 0.09970651575 0.04780896061
1741 0.999277835 0.08369447573 0.04677252421
1742 0.999277835 0.09887367254 0.05784830927
1743 0.999277835 0.08907028835 0.04933541844
1744 0.999277835 0.1082008441 0.06152150049
1745 0.999277835 0.1006045638 0.05471517048
1746 0.999277835 0.08420344816 0.04403653012
1747 0.999277835 0.1114114629 0.06183816487
1748 0.999277835 0.09352563806 0.05494445475
1749 0.999277835 0.1243560384 0.06359651683
1750 0.999277835 0.1178325988 0.06175220123
1751 0.999277835 0.1092501656 0.05447360079
1752 0.999277835 0.09240508175 0.05272317694
1753 0.999277835 0.09500580337 0.05383685708
1754 0.999277835 0.1172771524 0.06219633536
1755 0.999277835 0.1092745443 0.05959533755
1756 0.999277835 0.09367521425 0.0532178848
1757 0.999277835 0.08585739767 0.05429089961
1758 0.999277835 0.1086368253 0.06422322867
1759 0.999277835 0.1109590342 0.06430825973
1760 0.999277835 0.1124800448 0.06978736804
1761 0.999277835 0.1106657519 0.0634300043
1762 0.999277835 0.1033371895 0.05329515188
1763 0.999277835 0.1147148261 0.05962532765
1764 0.999277835 0.1177604974 0.06732134074
1765 0.999277835 0.1094443999 0.07192424102
1766 0.999277835 0.09974341515 0.06038462266
1767 0.999277835 0.1020230623 0.05944211109
1768 0.999277835 0.1225586938 0.06352835212
1769 0.999277835 0.129326194 0.07097945307
1770 0.999277835 0.09356469617 0.0519317479
1771 0.999277835 0.1075319383 0.06139803765
1772 0.999277835 0.1018254181 0.05140470798
1773 0.999277835 0.1054363421 0.05603182981
1774 0.999277835 0.08769278122 0.05264580201
1775 0.999277835 0.06864131296 0.04074479984
1776 0.999277835 0.08138250174 0.04584751679
1777 0.999277835 0.09404906079 0.05474949709
1778 0.999277835 0.09871899007 0.05250449005
1779 0.999277835 0.1168932314 0.06955269552
1780 0.999277835 0.1164758856 0.05991385924
1781 0.999277835 0.1193438469 0.05747481403
1782 0.999277835 0.1281977538 0.0661479025
1783 0.999277835 0.09929287806 0.05248983631
1784 0.999277835 0.1038646198 0.05396725951
1785 0.999277835 0.08828253999 0.04360818758
1786 0.999277835 0.10052324 0.05086725794
1787 0.999277835 0.1022886316 0.05811584654
1788 0.999277835 0.110655616 0.06572852633
1789 0.999277835 0.1209987132 0.05986989779
1790 0.999277835 0.09423272411 0.04644978258
1791 0.999277835 0.096424336 0.05489824488
1792 0.999277835 0.09425313966 0.05818404622
1793 0.999277835 0.1003071009 0.05993809434
1794 0.999277835 0.1053168464 0.05688891574
1795 0.999277835 0.1088706768 0.05528709707
1796 0.999277835 0.08038113382 0.04146073501
1797 0.999277835 0.08865667146 0.04962855781
1798 0.999277835 0.1114986758 0.05286409048
1799 0.999277835 0.08950107569 0.04842772618
1800 0.999277835 0.09841994185 0.06223741263
1801 0.999277835 0.1130915612 0.06565624487
1802 0.999277835 0.1014676158 0.05762648715
1803 0.999277835 0.1057685875 0.06942211348
1804 0.999277835 0.1012450357 0.05883371202
1805 0.999277835 0.1166232148 0.07121864209
1806 0.999277835 0.1294425909 0.08058846583
1807 0.999277835 0.1161111815 0.06342952435
1808 0.999277835 0.1188697131 0.06054276836
1809 0.999277835 0.11030814 0.06073502846
1810 0.999277835 0.09895106151 0.05921178857
1811 0.999277835 0.09151007725 0.05035832668
1812 0.999277835 0.08223857731 0.04352072807
1813 0.999277835 0.08425519493 0.04838863032
1814 0.999277835 0.07216787762 0.04124482681
1815 0.999277835 0.0795475747 0.04602913691
1816 0.999277835 0.08452840354 0.05056991475
1817 0.999277835 0.08165278593 0.05085702829
1818 0.999277835 0.09413735213 0.05971755968
1819 0.999277835 0.09215695571 0.05764922224
1820 0.999277835 0.07877587102 0.04812334116
1821 0.999277835 0.08760507161 0.0515116414
1822 0.999277835 0.1113400075 0.06779277581
1823 0.999277835 0.08491374356 0.05127654647
1824 0.999277835 0.09343863322 0.05448853714
1825 0.999277835 0.09516995739 0.05250679098
1826 0.999277835 0.09063297689 0.04979337907
1827 0.999277835 0.09856446978 0.05131662495
1828 0.999277835 0.1248388008 0.07043225556
1829 0.999277835 0.1215867496 0.0630746462
1830 0.999277835 0.1115126411 0.0467977325
1831 0.999277835 0.1039915369 0.05471586738
1832 0.999277835 0.09029376718 0.0456646965
1833 0.999277835 0.08327771282 0.04953960676
1834 0.999277835 0.1007112509 0.05767083654
1835 0.999277835 0.09703959596 0.05004412676
1836 0.999277835 0.08975627686 0.05145947238
1837 0.999277835 0.09019963163 0.05007170979
1838 0.999277835 0.08316693555 0.05539985481
1839 0.999277835 0.09597290657 0.06360512651
1840 0.999277835 0.0797430162 0.05275383271
1841 0.999277835 0.09177510305 0.06120917246
1842 0.999277835 0.07012535192 0.04217044918
1843 0.999277835 0.07160924243 0.04688035297
1844 0.999277835 0.08351869351 0.0501241838
1845 0.999277835 0.07262988709 0.04696986184
1846 0.999277835 0.07847768863 0.05428659403
1847 0.999277835 0.07196426594 0.0470042502
1848 0.999277835 0.07929215208 0.05498881885
1849 0.999277835 0.08104011358 0.05401481166
1850 0.999277835 0.08544251838 0.05618276299
1851 0.999277835 0.08162827932 0.05217415159
1852 0.999277835 0.07809921077 0.04896522265
1853 0.999277835 0.1193805107 0.07567021411
1854 0.999277835 0.08933690111 0.05132981379
1855 0.999277835 0.09741954743 0.05956436927
1856 0.999277835 0.09637437597 0.06173916186
1857 0.999277835 0.06511195963 0.04673261293
1858 0.999277835 0.07775891916 0.05173616766
1859 0.999277835 0.07494673566 0.05261423715
1860 0.999277835 0.06817801131 0.04400374878
1861 0.999277835 0.07636394175 0.05091366599
1862 0.999277835 0.08882001941 0.05673272381
1863 0.999277835 0.09487393436 0.0609677531
1864 0.999277835 0.08206188273 0.05341058961
1865 0.999277835 0.1002879742 0.06029144296
1866 0.999277835 0.1103801236 0.06173952337
1867 0.999277835 0.08867066388 0.04635250352
1868 0.999277835 0.09600505434 0.0550005301
1869 0.999277835 0.1002773568 0.05369482098
1870 0.999277835 0.1012429 0.05852125458
1871 0.999277835 0.1012426793 0.06242955121
1872 0.999277835 0.08247381137 0.0500472112
1873 0.999277835 0.09287982988 0.05316553292
1874 0.999277835 0.08249225977 0.0472469149
1875 0.999277835 0.09607767073 0.05705048491
1876 0.999277835 0.09895023649 0.05469407073
1877 0.999277835 0.0973375419 0.05350833126
1878 0.999277835 0.08602404349 0.05311030264
1879 0.999277835 0.08707940449 0.04886752261
1880 0.999277835 0.1006543337 0.06281747937
1881 0.999277835 0.09438463819 0.05431424008
1882 0.999277835 0.1098196039 0.06713824843
1883 0.999277835 0.1069953901 0.05914184543
1884 0.999277835 0.08935463555 0.06104408739
1885 0.999277835 0.08309010359 0.05035386645
1886 0.999277835 0.09749326095 0.05415260465
1887 0.999277835 0.1136201868 0.06185369063
1888 0.999277835 0.08721011753 0.04452235857
1889 0.999277835 0.1001571756 0.05423392729
1890 0.999277835 0.09232052631 0.05278677456
1891 0.999277835 0.1053606681 0.06320843965
1892 0.999277835 0.09705810202 0.05556253511
1893 0.999277835 0.1144631324 0.06558762653
1894 0.999277835 0.1123682725 0.05484143083
1895 0.999277835 0.1299052985 0.07271359571
1896 0.999277835 0.1013913451 0.05784356927
1897 0.999277835 0.1225583608 0.07833598105
1898 0.999277835 0.1116748304 0.0638673703
1899 0.999277835 0.08590800371 0.05053555633
1900 0.999277835 0.1195141669 0.06218013555
1901 0.999277835 0.1038935634 0.05834332324
1902 0.999277835 0.1137221126 0.05937208281
1903 0.999277835 0.1270175429 0.06499839875
1904 0.999277835 0.1169875796 0.05364016013
1905 0.999277835 0.1114239091 0.05038853421
1906 0.999277835 0.1067236005 0.04992953774
1907 0.999277835 0.1095260861 0.05396480688
1908 0.999277835 0.1165701305 0.05914517432
1909 0.999277835 0.130486074 0.07125124452
1910 0.999277835 0.1236302762 0.07441317718
1911 0.999277835 0.1291054713 0.06687687656
1912 0.999277835 0.09484459418 0.0457895597
1913 0.999277835 0.08697343195 0.04805441238
1914 0.999277835 0.1113296186 0.05263552329
1915 0.999277835 0.09287307828 0.04638273658
1916 0.999277835 0.1088638196 0.05406507345
1917 0.999277835 0.1038140089 0.04935730347
1918 0.999277835 0.1114603813 0.06324024263
1919 0.999277835 0.1066928068 0.05494391602
1920 0.999277835 0.123091676 0.06923602357
1921 0.999277835 0.1012016659 0.05664378781
1922 0.999277835 0.1082684355 0.06757458753
1923 0.999277835 0.1051808251 0.0638340184
1924 0.999277835 0.07328432002 0.04253620497
1925 0.999277835 0.07311844175 0.04099123811
1926 0.999277835 0.06523998824 0.04275846204
1927 0.999277835 0.08583242654 0.05443673163
1928 0.999277835 0.09279955347 0.05282272161
1929 0.999277835 0.07811147758 0.04785194558
1930 0.999277835 0.1051873174 0.06754131347
1931 0.999277835 0.101250258 0.05278074107
1932 0.999277835 0.1028315959 0.06572140781
1933 0.999277835 0.08977626169 0.05492249639
1934 0.999277835 0.09089669596 0.05773994656
1935 0.999277835 0.08185837721 0.05266856271
1936 0.999277835 0.09233499494 0.05055270383
1937 0.999277835 0.08296998916 0.04602552298
1938 0.999277835 0.1128039011 0.07395287875
1939 0.999277835 0.08964025173 0.04803792249
1940 0.999277835 0.09999563303 0.0539566518
1941 0.999277835 0.1018425907 0.06278210518
1942 0.999277835 0.1073224555 0.06587328943
1943 0.999277835 0.08623882175 0.0481130281
1944 0.999277835 0.09927551313 0.06148208993
1945 0.999277835 0.09755686882 0.06107945211
1946 0.999277835 0.09778606475 0.04847123021
1947 0.999277835 0.1110297858 0.05996584858
1948 0.999277835 0.1005833554 0.06095768133
1949 0.999277835 0.1010200122 0.05777031021
1950 0.999277835 0.09512275755 0.05763469335
1951 0.999277835 0.1019383761 0.05679359387
1952 0.999277835 0.08993635469 0.05400406566
1953 0.999277835 0.1037781929 0.0608870945
1954 0.999277835 0.08755681817 0.05612970004
1955 0.999277835 0.08507530728 0.04905021692
1956 0.999277835 0.08461532671 0.04762041402
1957 0.999277835 0.1040701438 0.06038238695
1958 0.999277835 0.08334711718 0.04832907552
1959 0.999277835 0.08525966542 0.05147763724
1960 0.999277835 0.07784345908 0.04500416957
1961 0.999277835 0.09920825676 0.05700968255
1962 0.999277835 0.09697725211 0.05528441124
1963 0.999277835 0.09995478748 0.05767155752
1964 0.999277835 0.1124333857 0.06359919691
1965 0.999277835 0.1104087 0.06083729144
1966 0.999277835 0.1010972154 0.05766035703
1967 0.999277835 0.1146310707 0.0700840867
1968 0.999277835 0.1135964869 0.06802146228
1969 0.999277835 0.09695577796 0.05216918118
1970 0.999277835 0.1183359479 0.06355972402
1971 0.999277835 0.1099444009 0.06264281531
1972 0.999277835 0.1098031901 0.06458529164
1973 0.999277835 0.1006627039 0.0603830325
1974 0.999277835 0.08450535374 0.05034465254
1975 0.999277835 0.1035187187 0.06844287468
1976 0.999277835 0.1239460556 0.07014185414
1977 0.999277835 0.1093988732 0.05900437812
1978 0.999277835 0.1106105192 0.05934796582
1979 0.999277835 0.08412479181 0.04521255369
1980 0.999277835 0.114006697 0.06761365427
1981 0.999277835 0.09697823711 0.05696363164
1982 0.999277835 0.10125758 0.0547300779
1983 0.999277835 0.08294049173 0.04354232971
1984 0.999277835 0.09247225417 0.05211747709
1985 0.999277835 0.09191923405 0.05413246522
1986 0.999277835 0.08426561988 0.05195121298
1987 0.999277835 0.07978444641 0.04603490084
1988 0.999277835 0.08984100279 0.05000851306
1989 0.999277835 0.09260043544 0.05048970393
1990 0.999277835 0.09241887648 0.05358559815
1991 0.999277835 0.107252495 0.06083695492
1992 0.999277835 0.09511879986 0.05844115978
1993 0.999277835 0.09827005063 0.05649332383
1994 0.999277835 0.08479774464 0.05115034615
1995 0.999277835 0.09662552889 0.05700015133
1996 0.999277835 0.09459555614 0.05435369653
1997 0.999277835 0.0845246674 0.04856899696
1998 0.999277835 0.08994253115 0.05276268245
1999 0.999277835 0.1001537687 0.05613719065
2000 0.999277835 0.08566399829 0.0510647865
