9.960139999999999549e-01 9.981170000000000320e-01 9.947279999999999456e-01 9.944319999999999826e-01 9.981189999999999785e-01 9.973619999999999708e-01 9.980200000000000182e-01 9.942959999999999576e-01
9.941339999999999621e-01 9.976019999999999888e-01 9.958550000000000457e-01 9.949639999999999596e-01 9.991290000000000449e-01 9.948179999999999801e-01 9.953340000000000520e-01 9.950039999999999996e-01
9.995399999999999840e-01 9.981780000000000097e-01 9.959219999999999740e-01 9.939719999999999667e-01 9.955640000000000045e-01 9.969320000000000404e-01 9.930210000000000425e-01 9.982889999999999819e-01
9.943140000000000311e-01 9.971950000000000536e-01 9.966749999999999776e-01 9.974079999999999613e-01 9.974669999999999925e-01 9.977850000000000330e-01 9.976049999999999640e-01 9.957949999999999857e-01
9.967620000000000369e-01 9.943859999999999921e-01 9.975629999999999775e-01 9.980780000000000207e-01 9.981179999999999497e-01 9.929409999999999625e-01 9.997580000000000355e-01 9.948110000000000008e-01
9.978479999999999572e-01 9.983119999999999772e-01 9.980290000000000550e-01 9.956850000000000422e-01 9.958069999999999977e-01 9.998829999999999663e-01 9.928940000000000543e-01 9.930320000000000258e-01
9.975739999999999608e-01 9.978900000000000547e-01 9.957730000000000192e-01 9.942619999999999791e-01 9.975039999999999463e-01 9.987650000000000139e-01 9.945119999999999516e-01 9.961039999999999894e-01
9.980679999999999552e-01 9.974460000000000548e-01 9.941320000000000157e-01 9.969249999999999501e-01 9.947240000000000526e-01 9.982299999999999507e-01 9.978329999999999700e-01 9.976239999999999553e-01
9.976859999999999618e-01 9.956270000000000397e-01 9.998129999999999518e-01 9.978979999999999517e-01 9.998679999999999790e-01 9.955399999999999805e-01 9.976490000000000080e-01 9.962820000000000009e-01
9.986089999999999689e-01 9.980329999999999480e-01 9.936620000000000452e-01 9.945960000000000356e-01 9.930320000000000258e-01 9.966909999999999936e-01 9.930309999999999970e-01 9.946040000000000436e-01
9.992799999999999461e-01 9.980799999999999672e-01 9.964640000000000164e-01 9.940109999999999779e-01 9.976030000000000175e-01 9.981569999999999609e-01 9.965760000000000174e-01 9.966549999999999576e-01
9.979029999999999845e-01 9.972999999999999643e-01 9.950649999999999773e-01 9.952699999999999880e-01 9.997850000000000348e-01 9.939769999999999994e-01 9.929029999999999800e-01 9.972659999999999858e-01
9.960329999999999462e-01 9.978420000000000067e-01 9.958430000000000337e-01 9.986329999999999929e-01 9.964140000000000219e-01 9.972860000000000058e-01 9.930299999999999683e-01 9.942210000000000214e-01
9.981250000000000400e-01 9.980069999999999775e-01 9.976519999999999833e-01 9.942330000000000334e-01 9.993640000000000301e-01 9.973499999999999588e-01 9.946380000000000221e-01 9.964030000000000387e-01
9.957319999999999505e-01 9.946970000000000534e-01 9.974060000000000148e-01 9.963619999999999699e-01 9.940120000000000067e-01 9.994119999999999671e-01 9.977470000000000505e-01 9.942250000000000254e-01
9.988350000000000284e-01 9.976390000000000535e-01 9.971039999999999903e-01 9.943509999999999849e-01 9.976249999999999840e-01 9.953159999999999785e-01 9.973300000000000498e-01 9.978299999999999947e-01
9.933689999999999465e-01 9.992360000000000131e-01 9.950870000000000548e-01 9.937310000000000310e-01 9.978529999999999900e-01 9.945749999999999869e-01 9.942839999999999456e-01 9.978460000000000107e-01
9.980269999999999975e-01 9.955479999999999885e-01 9.976880000000000193e-01 9.965370000000000061e-01 9.977479999999999682e-01 9.984420000000000517e-01 9.987759999999999971e-01 9.976460000000000328e-01
9.986760000000000081e-01 9.976800000000000113e-01 9.978160000000000363e-01 9.998350000000000293e-01 9.962929999999999842e-01 9.956690000000000262e-01 9.969010000000000371e-01 9.950959999999999805e-01
9.978660000000000307e-01 9.947639999999999816e-01 9.999259999999999815e-01 9.944950000000000179e-01 9.972710000000000186e-01 9.977310000000000345e-01 9.935199999999999587e-01 9.988770000000000149e-01
9.979059999999999597e-01 9.946580000000000421e-01 9.943899999999999961e-01 9.947599999999999776e-01 9.929639999999999578e-01 9.932370000000000365e-01 9.970029999999999726e-01 9.975669999999999815e-01
9.976439999999999753e-01 9.980869999999999465e-01 9.977390000000000425e-01 9.942480000000000206e-01 9.977939999999999587e-01 9.944859999999999811e-01 9.959470000000000267e-01 9.966319999999999624e-01
9.952459999999999640e-01 9.945030000000000259e-01 9.977160000000000473e-01 9.959230000000000027e-01 9.960090000000000332e-01 9.980489999999999640e-01 9.965610000000000301e-01 9.946890000000000454e-01
9.999259999999999815e-01 9.992250000000000298e-01 9.976850000000000440e-01 9.972980000000000178e-01 9.943959999999999466e-01 9.943760000000000376e-01 9.992919999999999581e-01 9.929599999999999538e-01
9.930139999999999523e-01 9.938329999999999664e-01 9.967139999999999889e-01 9.957909999999999817e-01 9.952450000000000463e-01 9.985849999999999449e-01 9.978590000000000515e-01 9.981200000000000072e-01
9.999029999999999863e-01 9.975559999999999983e-01 9.955770000000000453e-01 9.948979999999999491e-01 9.981870000000000465e-01 9.961799999999999544e-01 9.981989999999999474e-01 9.974370000000000180e-01
9.933990000000000320e-01 9.977390000000000425e-01 9.989050000000000429e-01 9.971489999999999521e-01 9.979550000000000365e-01 9.946260000000000101e-01 9.927899999999999503e-01 9.984210000000000029e-01
9.981240000000000112e-01 9.980440000000000422e-01 9.966260000000000119e-01 9.949120000000000186e-01 9.930520000000000458e-01 9.938909999999999689e-01 9.968719999999999803e-01 9.976289999999999880e-01
9.998979999999999535e-01 9.936249999999999805e-01 9.954260000000000330e-01 9.980970000000000120e-01 9.990419999999999856e-01 9.977719999999999922e-01 9.931489999999999485e-01 9.944560000000000066e-01
9.966880000000000184e-01 9.990970000000000129e-01 9.948839999999999906e-01 9.993079999999999741e-01 9.961980000000000279e-01 9.975690000000000390e-01 9.997270000000000323e-01 9.977629999999999555e-01
9.980679999999999552e-01 9.984129999999999949e-01 9.978200000000000403e-01 9.980520000000000502e-01 9.980149999999999855e-01 9.975709999999999855e-01 9.942779999999999951e-01 9.950970000000000093e-01
9.961309999999999887e-01 9.980930000000000080e-01 9.979869999999999575e-01 9.949729999999999963e-01 9.992750000000000243e-01 9.949670000000000458e-01 9.942809999999999704e-01 9.943880000000000496e-01
9.944770000000000554e-01 9.979710000000000525e-01 9.972659999999999858e-01 9.980719999999999592e-01 9.990480000000000471e-01 9.965429999999999566e-01 9.979019999999999557e-01 9.929160000000000208e-01
9.970090000000000341e-01 9.977049999999999530e-01 9.929590000000000360e-01 9.944319999999999826e-01 9.947960000000000136e-01 9.935939999999999772e-01 9.929740000000000233e-01 9.977540000000000298e-01
9.966369999999999951e-01 9.997449999999999948e-01 9.945950000000000069e-01 9.997230000000000283e-01 9.977179999999999938e-01 9.933009999999999895e-01 9.929660000000000153e-01 9.976599999999999913e-01
9.942790000000000239e-01 9.948500000000000121e-01 9.960579999999999989e-01 9.967819999999999458e-01 9.942779999999999951e-01 9.957799999999999985e-01 9.943030000000000479e-01 9.993779999999999886e-01
9.947359999999999536e-01 9.952100000000000390e-01 9.981290000000000440e-01 9.981550000000000145e-01 9.946559999999999846e-01 9.957409999999999872e-01 9.974260000000000348e-01 9.978339999999999987e-01
9.983670000000000044e-01 9.980750000000000455e-01 9.971419999999999728e-01 9.942590000000000039e-01 9.968609999999999971e-01 9.938160000000000327e-01 9.993189999999999573e-01 9.971370000000000511e-01
9.946779999999999511e-01 9.990320000000000311e-01 9.978879999999999972e-01 9.975960000000000383e-01 9.981480000000000352e-01 9.978900000000000547e-01 9.969719999999999693e-01 9.982710000000000194e-01
9.964589999999999836e-01 9.929449999999999665e-01 9.944840000000000346e-01 9.967930000000000401e-01 9.969879999999999853e-01 9.967460000000000209e-01 9.993319999999999981e-01 9.944070000000000409e-01
9.954849999999999532e-01 9.956000000000000405e-01 9.929940000000000433e-01 9.993060000000000276e-01 9.943319999999999936e-01 9.993670000000000053e-01 9.960040000000000004e-01 9.931590000000000140e-01
9.979799999999999782e-01 9.981370000000000520e-01 9.943570000000000464e-01 9.942480000000000206e-01 9.993060000000000276e-01 9.955929999999999502e-01 9.978960000000000052e-01 9.961849999999999872e-01
9.935540000000000482e-01 9.983389999999999764e-01 9.929099999999999593e-01 9.981069999999999665e-01 9.943819999999999881e-01 9.991959999999999731e-01 9.981759999999999522e-01 9.930139999999999523e-01
9.934840000000000337e-01 9.988899999999999446e-01 9.971139999999999448e-01 9.934410000000000185e-01 9.965089999999999781e-01 9.980489999999999640e-01 9.982069999999999554e-01 9.977080000000000393e-01
9.943250000000000144e-01 9.995889999999999498e-01 9.938259999999999872e-01 9.977740000000000498e-01 9.983260000000000467e-01 9.975800000000000223e-01 9.981119999999999992e-01 9.988059999999999716e-01
9.980830000000000535e-01 9.996099999999999985e-01 9.974070000000000435e-01 9.935279999999999667e-01 9.950149999999999828e-01 9.931060000000000443e-01 9.930449999999999555e-01 9.966399999999999704e-01
9.973469999999999835e-01 9.993060000000000276e-01 9.963830000000000187e-01 9.970510000000000206e-01 9.944389999999999619e-01 9.938700000000000312e-01 9.979310000000000125e-01 9.977169999999999650e-01
9.981980000000000297e-01 9.983950000000000324e-01 9.962360000000000104e-01 9.931280000000000108e-01 9.979810000000000070e-01 9.979109999999999925e-01 9.995359999999999800e-01 9.976490000000000080e-01
9.979459999999999997e-01 9.976890000000000480e-01 9.930109999999999770e-01 9.966939999999999689e-01 9.980790000000000495e-01 9.981339999999999657e-01 9.979350000000000165e-01 9.978460000000000107e-01
9.951600000000000446e-01 9.986969999999999459e-01 9.932320000000000038e-01 9.998449999999999838e-01 9.948360000000000536e-01 9.977829999999999755e-01 9.954049999999999843e-01 9.977009999999999490e-01
9.976420000000000288e-01 9.985180000000000167e-01 9.982220000000000537e-01 9.956770000000000342e-01 9.958730000000000082e-01 9.939210000000000544e-01 9.981010000000000160e-01 9.946939999999999671e-01
9.978310000000000235e-01 9.989470000000000294e-01 9.944610000000000394e-01 9.950780000000000181e-01 9.931699999999999973e-01 9.930679999999999508e-01 9.993790000000000173e-01 9.982240000000000002e-01
9.946110000000000229e-01 9.989649999999999919e-01 9.945359999999999756e-01 9.931900000000000173e-01 9.979860000000000397e-01 9.957540000000000280e-01 9.966329999999999911e-01 9.978810000000000180e-01
9.929580000000000073e-01 9.934509999999999730e-01 9.942910000000000359e-01 9.950729999999999853e-01 9.963349999999999707e-01 9.959900000000000420e-01 9.984060000000000157e-01 9.979869999999999575e-01
9.999019999999999575e-01 9.974439999999999973e-01 9.980609999999999760e-01 9.953889999999999683e-01 9.967869999999999786e-01 9.944460000000000521e-01 9.978099999999999747e-01 9.981759999999999522e-01
9.980529999999999680e-01 9.955019999999999980e-01 9.953030000000000488e-01 9.978240000000000443e-01 9.953210000000000113e-01 9.981870000000000465e-01 9.973239999999999883e-01 9.986909999999999954e-01
9.930510000000000170e-01 9.980120000000000102e-01 9.951379999999999670e-01 9.929740000000000233e-01 9.981619999999999937e-01 9.946230000000000349e-01 9.930060000000000553e-01 9.989789999999999504e-01
9.930930000000000035e-01 9.939390000000000169e-01 9.944560000000000066e-01 9.999970000000000248e-01 9.987340000000000106e-01 9.931290000000000395e-01 9.977009999999999490e-01 9.983130000000000059e-01
9.937629999999999519e-01 9.976159999999999473e-01 9.984380000000000477e-01 9.998190000000000133e-01 9.933790000000000120e-01 9.979829999999999535e-01 9.964699999999999669e-01 9.946509999999999518e-01
9.944359999999999866e-01 9.984610000000000429e-01 9.969639999999999613e-01 9.975230000000000485e-01 9.940139999999999532e-01 9.989219999999999766e-01 9.943060000000000231e-01 9.930430000000000090e-01
9.990620000000000056e-01 9.980250000000000510e-01 9.980940000000000367e-01 9.963410000000000322e-01 9.978650000000000020e-01 9.976589999999999625e-01 9.955819999999999670e-01 9.962410000000000432e-01
9.980329999999999480e-01 9.979500000000000037e-01 9.931470000000000020e-01 9.991299999999999626e-01 9.941280000000000117e-01 9.930029999999999690e-01 9.975899999999999768e-01 9.990919999999999801e-01
9.976709999999999745e-01 9.942579999999999751e-01 9.986779999999999546e-01 9.979719999999999702e-01 9.975810000000000510e-01 9.949590000000000378e-01 9.969209999999999461e-01 9.990440000000000431e-01
9.957880000000000065e-01 9.991959999999999731e-01 9.980909999999999505e-01 9.925599999999999978e-01 9.988839999999999941e-01 9.978029999999999955e-01 9.980860000000000287e-01 9.970999999999999863e-01
9.956479999999999775e-01 9.962950000000000417e-01 9.980259999999999687e-01 9.978259999999999907e-01 9.998930000000000318e-01 9.980850000000000000e-01 9.964739999999999709e-01 9.944870000000000099e-01
9.981360000000000232e-01 9.942379999999999551e-01 9.999710000000000543e-01 9.949489999999999723e-01 9.946209999999999773e-01 9.955049999999999732e-01 9.933130000000000015e-01 9.983330000000000259e-01
9.962769999999999682e-01 9.981590000000000185e-01 9.999500000000000055e-01 9.976390000000000535e-01 9.983009999999999939e-01 9.980759999999999632e-01 9.976429999999999465e-01 9.930550000000000210e-01
9.948820000000000441e-01 9.990630000000000344e-01 9.970109999999999806e-01 9.950459999999999861e-01 9.976840000000000153e-01 9.943790000000000129e-01 9.947810000000000263e-01 9.976979999999999738e-01
9.943100000000000271e-01 9.983959999999999502e-01 9.952440000000000175e-01 9.988029999999999964e-01 9.962459999999999649e-01 9.974720000000000253e-01 9.948740000000000361e-01 9.995690000000000408e-01
9.945070000000000299e-01 9.929810000000000025e-01 9.933769999999999545e-01 9.947559999999999736e-01 9.979879999999999862e-01 9.990900000000000336e-01 9.963629999999999987e-01 9.981400000000000272e-01
9.953410000000000313e-01 9.977240000000000553e-01 9.937219999999999942e-01 9.950989999999999558e-01 9.939679999999999627e-01 9.978820000000000467e-01 9.931560000000000388e-01 9.959360000000000435e-01
9.961189999999999767e-01 9.952410000000000423e-01 9.979609999999999870e-01 9.957409999999999872e-01 9.942860000000000031e-01 9.985800000000000232e-01 9.934300000000000352e-01 9.942779999999999951e-01
9.992309999999999803e-01 9.938160000000000327e-01 9.978920000000000012e-01 9.995929999999999538e-01 9.976230000000000375e-01 9.973849999999999660e-01 9.978599999999999692e-01 9.952379999999999560e-01
9.944849999999999524e-01 9.997190000000000243e-01 9.976939999999999698e-01 9.951229999999999798e-01 9.981130000000000280e-01 9.959400000000000475e-01 9.958970000000000322e-01 9.943710000000000049e-01
9.984300000000000397e-01 9.977749999999999675e-01 9.986230000000000384e-01 9.975060000000000038e-01 9.964520000000000044e-01 9.954589999999999828e-01 9.990449999999999608e-01 9.977829999999999755e-01
9.982259999999999467e-01 9.981569999999999609e-01 9.952790000000000248e-01 9.989780000000000326e-01 9.946549999999999558e-01 9.943739999999999801e-01 9.955460000000000420e-01 9.962689999999999602e-01
9.952879999999999505e-01 9.975549999999999695e-01 9.959449999999999692e-01 9.949959999999999916e-01 9.978869999999999685e-01 9.977169999999999650e-01 9.976930000000000520e-01 9.943149999999999489e-01
9.983689999999999509e-01 9.981100000000000527e-01 9.984359999999999902e-01 9.942320000000000046e-01 9.976460000000000328e-01 9.955100000000000060e-01 9.976800000000000113e-01 9.929789999999999450e-01
9.936939999999999662e-01 9.929259999999999753e-01 9.996260000000000145e-01 9.955030000000000268e-01 9.945960000000000356e-01 9.959219999999999740e-01 9.978970000000000340e-01 9.977850000000000330e-01
9.979090000000000460e-01 9.943760000000000376e-01 9.953239999999999865e-01 9.941640000000000477e-01 9.922999999999999599e-01 9.981470000000000065e-01 9.933319999999999927e-01 9.994030000000000413e-01
9.984410000000000229e-01 9.979369999999999630e-01 9.979419999999999957e-01 9.965220000000000189e-01 9.989700000000000246e-01 9.950539999999999941e-01 9.930060000000000553e-01 9.978289999999999660e-01
9.946509999999999518e-01 9.930980000000000363e-01 9.934370000000000145e-01 9.953490000000000393e-01 9.981619999999999937e-01 9.978399999999999492e-01 9.944180000000000241e-01 9.977000000000000313e-01
9.940860000000000252e-01 9.974659999999999638e-01 9.962710000000000177e-01 9.972619999999999818e-01 9.953760000000000385e-01 9.958569999999999922e-01 9.960740000000000149e-01 9.930630000000000290e-01
9.983980000000000077e-01 9.944570000000000354e-01 9.956589999999999607e-01 9.988569999999999949e-01 9.987800000000000011e-01 9.969989999999999686e-01 9.976399999999999713e-01 9.991440000000000321e-01
9.968190000000000106e-01 9.959630000000000427e-01 9.928679999999999728e-01 9.930069999999999730e-01 9.931619999999999893e-01 9.998380000000000045e-01 9.932180000000000453e-01 9.950959999999999805e-01
9.942950000000000399e-01 9.977049999999999530e-01 9.984910000000000174e-01 9.995530000000000248e-01 9.947690000000000143e-01 9.981290000000000440e-01 9.971079999999999943e-01 9.972529999999999450e-01
9.980679999999999552e-01 9.981839999999999602e-01 9.944600000000000106e-01 9.943440000000000056e-01 9.977709999999999635e-01 9.953809999999999603e-01 9.944250000000000034e-01 9.975450000000000150e-01
9.946960000000000246e-01 9.979440000000000532e-01 9.973509999999999875e-01 9.951309999999999878e-01 9.998150000000000093e-01 9.935779999999999612e-01 9.998169999999999558e-01 9.995659999999999545e-01
9.977009999999999490e-01 9.950849999999999973e-01 9.952609999999999513e-01 9.936319999999999597e-01 9.991330000000000489e-01 9.952849999999999753e-01 9.978359999999999452e-01 9.935969999999999525e-01
9.980449999999999600e-01 9.954269999999999508e-01 9.995030000000000303e-01 9.961039999999999894e-01 9.935479999999999867e-01 9.969510000000000316e-01 9.928209999999999535e-01 9.953009999999999913e-01
9.978209999999999580e-01 9.976819999999999578e-01 9.954359999999999875e-01 9.994889999999999608e-01 9.981330000000000480e-01 9.932659999999999823e-01 9.980259999999999687e-01 9.972410000000000441e-01
9.963269999999999627e-01 9.990299999999999736e-01 9.977930000000000410e-01 9.951189999999999758e-01 9.976460000000000328e-01 9.977850000000000330e-01 9.994499999999999496e-01 9.984520000000000062e-01
9.965960000000000374e-01 9.980320000000000302e-01 9.958099999999999730e-01 9.976469999999999505e-01 9.949529999999999763e-01 9.953640000000000265e-01 9.993560000000000221e-01 9.975289999999999990e-01
9.993300000000000516e-01 9.977209999999999690e-01 9.990280000000000271e-01 9.983969999999999789e-01 9.978869999999999685e-01 9.987749999999999684e-01 9.963109999999999467e-01 9.943840000000000456e-01
9.938829999999999609e-01 9.936690000000000245e-01 9.945319999999999716e-01 9.952659999999999840e-01 9.963670000000000027e-01 9.973539999999999628e-01 9.958399999999999475e-01 9.933629999999999960e-01
9.989860000000000406e-01 9.976490000000000080e-01 9.975840000000000263e-01 9.951689999999999703e-01 9.986220000000000097e-01 9.987409999999999899e-01 9.958780000000000410e-01 9.950529999999999653e-01
9.982480000000000242e-01 9.930459999999999843e-01 9.977780000000000538e-01 9.976220000000000088e-01 9.972010000000000041e-01 9.944370000000000154e-01 9.946749999999999758e-01 9.946770000000000334e-01
9.975669999999999815e-01 9.973560000000000203e-01 9.980599999999999472e-01 9.942999999999999616e-01 9.940219999999999612e-01 9.951109999999999678e-01 9.954359999999999875e-01 9.993429999999999813e-01
9.934889999999999555e-01 9.979810000000000070e-01 9.973800000000000443e-01 9.951659999999999950e-01 9.947009999999999463e-01 9.987139999999999906e-01 9.978930000000000300e-01 9.980259999999999687e-01
9.951609999999999623e-01 9.987639999999999851e-01 9.998019999999999685e-01 9.948059999999999681e-01 9.942079999999999806e-01 9.929719999999999658e-01 9.963170000000000082e-01 9.996950000000000003e-01
9.942900000000000071e-01 9.946930000000000494e-01 9.944269999999999499e-01 9.990470000000000184e-01 9.976429999999999465e-01 9.925770000000000426e-01 9.980660000000000087e-01 9.973760000000000403e-01
9.999419999999999975e-01 9.969130000000000491e-01 9.957399999999999585e-01 9.946380000000000221e-01 9.980160000000000142e-01 9.948090000000000543e-01 9.965709999999999846e-01 9.957770000000000232e-01
9.948280000000000456e-01 9.964300000000000379e-01 9.959930000000000172e-01 9.961619999999999919e-01 9.951309999999999878e-01 9.973319999999999963e-01 9.942130000000000134e-01 9.942560000000000286e-01
9.943539999999999601e-01 9.981090000000000240e-01 9.931200000000000028e-01 9.989630000000000454e-01 9.929210000000000536e-01 9.934269999999999490e-01 9.933440000000000047e-01 9.954760000000000275e-01
9.985650000000000359e-01 9.951219999999999510e-01 9.942469999999999919e-01 9.977209999999999690e-01 9.975600000000000023e-01 9.979679999999999662e-01 9.981050000000000200e-01 9.993339999999999446e-01
9.928360000000000518e-01 9.975929999999999520e-01 9.982090000000000130e-01 9.974340000000000428e-01 9.961269999999999847e-01 9.944659999999999611e-01 9.944129999999999914e-01 9.946589999999999598e-01
9.977139999999999898e-01 9.952090000000000103e-01 9.949900000000000411e-01 9.972569999999999490e-01 9.991440000000000321e-01 9.947110000000000118e-01 9.942999999999999616e-01 9.957019999999999760e-01
9.963720000000000354e-01 9.929259999999999753e-01 9.981330000000000480e-01 9.928839999999999888e-01 9.993490000000000428e-01 9.930780000000000163e-01 9.969339999999999868e-01 9.957439999999999625e-01
9.939529999999999754e-01 9.951680000000000526e-01 9.975969999999999560e-01 9.978169999999999540e-01 9.943619999999999681e-01 9.975810000000000510e-01 9.994979999999999976e-01 9.988010000000000499e-01
9.994939999999999936e-01 9.976789999999999825e-01 9.944479999999999986e-01 9.926570000000000116e-01 9.996410000000000018e-01 9.976070000000000215e-01 9.977909999999999835e-01 9.981790000000000385e-01
9.934100000000000152e-01 9.968730000000000091e-01 9.989980000000000526e-01 9.952520000000000255e-01 9.927949999999999831e-01 9.975939999999999808e-01 9.939240000000000297e-01 9.950790000000000468e-01
9.983229999999999604e-01 9.981299999999999617e-01 9.983849999999999669e-01 9.976110000000000255e-01 9.948190000000000088e-01 9.976840000000000153e-01 9.976300000000000168e-01 9.957960000000000145e-01
9.957359999999999545e-01 9.988770000000000149e-01 9.978299999999999947e-01 9.948470000000000368e-01 9.971560000000000423e-01 9.956120000000000525e-01 9.970139999999999558e-01 9.980430000000000135e-01
9.977660000000000418e-01 9.950590000000000268e-01 9.978719999999999812e-01 9.952320000000000055e-01 9.929580000000000073e-01 9.943100000000000271e-01 9.976279999999999593e-01 9.973899999999999988e-01
9.954699999999999660e-01 9.987329999999999819e-01 9.980850000000000000e-01 9.946199999999999486e-01 9.945479999999999876e-01 9.968869999999999676e-01 9.982130000000000170e-01 9.970700000000000118e-01
9.999839999999999840e-01 9.986840000000000162e-01 9.979219999999999757e-01 9.954659999999999620e-01 9.969219999999999748e-01 9.963940000000000019e-01 9.963279999999999914e-01 9.945190000000000419e-01
9.952579999999999760e-01 9.969189999999999996e-01 9.933760000000000367e-01 9.994359999999999911e-01 9.949050000000000393e-01 9.951670000000000238e-01 9.977470000000000505e-01 9.943999999999999506e-01
9.936099999999999932e-01 9.978550000000000475e-01 9.978050000000000530e-01 9.985969999999999569e-01 9.943680000000000296e-01 9.975570000000000270e-01 9.943469999999999809e-01 9.996950000000000003e-01
9.943809999999999594e-01 9.994499999999999496e-01 9.981440000000000312e-01 9.955000000000000515e-01 9.976540000000000408e-01 9.999120000000000230e-01 9.998080000000000300e-01 9.949320000000000386e-01
9.974460000000000548e-01 9.980919999999999792e-01 9.988150000000000084e-01 9.930099999999999483e-01 9.962560000000000304e-01 9.953579999999999650e-01 9.936500000000000332e-01 9.981539999999999857e-01
9.929940000000000433e-01 9.976540000000000408e-01 9.990830000000000544e-01 9.942320000000000046e-01 9.981870000000000465e-01 9.944100000000000161e-01 9.946580000000000421e-01 9.949109999999999898e-01
9.984309999999999574e-01 9.996239999999999570e-01 9.951449999999999463e-01 9.956869999999999887e-01 9.945680000000000076e-01 9.939930000000000154e-01 9.955319999999999725e-01 9.984300000000000397e-01
9.975549999999999695e-01 9.946169999999999733e-01 9.981109999999999705e-01 9.967080000000000384e-01 9.953210000000000113e-01 9.980139999999999567e-01 9.929569999999999785e-01 9.943429999999999769e-01
9.956570000000000142e-01 9.947070000000000078e-01 9.942239999999999966e-01 9.976279999999999593e-01 9.990139999999999576e-01 9.953469999999999818e-01 9.976180000000000048e-01 9.977840000000000042e-01
9.973769999999999580e-01 9.997030000000000083e-01 9.962349999999999817e-01 9.996620000000000505e-01 9.930029999999999690e-01 9.978069999999999995e-01 9.978970000000000340e-01 9.948160000000000336e-01
9.962739999999999929e-01 9.972940000000000138e-01 9.946789999999999798e-01 9.980679999999999552e-01 9.979099999999999637e-01 9.945439999999999836e-01 9.975340000000000318e-01 9.988190000000000124e-01
9.958099999999999730e-01 9.995779999999999665e-01 9.935749999999999860e-01 9.983189999999999564e-01 9.956599999999999895e-01 9.958989999999999787e-01 9.983589999999999964e-01 9.981649999999999689e-01
9.971090000000000231e-01 9.963060000000000249e-01 9.947540000000000271e-01 9.980419999999999847e-01 9.952830000000000288e-01 9.990489999999999648e-01 9.959430000000000227e-01 9.946030000000000149e-01
9.944509999999999739e-01 9.943819999999999881e-01 9.944840000000000346e-01 9.945840000000000236e-01 9.934169999999999945e-01 9.945819999999999661e-01 9.929869999999999530e-01 9.981339999999999657e-01
9.943009999999999904e-01 9.943689999999999474e-01 9.987049999999999539e-01 9.966279999999999584e-01 9.980769999999999920e-01 9.980890000000000040e-01 9.972689999999999610e-01 9.951560000000000406e-01
9.944880000000000386e-01 9.979029999999999845e-01 9.981759999999999522e-01 9.972140000000000448e-01 9.930959999999999788e-01 9.998550000000000493e-01 9.956070000000000197e-01 9.934119999999999617e-01
9.930160000000000098e-01 9.979489999999999750e-01 9.959240000000000315e-01 9.974640000000000173e-01 9.980590000000000295e-01 9.934370000000000145e-01 9.965420000000000389e-01 9.937989999999999879e-01
9.977570000000000050e-01 9.961069999999999647e-01 9.990329999999999488e-01 9.980599999999999472e-01 9.944340000000000401e-01 9.953670000000000018e-01 9.951820000000000110e-01 9.980029999999999735e-01
9.981640000000000512e-01 9.965629999999999766e-01 9.943699999999999761e-01 9.929660000000000153e-01 9.977660000000000418e-01 9.980980000000000407e-01 9.948289999999999633e-01 9.979820000000000357e-01
9.972550000000000026e-01 9.963309999999999667e-01 9.969630000000000436e-01 9.976260000000000128e-01 9.990649999999999809e-01 9.952900000000000080e-01 9.937850000000000295e-01 9.956509999999999527e-01
9.978380000000000027e-01 9.934349999999999570e-01 9.980109999999999815e-01 9.969109999999999916e-01 9.996399999999999730e-01 9.947810000000000263e-01 9.935199999999999587e-01 9.978050000000000530e-01
9.942969999999999864e-01 9.964659999999999629e-01 9.930630000000000290e-01 9.979599999999999582e-01 9.998390000000000333e-01 9.953229999999999578e-01 9.971060000000000478e-01 9.983210000000000139e-01
9.958789999999999587e-01 9.991579999999999906e-01 9.976669999999999705e-01 9.942619999999999791e-01 9.940419999999999812e-01 9.994269999999999543e-01 9.945300000000000251e-01 9.932760000000000478e-01
9.976159999999999473e-01 9.924579999999999513e-01 9.936530000000000085e-01 9.981750000000000345e-01 9.990109999999999824e-01 9.993039999999999701e-01 9.929289999999999505e-01 9.982550000000000034e-01
9.980660000000000087e-01 9.978920000000000012e-01 9.930299999999999683e-01 9.934979999999999922e-01 9.982750000000000234e-01 9.974939999999999918e-01 9.967510000000000536e-01 9.969000000000000083e-01
9.989940000000000486e-01 9.981419999999999737e-01 9.944539999999999491e-01 9.943419999999999481e-01 9.993809999999999638e-01 9.995800000000000241e-01 9.944950000000000179e-01 9.993880000000000541e-01
9.950710000000000388e-01 9.945249999999999924e-01 9.997200000000000530e-01 9.949810000000000043e-01 9.967510000000000536e-01 9.939789999999999459e-01 9.994389999999999663e-01 9.984750000000000014e-01
9.980670000000000375e-01 9.939440000000000497e-01 9.929550000000000320e-01 9.932440000000000158e-01 9.988460000000000116e-01 9.983309999999999684e-01 9.986190000000000344e-01 9.947890000000000343e-01
9.934859999999999802e-01 9.930290000000000505e-01 9.930959999999999788e-01 9.971619999999999928e-01 9.930360000000000298e-01 9.951980000000000270e-01 9.962750000000000217e-01 9.999940000000000495e-01
9.980310000000000015e-01 9.938129999999999464e-01 9.950970000000000093e-01 9.943009999999999904e-01 9.983859999999999957e-01 9.992199999999999971e-01 9.969980000000000508e-01 9.974680000000000213e-01
9.943739999999999801e-01 9.986479999999999801e-01 9.945199999999999596e-01 9.942490000000000494e-01 9.945629999999999749e-01 9.990440000000000431e-01 9.966070000000000206e-01 9.941910000000000469e-01
9.932590000000000030e-01 9.945770000000000444e-01 9.978979999999999517e-01 9.960020000000000540e-01 9.987239999999999451e-01 9.982480000000000242e-01 9.994410000000000238e-01 9.942079999999999806e-01
9.957700000000000440e-01 9.977040000000000353e-01 9.973309999999999675e-01 9.968219999999999859e-01 9.988160000000000371e-01 9.961060000000000469e-01 9.992259999999999476e-01 9.942940000000000111e-01
9.969689999999999941e-01 9.989780000000000326e-01 9.986739999999999506e-01 9.989909999999999624e-01 9.937899999999999512e-01 9.983180000000000387e-01 9.997939999999999605e-01 9.952809999999999713e-01
9.944870000000000099e-01 9.979409999999999670e-01 9.931750000000000300e-01 9.977300000000000058e-01 9.980229999999999935e-01 9.979059999999999597e-01 9.979590000000000405e-01 9.977899999999999547e-01
9.943769999999999554e-01 9.951050000000000173e-01 9.975589999999999735e-01 9.974469999999999725e-01 9.987160000000000482e-01 9.976859999999999618e-01 9.981419999999999737e-01 9.942309999999999759e-01
9.998380000000000045e-01 9.976509999999999545e-01 9.966549999999999576e-01 9.979890000000000150e-01 9.992839999999999501e-01 9.991970000000000018e-01 9.964410000000000212e-01 9.988320000000000531e-01
9.932459999999999622e-01 9.976249999999999840e-01 9.931480000000000308e-01 9.934330000000000105e-01 9.976399999999999713e-01 9.982060000000000377e-01 9.978470000000000395e-01 9.968559999999999643e-01
9.929160000000000208e-01 9.948979999999999491e-01 9.978989999999999805e-01 9.978639999999999732e-01 9.980620000000000047e-01 9.939149999999999929e-01 9.924880000000000368e-01 9.990700000000000136e-01
9.944229999999999459e-01 9.942739999999999911e-01 9.981550000000000145e-01 9.960670000000000357e-01 9.972940000000000138e-01 9.982750000000000234e-01 9.928329999999999655e-01 9.928709999999999480e-01
9.945500000000000451e-01 9.967489999999999961e-01 9.937179999999999902e-01 9.979999999999999982e-01 9.954939999999999900e-01 9.947479999999999656e-01 9.970080000000000053e-01 9.943560000000000176e-01
9.947909999999999808e-01 9.996270000000000433e-01 9.932609999999999495e-01 9.977399999999999602e-01 9.978749999999999565e-01 9.979900000000000437e-01 9.942370000000000374e-01 9.964859999999999829e-01
9.987589999999999524e-01 9.943600000000000216e-01 9.981309999999999905e-01 9.971560000000000423e-01 9.978019999999999667e-01 9.992090000000000138e-01 9.977129999999999610e-01 9.979700000000000237e-01
9.970210000000000461e-01 9.983030000000000515e-01 9.930050000000000265e-01 9.961539999999999839e-01 9.930550000000000210e-01 9.935829999999999940e-01 9.979019999999999557e-01 9.929620000000000113e-01
9.978080000000000283e-01 9.953870000000000218e-01 9.968399999999999483e-01 9.945399999999999796e-01 9.978059999999999707e-01 9.981219999999999537e-01 9.973009999999999931e-01 9.974690000000000500e-01
9.995699999999999585e-01 9.995469999999999633e-01 9.929959999999999898e-01 9.943739999999999801e-01 9.976460000000000328e-01 9.953290000000000193e-01 9.943359999999999976e-01 9.942800000000000527e-01
9.962940000000000129e-01 9.944490000000000274e-01 9.942870000000000319e-01 9.956629999999999647e-01 9.992959999999999621e-01 9.958820000000000450e-01 9.970750000000000446e-01 9.943849999999999634e-01
9.998139999999999805e-01 9.956450000000000022e-01 9.976720000000000033e-01 9.971330000000000471e-01 9.938719999999999777e-01 9.980059999999999487e-01 9.989120000000000221e-01 9.974840000000000373e-01
9.986869999999999914e-01 9.930020000000000513e-01 9.933189999999999520e-01 9.949029999999999818e-01 9.991839999999999611e-01 9.942670000000000119e-01 9.943149999999999489e-01 9.975629999999999775e-01
9.931050000000000155e-01 9.976279999999999593e-01 9.996019999999999905e-01 9.979440000000000532e-01 9.999120000000000230e-01 9.929660000000000153e-01 9.980090000000000350e-01 9.931569999999999565e-01
9.956679999999999975e-01 9.979869999999999575e-01 9.997749999999999693e-01 9.974410000000000220e-01 9.976880000000000193e-01 9.942689999999999584e-01 9.947049999999999503e-01 9.979430000000000245e-01
9.975910000000000055e-01 9.993049999999999988e-01 9.971929999999999961e-01 9.980310000000000015e-01 9.929719999999999658e-01 9.978069999999999995e-01 9.993039999999999701e-01 9.933570000000000455e-01
9.995579999999999465e-01 9.968759999999999843e-01 9.948919999999999986e-01 9.943279999999999896e-01 9.943340000000000511e-01 9.932520000000000238e-01 9.930900000000000283e-01 9.940529999999999644e-01
9.992050000000000098e-01 9.946880000000000166e-01 9.957200000000000495e-01 9.975199999999999623e-01 9.930830000000000490e-01 9.939409999999999634e-01 9.999829999999999552e-01 9.981550000000000145e-01
9.950120000000000076e-01 9.948559999999999626e-01 9.936949999999999950e-01 9.956779999999999520e-01 9.958299999999999930e-01 9.978669999999999485e-01 9.932889999999999775e-01 9.934349999999999570e-01
9.945389999999999509e-01 9.988430000000000364e-01 9.947610000000000063e-01 9.942410000000000414e-01 9.976059999999999928e-01 9.932130000000000125e-01 9.981250000000000400e-01 9.980660000000000087e-01
9.939080000000000137e-01 9.978069999999999995e-01 9.978000000000000203e-01 9.946850000000000414e-01 9.930029999999999690e-01 9.937730000000000175e-01 9.944589999999999819e-01 9.960430000000000117e-01
9.975619999999999488e-01 9.988629999999999454e-01 9.968770000000000131e-01 9.937030000000000030e-01 9.978930000000000300e-01 9.975939999999999808e-01 9.981170000000000320e-01 9.991830000000000434e-01
9.980759999999999632e-01 9.933849999999999625e-01 9.944530000000000314e-01 9.979789999999999495e-01 9.954739999999999700e-01 9.993260000000000476e-01 9.983159999999999812e-01 9.981520000000000392e-01
9.980609999999999760e-01 9.961769999999999792e-01 9.983919999999999462e-01 9.969090000000000451e-01 9.994300000000000406e-01 9.943579999999999641e-01 9.991349999999999953e-01 9.953619999999999690e-01
9.929919999999999858e-01 9.978879999999999972e-01 9.968069999999999986e-01 9.982309999999999794e-01 9.944499999999999451e-01 9.931750000000000300e-01 9.946899999999999631e-01 9.929839999999999778e-01
9.943220000000000391e-01 9.943220000000000391e-01 9.966909999999999936e-01 9.946439999999999726e-01 9.978120000000000323e-01 9.930339999999999723e-01 9.947510000000000518e-01 9.950590000000000268e-01
9.964009999999999811e-01 9.980759999999999632e-01 9.956120000000000525e-01 9.944629999999999859e-01 9.942889999999999784e-01 9.976300000000000168e-01 9.944429999999999659e-01 9.978489999999999860e-01
9.931189999999999740e-01 9.991759999999999531e-01 9.951710000000000278e-01 9.965789999999999926e-01 9.929360000000000408e-01 9.978029999999999955e-01 9.964650000000000452e-01 9.998329999999999718e-01
9.937930000000000375e-01 9.935479999999999867e-01 9.984429999999999694e-01 9.971130000000000271e-01 9.979299999999999837e-01 9.945819999999999661e-01 9.954539999999999500e-01 9.946500000000000341e-01
9.980820000000000247e-01 9.960170000000000412e-01 9.980259999999999687e-01 9.975690000000000390e-01 9.942619999999999791e-01 9.942879999999999496e-01 9.991370000000000529e-01 9.976810000000000400e-01
9.980970000000000120e-01 9.966500000000000359e-01 9.962750000000000217e-01 9.981879999999999642e-01 9.932560000000000278e-01 9.947150000000000158e-01 9.996789999999999843e-01 9.976310000000000455e-01
9.954830000000000068e-01 9.981240000000000112e-01 9.999599999999999600e-01 9.943469999999999809e-01 9.978120000000000323e-01 9.973429999999999795e-01 9.979820000000000357e-01 9.978069999999999995e-01
9.943250000000000144e-01 9.980179999999999607e-01 9.944950000000000179e-01 9.937380000000000102e-01 9.980940000000000367e-01 9.970970000000000111e-01 9.945399999999999796e-01 9.930670000000000330e-01
9.933400000000000007e-01 9.980989999999999585e-01 9.994269999999999543e-01 9.996850000000000458e-01 9.972269999999999746e-01 9.959010000000000362e-01 9.933720000000000327e-01 9.933340000000000503e-01
9.981020000000000447e-01 9.983739999999999837e-01 9.988150000000000084e-01 9.975570000000000270e-01 9.942280000000000006e-01 9.949109999999999898e-01 9.980029999999999735e-01 9.976140000000000008e-01
9.930149999999999810e-01 9.981250000000000400e-01 9.928069999999999951e-01 9.985450000000000159e-01 9.944450000000000234e-01 9.967190000000000216e-01 9.942410000000000414e-01 9.945310000000000539e-01
9.955380000000000340e-01 9.976629999999999665e-01 9.973360000000000003e-01 9.956730000000000302e-01 9.973889999999999700e-01 9.975789999999999935e-01 9.948380000000000001e-01 9.935840000000000227e-01
9.966009999999999591e-01 9.981520000000000392e-01 9.978259999999999907e-01 9.956949999999999967e-01 9.979299999999999837e-01 9.930170000000000385e-01 9.976810000000000400e-01 9.952590000000000048e-01
9.965220000000000189e-01 9.999149999999999983e-01 9.981499999999999817e-01 9.979080000000000172e-01 9.947740000000000471e-01 9.981299999999999617e-01 9.975370000000000070e-01 9.969219999999999748e-01
9.969820000000000348e-01 9.947519999999999696e-01 9.963959999999999484e-01 9.963269999999999627e-01 9.959170000000000522e-01 9.981929999999999970e-01 9.935690000000000355e-01 9.998939999999999495e-01
9.943969999999999754e-01 9.981989999999999474e-01 9.983199999999999852e-01 9.982220000000000537e-01 9.935789999999999900e-01 9.976089999999999680e-01 9.947829999999999728e-01 9.980170000000000430e-01
9.995380000000000376e-01 9.975640000000000063e-01 9.942779999999999951e-01 9.931820000000000093e-01 9.979569999999999830e-01 9.953579999999999650e-01 9.976270000000000415e-01 9.931379999999999653e-01
9.970379999999999798e-01 9.930229999999999890e-01 9.976209999999999800e-01 9.979999999999999982e-01 9.943020000000000191e-01 9.980010000000000270e-01 9.949689999999999923e-01 9.979430000000000245e-01
9.977160000000000473e-01 9.995870000000000033e-01 9.971029999999999616e-01 9.968129999999999491e-01 9.979759999999999742e-01 9.951839999999999575e-01 9.947089999999999543e-01 9.977000000000000313e-01
9.967200000000000504e-01 9.942419999999999591e-01 9.981790000000000385e-01 9.948679999999999746e-01 9.980029999999999735e-01 9.985249999999999959e-01 9.930069999999999730e-01 9.989489999999999759e-01
9.970149999999999846e-01 9.969500000000000028e-01 9.997570000000000068e-01 9.987989999999999924e-01 9.983210000000000139e-01 9.978029999999999955e-01 9.955349999999999477e-01 9.994319999999999871e-01
9.944880000000000386e-01 9.980320000000000302e-01 9.981020000000000447e-01 9.979550000000000365e-01 9.942839999999999456e-01 9.945709999999999829e-01 9.979010000000000380e-01 9.984880000000000422e-01
9.944629999999999859e-01 9.975899999999999768e-01 9.975810000000000510e-01 9.955640000000000045e-01 9.943520000000000136e-01 9.942720000000000447e-01 9.975540000000000518e-01 9.986120000000000552e-01
9.979710000000000525e-01 9.957030000000000047e-01 9.976249999999999840e-01 9.993779999999999886e-01 9.969519999999999493e-01 9.984690000000000509e-01 9.980310000000000015e-01 9.952170000000000183e-01
9.999900000000000455e-01 9.975910000000000055e-01 9.980520000000000502e-01 9.980869999999999465e-01 9.942699999999999871e-01 9.980989999999999585e-01 9.981600000000000472e-01 9.928850000000000176e-01
9.937059999999999782e-01 9.984859999999999847e-01 9.968110000000000026e-01 9.986800000000000122e-01 9.954460000000000530e-01 9.930369999999999475e-01 9.975730000000000430e-01 9.953539999999999610e-01
9.977040000000000353e-01 9.948380000000000001e-01 9.959989999999999677e-01 9.964490000000000292e-01 9.962919999999999554e-01 9.942830000000000279e-01 9.977279999999999482e-01 9.968620000000000259e-01
9.931560000000000388e-01 9.980879999999999752e-01 9.997629999999999573e-01 9.942389999999999839e-01 9.929080000000000128e-01 9.929379999999999873e-01 9.986369999999999969e-01 9.944450000000000234e-01
9.963579999999999659e-01 9.981050000000000200e-01 9.944159999999999666e-01 9.967850000000000321e-01 9.960470000000000157e-01 9.982710000000000194e-01 9.942379999999999551e-01 9.946939999999999671e-01
9.976599999999999913e-01 9.960980000000000389e-01 9.980689999999999840e-01 9.962360000000000104e-01 9.954239999999999755e-01 9.998839999999999950e-01 9.975319999999999743e-01 9.954499999999999460e-01
9.931809999999999805e-01 9.999149999999999983e-01 9.980850000000000000e-01 9.978169999999999540e-01 9.977430000000000465e-01 9.980780000000000207e-01 9.981790000000000385e-01 9.984709999999999974e-01
9.937650000000000095e-01 9.980210000000000470e-01 9.942109999999999559e-01 9.947129999999999583e-01 9.974509999999999765e-01 9.977960000000000163e-01 9.971489999999999521e-01 9.977989999999999915e-01
9.947340000000000071e-01 9.988430000000000364e-01 9.975889999999999480e-01 9.988110000000000044e-01 9.942790000000000239e-01 9.985249999999999959e-01 9.957380000000000120e-01 9.979329999999999590e-01
9.978850000000000220e-01 9.957279999999999465e-01 9.930170000000000385e-01 9.964380000000000459e-01 9.942739999999999911e-01 9.962600000000000344e-01 9.944309999999999539e-01 9.989339999999999886e-01
9.943830000000000169e-01 9.986789999999999834e-01 9.955420000000000380e-01 9.975549999999999695e-01 9.982739999999999947e-01 9.951229999999999798e-01 9.967749999999999666e-01 9.977559999999999762e-01
9.996810000000000418e-01 9.943279999999999896e-01 9.945249999999999924e-01 9.976760000000000073e-01 9.980649999999999800e-01 9.932490000000000485e-01 9.953210000000000113e-01 9.947629999999999528e-01
9.930069999999999730e-01 9.947799999999999976e-01 9.956390000000000517e-01 9.948380000000000001e-01 9.954830000000000068e-01 9.944720000000000226e-01 9.951710000000000278e-01 9.942800000000000527e-01
9.929740000000000233e-01 9.942800000000000527e-01 9.966120000000000534e-01 9.974659999999999638e-01 9.953579999999999650e-01 9.983039999999999692e-01 9.945030000000000259e-01 9.981649999999999689e-01
9.927770000000000206e-01 9.942769999999999664e-01 9.950909999999999478e-01 9.984389999999999654e-01 9.978829999999999645e-01 9.963079999999999714e-01 9.976920000000000233e-01 9.969820000000000348e-01
9.953400000000000025e-01 9.979289999999999550e-01 9.999930000000000208e-01 9.930099999999999483e-01 9.928010000000000446e-01 9.980609999999999760e-01 9.939289999999999514e-01 9.969430000000000236e-01
9.966450000000000031e-01 9.929010000000000336e-01 9.956439999999999735e-01 9.947529999999999983e-01 9.977310000000000345e-01 9.946749999999999758e-01 9.946220000000000061e-01 9.942509999999999959e-01
9.930090000000000305e-01 9.929679999999999618e-01 9.980790000000000495e-01 9.977049999999999530e-01 9.976690000000000280e-01 9.988850000000000229e-01 9.947399999999999576e-01 9.981409999999999449e-01
9.947610000000000063e-01 9.987460000000000226e-01 9.950320000000000276e-01 9.940529999999999644e-01 9.968829999999999636e-01 9.981090000000000240e-01 9.969590000000000396e-01 9.929059999999999553e-01
9.945349999999999469e-01 9.975969999999999560e-01 9.969799999999999773e-01 9.976009999999999600e-01 9.931900000000000173e-01 9.973790000000000155e-01 9.969050000000000411e-01 9.980019999999999447e-01
9.930759999999999588e-01 9.985260000000000247e-01 9.973109999999999475e-01 9.980799999999999672e-01 9.975840000000000263e-01 9.981090000000000240e-01 9.936660000000000492e-01 9.991419999999999746e-01
9.944709999999999939e-01 9.936500000000000332e-01 9.980449999999999600e-01 9.943589999999999929e-01 9.930099999999999483e-01 9.979170000000000540e-01 9.936409999999999965e-01 9.970590000000000286e-01
9.930290000000000505e-01 9.996840000000000170e-01 9.947420000000000151e-01 9.981259999999999577e-01 9.998829999999999663e-01 9.947030000000000038e-01 9.986680000000000001e-01 9.935800000000000187e-01
9.952039999999999775e-01 9.972959999999999603e-01 9.979479999999999462e-01 9.996009999999999618e-01 9.975619999999999488e-01 9.994910000000000183e-01 9.975629999999999775e-01 9.974159999999999693e-01
9.932579999999999742e-01 9.985760000000000192e-01 9.976019999999999888e-01 9.979139999999999677e-01 9.978839999999999932e-01 9.980090000000000350e-01 9.993699999999999806e-01 9.976340000000000208e-01
9.933110000000000550e-01 9.944600000000000106e-01 9.983779999999999877e-01 9.967650000000000121e-01 9.976669999999999705e-01 9.952520000000000255e-01 9.994990000000000263e-01 9.958029999999999937e-01
9.974300000000000388e-01 9.992670000000000163e-01 9.934659999999999602e-01 9.942419999999999591e-01 9.928909999999999680e-01 9.929639999999999578e-01 9.930630000000000290e-01 9.979740000000000277e-01
9.970299999999999718e-01 9.967209999999999681e-01 9.965019999999999989e-01 9.976279999999999593e-01 9.979059999999999597e-01 9.973870000000000235e-01 9.936730000000000285e-01 9.951860000000000150e-01
9.979120000000000212e-01 9.946490000000000054e-01 9.979050000000000420e-01 9.930350000000000010e-01 9.975070000000000325e-01 9.992100000000000426e-01 9.949019999999999531e-01 9.947120000000000406e-01
9.972760000000000513e-01 9.982839999999999492e-01 9.942140000000000422e-01 9.941109999999999669e-01 9.982720000000000482e-01 9.975659999999999528e-01 9.994129999999999958e-01 9.981189999999999785e-01
9.971820000000000128e-01 9.989280000000000381e-01 9.966979999999999729e-01 9.931109999999999660e-01 9.976380000000000248e-01 9.931980000000000253e-01 9.970069999999999766e-01 9.945079999999999476e-01
9.954760000000000275e-01 9.932250000000000245e-01 9.932079999999999798e-01 9.975899999999999768e-01 9.992259999999999476e-01 9.947460000000000191e-01 9.965460000000000429e-01 9.980170000000000430e-01
9.957500000000000240e-01 9.989440000000000541e-01 9.981980000000000297e-01 9.958900000000000530e-01 9.946589999999999598e-01 9.971849999999999881e-01 9.929700000000000193e-01 9.954600000000000115e-01
9.979230000000000045e-01 9.955469999999999597e-01 9.953220000000000400e-01 9.944060000000000121e-01 9.975549999999999695e-01 9.975079999999999503e-01 9.953220000000000400e-01 9.942630000000000079e-01
9.952130000000000143e-01 9.990350000000000064e-01 9.946530000000000094e-01 9.980090000000000350e-01 9.979329999999999590e-01 9.980900000000000327e-01 9.979900000000000437e-01 9.980999999999999872e-01
9.994990000000000263e-01 9.928709999999999480e-01 9.965589999999999726e-01 9.988679999999999781e-01 9.950510000000000188e-01 9.981489999999999529e-01 9.965990000000000126e-01 9.986460000000000337e-01
9.961189999999999767e-01 9.930060000000000553e-01 9.958780000000000410e-01 9.968350000000000266e-01 9.980689999999999840e-01 9.981809999999999850e-01 9.979729999999999990e-01 9.942170000000000174e-01
9.951820000000000110e-01 9.930330000000000545e-01 9.970099999999999518e-01 9.974150000000000515e-01 9.993459999999999566e-01 9.946949999999999958e-01 9.945040000000000546e-01 9.980949999999999545e-01
9.941740000000000022e-01 9.969660000000000188e-01 9.930099999999999483e-01 9.927869999999999751e-01 9.951370000000000493e-01 9.974049999999999860e-01 9.975680000000000103e-01 9.978280000000000483e-01
9.929620000000000113e-01 9.969019999999999548e-01 9.972039999999999793e-01 9.949160000000000226e-01 9.946989999999999998e-01 9.968829999999999636e-01 9.930060000000000553e-01 9.980010000000000270e-01
9.951989999999999448e-01 9.980499999999999927e-01 9.930879999999999708e-01 9.933279999999999887e-01 9.980069999999999775e-01 9.955739999999999590e-01 9.976390000000000535e-01 9.962830000000000297e-01
9.948559999999999626e-01 9.968799999999999883e-01 9.979900000000000437e-01 9.981640000000000512e-01 9.978470000000000395e-01 9.992689999999999628e-01 9.969179999999999708e-01 9.959740000000000260e-01
9.987749999999999684e-01 9.980869999999999465e-01 9.949770000000000003e-01 9.945460000000000411e-01 9.940830000000000499e-01 9.962050000000000072e-01 9.978489999999999860e-01 9.987650000000000139e-01
9.964190000000000547e-01 9.968040000000000234e-01 9.976239999999999553e-01 9.933199999999999807e-01 9.980909999999999505e-01 9.973539999999999628e-01 9.977960000000000163e-01 9.980780000000000207e-01
9.932229999999999670e-01 9.933480000000000087e-01 9.973889999999999700e-01 9.933969999999999745e-01 9.979040000000000132e-01 9.942729999999999624e-01 9.982900000000000107e-01 9.933030000000000470e-01
9.980580000000000007e-01 9.978829999999999645e-01 9.930250000000000465e-01 9.945019999999999971e-01 9.951579999999999870e-01 9.933929999999999705e-01 9.969259999999999788e-01 9.974739999999999718e-01
9.945540000000000491e-01 9.996380000000000265e-01 9.983570000000000499e-01 9.949289999999999523e-01 9.969040000000000123e-01 9.935300000000000242e-01 9.972159999999999913e-01 9.949029999999999818e-01
9.929949999999999610e-01 9.942440000000000166e-01 9.976669999999999705e-01 9.992529999999999468e-01 9.980869999999999465e-01 9.951480000000000325e-01 9.963100000000000289e-01 9.939080000000000137e-01
9.933520000000000127e-01 9.928839999999999888e-01 9.948179999999999801e-01 9.933499999999999552e-01 9.977979999999999627e-01 9.944800000000000306e-01 9.949710000000000498e-01 9.932640000000000358e-01
9.980820000000000247e-01 9.965789999999999926e-01 9.981189999999999785e-01 9.974790000000000045e-01 9.972969999999999891e-01 9.986490000000000089e-01 9.994910000000000183e-01 9.993980000000000086e-01
9.930879999999999708e-01 9.978669999999999485e-01 9.929130000000000456e-01 9.976300000000000168e-01 9.930620000000000003e-01 9.991149999999999753e-01 9.989599999999999591e-01 9.955619999999999470e-01
9.995789999999999953e-01 9.979660000000000197e-01 9.979729999999999990e-01 9.930320000000000258e-01 9.998320000000000540e-01 9.978599999999999692e-01 9.930470000000000130e-01 9.999710000000000543e-01
9.991999999999999771e-01 9.996469999999999523e-01 9.981860000000000177e-01 9.980930000000000080e-01 9.930219999999999603e-01 9.951799999999999535e-01 9.944809999999999484e-01 9.971139999999999448e-01
9.984979999999999967e-01 9.977810000000000290e-01 9.980499999999999927e-01 9.951980000000000270e-01 9.976899999999999658e-01 9.957650000000000112e-01 9.999010000000000398e-01 9.976359999999999673e-01
9.976610000000000200e-01 9.976530000000000120e-01 9.949139999999999651e-01 9.990329999999999488e-01 9.929959999999999898e-01 9.950639999999999485e-01 9.928940000000000543e-01 9.945530000000000204e-01
9.943319999999999936e-01 9.977840000000000042e-01 9.980139999999999567e-01 9.985089999999999799e-01 9.932060000000000333e-01 9.965399999999999814e-01 9.975100000000000078e-01 9.975180000000000158e-01
9.979729999999999990e-01 9.944100000000000161e-01 9.930149999999999810e-01 9.958620000000000250e-01 9.946199999999999486e-01 9.957019999999999760e-01 9.969160000000000244e-01 9.977319999999999522e-01
9.985749999999999904e-01 9.990590000000000304e-01 9.997230000000000283e-01 9.976300000000000168e-01 9.986909999999999954e-01 9.964610000000000412e-01 9.943800000000000416e-01 9.943039999999999656e-01
9.943349999999999689e-01 9.939090000000000424e-01 9.948320000000000496e-01 9.929829999999999490e-01 9.983379999999999477e-01 9.961339999999999639e-01 9.946850000000000414e-01 9.949379999999999891e-01
9.953980000000000050e-01 9.943779999999999841e-01 9.976450000000000040e-01 9.966089999999999671e-01 9.943710000000000049e-01 9.997960000000000180e-01 9.976589999999999625e-01 9.979010000000000380e-01
9.979599999999999582e-01 9.978209999999999580e-01 9.985159999999999592e-01 9.941640000000000477e-01 9.964749999999999996e-01 9.958479999999999555e-01 9.979980000000000517e-01 9.929590000000000360e-01
9.979980000000000517e-01 9.976150000000000295e-01 9.957179999999999920e-01 9.997679999999999900e-01 9.944039999999999546e-01 9.981740000000000057e-01 9.991480000000000361e-01 9.947169999999999623e-01
9.978740000000000387e-01 9.972199999999999953e-01 9.996420000000000305e-01 9.939710000000000489e-01 9.960780000000000189e-01 9.943769999999999554e-01 9.976549999999999585e-01 9.968010000000000481e-01
9.972509999999999986e-01 9.968590000000000506e-01 9.943809999999999594e-01 9.946549999999999558e-01 9.975659999999999528e-01 9.944549999999999779e-01 9.980430000000000135e-01 9.951780000000000070e-01
9.981539999999999857e-01 9.977770000000000250e-01 9.947139999999999871e-01 9.942609999999999504e-01 9.933279999999999887e-01 9.993389999999999773e-01 9.955429999999999557e-01 9.976260000000000128e-01
9.971569999999999601e-01 9.993330000000000268e-01 9.980099999999999527e-01 9.980949999999999545e-01 9.991849999999999898e-01 9.980850000000000000e-01 9.963440000000000074e-01 9.975380000000000358e-01
9.977129999999999610e-01 9.978639999999999732e-01 9.953309999999999658e-01 9.944190000000000529e-01 9.977920000000000122e-01 9.930719999999999548e-01 9.966089999999999671e-01 9.976359999999999673e-01
9.930369999999999475e-01 9.976369999999999960e-01 9.931470000000000020e-01 9.991999999999999771e-01 9.977719999999999922e-01 9.983539999999999637e-01 9.978080000000000283e-01 9.951659999999999950e-01
9.936289999999999845e-01 9.938930000000000264e-01 9.935249999999999915e-01 9.931769999999999765e-01 9.946669999999999678e-01 9.963349999999999707e-01 9.980700000000000127e-01 9.961470000000000047e-01
9.976789999999999825e-01 9.979230000000000045e-01 9.999620000000000175e-01 9.982360000000000122e-01 9.980050000000000310e-01 9.946070000000000189e-01 9.929869999999999530e-01 9.991659999999999986e-01
9.959569999999999812e-01 9.979200000000000292e-01 9.965570000000000261e-01 9.988289999999999669e-01 9.983950000000000324e-01 9.929390000000000160e-01 9.971790000000000376e-01 9.929970000000000185e-01
9.992210000000000258e-01 9.994100000000000206e-01 9.946829999999999838e-01 9.945619999999999461e-01 9.977610000000000090e-01 9.944100000000000161e-01 9.951039999999999885e-01 9.930600000000000538e-01
9.977800000000000002e-01 9.935629999999999740e-01 9.943049999999999944e-01 9.979179999999999717e-01 9.966650000000000231e-01 9.943699999999999761e-01 9.960560000000000525e-01 9.991109999999999713e-01
9.978240000000000443e-01 9.968949999999999756e-01 9.963790000000000147e-01 9.996099999999999985e-01 9.943750000000000089e-01 9.931480000000000308e-01 9.985260000000000247e-01 9.942220000000000502e-01
9.964990000000000236e-01 9.996190000000000353e-01 9.979540000000000077e-01 9.982090000000000130e-01 9.946549999999999558e-01 9.977890000000000370e-01 9.979930000000000190e-01 9.954239999999999755e-01
9.930679999999999508e-01 9.998820000000000485e-01 9.973990000000000355e-01 9.950480000000000436e-01 9.979630000000000445e-01 9.980149999999999855e-01 9.979489999999999750e-01 9.960470000000000157e-01
9.965549999999999686e-01 9.969519999999999493e-01 9.959670000000000467e-01 9.976899999999999658e-01 9.977409999999999890e-01 9.974169999999999980e-01 9.977759999999999962e-01 9.949200000000000266e-01
9.930010000000000225e-01 9.941339999999999621e-01 9.960099999999999509e-01 9.965199999999999614e-01 9.980909999999999505e-01 9.970539999999999958e-01 9.976730000000000320e-01 9.944669999999999899e-01
9.981820000000000137e-01 9.976930000000000520e-01 9.953130000000000033e-01 9.989670000000000494e-01 9.980059999999999487e-01 9.993379999999999486e-01 9.938109999999999999e-01 9.944319999999999826e-01
9.970329999999999471e-01 9.929360000000000408e-01 9.952010000000000023e-01 9.955519999999999925e-01 9.996899999999999675e-01 9.977169999999999650e-01 9.929670000000000440e-01 9.947080000000000366e-01
9.929170000000000496e-01 9.976469999999999505e-01 9.960470000000000157e-01 9.980729999999999880e-01 9.956690000000000262e-01 9.930139999999999523e-01 9.976990000000000025e-01 9.938090000000000535e-01
9.979139999999999677e-01 9.947709999999999608e-01 9.975549999999999695e-01 9.979350000000000165e-01 9.975870000000000015e-01 9.962339999999999529e-01 9.976439999999999753e-01 9.931839999999999558e-01
9.966070000000000206e-01 9.934770000000000545e-01 9.997819999999999485e-01 9.957749999999999657e-01 9.992119999999999891e-01 9.995730000000000448e-01 9.991320000000000201e-01 9.922729999999999606e-01
9.951109999999999678e-01 9.934589999999999810e-01 9.949360000000000426e-01 9.946169999999999733e-01 9.949000000000000066e-01 9.978979999999999517e-01 9.982809999999999739e-01 9.949170000000000513e-01
9.977420000000000178e-01 9.930290000000000505e-01 9.976610000000000200e-01 9.932990000000000430e-01 9.972180000000000488e-01 9.973750000000000115e-01 9.942250000000000254e-01 9.930949999999999500e-01
9.962509999999999977e-01 9.930309999999999970e-01 9.977460000000000218e-01 9.936089999999999645e-01 9.930109999999999770e-01 9.945100000000000051e-01 9.930039999999999978e-01 9.930069999999999730e-01
9.981269999999999865e-01 9.990890000000000049e-01 9.993100000000000316e-01 9.980959999999999832e-01 9.934410000000000185e-01 9.998639999999999750e-01 9.972579999999999778e-01 9.978139999999999787e-01
9.942330000000000334e-01 9.968519999999999603e-01 9.945910000000000029e-01 9.942750000000000199e-01 9.928949999999999720e-01 9.953009999999999913e-01 9.951309999999999878e-01 9.981149999999999745e-01
9.987209999999999699e-01 9.977679999999999882e-01 9.976909999999999945e-01 9.944250000000000034e-01 9.943269999999999609e-01 9.977650000000000130e-01 9.947519999999999696e-01 9.978019999999999667e-01
9.979059999999999597e-01 9.961149999999999727e-01 9.945810000000000484e-01 9.981830000000000425e-01 9.931210000000000315e-01 9.969660000000000188e-01 9.963229999999999587e-01 9.980590000000000295e-01
9.948200000000000376e-01 9.960529999999999662e-01 9.964460000000000539e-01 9.954100000000000170e-01 9.971020000000000438e-01 9.936549999999999550e-01 9.957409999999999872e-01 9.976390000000000535e-01
9.976749999999999785e-01 9.953079999999999705e-01 9.930590000000000250e-01 9.987319999999999531e-01 9.950689999999999813e-01 9.981619999999999937e-01 9.964709999999999956e-01 9.991449999999999498e-01
9.939869999999999539e-01 9.963199999999999834e-01 9.977409999999999890e-01 9.971950000000000536e-01 9.954439999999999955e-01 9.984039999999999582e-01 9.947570000000000023e-01 9.967430000000000456e-01
9.975199999999999623e-01 9.965880000000000294e-01 9.943340000000000511e-01 9.981130000000000280e-01 9.983919999999999462e-01 9.931740000000000013e-01 9.979280000000000372e-01 9.973739999999999828e-01
9.962419999999999609e-01 9.944560000000000066e-01 9.942330000000000334e-01 9.982999999999999652e-01 9.949289999999999523e-01 9.951670000000000238e-01 9.957380000000000120e-01 9.988879999999999981e-01
9.987099999999999866e-01 9.997730000000000228e-01 9.976369999999999960e-01 9.947489999999999943e-01 9.952619999999999800e-01 9.951440000000000285e-01 9.930679999999999508e-01 9.977260000000000018e-01
9.981299999999999617e-01 9.976260000000000128e-01 9.968679999999999763e-01 9.998669999999999503e-01 9.942919999999999536e-01 9.980609999999999760e-01 9.976960000000000273e-01 9.961759999999999504e-01
9.933070000000000510e-01 9.959379999999999900e-01 9.931119999999999948e-01 9.972860000000000058e-01 9.947449999999999903e-01 9.931069999999999620e-01 9.977510000000000545e-01 9.944899999999999851e-01
9.991179999999999506e-01 9.980329999999999480e-01 9.942999999999999616e-01 9.986040000000000472e-01 9.952029999999999488e-01 9.955249999999999932e-01 9.942060000000000342e-01 9.941330000000000444e-01
9.979559999999999542e-01 9.981119999999999992e-01 9.980689999999999840e-01 9.960670000000000357e-01 9.947759999999999936e-01 9.971449999999999481e-01 9.952499999999999680e-01 9.990179999999999616e-01
9.976599999999999913e-01 9.952119999999999855e-01 9.981320000000000192e-01 9.980830000000000535e-01 9.972569999999999490e-01 9.930229999999999890e-01 9.977899999999999547e-01 9.983889999999999709e-01
9.977740000000000498e-01 9.976289999999999880e-01 9.980520000000000502e-01 9.929219999999999713e-01 9.970670000000000366e-01 9.943239999999999856e-01 9.991069999999999673e-01 9.947589999999999488e-01
9.974279999999999813e-01 9.998010000000000508e-01 9.942649999999999544e-01 9.980609999999999760e-01 9.958930000000000282e-01 9.951330000000000453e-01 9.976080000000000503e-01 9.930099999999999483e-01
9.930130000000000345e-01 9.979160000000000252e-01 9.996059999999999945e-01 9.980780000000000207e-01 9.968230000000000146e-01 9.975410000000000110e-01 9.977300000000000058e-01 9.990280000000000271e-01
9.930299999999999683e-01 9.943579999999999641e-01 9.976450000000000040e-01 9.944380000000000441e-01 9.980569999999999720e-01 9.959860000000000380e-01 9.959489999999999732e-01 9.979770000000000030e-01
9.929550000000000320e-01 9.979019999999999557e-01 9.955000000000000515e-01 9.930219999999999603e-01 9.979879999999999862e-01 9.979959999999999942e-01 9.978219999999999867e-01 9.997070000000000123e-01
9.977719999999999922e-01 9.946439999999999726e-01 9.948939999999999451e-01 9.983739999999999837e-01 9.976620000000000488e-01 9.957599999999999785e-01 9.984480000000000022e-01 9.980759999999999632e-01
9.982539999999999747e-01 9.931600000000000428e-01 9.990510000000000224e-01 9.991889999999999938e-01 9.958789999999999587e-01 9.967660000000000409e-01 9.958909999999999707e-01 9.981189999999999785e-01
9.976509999999999545e-01 9.934889999999999555e-01 9.989599999999999591e-01 9.949510000000000298e-01 9.956570000000000142e-01 9.960360000000000325e-01 9.938599999999999657e-01 9.936040000000000427e-01
9.975479999999999903e-01 9.948080000000000256e-01 9.978320000000000523e-01 9.963689999999999491e-01 9.947930000000000383e-01 9.977160000000000473e-01 9.992830000000000323e-01 9.929639999999999578e-01
9.929510000000000280e-01 9.981010000000000160e-01 9.944549999999999779e-01 9.989449999999999719e-01 9.973910000000000275e-01 9.956420000000000270e-01 9.985779999999999657e-01 9.971219999999999528e-01
9.929630000000000400e-01 9.955110000000000348e-01 9.974370000000000180e-01 9.980660000000000087e-01 9.930959999999999788e-01 9.970689999999999831e-01 9.942630000000000079e-01 9.958160000000000345e-01
9.949200000000000266e-01 9.980740000000000167e-01 9.981229999999999825e-01 9.973699999999999788e-01 9.967470000000000496e-01 9.944570000000000354e-01 9.993509999999999893e-01 9.936390000000000500e-01
9.946519999999999806e-01 9.952299999999999480e-01 9.933300000000000463e-01 9.931820000000000093e-01 9.957989999999999897e-01 9.980569999999999720e-01 9.970470000000000166e-01 9.976960000000000273e-01
9.975770000000000470e-01 9.933499999999999552e-01 9.946230000000000349e-01 9.960419999999999829e-01 9.944819999999999771e-01 9.935840000000000227e-01 9.938200000000000367e-01 9.977080000000000393e-01
9.943490000000000384e-01 9.976159999999999473e-01 9.945669999999999789e-01 9.975760000000000183e-01 9.981809999999999850e-01 9.998040000000000260e-01 9.977279999999999482e-01 9.978510000000000435e-01
9.970029999999999726e-01 9.983880000000000532e-01 9.960980000000000389e-01 9.971809999999999841e-01 9.984920000000000462e-01 9.959689999999999932e-01 9.975979999999999848e-01 9.929379999999999873e-01
9.990419999999999856e-01 9.985859999999999737e-01 9.995039999999999480e-01 9.942069999999999519e-01 9.981060000000000487e-01 9.992529999999999468e-01 9.954349999999999588e-01 9.981290000000000440e-01
9.958339999999999970e-01 9.980740000000000167e-01 9.994319999999999871e-01 9.930620000000000003e-01 9.999959999999999960e-01 9.973640000000000283e-01 9.976969999999999450e-01 9.976089999999999680e-01
9.967350000000000376e-01 9.970080000000000053e-01 9.989090000000000469e-01 9.977519999999999722e-01 9.947580000000000311e-01 9.931419999999999693e-01 9.976279999999999593e-01 9.980369999999999520e-01
9.979770000000000030e-01 9.963999999999999524e-01 9.968000000000000194e-01 9.933199999999999807e-01 9.977610000000000090e-01 9.997089999999999588e-01 9.941740000000000022e-01 9.958690000000000042e-01
9.959040000000000115e-01 9.979170000000000540e-01 9.963689999999999491e-01 9.964499999999999469e-01 9.930350000000000010e-01 9.933830000000000160e-01 9.950299999999999701e-01 9.992199999999999971e-01
9.970740000000000158e-01 9.935559999999999947e-01 9.942490000000000494e-01 9.934809999999999475e-01 9.991640000000000521e-01 9.968430000000000346e-01 9.947279999999999456e-01 9.957200000000000495e-01
9.981240000000000112e-01 9.930900000000000283e-01 9.949310000000000098e-01 9.944819999999999771e-01 9.980790000000000495e-01 9.967799999999999994e-01 9.943039999999999656e-01 9.976939999999999698e-01
9.944089999999999874e-01 9.977310000000000345e-01 9.988120000000000331e-01 9.981590000000000185e-01 9.979580000000000117e-01 9.937829999999999719e-01 9.998050000000000548e-01 9.943809999999999594e-01
9.930010000000000225e-01 9.953309999999999658e-01 9.998909999999999743e-01 9.974480000000000013e-01 9.938909999999999689e-01 9.978650000000000020e-01 9.972609999999999530e-01 9.946249999999999813e-01
9.987979999999999636e-01 9.946390000000000509e-01 9.978460000000000107e-01 9.963640000000000274e-01 9.934640000000000137e-01 9.945100000000000051e-01 9.945199999999999596e-01 9.958919999999999995e-01
9.994129999999999958e-01 9.945410000000000084e-01 9.974819999999999798e-01 9.933720000000000327e-01 9.948749999999999538e-01 9.929010000000000336e-01 9.999489999999999768e-01 9.929620000000000113e-01
9.942490000000000494e-01 9.981590000000000185e-01 9.979050000000000420e-01 9.978500000000000147e-01 9.937949999999999839e-01 9.942560000000000286e-01 9.942830000000000279e-01 9.981889999999999930e-01
9.979209999999999470e-01 9.954699999999999660e-01 9.990459999999999896e-01 9.975380000000000358e-01 9.942689999999999584e-01 9.944049999999999834e-01 9.961719999999999464e-01 9.930459999999999843e-01
9.979989999999999695e-01 9.958360000000000545e-01 9.977169999999999650e-01 9.954520000000000035e-01 9.971170000000000311e-01 9.929909999999999570e-01 9.959069999999999867e-01 9.979970000000000230e-01
9.987840000000000051e-01 9.976930000000000520e-01 9.990820000000000256e-01 9.979869999999999575e-01 9.981389999999999985e-01 9.961820000000000119e-01 9.931839999999999558e-01 9.943729999999999514e-01
9.935159999999999547e-01 9.991179999999999506e-01 9.951940000000000230e-01 9.980259999999999687e-01 9.964929999999999621e-01 9.976509999999999545e-01 9.978110000000000035e-01 9.976089999999999680e-01
9.976930000000000520e-01 9.975880000000000303e-01 9.987549999999999484e-01 9.929080000000000128e-01 9.942680000000000407e-01 9.978709999999999525e-01 9.986899999999999666e-01 9.930870000000000530e-01
9.978920000000000012e-01 9.980080000000000062e-01 9.999820000000000375e-01 9.942769999999999664e-01 9.996540000000000425e-01 9.980740000000000167e-01 9.978409999999999780e-01 9.980780000000000207e-01
9.942509999999999959e-01 9.981529999999999569e-01 9.992349999999999843e-01 9.938510000000000399e-01 9.976209999999999800e-01 9.947080000000000366e-01 9.986460000000000337e-01 9.976319999999999633e-01
9.946540000000000381e-01 9.957390000000000407e-01 9.930229999999999890e-01 9.995319999999999760e-01 9.980949999999999545e-01 9.978869999999999685e-01 9.931569999999999565e-01 9.930740000000000123e-01
9.997230000000000283e-01 9.947650000000000103e-01 9.981139999999999457e-01 9.995420000000000416e-01 9.979040000000000132e-01 9.944819999999999771e-01 9.980160000000000142e-01 9.949719999999999676e-01
9.977500000000000258e-01 9.926869999999999861e-01 9.948390000000000288e-01 9.930139999999999523e-01 9.988329999999999709e-01 9.950660000000000061e-01 9.996399999999999730e-01 9.985239999999999672e-01
9.962100000000000399e-01 9.948080000000000256e-01 9.965950000000000086e-01 9.987160000000000482e-01 9.943180000000000351e-01 9.979740000000000277e-01 9.933769999999999545e-01 9.981520000000000392e-01
9.976500000000000368e-01 9.945199999999999596e-01 9.925880000000000258e-01 9.949829999999999508e-01 9.942490000000000494e-01 9.951149999999999718e-01 9.948369999999999713e-01 9.984480000000000022e-01
9.934680000000000177e-01 9.962999999999999634e-01 9.953300000000000480e-01 9.961900000000000199e-01 9.972140000000000448e-01 9.947840000000000016e-01 9.972929999999999851e-01 9.929630000000000400e-01
9.929909999999999570e-01 9.981609999999999649e-01 9.988160000000000371e-01 9.939879999999999827e-01 9.938169999999999504e-01 9.934960000000000457e-01 9.966300000000000159e-01 9.983210000000000139e-01
9.943499999999999561e-01 9.981759999999999522e-01 9.985159999999999592e-01 9.942659999999999831e-01 9.972630000000000106e-01 9.943089999999999984e-01 9.995969999999999578e-01 9.984009999999999829e-01
9.979200000000000292e-01 9.943079999999999696e-01 9.930189999999999850e-01 9.951809999999999823e-01 9.975570000000000270e-01 9.934610000000000385e-01 9.981200000000000072e-01 9.947639999999999816e-01
9.942269999999999719e-01 9.950989999999999558e-01 9.996620000000000505e-01 9.991409999999999458e-01 9.987719999999999931e-01 9.963349999999999707e-01 9.944619999999999571e-01 9.964629999999999876e-01
9.977970000000000450e-01 9.954070000000000418e-01 9.989959999999999951e-01 9.947160000000000446e-01 9.974370000000000180e-01 9.963729999999999531e-01 9.959850000000000092e-01 9.973349999999999715e-01
9.930940000000000323e-01 9.975570000000000270e-01 9.950269999999999948e-01 9.981600000000000472e-01 9.981550000000000145e-01 9.969510000000000316e-01 9.968960000000000043e-01 9.975330000000000030e-01
9.991940000000000266e-01 9.946239999999999526e-01 9.989010000000000389e-01 9.946479999999999766e-01 9.988320000000000531e-01 9.933720000000000327e-01 9.991970000000000018e-01 9.981879999999999642e-01
9.997859999999999525e-01 9.945840000000000236e-01 9.946340000000000181e-01 9.958270000000000177e-01 9.937420000000000142e-01 9.931809999999999805e-01 9.943269999999999609e-01 9.974380000000000468e-01
9.970069999999999766e-01 9.930189999999999850e-01 9.980210000000000470e-01 9.948679999999999746e-01 9.975359999999999783e-01 9.979240000000000332e-01 9.951609999999999623e-01 9.996490000000000098e-01
9.979130000000000500e-01 9.981299999999999617e-01 9.995020000000000016e-01 9.941860000000000142e-01 9.980390000000000095e-01 9.980679999999999552e-01 9.980930000000000080e-01 9.938580000000000192e-01
9.961219999999999519e-01 9.943549999999999889e-01 9.977230000000000265e-01 9.990769999999999929e-01 9.945100000000000051e-01 9.986969999999999459e-01 9.957610000000000072e-01 9.943410000000000304e-01
9.978059999999999707e-01 9.982159999999999922e-01 9.931470000000000020e-01 9.981940000000000257e-01 9.946199999999999486e-01 9.937279999999999447e-01 9.984319999999999862e-01 9.964749999999999996e-01
9.976000000000000423e-01 9.979209999999999470e-01 9.930210000000000425e-01 9.967799999999999994e-01 9.979130000000000500e-01 9.952720000000000455e-01 9.981229999999999825e-01 9.932710000000000150e-01
9.951210000000000333e-01 9.995659999999999545e-01 9.950449999999999573e-01 9.980510000000000215e-01 9.987570000000000059e-01 9.994129999999999958e-01 9.977489999999999970e-01 9.960919999999999774e-01
9.958599999999999675e-01 9.958110000000000017e-01 9.948310000000000208e-01 9.950160000000000116e-01 9.991419999999999746e-01 9.998350000000000293e-01 9.981980000000000297e-01 9.990200000000000191e-01
9.969639999999999613e-01 9.979989999999999695e-01 9.942819999999999991e-01 9.983459999999999557e-01 9.979810000000000070e-01 9.957489999999999952e-01 9.945040000000000546e-01 9.966239999999999544e-01
9.944279999999999786e-01 9.965580000000000549e-01 9.981020000000000447e-01 9.967679999999999874e-01 9.931060000000000443e-01 9.993379999999999486e-01 9.981649999999999689e-01 9.976399999999999713e-01
9.990869999999999473e-01 9.953640000000000265e-01 9.945009999999999684e-01 9.978789999999999605e-01 9.942469999999999919e-01 9.970090000000000341e-01 9.943539999999999601e-01 9.984140000000000237e-01
9.941250000000000364e-01 9.974340000000000428e-01 9.934690000000000465e-01 9.967709999999999626e-01 9.947460000000000191e-01 9.975439999999999863e-01 9.970769999999999911e-01 9.980580000000000007e-01
9.981379999999999697e-01 9.931400000000000228e-01 9.965880000000000294e-01 9.952600000000000335e-01 9.945110000000000339e-01 9.933800000000000407e-01 9.929810000000000025e-01 9.980999999999999872e-01
9.931010000000000115e-01 9.994340000000000446e-01 9.976190000000000335e-01 9.930060000000000553e-01 9.991689999999999738e-01 9.955749999999999877e-01 9.975840000000000263e-01 9.994060000000000166e-01
9.957240000000000535e-01 9.966559999999999864e-01 9.995880000000000321e-01 9.980689999999999840e-01 9.989590000000000414e-01 9.943049999999999944e-01 9.954779999999999740e-01 9.990299999999999736e-01
9.949810000000000043e-01 9.977759999999999962e-01 9.963899999999999979e-01 9.979679999999999662e-01 9.981569999999999609e-01 9.942320000000000046e-01 9.949729999999999963e-01 9.981349999999999945e-01
9.976880000000000193e-01 9.956380000000000230e-01 9.997300000000000075e-01 9.931010000000000115e-01 9.980269999999999975e-01 9.994809999999999528e-01 9.960869999999999447e-01 9.968730000000000091e-01
9.938059999999999672e-01 9.985800000000000232e-01 9.981320000000000192e-01 9.970679999999999543e-01 9.975410000000000110e-01 9.995270000000000543e-01 9.937650000000000095e-01 9.976329999999999920e-01
9.958749999999999547e-01 9.944979999999999931e-01 9.949149999999999938e-01 9.971309999999999896e-01 9.976070000000000215e-01 9.979059999999999597e-01 9.987709999999999644e-01 9.976469999999999505e-01
9.973469999999999835e-01 9.976749999999999785e-01 9.970940000000000358e-01 9.940719999999999557e-01 9.981600000000000472e-01 9.970120000000000093e-01 9.976760000000000073e-01 9.972410000000000441e-01
9.958740000000000370e-01 9.979660000000000197e-01 9.959789999999999477e-01 9.941879999999999606e-01 9.948059999999999681e-01 9.973419999999999508e-01 9.946620000000000461e-01 9.976890000000000480e-01
9.974659999999999638e-01 9.975150000000000405e-01 9.943039999999999656e-01 9.985399999999999832e-01 9.996019999999999905e-01 9.943570000000000464e-01 9.996699999999999475e-01 9.942779999999999951e-01
9.957350000000000367e-01 9.976070000000000215e-01 9.955779999999999630e-01 9.938139999999999752e-01 9.945019999999999971e-01 9.933210000000000095e-01 9.958909999999999707e-01 9.971879999999999633e-01
9.991120000000000001e-01 9.962659999999999849e-01 9.974269999999999525e-01 9.979770000000000030e-01 9.981299999999999617e-01 9.962060000000000359e-01 9.976469999999999505e-01 9.980710000000000415e-01
9.987559999999999771e-01 9.932379999999999542e-01 9.975559999999999983e-01 9.954479999999999995e-01 9.956399999999999695e-01 9.981870000000000465e-01 9.976960000000000273e-01 9.980649999999999800e-01
9.952109999999999568e-01 9.972109999999999586e-01 9.981740000000000057e-01 9.954150000000000498e-01 9.977989999999999915e-01 9.968780000000000419e-01 9.950470000000000148e-01 9.999869999999999592e-01
9.943980000000000041e-01 9.985629999999999784e-01 9.983790000000000164e-01 9.970090000000000341e-01 9.980790000000000495e-01 9.948679999999999746e-01 9.978909999999999725e-01 9.966040000000000454e-01
9.932640000000000358e-01 9.941370000000000484e-01 9.942419999999999591e-01 9.941050000000000164e-01 9.978639999999999732e-01 9.992499999999999716e-01 9.938299999999999912e-01 9.994699999999999696e-01
9.954020000000000090e-01 9.953570000000000473e-01 9.947150000000000158e-01 9.973180000000000378e-01 9.981189999999999785e-01 9.972999999999999643e-01 9.954629999999999868e-01 9.983250000000000179e-01
9.942370000000000374e-01 9.981740000000000057e-01 9.942990000000000439e-01 9.985589999999999744e-01 9.944330000000000114e-01 9.979519999999999502e-01 9.971470000000000056e-01 9.971740000000000048e-01
9.986479999999999801e-01 9.957780000000000520e-01 9.979660000000000197e-01 9.935270000000000490e-01 9.977040000000000353e-01 9.943659999999999721e-01 9.971649999999999681e-01 9.944779999999999731e-01
9.943659999999999721e-01 9.955659999999999510e-01 9.979860000000000397e-01 9.957949999999999857e-01 9.939210000000000544e-01 9.939500000000000002e-01 9.931050000000000155e-01 9.934739999999999682e-01
9.939789999999999459e-01 9.999569999999999848e-01 9.988270000000000204e-01 9.973629999999999995e-01 9.967660000000000409e-01 9.976979999999999738e-01 9.945439999999999836e-01 9.994990000000000263e-01
9.977160000000000473e-01 9.971060000000000478e-01 9.940379999999999772e-01 9.966429999999999456e-01 9.935570000000000235e-01 9.977920000000000122e-01 9.976519999999999833e-01 9.942860000000000031e-01
9.952069999999999528e-01 9.944439999999999946e-01 9.973429999999999795e-01 9.980620000000000047e-01 9.985150000000000414e-01 9.942079999999999806e-01 9.945829999999999949e-01 9.952999999999999625e-01
9.946800000000000086e-01 9.976249999999999840e-01 9.954589999999999828e-01 9.951299999999999590e-01 9.945899999999999741e-01 9.950499999999999901e-01 9.985889999999999489e-01 9.943610000000000504e-01
9.991879999999999651e-01 9.980839999999999712e-01 9.942659999999999831e-01 9.976589999999999625e-01 9.932959999999999567e-01 9.995650000000000368e-01 9.931649999999999645e-01 9.991250000000000409e-01
9.976070000000000215e-01 9.942569999999999464e-01 9.984570000000000389e-01 9.980809999999999960e-01 9.974309999999999565e-01 9.983990000000000364e-01 9.981729999999999769e-01 9.981050000000000200e-01
9.978040000000000243e-01 9.976369999999999960e-01 9.979670000000000485e-01 9.930139999999999523e-01 9.968120000000000314e-01 9.944969999999999644e-01 9.989400000000000501e-01 9.976620000000000488e-01
9.999069999999999903e-01 9.963729999999999531e-01 9.989529999999999799e-01 9.963800000000000434e-01 9.977070000000000105e-01 9.981160000000000032e-01 9.976949999999999985e-01 9.929599999999999538e-01
9.951259999999999550e-01 9.986040000000000472e-01 9.944330000000000114e-01 9.945230000000000459e-01 9.977380000000000138e-01 9.977489999999999970e-01 9.983149999999999524e-01 9.949569999999999803e-01
9.938139999999999752e-01 9.975819999999999688e-01 9.983379999999999477e-01 9.954239999999999755e-01 9.947409999999999863e-01 9.938820000000000432e-01 9.973750000000000115e-01 9.988430000000000364e-01
9.947770000000000223e-01 9.947920000000000096e-01 9.978519999999999612e-01 9.984809999999999519e-01 9.976159999999999473e-01 9.976559999999999873e-01 9.944990000000000219e-01 9.949160000000000226e-01
9.970120000000000093e-01 9.977120000000000433e-01 9.981389999999999985e-01 9.978949999999999765e-01 9.947279999999999456e-01 9.960179999999999589e-01 9.966249999999999831e-01 9.979390000000000205e-01
9.965990000000000126e-01 9.983610000000000539e-01 9.955450000000000133e-01 9.977709999999999635e-01 9.933999999999999497e-01 9.976869999999999905e-01 9.989869999999999584e-01 9.987759999999999971e-01
9.980029999999999735e-01 9.924749999999999961e-01 9.977949999999999875e-01 9.952590000000000048e-01 9.950329999999999453e-01 9.945270000000000499e-01 9.949789999999999468e-01 9.953469999999999818e-01
9.979289999999999550e-01 9.948249999999999593e-01 9.976329999999999920e-01 9.951149999999999718e-01 9.963250000000000162e-01 9.954570000000000363e-01 9.942229999999999679e-01 9.976960000000000273e-01
9.998860000000000525e-01 9.980189999999999895e-01 9.976110000000000255e-01 9.986969999999999459e-01 9.953870000000000218e-01 9.938620000000000232e-01 9.948380000000000001e-01 9.931579999999999853e-01
9.959390000000000187e-01 9.981680000000000552e-01 9.980189999999999895e-01 9.967580000000000329e-01 9.961020000000000429e-01 9.953220000000000400e-01 9.949689999999999923e-01 9.995049999999999768e-01
9.947310000000000318e-01 9.981339999999999657e-01 9.949440000000000506e-01 9.989820000000000366e-01 9.930309999999999970e-01 9.992389999999999883e-01 9.987610000000000099e-01 9.976519999999999833e-01
9.958559999999999635e-01 9.942309999999999759e-01 9.988059999999999716e-01 9.977770000000000250e-01 9.944370000000000154e-01 9.942910000000000359e-01 9.971200000000000063e-01 9.984089999999999909e-01
9.983159999999999812e-01 9.981539999999999857e-01 9.951670000000000238e-01 9.984600000000000142e-01 9.931809999999999805e-01 9.942239999999999966e-01 9.944739999999999691e-01 9.983279999999999932e-01
9.975819999999999688e-01 9.975969999999999560e-01 9.980569999999999720e-01 9.986450000000000049e-01 9.951259999999999550e-01 9.964730000000000532e-01 9.945319999999999716e-01 9.945749999999999869e-01
9.962159999999999904e-01 9.955359999999999765e-01 9.951999999999999735e-01 9.988470000000000404e-01 9.949780000000000291e-01 9.935060000000000002e-01 9.974290000000000100e-01 9.984309999999999574e-01
9.952349999999999808e-01 9.945850000000000524e-01 9.935939999999999772e-01 9.948190000000000088e-01 9.981010000000000160e-01 9.978550000000000475e-01 9.937139999999999862e-01 9.980010000000000270e-01
9.981510000000000105e-01 9.943389999999999729e-01 9.984380000000000477e-01 9.957230000000000247e-01 9.993779999999999886e-01 9.943579999999999641e-01 9.963800000000000434e-01 9.982980000000000187e-01
9.955559999999999965e-01 9.965019999999999989e-01 9.993379999999999486e-01 9.959590000000000387e-01 9.935840000000000227e-01 9.991679999999999451e-01 9.966390000000000526e-01 9.983899999999999997e-01
9.983469999999999844e-01 9.947040000000000326e-01 9.979909999999999615e-01 9.954650000000000443e-01 9.935230000000000450e-01 9.957179999999999920e-01 9.982830000000000314e-01 9.942879999999999496e-01
9.967719999999999914e-01 9.957190000000000207e-01 9.946909999999999918e-01 9.951959999999999695e-01 9.976690000000000280e-01 9.976760000000000073e-01 9.999139999999999695e-01 9.996410000000000018e-01
9.991670000000000273e-01 9.974830000000000085e-01 9.958249999999999602e-01 9.961130000000000262e-01 9.968909999999999716e-01 9.993189999999999573e-01 9.939719999999999667e-01 9.950120000000000076e-01
9.978449999999999820e-01 9.987019999999999786e-01 9.946199999999999486e-01 9.945159999999999556e-01 9.958930000000000282e-01 9.944349999999999579e-01 9.978219999999999867e-01 9.976519999999999833e-01
9.974129999999999940e-01 9.993659999999999766e-01 9.998559999999999670e-01 9.963450000000000362e-01 9.997650000000000148e-01 9.980240000000000222e-01 9.978069999999999995e-01 9.943309999999999649e-01
9.966939999999999689e-01 9.931100000000000483e-01 9.966509999999999536e-01 9.977679999999999882e-01 9.980139999999999567e-01 9.966479999999999784e-01 9.942809999999999704e-01 9.981050000000000200e-01
9.950259999999999661e-01 9.933750000000000080e-01 9.942830000000000279e-01 9.971400000000000263e-01 9.953499999999999570e-01 9.997399999999999620e-01 9.953269999999999618e-01 9.985960000000000392e-01
9.933579999999999632e-01 9.952389999999999848e-01 9.967319999999999514e-01 9.969860000000000388e-01 9.991919999999999691e-01 9.973880000000000523e-01 9.977949999999999875e-01 9.981290000000000440e-01
9.998289999999999678e-01 9.961499999999999799e-01 9.928559999999999608e-01 9.942819999999999991e-01 9.977359999999999562e-01 9.988160000000000371e-01 9.955840000000000245e-01 9.951729999999999743e-01
9.929710000000000480e-01 9.976540000000000408e-01 9.964549999999999796e-01 9.943109999999999449e-01 9.995530000000000248e-01 9.929320000000000368e-01 9.981430000000000025e-01 9.995100000000000096e-01
9.966789999999999816e-01 9.942539999999999711e-01 9.942860000000000031e-01 9.980949999999999545e-01 9.924610000000000376e-01 9.935380000000000322e-01 9.947179999999999911e-01 9.943070000000000519e-01
9.965249999999999941e-01 9.946159999999999446e-01 9.976249999999999840e-01 9.929130000000000456e-01 9.978829999999999645e-01 9.982050000000000090e-01 9.971950000000000536e-01 9.970569999999999711e-01
9.930109999999999770e-01 9.978820000000000467e-01 9.957529999999999992e-01 9.977700000000000458e-01 9.976690000000000280e-01 9.978820000000000467e-01 9.954290000000000083e-01 9.976660000000000528e-01
9.981109999999999705e-01 9.987989999999999924e-01 9.998390000000000333e-01 9.956660000000000510e-01 9.989149999999999974e-01 9.985439999999999872e-01 9.979059999999999597e-01 9.981139999999999457e-01
9.972710000000000186e-01 9.942429999999999879e-01 9.929769999999999985e-01 9.977789999999999715e-01 9.932410000000000405e-01 9.999310000000000143e-01 9.929550000000000320e-01 9.982550000000000034e-01
9.979719999999999702e-01 9.994469999999999743e-01 9.972800000000000553e-01 9.943530000000000424e-01 9.978590000000000515e-01 9.965159999999999574e-01 9.942419999999999591e-01 9.979419999999999957e-01
9.980740000000000167e-01 9.978029999999999955e-01 9.978979999999999517e-01 9.973419999999999508e-01 9.981539999999999857e-01 9.993440000000000101e-01 9.950999999999999845e-01 9.964199999999999724e-01
9.943180000000000351e-01 9.930600000000000538e-01 9.978150000000000075e-01 9.979580000000000117e-01 9.956789999999999807e-01 9.990379999999999816e-01 9.977300000000000058e-01 9.948730000000000073e-01
9.933600000000000207e-01 9.979519999999999502e-01 9.929449999999999665e-01 9.955490000000000173e-01 9.997650000000000148e-01 9.981240000000000112e-01 9.988470000000000404e-01 9.976770000000000360e-01
9.977460000000000218e-01 9.931149999999999700e-01 9.943950000000000289e-01 9.950510000000000188e-01 9.997190000000000243e-01 9.945100000000000051e-01 9.944770000000000554e-01 9.980630000000000335e-01
9.965580000000000549e-01 9.947200000000000486e-01 9.973260000000000458e-01 9.980529999999999680e-01 9.927960000000000118e-01 9.942440000000000166e-01 9.974030000000000395e-01 9.992410000000000458e-01
9.981609999999999649e-01 9.976509999999999545e-01 9.942659999999999831e-01 9.957740000000000480e-01 9.978900000000000547e-01 9.975859999999999728e-01 9.940729999999999844e-01 9.989770000000000039e-01
9.978010000000000490e-01 9.976949999999999985e-01 9.982929999999999859e-01 9.999860000000000415e-01 9.981659999999999977e-01 9.945100000000000051e-01 9.950400000000000356e-01 9.989949999999999664e-01
9.977730000000000210e-01 9.954530000000000323e-01 9.980919999999999792e-01 9.945589999999999709e-01 9.960649999999999782e-01 9.990489999999999648e-01 9.983410000000000339e-01 9.957580000000000320e-01
9.945829999999999949e-01 9.978129999999999500e-01 9.945070000000000299e-01 9.978430000000000355e-01 9.977329999999999810e-01 9.943629999999999969e-01 9.931959999999999678e-01 9.959550000000000347e-01
9.979019999999999557e-01 9.981750000000000345e-01 9.981370000000000520e-01 9.980630000000000335e-01 9.941729999999999734e-01 9.979339999999999877e-01 9.933800000000000407e-01 9.937179999999999902e-01
9.953539999999999610e-01 9.930160000000000098e-01 9.970539999999999958e-01 9.977510000000000545e-01 9.973319999999999963e-01 9.953119999999999745e-01 9.969360000000000444e-01 9.961290000000000422e-01
9.945509999999999629e-01 9.947510000000000518e-01 9.955690000000000373e-01 9.974769999999999470e-01 9.952130000000000143e-01 9.947890000000000343e-01 9.995589999999999753e-01 9.981069999999999665e-01
9.993549999999999933e-01 9.956310000000000437e-01 9.997009999999999508e-01 9.980959999999999832e-01 9.980250000000000510e-01 9.929810000000000025e-01 9.984290000000000109e-01 9.943480000000000096e-01
9.993049999999999988e-01 9.943130000000000024e-01 9.957300000000000040e-01 9.993950000000000333e-01 9.976159999999999473e-01 9.941689999999999694e-01 9.981550000000000145e-01 9.932260000000000533e-01
9.979160000000000252e-01 9.958080000000000265e-01 9.969559999999999533e-01 9.931130000000000235e-01 9.985960000000000392e-01 9.995260000000000256e-01 9.975730000000000430e-01 9.935599999999999987e-01
9.984009999999999829e-01 9.931259999999999533e-01 9.935180000000000122e-01 9.977690000000000170e-01 9.987209999999999699e-01 9.976030000000000175e-01 9.932239999999999958e-01 9.977249999999999730e-01
9.929959999999999898e-01 9.952229999999999688e-01 9.952760000000000495e-01 9.984790000000000054e-01 9.970459999999999878e-01 9.977810000000000290e-01 9.946490000000000054e-01 9.955559999999999965e-01
9.986770000000000369e-01 9.945760000000000156e-01 9.929710000000000480e-01 9.980560000000000542e-01 9.979459999999999997e-01 9.969440000000000524e-01 9.943260000000000431e-01 9.962520000000000264e-01
9.881010000000000071e-01 9.901969999999999938e-01 9.889270000000000005e-01 9.902050000000000018e-01 9.796169999999999600e-01 9.803859999999999797e-01 9.863669999999999938e-01 9.810459999999999736e-01
