-7.463850000000000172e-03 -5.745069999999999691e-03 -7.045850000000000203e-03 -5.308430000000000266e-03 -5.858140000000000396e-03 -4.892739999999999589e-03 -5.818839999999999603e-03 -4.943419999999999585e-03
-6.129230000000000268e-03 -5.014570000000000312e-03 -7.014190000000000008e-03 -3.881040000000000097e-03 -5.687819999999999682e-03 -7.298989999999999992e-03 -4.587479999999999683e-03 -6.175349999999999590e-03
-6.823240000000000381e-03 -6.388490000000000141e-03 -4.349310000000000329e-03 -6.269339999999999982e-03 -5.787519999999999991e-03 -6.396279999999999848e-03 -5.997520000000000108e-03 -5.734310000000000275e-03
-4.967010000000000002e-03 -4.806109999999999723e-03 -5.951810000000000087e-03 -7.532259999999999824e-03 -4.776269999999999995e-03 -7.478509999999999845e-03 -4.772479999999999951e-03 -5.242000000000000132e-03
-6.111169999999999970e-03 -6.709999999999999819e-03 -7.526960000000000074e-03 -5.703350000000000260e-03 -7.006410000000000242e-03 -7.038729999999999987e-03 -4.749770000000000381e-03 -6.855380000000000328e-03
-5.121320000000000386e-03 -6.429810000000000213e-03 -5.969529999999999802e-03 -4.147910000000000312e-03 -6.005889999999999840e-03 -6.774080000000000032e-03 -6.774470000000000318e-03 -5.776250000000000134e-03
-6.406180000000000034e-03 -6.082940000000000222e-03 -5.531150000000000302e-03 -5.430769999999999695e-03 -6.990239999999999995e-03 -6.430980000000000203e-03 -7.296129999999999630e-03 -6.030739999999999712e-03
-5.842059999999999614e-03 -4.651330000000000395e-03 -4.731230000000000331e-03 -6.126109999999999715e-03 -7.681219999999999888e-03 -6.100300000000000340e-03 -6.838310000000000222e-03 -5.789029999999999697e-03
-6.979579999999999985e-03 -6.910839999999999692e-03 -7.543000000000000226e-03 -7.167770000000000391e-03 -5.308639999999999887e-03 -5.358850000000000072e-03 -6.213009999999999713e-03 -5.018729999999999893e-03
-4.658329999999999589e-03 -6.222179999999999898e-03 -6.433839999999999698e-03 -5.705319999999999836e-03 -5.778280000000000222e-03 -7.595880000000000166e-03 -6.439369999999999816e-03 -4.717769999999999603e-03
-6.688150000000000345e-03 -5.418990000000000265e-03 -6.729599999999999645e-03 -5.142429999999999918e-03 -6.514650000000000302e-03 -4.668639999999999943e-03 -4.158639999999999906e-03 -6.411830000000000307e-03
-4.755030000000000368e-03 -6.812900000000000206e-03 -5.434689999999999833e-03 -6.850690000000000425e-03 -7.004520000000000191e-03 -7.115370000000000202e-03 -6.930020000000000277e-03 -4.836110000000000235e-03
-3.898420000000000097e-03 -5.856339999999999810e-03 -6.041229999999999864e-03 -3.954150000000000026e-03 -5.342030000000000216e-03 -4.356030000000000318e-03 -5.953779999999999663e-03 -6.418730000000000095e-03
-5.371360000000000370e-03 -3.910460000000000151e-03 -5.567919999999999640e-03 -5.989259999999999723e-03 -5.695389999999999828e-03 -5.470069999999999620e-03 -7.475820000000000208e-03 -5.796029999999999759e-03
-5.609870000000000308e-03 -6.343139999999999716e-03 -6.956939999999999999e-03 -5.764110000000000240e-03 -6.469700000000000104e-03 -6.778450000000000100e-03 -4.902769999999999871e-03 -7.537989999999999621e-03
-6.452069999999999854e-03 -5.628769999999999954e-03 -5.241609999999999846e-03 -4.985629999999999576e-03 -5.661470000000000044e-03 -4.813109999999999784e-03 -4.790629999999999715e-03 -7.573370000000000275e-03
-5.842260000000000161e-03 -4.684259999999999986e-03 -7.251989999999999825e-03 -6.251180000000000278e-03 -6.146470000000000232e-03 -6.419140000000000262e-03 -5.291030000000000386e-03 -4.967140000000000097e-03
-4.474239999999999988e-03 -6.023920000000000316e-03 -6.453079999999999927e-03 -7.673089999999999598e-03 -4.564740000000000290e-03 -5.920579999999999940e-03 -6.001369999999999795e-03 -4.549720000000000153e-03
-5.291749999999999579e-03 -7.523270000000000304e-03 -7.631839999999999978e-03 -7.518870000000000414e-03 -5.326159999999999922e-03 -5.249690000000000432e-03 -6.136209999999999581e-03 -4.627810000000000430e-03
-2.800729999999999973e-03 -7.490020000000000011e-03 -6.855169999999999840e-03 -6.107139999999999617e-03 -6.030080000000000162e-03 -7.473760000000000299e-03 -7.283490000000000103e-03 -4.479440000000000331e-03
-7.284579999999999701e-03 -5.394770000000000121e-03 -4.982570000000000401e-03 -7.546739999999999698e-03 -6.092929999999999874e-03 -6.216440000000000160e-03 -6.038140000000000000e-03 -6.794240000000000002e-03
-7.042080000000000041e-03 -6.299919999999999652e-03 -6.339059999999999660e-03 -5.764830000000000301e-03 -5.278009999999999646e-03 -5.744189999999999713e-03 -6.536990000000000335e-03 -3.093719999999999890e-03
-6.008000000000000319e-03 -6.974619999999999952e-03 -4.884290000000000333e-03 -5.693189999999999883e-03 -6.047049999999999995e-03 -4.037770000000000421e-03 -5.781920000000000288e-03 -5.997220000000000155e-03
-6.182339999999999711e-03 -5.406110000000000429e-03 -4.591089999999999928e-03 -6.157609999999999993e-03 -5.677609999999999602e-03 -7.482609999999999782e-03 -5.820020000000000401e-03 -4.558669999999999910e-03
-5.536939999999999744e-03 -5.522220000000000427e-03 -5.185170000000000230e-03 -6.350510000000000183e-03 -7.531290000000000380e-03 -6.359560000000000213e-03 -5.893800000000000254e-03 -5.016070000000000077e-03
-5.725230000000000423e-03 -5.682050000000000121e-03 -6.463260000000000186e-03 -6.874009999999999843e-03 -5.562199999999999783e-03 -6.784560000000000243e-03 -5.744710000000000094e-03 -6.207540000000000106e-03
-5.978930000000000355e-03 -5.609420000000000378e-03 -6.076510000000000244e-03 -5.668349999999999951e-03 -7.466020000000000295e-03 -4.020509999999999709e-03 -4.288980000000000396e-03 -5.517580000000000227e-03
-6.661330000000000029e-03 -5.800920000000000208e-03 -7.192780000000000180e-03 -4.282860000000000313e-03 -5.843339999999999819e-03 -7.483580000000000093e-03 -6.340130000000000245e-03 -6.535540000000000273e-03
-6.175469999999999744e-03 -5.642659999999999863e-03 -5.622929999999999942e-03 -5.347089999999999656e-03 -7.608700000000000359e-03 -6.406789999999999881e-03 -5.770860000000000052e-03 -5.023269999999999819e-03
-4.960439999999999988e-03 -6.688470000000000179e-03 -5.775390000000000038e-03 -6.541660000000000356e-03 -6.634410000000000307e-03 -5.185730000000000374e-03 -6.527110000000000030e-03 -5.453460000000000252e-03
-5.348359999999999920e-03 -6.467640000000000194e-03 -7.152969999999999814e-03 -4.796370000000000321e-03 -5.720440000000000247e-03 -5.229209999999999761e-03 -5.559770000000000337e-03 -5.210659999999999771e-03
-4.679140000000000035e-03 -3.994280000000000226e-03 -5.393919999999999965e-03 -5.348849999999999612e-03 -5.668320000000000129e-03 -7.126699999999999702e-03 -5.196759999999999921e-03 -4.364269999999999955e-03
-5.724169999999999779e-03 -6.540080000000000199e-03 -5.646950000000000407e-03 -4.630269999999999699e-03 -6.005840000000000137e-03 -5.107770000000000192e-03 -4.678080000000000259e-03 -7.228540000000000312e-03
-4.421839999999999798e-03 -6.328330000000000066e-03 -5.831470000000000056e-03 -4.553050000000000326e-03 -4.660100000000000353e-03 -7.692260000000000243e-03 -6.216020000000000052e-03 -5.061730000000000396e-03
-5.603190000000000080e-03 -6.031779999999999607e-03 -7.750769999999999708e-03 -7.406140000000000292e-03 -4.257229999999999868e-03 -5.031309999999999776e-03 -6.479350000000000040e-03 -6.527619999999999603e-03
-6.318100000000000105e-03 -5.160409999999999824e-03 -7.469319999999999779e-03 -5.001059999999999880e-03 -5.108050000000000264e-03 -7.766999999999999599e-03 -6.196570000000000203e-03 -5.359649999999999657e-03
-5.129550000000000082e-03 -6.461950000000000159e-03 -6.029030000000000326e-03 -7.570109999999999686e-03 -5.468500000000000270e-03 -7.235079999999999636e-03 -4.077199999999999575e-03 -5.597210000000000032e-03
-7.263709999999999611e-03 -6.322949999999999925e-03 -7.132369999999999856e-03 -5.612650000000000278e-03 -4.882519999999999569e-03 -7.306759999999999818e-03 -5.398230000000000389e-03 -6.271320000000000366e-03
-6.683989999999999897e-03 -6.372670000000000418e-03 -6.491489999999999934e-03 -6.413059999999999941e-03 -7.150560000000000249e-03 -5.937119999999999724e-03 -5.963470000000000229e-03 -7.560210000000000367e-03
-6.366710000000000251e-03 -5.971830000000000020e-03 -6.586930000000000389e-03 -7.071680000000000327e-03 -5.257310000000000282e-03 -4.951399999999999899e-03 -7.171720000000000352e-03 -6.429269999999999950e-03
-4.396579999999999759e-03 -5.533139999999999760e-03 -6.211099999999999781e-03 -5.947359999999999626e-03 -7.513389999999999999e-03 -5.865630000000000149e-03 -6.216809999999999697e-03 -4.707030000000000068e-03
-6.899869999999999788e-03 -5.770499999999999588e-03 -7.491829999999999670e-03 -5.009300000000000384e-03 -4.852050000000000113e-03 -6.044859999999999990e-03 -6.554860000000000027e-03 -7.384019999999999820e-03
-4.643340000000000141e-03 -6.594140000000000071e-03 -6.609000000000000291e-03 -5.676989999999999814e-03 -5.047529999999999725e-03 -4.225170000000000314e-03 -5.570519999999999812e-03 -5.729920000000000326e-03
-5.640189999999999787e-03 -6.330739999999999632e-03 -5.456289999999999925e-03 -5.541009999999999859e-03 -5.269229999999999747e-03 -5.802569999999999950e-03 -5.257780000000000092e-03 -6.078000000000000069e-03
-5.829090000000000313e-03 -6.946009999999999858e-03 -5.023380000000000033e-03 -6.329330000000000199e-03 -5.277480000000000192e-03 -5.286420000000000008e-03 -4.674450000000000133e-03 -6.192669999999999945e-03
-7.418850000000000271e-03 -6.337910000000000418e-03 -4.689839999999999808e-03 -5.309939999999999972e-03 -7.510359999999999779e-03 -4.558549999999999755e-03 -6.998759999999999704e-03 -5.042030000000000296e-03
-6.482060000000000426e-03 -5.846439999999999623e-03 -7.334199999999999921e-03 -6.193889999999999639e-03 -6.447839999999999822e-03 -6.071550000000000211e-03 -5.429439999999999787e-03 -6.568820000000000388e-03
-6.513149999999999669e-03 -5.759789999999999875e-03 -6.570770000000000083e-03 -5.115279999999999827e-03 -5.560060000000000349e-03 -5.941789999999999745e-03 -5.179150000000000420e-03 -5.471450000000000098e-03
-5.207790000000000336e-03 -7.301689999999999570e-03 -6.698489999999999653e-03 -5.600960000000000313e-03 -6.122019999999999719e-03 -3.952220000000000212e-03 -5.460979999999999827e-03 -5.992479999999999682e-03
-5.844120000000000391e-03 -5.681849999999999574e-03 -4.496789999999999642e-03 -5.581799999999999609e-03 -5.616819999999999799e-03 -6.024820000000000175e-03 -7.524890000000000224e-03 -7.451339999999999873e-03
-6.090739999999999869e-03 -7.704860000000000007e-03 -5.619520000000000244e-03 -5.841210000000000326e-03 -5.534050000000000427e-03 -6.345510000000000386e-03 -7.329109999999999792e-03 -6.164290000000000221e-03
-6.602479999999999981e-03 -6.349890000000000395e-03 -5.245289999999999675e-03 -6.952589999999999812e-03 -5.842209999999999591e-03 -6.837840000000000411e-03 -5.542440000000000040e-03 -4.467129999999999712e-03
-6.185369999999999931e-03 -5.886510000000000180e-03 -4.778120000000000284e-03 -6.116860000000000006e-03 -5.428630000000000261e-03 -6.758899999999999977e-03 -6.558279999999999665e-03 -5.008199999999999978e-03
-7.093930000000000027e-03 -6.509870000000000066e-03 -6.274319999999999897e-03 -7.339120000000000192e-03 -4.613739999999999855e-03 -5.794320000000000373e-03 -5.813010000000000399e-03 -6.037139999999999868e-03
-5.239970000000000044e-03 -5.225160000000000395e-03 -7.507439999999999773e-03 -5.056259999999999921e-03 -4.816800000000000422e-03 -7.153129999999999732e-03 -6.244050000000000121e-03 -5.846529999999999956e-03
-5.731479999999999735e-03 -5.313899999999999874e-03 -6.780429999999999617e-03 -6.958230000000000144e-03 -6.110220000000000408e-03 -6.023810000000000102e-03 -7.117659999999999612e-03 -5.551279999999999583e-03
-5.758309999999999991e-03 -5.961120000000000307e-03 -7.047379999999999790e-03 -7.465969999999999725e-03 -4.671469999999999616e-03 -5.161179999999999587e-03 -6.509209999999999649e-03 -5.402869999999999721e-03
-4.302069999999999853e-03 -5.062230000000000028e-03 -4.491479999999999952e-03 -7.318650000000000329e-03 -6.920329999999999711e-03 -4.594649999999999603e-03 -5.447620000000000240e-03 -6.382159999999999569e-03
-6.095839999999999939e-03 -5.136449999999999870e-03 -7.486529999999999921e-03 -7.472649999999999952e-03 -5.295829999999999635e-03 -4.961140000000000168e-03 -4.766389999999999690e-03 -4.681689999999999637e-03
-5.082899999999999571e-03 -6.795060000000000336e-03 -5.704370000000000274e-03 -6.491939999999999864e-03 -6.639420000000000044e-03 -5.632780000000000425e-03 -5.264809999999999976e-03 -4.759809999999999736e-03
-4.806020000000000257e-03 -6.245099999999999957e-03 -5.669440000000000417e-03 -6.817410000000000310e-03 -5.197300000000000184e-03 -5.774020000000000367e-03 -5.541080000000000311e-03 -6.534120000000000032e-03
-5.782739999999999755e-03 -6.675050000000000081e-03 -4.999420000000000079e-03 -7.044339999999999630e-03 -6.151799999999999803e-03 -5.636219999999999945e-03 -4.472949999999999843e-03 -5.102930000000000313e-03
-6.175909999999999733e-03 -5.335949999999999895e-03 -6.725110000000000289e-03 -4.798329999999999956e-03 -5.218210000000000036e-03 -5.229290000000000153e-03 -6.062070000000000132e-03 -5.731299999999999936e-03
-7.476339999999999722e-03 -5.247429999999999976e-03 -5.555599999999999948e-03 -5.430889999999999850e-03 -6.968379999999999713e-03 -6.776629999999999633e-03 -4.880370000000000194e-03 -6.819969999999999852e-03
-4.760750000000000225e-03 -7.423589999999999876e-03 -7.428699999999999887e-03 -4.569629999999999873e-03 -4.315979999999999643e-03 -6.118450000000000104e-03 -5.501309999999999707e-03 -5.217150000000000259e-03
-3.941120000000000213e-03 -4.648700000000000401e-03 -4.682490000000000090e-03 -6.201100000000000188e-03 -5.607039999999999767e-03 -5.881230000000000312e-03 -5.221919999999999687e-03 -5.074419999999999625e-03
-6.742139999999999765e-03 -4.749190000000000356e-03 -5.306370000000000357e-03 -5.106480000000000047e-03 -6.693649999999999774e-03 -6.344110000000000027e-03 -5.140859999999999701e-03 -5.564069999999999953e-03
-4.616050000000000014e-03 -6.137629999999999822e-03 -4.638190000000000368e-03 -4.335920000000000052e-03 -6.531720000000000408e-03 -5.708890000000000318e-03 -5.968610000000000061e-03 -5.475090000000000165e-03
-6.732759999999999960e-03 -5.150799999999999650e-03 -6.648229999999999765e-03 -6.506340000000000214e-03 -6.580879999999999889e-03 -6.738499999999999698e-03 -6.088920000000000270e-03 -7.600830000000000260e-03
-6.306579999999999998e-03 -4.273710000000000009e-03 -7.319280000000000057e-03 -5.659230000000000337e-03 -5.830229999999999614e-03 -5.934319999999999873e-03 -6.856899999999999974e-03 -5.089070000000000225e-03
-5.434050000000000165e-03 -6.097540000000000252e-03 -6.084499999999999631e-03 -6.054580000000000378e-03 -5.955359999999999820e-03 -5.481859999999999858e-03 -6.044390000000000179e-03 -4.990579999999999669e-03
-6.989790000000000066e-03 -5.950360000000000024e-03 -5.505849999999999633e-03 -4.244620000000000164e-03 -5.532950000000000021e-03 -5.071019999999999868e-03 -5.964549999999999887e-03 -6.060969999999999726e-03
-6.779969999999999747e-03 -5.909020000000000071e-03 -5.800529999999999922e-03 -5.308590000000000184e-03 -6.429319999999999653e-03 -6.291689999999999956e-03 -6.256290000000000288e-03 -6.083800000000000319e-03
-5.736159999999999697e-03 -5.536110000000000336e-03 -4.926650000000000300e-03 -5.363350000000000235e-03 -7.056579999999999797e-03 -5.093229999999999806e-03 -5.037699999999999990e-03 -5.092170000000000030e-03
-5.333000000000000067e-03 -4.960660000000000416e-03 -6.409549999999999970e-03 -5.245979999999999914e-03 -5.990409999999999832e-03 -7.660779999999999847e-03 -5.037840000000000026e-03 -6.161019999999999691e-03
-5.165499999999999953e-03 -5.418820000000000407e-03 -5.320639999999999745e-03 -7.321529999999999705e-03 -7.369330000000000325e-03 -3.917920000000000083e-03 -7.236369999999999782e-03 -6.531949999999999909e-03
-6.050009999999999763e-03 -6.172419999999999643e-03 -5.813959999999999961e-03 -6.420180000000000158e-03 -5.522100000000000272e-03 -7.004009999999999750e-03 -6.075559999999999815e-03 -5.154689999999999966e-03
-4.665850000000000032e-03 -5.917089999999999850e-03 -7.778310000000000085e-03 -5.094620000000000225e-03 -6.118300000000000127e-03 -4.593029999999999682e-03 -6.267710000000000121e-03 -5.804479999999999883e-03
-5.849830000000000307e-03 -5.409029999999999568e-03 -7.910089999999999830e-03 -5.831259999999999569e-03 -5.434409999999999762e-03 -7.391260000000000191e-03 -6.508410000000000063e-03 -6.727539999999999736e-03
-5.408510000000000054e-03 -6.047880000000000270e-03 -6.789700000000000076e-03 -5.233749999999999687e-03 -6.105079999999999708e-03 -5.860289999999999770e-03 -7.527999999999999969e-03 -4.927090000000000289e-03
-7.106709999999999590e-03 -6.851359999999999915e-03 -6.031459999999999773e-03 -5.178199999999999990e-03 -5.707890000000000186e-03 -6.954560000000000256e-03 -4.418980000000000304e-03 -5.013649999999999704e-03
-5.832320000000000212e-03 -7.015669999999999892e-03 -4.829649999999999568e-03 -6.907289999999999958e-03 -7.104260000000000262e-03 -5.924669999999999936e-03 -5.628280000000000262e-03 -6.654160000000000109e-03
-5.769200000000000370e-03 -7.160439999999999687e-03 -4.671029999999999627e-03 -6.369679999999999960e-03 -4.283160000000000266e-03 -6.282720000000000318e-03 -5.513129999999999767e-03 -5.167910000000000385e-03
-5.566419999999999875e-03 -6.403869999999999875e-03 -7.379700000000000322e-03 -5.303020000000000303e-03 -6.847409999999999955e-03 -6.970910000000000301e-03 -5.392120000000000246e-03 -4.577430000000000387e-03
-7.531279999999999572e-03 -6.219030000000000391e-03 -5.350910000000000388e-03 -6.774810000000000033e-03 -4.982590000000000283e-03 -6.527830000000000091e-03 -7.121839999999999941e-03 -4.998110000000000053e-03
-5.390230000000000195e-03 -7.406979999999999641e-03 -4.781190000000000266e-03 -4.502739999999999868e-03 -4.667959999999999644e-03 -5.698599999999999846e-03 -6.179409999999999764e-03 -5.864710000000000409e-03
-6.068109999999999823e-03 -5.935270000000000302e-03 -6.047630000000000020e-03 -4.888169999999999842e-03 -5.690989999999999938e-03 -5.329650000000000012e-03 -4.568730000000000013e-03 -6.085690000000000370e-03
-4.672210000000000425e-03 -4.958999999999999866e-03 -6.835879999999999908e-03 -7.153289999999999649e-03 -5.456510000000000353e-03 -6.831339999999999982e-03 -6.004650000000000265e-03 -6.061460000000000285e-03
-5.799760000000000158e-03 -5.392990000000000284e-03 -4.787099999999999862e-03 -5.779089999999999748e-03 -5.074160000000000302e-03 -4.893650000000000257e-03 -7.151109999999999585e-03 -6.262430000000000253e-03
-5.445969999999999631e-03 -5.143730000000000004e-03 -5.658360000000000299e-03 -5.100689999999999738e-03 -5.644289999999999724e-03 -4.113190000000000075e-03 -4.580260000000000060e-03 -5.351990000000000046e-03
-3.864320000000000081e-03 -4.661819999999999679e-03 -6.783439999999999956e-03 -5.464509999999999680e-03 -3.760639999999999990e-03 -6.267980000000000253e-03 -5.713160000000000113e-03 -6.771970000000000420e-03
-4.855950000000000370e-03 -6.986219999999999583e-03 -6.366229999999999632e-03 -2.922380000000000030e-03 -5.193539999999999962e-03 -4.177659999999999707e-03 -5.508210000000000363e-03 -7.381949999999999970e-03
-6.152809999999999876e-03 -6.834780000000000369e-03 -4.503260000000000249e-03 -3.314940000000000161e-03 -7.143749999999999926e-03 -4.268300000000000045e-03 -5.758479999999999849e-03 -5.113079999999999882e-03
-4.205839999999999752e-03 -5.413620000000000064e-03 -5.345579999999999950e-03 -5.332339999999999650e-03 -5.595069999999999731e-03 -7.309369999999999930e-03 -6.150250000000000335e-03 -6.492959999999999877e-03
-3.953260000000000107e-03 -5.340169999999999986e-03 -5.949239999999999737e-03 -7.033349999999999845e-03 -4.894120000000000067e-03 -5.512679999999999837e-03 -5.781320000000000382e-03 -6.373870000000000230e-03
-6.406959999999999739e-03 -5.018339999999999607e-03 -4.688069999999999911e-03 -5.326899999999999864e-03 -6.464809999999999654e-03 -5.791929999999999822e-03 -6.180889999999999648e-03 -3.413960000000000172e-03
-6.517990000000000415e-03 -6.742960000000000099e-03 -4.082330000000000333e-03 -5.060140000000000297e-03 -4.850939999999999766e-03 -6.419310000000000120e-03 -6.878180000000000231e-03 -5.947039999999999792e-03
-4.089100000000000026e-03 -6.259510000000000247e-03 -4.905419999999999746e-03 -5.532740000000000401e-03 -4.965569999999999880e-03 -5.406900000000000074e-03 -5.742680000000000007e-03 -5.144980000000000386e-03
-5.354939999999999874e-03 -4.481520000000000122e-03 -4.971510000000000165e-03 -6.453569999999999619e-03 -6.470130000000000152e-03 -4.930979999999999738e-03 -6.664709999999999905e-03 -6.035549999999999769e-03
-6.164219999999999769e-03 -4.949209999999999894e-03 -6.093379999999999803e-03 -4.375360000000000013e-03 -4.702959999999999953e-03 -7.843920000000000753e-03 -4.540259999999999956e-03 -5.132229999999999778e-03
-4.347840000000000385e-03 -5.392769999999999855e-03 -7.078179999999999888e-03 -5.614349999999999723e-03 -5.629040000000000085e-03 -5.821909999999999585e-03 -5.398039999999999783e-03 -6.556049999999999899e-03
-6.592630000000000365e-03 -7.120139999999999629e-03 -3.875120000000000127e-03 -4.220329999999999568e-03 -3.264180000000000206e-03 -4.909389999999999588e-03 -5.863750000000000039e-03 -5.620410000000000163e-03
-4.289649999999999887e-03 -5.846529999999999956e-03 -5.997960000000000097e-03 -6.402409999999999872e-03 -6.156059999999999657e-03 -6.399840000000000390e-03 -7.015659999999999952e-03 -5.846259999999999825e-03
-6.195649999999999595e-03 -6.052090000000000421e-03 -6.006880000000000032e-03 -5.119219999999999847e-03 -6.556570000000000280e-03 -5.792420000000000381e-03 -4.643780000000000130e-03 -4.982300000000000270e-03
-5.160819999999999991e-03 -5.892569999999999752e-03 -6.567560000000000064e-03 -6.338869999999999921e-03 -3.852099999999999795e-03 -4.151980000000000427e-03 -6.547100000000000142e-03 -7.107129999999999698e-03
-4.062579999999999664e-03 -6.799809999999999882e-03 -5.899910000000000397e-03 -6.214049999999999609e-03 -4.387679999999999705e-03 -6.628639999999999879e-03 -4.239999999999999845e-03 -5.180200000000000256e-03
-4.939609999999999661e-03 -5.358560000000000059e-03 -3.970500000000000071e-03 -5.656800000000000023e-03 -5.078759999999999872e-03 -5.686649999999999691e-03 -4.301319999999999970e-03 -4.465479999999999970e-03
-5.095999999999999835e-03 -3.097190000000000099e-03 -5.363269999999999843e-03 -5.563610000000000083e-03 -5.767790000000000070e-03 -4.890369999999999787e-03 -6.990190000000000292e-03 -4.393030000000000025e-03
-6.019019999999999926e-03 -6.417680000000000259e-03 -5.498010000000000223e-03 -4.372639999999999687e-03 -5.447369999999999990e-03 -5.160230000000000025e-03 -5.306860000000000049e-03 -6.277190000000000200e-03
-6.573650000000000326e-03 -5.359540000000000311e-03 -4.784280000000000130e-03 -4.787279999999999661e-03 -5.273710000000000030e-03 -5.757789999999999610e-03 -6.090090000000000260e-03 -6.180930000000000278e-03
-6.456820000000000268e-03 -5.226419999999999851e-03 -5.997109999999999941e-03 -5.662050000000000069e-03 -6.187989999999999984e-03 -4.200520000000000122e-03 -6.020440000000000166e-03 -4.248700000000000220e-03
-5.630800000000000041e-03 -6.183120000000000283e-03 -4.257939999999999989e-03 -4.679680000000000298e-03 -5.317149999999999654e-03 -4.095220000000000110e-03 -4.982949999999999879e-03 -6.347499999999999844e-03
-5.401330000000000194e-03 -4.733069999999999812e-03 -4.659619999999999734e-03 -5.465819999999999707e-03 -4.727349999999999955e-03 -6.503390000000000386e-03 -3.285880000000000137e-03 -5.564569999999999586e-03
-4.540169999999999623e-03 -5.988730000000000268e-03 -3.691429999999999885e-03 -2.759380000000000079e-03 -4.215280000000000069e-03 -6.006069999999999638e-03 -5.710940000000000287e-03 -5.300710000000000144e-03
-5.502520000000000328e-03 -5.546289999999999727e-03 -5.401809999999999945e-03 -5.422810000000000130e-03 -5.362780000000000151e-03 -4.882980000000000306e-03 -5.705580000000000027e-03 -5.549250000000000363e-03
-4.844929999999999896e-03 -6.624139999999999716e-03 -6.124789999999999748e-03 -4.094539999999999812e-03 -4.571330000000000185e-03 -5.934260000000000229e-03 -5.171919999999999989e-03 -5.637849999999999806e-03
-5.367740000000000185e-03 -5.880039999999999573e-03 -5.336249999999999848e-03 -5.049419999999999777e-03 -6.278500000000000227e-03 -5.292279999999999901e-03 -5.875349999999999670e-03 -6.272329999999999572e-03
-5.096749999999999718e-03 -5.109680000000000125e-03 -6.155039999999999643e-03 -5.662999999999999631e-03 -4.332110000000000127e-03 -5.939289999999999847e-03 -3.560989999999999989e-03 -4.073039999999999994e-03
-4.106249999999999657e-03 -6.484189999999999919e-03 -5.340909999999999928e-03 -4.201899999999999732e-03 -3.223789999999999815e-03 -4.694770000000000020e-03 -7.045489999999999739e-03 -7.116139999999999965e-03
-4.113509999999999910e-03 -5.077520000000000297e-03 -5.001389999999999655e-03 -5.305810000000000214e-03 -6.656950000000000020e-03 -5.423960000000000239e-03 -4.505079999999999849e-03 -3.297399999999999810e-03
-4.462550000000000024e-03 -3.186679999999999895e-03 -5.193879999999999678e-03 -6.206409999999999878e-03 -5.533309999999999618e-03 -4.354560000000000375e-03 -4.219630000000000256e-03 -6.301990000000000369e-03
-4.432679999999999607e-03 -5.858099999999999766e-03 -4.413720000000000317e-03 -4.421780000000000155e-03 -4.956549999999999671e-03 -5.919040000000000412e-03 -6.023200000000000255e-03 -3.586199999999999891e-03
-5.844580000000000261e-03 -6.620580000000000041e-03 -6.502820000000000301e-03 -5.747839999999999720e-03 -4.146920000000000120e-03 -3.568570000000000075e-03 -5.316559999999999689e-03 -5.943369999999999903e-03
-4.868840000000000147e-03 -4.251279999999999643e-03 -6.940720000000000049e-03 -6.265820000000000070e-03 -6.179220000000000025e-03 -4.857320000000000040e-03 -6.957180000000000308e-03 -5.391189999999999698e-03
-5.596979999999999664e-03 -6.856179999999999913e-03 -5.664749999999999647e-03 -4.697449999999999716e-03 -4.507330000000000364e-03 -4.300430000000000051e-03 -3.911790000000000059e-03 -4.724199999999999580e-03
-5.010269999999999828e-03 -5.288239999999999608e-03 -6.016279999999999718e-03 -5.199119999999999783e-03 -4.469500000000000382e-03 -6.482710000000000035e-03 -6.202479999999999799e-03 -5.319869999999999981e-03
-4.610839999999999730e-03 -4.786399999999999683e-03 -3.919830000000000016e-03 -4.207599999999999708e-03 -3.052070000000000043e-03 -2.862319999999999795e-03 -4.265409999999999861e-03 -3.575510000000000060e-03
-4.553380000000000101e-03 -4.411530000000000312e-03 -4.000090000000000416e-03 -3.696169999999999924e-03 -4.902339999999999823e-03 -3.835349999999999957e-03 -4.215909999999999797e-03 -3.965630000000000370e-03
-6.162459999999999813e-03 -4.518330000000000089e-03 -2.547109999999999999e-03 -2.911110000000000173e-03 -5.362590000000000412e-03 -2.939730000000000208e-03 -4.330910000000000315e-03 -5.340929999999999810e-03
-3.443840000000000096e-03 -2.551729999999999884e-03 -4.907589999999999869e-03 -5.427669999999999891e-03 -4.545369999999999966e-03 -3.013909999999999853e-03 -3.333350000000000115e-03 -4.176899999999999884e-03
-5.087040000000000138e-03 -3.762259999999999910e-03 -4.987290000000000126e-03 -3.664950000000000152e-03 -4.468100000000000023e-03 -5.196379999999999576e-03 -4.561680000000000249e-03 -3.697049999999999902e-03
-5.154040000000000357e-03 -4.635850000000000387e-03 -3.488970000000000092e-03 -4.235759999999999872e-03 -3.547310000000000133e-03 -4.585360000000000130e-03 -4.461549999999999891e-03 -4.893480000000000399e-03
-3.356800000000000062e-03 -5.836730000000000043e-03 -3.909529999999999603e-03 -4.919960000000000132e-03 -5.953080000000000351e-03 -4.972810000000000251e-03 -4.944010000000000418e-03 -4.612269999999999912e-03
-3.245619999999999842e-03 -5.300209999999999644e-03 -4.047870000000000287e-03 -3.764509999999999992e-03 -3.787749999999999884e-03 -3.602220000000000161e-03 -3.784150000000000014e-03 -3.264309999999999868e-03
-3.476809999999999883e-03 -4.733659999999999778e-03 -4.398879999999999978e-03 -5.108839999999999909e-03 -4.457120000000000179e-03 -4.651839999999999968e-03 -3.495600000000000183e-03 -2.855260000000000090e-03
-3.376350000000000184e-03 -3.030479999999999893e-03 -5.110049999999999662e-03 -2.451259999999999811e-03 -4.502850000000000082e-03 -4.376020000000000430e-03 -4.829639999999999628e-03 -4.719809999999999631e-03
-5.834070000000000228e-03 -3.303500000000000013e-03 -5.651190000000000380e-03 -3.963140000000000412e-03 -4.142329999999999623e-03 -4.345390000000000190e-03 -4.295550000000000410e-03 -2.045920000000000117e-03
-4.405430000000000110e-03 -2.972559999999999959e-03 -3.872190000000000180e-03 -2.880569999999999832e-03 -4.021089999999999734e-03 -4.155569999999999924e-03 -3.547450000000000169e-03 -2.622489999999999891e-03
-4.535039999999999731e-03 -4.531509999999999878e-03 -5.243730000000000266e-03 -5.688180000000000146e-03 -3.714589999999999819e-03 -4.726280000000000238e-03 -3.183490000000000191e-03 -4.243440000000000233e-03
-3.846989999999999785e-03 -4.095660000000000099e-03 -4.805590000000000209e-03 -2.325260000000000001e-03 -5.023969999999999998e-03 -4.269310000000000119e-03 -4.570170000000000135e-03 -5.492229999999999855e-03
-4.052939999999999668e-03 -3.502229999999999840e-03 -4.913520000000000214e-03 -3.567480000000000043e-03 -5.594830000000000289e-03 -4.864109999999999615e-03 -5.418830000000000348e-03 -3.703300000000000081e-03
-4.643539999999999821e-03 -4.243600000000000150e-03 -4.267960000000000330e-03 -1.896640000000000001e-03 -5.464580000000000132e-03 -3.961410000000000278e-03 -5.085880000000000088e-03 -3.386530000000000009e-03
-4.975150000000000232e-03 -3.643040000000000167e-03 -4.550379999999999703e-03 -5.332410000000000101e-03 -4.443729999999999902e-03 -3.443780000000000018e-03 -3.948880000000000098e-03 -3.947400000000000214e-03
-5.042099999999999881e-03 -5.650269999999999772e-03 -2.566759999999999962e-03 -4.458570000000000241e-03 -5.729670000000000075e-03 -3.327039999999999859e-03 -3.601809999999999994e-03 -4.685319999999999763e-03
-4.426460000000000117e-03 -4.586729999999999800e-03 -5.295689999999999599e-03 -5.371810000000000300e-03 -4.422500000000000216e-03 -5.024190000000000426e-03 -4.747259999999999674e-03 -3.353559999999999788e-03
-4.167539999999999960e-03 -3.974509999999999675e-03 -4.290880000000000388e-03 -4.291579999999999701e-03 -3.919940000000000230e-03 -4.501569999999999877e-03 -3.596040000000000000e-03 -5.197860000000000327e-03
-4.001570000000000300e-03 -3.762569999999999804e-03 -3.682770000000000141e-03 -4.603140000000000356e-03 -3.889329999999999871e-03 -4.046349999999999773e-03 -5.199210000000000116e-03 -4.118260000000000323e-03
-1.916409999999999902e-03 -9.209749999999999838e-04 -5.727780000000000241e-04 -2.711419999999999976e-03 -2.503099999999999856e-03 -1.346949999999999970e-03 -7.743510000000000540e-04 -2.957050000000000130e-03
-2.372570000000000061e-03 -1.785549999999999898e-03 -7.966439999999999980e-04 -1.367589999999999908e-03 -1.957889999999999891e-03 -1.951360000000000074e-03 -2.105130000000000196e-03 -1.303289999999999917e-03
-9.954049999999999877e-04 -3.089189999999999905e-03 -1.598540000000000074e-03 -3.322719999999999927e-03 -1.356269999999999915e-03 -1.547299999999999934e-03 -1.178809999999999971e-03 -1.972100000000000068e-03
-1.613939999999999906e-03 -1.708289999999999895e-03 -9.155059999999999587e-04 -1.829239999999999989e-03 -1.217119999999999921e-03 -2.315429999999999832e-03 -2.344559999999999873e-03 -1.638130000000000011e-03
-1.132640000000000079e-03 -2.459219999999999809e-03 -2.768370000000000032e-03 -2.257970000000000203e-03 -2.182059999999999989e-03 -2.058490000000000059e-03 -3.449849999999999965e-03 -1.594490000000000057e-03
-7.611200000000000040e-04 -2.525170000000000192e-03 -1.119210000000000040e-03 -2.749160000000000059e-03 -2.360730000000000120e-03 -2.867540000000000019e-03 -2.557929999999999926e-03 -1.165989999999999995e-03
-7.792419999999999772e-04 -2.896450000000000066e-03 -1.000929999999999919e-03 -2.260369999999999827e-03 -2.995750000000000040e-04 -1.592510000000000106e-03 -2.583450000000000156e-03 -1.221279999999999935e-03
-2.405229999999999955e-03 -1.850379999999999994e-03 -2.285399999999999932e-03 -2.089020000000000026e-03 -1.957509999999999979e-03 -2.079450000000000048e-03 -8.537580000000000342e-04 -2.306809999999999959e-04
-2.757949999999999898e-03 -2.458650000000000158e-03 -2.929740000000000122e-03 -1.400729999999999987e-03 -2.447250000000000206e-03 -6.112889999999999947e-04 -1.462490000000000101e-03 -2.619919999999999975e-03
-2.088280000000000084e-03 -2.409080000000000076e-03 -1.079759999999999921e-03 -2.619779999999999939e-03 -2.405879999999999998e-03 3.187339999999999878e-04 -4.000870000000000121e-03 -2.509229999999999881e-03
-1.134409999999999976e-03 -3.094749999999999845e-03 -1.362099999999999986e-03 -1.809870000000000098e-03 -4.016839999999999820e-03 -2.548110000000000132e-03 -3.193060000000000169e-03 -2.222710000000000137e-03
-2.065620000000000216e-03 -2.152100000000000107e-03 -1.551850000000000018e-03 -1.978789999999999803e-03 -2.786250000000000098e-03 -1.595760000000000104e-03 -1.376110000000000050e-03 -1.121250000000000068e-03
-2.014450000000000095e-03 -1.089759999999999947e-03 -2.286030000000000093e-03 -4.091970000000000329e-03 -3.059109999999999868e-03 -1.859020000000000073e-03 -1.635579999999999977e-03 -3.059280000000000159e-03
-2.052770000000000202e-03 -1.923350000000000103e-03 -2.416209999999999799e-03 -3.182739999999999875e-03 -1.676009999999999967e-04 -1.881870000000000060e-04 -3.370140000000000201e-03 -7.879230000000000522e-04
-2.377859999999999870e-03 -2.072609999999999904e-03 -1.408240000000000056e-03 -2.468870000000000179e-03 -2.405739999999999962e-03 -2.613600000000000211e-03 -2.495840000000000038e-03 -2.866479999999999809e-03
-1.424169999999999993e-03 -2.187929999999999823e-03 -1.718349999999999999e-03 -2.390760000000000021e-03 -2.585239999999999934e-03 -3.830969999999999948e-03 -3.602769999999999931e-03 -3.532439999999999972e-03
-3.177530000000000025e-03 -1.551450000000000008e-03 -2.244910000000000135e-03 -1.650479999999999959e-03 -4.107819999999999874e-03 -2.502990000000000076e-03 -2.394110000000000075e-03 -1.733940000000000004e-03
-1.306660000000000070e-03 -2.070330000000000000e-03 -1.968759999999999954e-03 -1.070290000000000000e-03 -9.439550000000000111e-04 -8.093560000000000077e-04 -2.593659999999999802e-03 -4.301800000000000047e-04
-2.445810000000000085e-03 -7.373180000000000445e-04 -1.667139999999999898e-03 -1.294720000000000072e-03 -1.946229999999999965e-03 -2.182120000000000067e-03 -4.245500000000000142e-03 -2.112610000000000009e-03
-1.994360000000000143e-03 -8.442910000000000519e-04 -1.384040000000000010e-03 -1.705300000000000088e-03 -1.976460000000000196e-03 -3.242189999999999829e-03 -2.535640000000000029e-03 -7.994589999999999769e-04
-2.223520000000000097e-03 -1.374500000000000071e-03 -1.895900000000000059e-03 -2.244850000000000057e-03 -2.693210000000000135e-03 -2.717699999999999977e-03 -1.527439999999999918e-03 -1.109430000000000008e-03
2.388239999999999807e-03 2.439559999999999906e-03 2.872580000000000012e-03 1.864350000000000078e-03 2.277389999999999796e-03 3.827790000000000185e-03 2.817500000000000126e-03 2.052809999999999965e-03
4.029839999999999811e-03 2.019439999999999950e-03 3.215720000000000037e-03 3.009350000000000046e-03 3.058790000000000033e-03 2.606100000000000083e-03 3.530230000000000087e-03 3.480079999999999979e-03
5.351550000000000057e-03 3.518719999999999921e-03 3.747509999999999904e-03 3.698250000000000148e-03 3.917839999999999691e-03 2.784780000000000155e-03 2.221830000000000159e-03 2.423080000000000199e-03
4.498460000000000132e-03 4.440839999999999718e-03 3.184139999999999800e-03 2.120910000000000156e-03 3.693829999999999943e-03 1.788089999999999992e-03 2.956750000000000177e-03 2.332620000000000093e-03
4.887009999999999792e-03 4.222250000000000308e-03 3.304810000000000039e-03 2.368139999999999915e-03 1.950860000000000007e-03 2.953850000000000052e-03 3.074410000000000077e-03 2.624899999999999890e-03
2.055110000000000183e-03 5.578559999999999769e-03 2.823270000000000120e-03 2.718089999999999829e-03 2.367639999999999849e-03 4.490499999999999700e-03 2.448880000000000067e-03 2.879150000000000025e-03
2.828160000000000136e-03 3.194390000000000077e-03 3.046440000000000085e-03 2.673179999999999827e-03 3.800640000000000095e-03 3.255570000000000165e-03 2.944449999999999932e-03 3.216280000000000180e-03
4.398400000000000226e-03 2.046819999999999976e-03 2.712710000000000121e-03 2.829350000000000007e-03 2.760219999999999861e-03 3.202689999999999790e-03 2.456400000000000076e-03 1.407320000000000099e-03
3.425049999999999796e-03 3.296170000000000176e-03 5.454760000000000338e-03 3.982330000000000071e-03 2.886650000000000153e-03 2.020399999999999887e-03 2.793420000000000018e-03 3.178480000000000021e-03
2.244560000000000045e-03 1.898960000000000101e-03 2.661870000000000208e-03 3.029749999999999891e-03 2.227279999999999885e-03 3.067040000000000044e-03 1.836450000000000105e-03 2.297689999999999802e-03
3.374610000000000110e-03 2.952900000000000056e-03 3.093209999999999883e-03 3.153459999999999857e-03 1.513309999999999916e-03 3.725669999999999937e-03 1.843760000000000060e-03 3.618459999999999992e-03
3.657979999999999912e-03 4.161770000000000400e-03 3.401180000000000175e-03 3.473050000000000095e-03 3.978340000000000348e-03 3.157790000000000163e-03 2.492040000000000054e-03 1.572470000000000074e-03
2.555940000000000035e-03 2.094229999999999876e-03 3.834859999999999831e-03 3.029930000000000123e-03 3.645820000000000137e-03 2.080690000000000057e-03 2.143589999999999905e-03 4.520539999999999975e-03
2.999180000000000162e-03 2.791520000000000026e-03 3.992810000000000283e-03 1.819029999999999909e-03 1.805839999999999963e-03 2.008330000000000011e-03 2.548700000000000097e-03 1.890289999999999982e-03
3.376210000000000148e-03 5.850990000000000357e-03 2.456349999999999940e-03 2.934690000000000215e-03 1.875109999999999928e-03 2.789540000000000075e-03 2.612329999999999947e-03 2.728350000000000046e-03
3.585339999999999794e-03 3.850940000000000179e-03 4.526760000000000332e-03 3.716099999999999959e-03 3.011849999999999944e-03 5.529690000000000299e-03 3.614169999999999883e-03 1.737679999999999910e-03
5.245259999999999853e-03 4.510509999999999693e-03 3.006630000000000153e-03 2.107190000000000105e-03 2.357419999999999828e-03 3.129569999999999921e-03 3.351260000000000003e-03 3.112090000000000082e-03
3.345819999999999784e-03 3.629020000000000162e-03 3.445549999999999915e-03 2.545910000000000187e-03 2.502949999999999880e-03 2.829509999999999924e-03 1.446309999999999913e-03 3.885130000000000094e-03
3.960140000000000014e-03 1.951279999999999898e-03 3.395790000000000093e-03 2.014380000000000077e-03 2.798789999999999785e-03 2.303930000000000040e-03 1.643970000000000023e-03 2.047359999999999805e-03
2.986100000000000212e-03 3.347689999999999954e-03 2.184859999999999840e-03 1.731410000000000067e-03 3.228860000000000063e-03 3.259269999999999876e-03 1.979310000000000184e-03 3.146089999999999824e-03
2.625230000000000098e-03 4.959189999999999605e-03 2.746029999999999999e-03 2.904700000000000077e-03 2.995429999999999881e-03 2.643620000000000171e-03 5.035279999999999617e-03 2.545910000000000187e-03
1.314049999999999940e-02 1.354329999999999944e-02 1.117459999999999981e-02 1.366120000000000008e-02 1.251689999999999921e-02 1.365990000000000086e-02 1.221949999999999946e-02 1.242300000000000001e-02
1.314730000000000065e-02 1.276610000000000071e-02 1.294380000000000010e-02 1.293159999999999969e-02 1.376250000000000043e-02 1.341189999999999917e-02 1.481050000000000075e-02 1.186289999999999914e-02
1.269059999999999980e-02 1.369159999999999995e-02 1.433530000000000047e-02 1.363379999999999974e-02 1.224279999999999986e-02 1.272240000000000003e-02 1.240810000000000003e-02 1.309360000000000038e-02
1.240559999999999927e-02 1.158660000000000072e-02 1.361569999999999968e-02 1.268209999999999997e-02 1.383880000000000006e-02 1.204309999999999929e-02 1.166230000000000044e-02 1.213949999999999925e-02
1.147609999999999950e-02 1.323140000000000080e-02 1.325959999999999986e-02 1.277230000000000032e-02 1.325980000000000041e-02 1.317489999999999981e-02 1.124859999999999922e-02 1.361330000000000005e-02
1.320930000000000021e-02 1.290039999999999937e-02 1.281649999999999977e-02 1.439099999999999928e-02 1.032980000000000009e-02 1.211240000000000060e-02 1.338969999999999917e-02 1.320739999999999935e-02
1.302760000000000029e-02 1.323730000000000046e-02 1.271380000000000079e-02 1.341370000000000062e-02 1.299239999999999944e-02 1.450620000000000034e-02 1.355589999999999920e-02 1.226539999999999922e-02
1.317059999999999932e-02 1.355450000000000058e-02 1.330180000000000078e-02 1.348390000000000005e-02 1.395039999999999995e-02 1.381600000000000016e-02 1.213790000000000008e-02 1.290810000000000048e-02
1.403779999999999958e-02 1.343450000000000026e-02 1.419869999999999986e-02 1.216270000000000025e-02 1.343199999999999950e-02 1.344769999999999993e-02 1.316460000000000026e-02 1.300489999999999979e-02
1.348869999999999930e-02 1.365530000000000042e-02 1.451910000000000006e-02 1.335740000000000018e-02 1.344389999999999995e-02 1.337250000000000071e-02 1.136389999999999970e-02 1.208299999999999999e-02
1.292079999999999965e-02 1.239950000000000080e-02 1.267749999999999953e-02 1.341490000000000044e-02 1.426469999999999995e-02 1.299870000000000018e-02 1.351680000000000069e-02 1.376660000000000036e-02
1.337379999999999992e-02 1.373620000000000049e-02 1.403120000000000062e-02 1.323530000000000019e-02 1.246309999999999953e-02 1.249639999999999952e-02 1.358930000000000034e-02 1.295579999999999996e-02
1.306279999999999941e-02 1.332129999999999946e-02 1.296819999999999917e-02 1.303099999999999918e-02 1.099460000000000021e-02 1.173480000000000009e-02 1.291460000000000004e-02 1.375359999999999951e-02
1.134579999999999964e-02 1.386070000000000010e-02 1.397389999999999917e-02 1.263419999999999994e-02 1.190470000000000070e-02 1.437609999999999930e-02 1.370299999999999990e-02 1.206229999999999976e-02
1.187189999999999947e-02 1.137469999999999974e-02 1.184389999999999922e-02 1.448630000000000057e-02 1.229039999999999994e-02 1.142929999999999988e-02 1.285329999999999979e-02 1.195809999999999929e-02
1.208520000000000080e-02 1.289870000000000079e-02 1.341690000000000070e-02 1.191640000000000060e-02 1.225019999999999928e-02 1.102180000000000000e-02 1.297230000000000084e-02 1.094069999999999938e-02
1.403940000000000049e-02 1.209810000000000052e-02 1.185759999999999939e-02 1.124409999999999993e-02 1.328700000000000020e-02 1.107679999999999949e-02 1.251509999999999949e-02 1.312849999999999955e-02
1.089069999999999969e-02 1.285649999999999987e-02 1.360259999999999941e-02 1.403730000000000082e-02 1.367630000000000061e-02 1.430659999999999918e-02 1.364910000000000082e-02 1.303140000000000027e-02
1.326929999999999950e-02 1.345239999999999977e-02 1.291020000000000015e-02 1.265370000000000036e-02 1.264219999999999927e-02 1.302649999999999988e-02 1.422849999999999983e-02 1.358159999999999923e-02
1.374049999999999924e-02 1.233189999999999981e-02 1.410939999999999937e-02 1.383820000000000015e-02 1.306049999999999919e-02 1.294849999999999994e-02 1.296210000000000070e-02 1.213479999999999941e-02
1.423869999999999997e-02 1.261450000000000071e-02 1.235140000000000023e-02 1.317210000000000082e-02 1.248830000000000079e-02 1.303969999999999956e-02 1.231040000000000086e-02 1.280700000000000068e-02
3.882200000000000234e-02 4.221540000000000015e-02 5.175670000000000270e-02 4.215739999999999765e-02 6.595919999999999561e-02 4.631860000000000144e-02 4.091419999999999779e-02 3.886359999999999815e-02
3.830530000000000046e-02 6.679209999999999314e-02 3.882569999999999771e-02 5.323719999999999841e-02 3.182310000000000000e-02 3.880200000000000315e-02 4.222159999999999802e-02 5.986749999999999711e-02
6.116400000000000309e-02 3.566910000000000219e-02 3.726129999999999720e-02 3.048879999999999993e-02 3.810759999999999842e-02 5.240700000000000219e-02 5.250880000000000131e-02 5.414039999999999825e-02
4.060020000000000295e-02 4.219040000000000290e-02 5.470219999999999944e-02 3.787589999999999707e-02 6.523740000000000094e-02 4.338170000000000220e-02 6.763550000000000118e-02 4.174409999999999926e-02
3.839069999999999983e-02 2.994629999999999861e-02 3.987910000000000066e-02 4.488969999999999766e-02 6.061319999999999902e-02 3.944639999999999952e-02 3.869670000000000054e-02 6.632780000000000620e-02
3.995810000000000334e-02 3.848660000000000275e-02 4.059870000000000145e-02 6.325590000000000379e-02 3.472539999999999655e-02 4.584150000000000030e-02 4.293319999999999775e-02 4.448719999999999758e-02
5.685620000000000257e-02 4.157410000000000272e-02 4.799500000000000294e-02 3.937960000000000071e-02 5.143559999999999799e-02 3.406959999999999850e-02 4.719109999999999971e-02 4.204669999999999935e-02
4.574009999999999881e-02 6.601100000000000023e-02 5.406129999999999963e-02 4.250310000000000199e-02 5.211160000000000098e-02 4.165110000000000340e-02 4.561239999999999739e-02 6.341560000000000252e-02
6.086479999999999668e-02 3.634470000000000062e-02 3.575439999999999868e-02 4.449840000000000045e-02 4.000059999999999727e-02 5.616909999999999958e-02 3.716560000000000002e-02 4.149510000000000004e-02
3.634810000000000124e-02 6.656869999999999454e-02 4.318280000000000035e-02 4.095420000000000310e-02 6.406760000000000232e-02 4.217339999999999978e-02 4.888409999999999977e-02 3.772410000000000346e-02
4.020109999999999656e-02 4.229610000000000314e-02 4.040139999999999704e-02 5.050670000000000159e-02 3.952780000000000182e-02 4.326850000000000140e-02 6.413549999999999807e-02 4.213120000000000059e-02
4.530540000000000261e-02 3.573339999999999850e-02 4.582470000000000293e-02 5.703439999999999899e-02 4.306410000000000099e-02 3.548910000000000259e-02 4.005999999999999839e-02 3.692220000000000224e-02
4.316020000000000273e-02 4.114720000000000183e-02 4.096679999999999766e-02 4.701070000000000249e-02 6.257699999999999374e-02 4.035740000000000161e-02 6.683300000000000352e-02 4.590090000000000142e-02
4.118940000000000101e-02 3.640879999999999811e-02 5.243670000000000275e-02 3.502790000000000070e-02 4.646689999999999848e-02 5.047900000000000303e-02 3.621959999999999763e-02 6.405249999999999833e-02
4.134349999999999831e-02 5.254720000000000224e-02 3.599859999999999866e-02 3.613500000000000045e-02 6.498660000000000547e-02 6.090849999999999737e-02 4.613280000000000158e-02 4.605120000000000047e-02
7.237559999999999827e-02 4.319359999999999866e-02 5.587129999999999874e-02 3.720160000000000133e-02 3.849459999999999688e-02 3.486589999999999828e-02 3.548430000000000334e-02 3.555250000000000077e-02
5.651860000000000217e-02 4.155860000000000110e-02 4.295990000000000225e-02 3.763819999999999666e-02 4.244740000000000318e-02 4.087949999999999917e-02 4.198489999999999861e-02 3.562939999999999857e-02
6.695850000000000413e-02 6.984990000000000643e-02 3.601590000000000347e-02 4.445459999999999690e-02 3.688580000000000331e-02 4.161809999999999815e-02 3.547209999999999946e-02 3.884810000000000346e-02
3.922980000000000217e-02 5.162449999999999678e-02 3.613179999999999864e-02 5.864130000000000037e-02 4.286260000000000070e-02 3.786969999999999920e-02 3.685449999999999837e-02 3.271899999999999809e-02
4.287280000000000257e-02 5.755709999999999993e-02 3.622519999999999907e-02 6.153929999999999817e-02 3.893350000000000283e-02 3.865520000000000067e-02 6.629179999999999795e-02 4.117400000000000226e-02
5.102500000000000091e-02 4.330439999999999984e-02 5.484819999999999973e-02 3.654310000000000197e-02 4.249109999999999693e-02 6.698049999999999837e-02 4.286720000000000114e-02 6.373929999999999874e-02
7.093470000000000331e-02 6.924510000000000387e-02 7.918980000000000463e-02 5.912039999999999657e-02 6.992579999999999629e-02 6.922380000000000200e-02 6.899919999999999665e-02 7.407260000000000233e-02
7.493099999999999761e-02 7.298229999999999995e-02 6.934980000000000311e-02 6.829440000000000510e-02 9.399499999999999522e-02 1.011330000000000007e-01 7.377419999999999811e-02 7.154109999999999636e-02
7.691989999999999938e-02 6.527159999999999906e-02 7.122929999999999540e-02 7.040829999999999311e-02 7.128940000000000277e-02 6.880269999999999442e-02 6.933250000000000524e-02 6.411949999999999594e-02
6.375060000000000449e-02 6.878220000000000167e-02 4.905820000000000319e-02 7.652860000000000218e-02 6.830550000000000510e-02 6.883250000000000479e-02 7.817480000000000262e-02 7.437879999999999492e-02
6.918770000000000475e-02 6.863249999999999906e-02 7.049370000000000636e-02 7.016920000000000102e-02 7.481899999999999662e-02 5.803610000000000019e-02 7.313540000000000318e-02 8.404250000000000609e-02
7.236109999999999765e-02 6.697880000000000500e-02 7.343550000000000078e-02 6.809329999999999550e-02 7.137480000000000213e-02 7.093109999999999693e-02 7.599759999999999849e-02 7.117389999999999828e-02
6.806120000000000225e-02 7.709219999999999962e-02 6.721960000000000435e-02 9.429609999999999381e-02 7.656269999999999742e-02 7.210020000000000318e-02 6.307659999999999656e-02 6.939199999999999535e-02
6.774370000000000391e-02 5.305409999999999987e-02 6.899810000000000665e-02 7.070540000000000158e-02 7.340990000000000015e-02 7.296890000000000320e-02 7.139979999999999938e-02 7.151200000000000612e-02
7.453110000000000290e-02 6.994329999999999992e-02 7.028489999999999738e-02 7.772629999999999817e-02 8.132019999999999527e-02 7.445480000000000154e-02 7.115259999999999641e-02 6.466779999999999751e-02
6.875299999999999467e-02 6.881940000000000279e-02 7.432590000000000030e-02 7.032230000000000425e-02 6.202839999999999743e-02 7.343990000000000240e-02 7.077429999999999832e-02 7.550779999999999992e-02
5.900650000000000339e-02 6.176500000000000046e-02 6.467860000000000276e-02 7.571749999999999314e-02 6.970750000000000557e-02 7.033449999999999425e-02 7.314099999999999768e-02 6.344149999999999789e-02
6.705310000000000437e-02 7.026880000000000626e-02 6.693870000000000375e-02 7.235080000000000677e-02 7.019279999999999964e-02 1.010589999999999961e-01 6.974189999999999556e-02 6.957969999999999433e-02
6.611970000000000347e-02 9.142640000000000489e-02 7.148390000000000299e-02 6.930189999999999961e-02 6.905210000000000514e-02 7.445740000000000691e-02 6.542499999999999705e-02 7.686030000000000639e-02
7.685140000000000027e-02 5.743510000000000282e-02 7.273359999999999548e-02 6.923390000000000100e-02 6.488119999999999998e-02 6.949470000000000647e-02 5.637230000000000019e-02 6.823460000000000636e-02
8.202139999999999431e-02 6.818000000000000449e-02 7.170229999999999659e-02 6.979019999999999668e-02 5.488760000000000167e-02 7.094730000000000480e-02 6.990119999999999667e-02 6.901590000000000502e-02
5.785289999999999877e-02 6.674380000000000590e-02 6.315039999999999543e-02 7.040630000000000499e-02 7.185850000000000570e-02 7.116640000000000466e-02 6.751400000000000456e-02 7.377559999999999674e-02
5.316390000000000005e-02 7.266849999999999699e-02 6.740160000000000595e-02 6.739889999999999770e-02 6.181459999999999733e-02 6.800939999999999763e-02 8.185149999999999371e-02 7.044659999999999811e-02
6.832699999999999885e-02 7.235469999999999402e-02 7.515159999999999896e-02 7.030599999999999350e-02 7.108309999999999629e-02 6.807109999999999550e-02 7.809170000000000000e-02 6.628489999999999382e-02
7.101240000000000330e-02 7.240430000000000477e-02 6.540590000000000293e-02 6.920930000000000137e-02 6.961920000000000608e-02 6.198669999999999874e-02 6.278350000000000597e-02 7.002859999999999641e-02
7.170650000000000635e-02 6.758400000000000518e-02 6.581720000000000625e-02 6.615260000000000584e-02 6.637329999999999619e-02 7.190119999999999845e-02 7.331020000000000592e-02 6.073599999999999832e-02
6.955899999999999583e-02 6.519510000000000582e-02 6.670139999999999403e-02 7.571980000000000377e-02 7.313179999999999681e-02 6.792660000000000364e-02 6.778960000000000541e-02 7.524190000000000045e-02
1.721409999999999885e-01 1.790229999999999877e-01 1.710170000000000023e-01 1.724680000000000102e-01 1.696600000000000052e-01 1.597560000000000091e-01 1.665929999999999911e-01 1.753790000000000071e-01
1.721360000000000112e-01 1.538930000000000020e-01 1.746469999999999967e-01 1.772420000000000107e-01 1.838760000000000117e-01 1.623400000000000121e-01 1.732760000000000133e-01 1.615199999999999969e-01
1.687539999999999873e-01 1.735389999999999988e-01 1.936170000000000113e-01 1.747170000000000112e-01 1.691189999999999916e-01 1.713719999999999966e-01 1.811429999999999985e-01 1.679360000000000019e-01
1.756429999999999936e-01 1.682819999999999871e-01 1.752390000000000059e-01 1.789219999999999977e-01 1.662319999999999909e-01 1.697529999999999872e-01 1.802809999999999968e-01 1.674740000000000117e-01
1.824959999999999916e-01 1.647569999999999868e-01 1.659899999999999987e-01 1.711280000000000023e-01 2.058020000000000127e-01 1.757799999999999918e-01 1.720619999999999927e-01 1.781099999999999905e-01
1.851200000000000068e-01 1.693949999999999900e-01 1.734789999999999943e-01 1.618219999999999936e-01 1.778319999999999901e-01 1.735680000000000001e-01 2.563429999999999875e-01 1.727710000000000079e-01
1.907570000000000099e-01 2.169260000000000077e-01 1.743830000000000102e-01 1.724479999999999902e-01 1.723079999999999889e-01 1.663640000000000119e-01 1.713310000000000111e-01 1.677980000000000027e-01
1.647550000000000125e-01 1.769930000000000114e-01 1.995909999999999906e-01 1.793629999999999947e-01 1.937200000000000033e-01 1.751900000000000124e-01 1.719340000000000035e-01 1.737740000000000118e-01
1.676559999999999995e-01 1.732100000000000029e-01 1.598640000000000061e-01 1.761209999999999998e-01 1.711830000000000018e-01 1.698419999999999930e-01 1.748709999999999987e-01 1.751910000000000134e-01
1.657059999999999922e-01 1.779080000000000106e-01 1.538450000000000095e-01 1.789789999999999992e-01 1.721709999999999907e-01 1.817529999999999979e-01 1.841150000000000009e-01 1.649289999999999923e-01
1.689549999999999941e-01 2.088200000000000056e-01 1.718530000000000058e-01 1.738939999999999930e-01 1.684759999999999869e-01 1.731260000000000021e-01 1.701860000000000039e-01 1.646009999999999973e-01
1.743020000000000125e-01 1.892300000000000093e-01 1.710160000000000013e-01 2.165749999999999897e-01 1.710339999999999916e-01 1.753689999999999971e-01 1.744320000000000037e-01 1.699319999999999997e-01
1.852479999999999960e-01 1.721060000000000090e-01 1.618499999999999939e-01 1.714430000000000121e-01 1.712140000000000051e-01 1.780549999999999911e-01 1.701149999999999884e-01 1.769199999999999939e-01
1.733810000000000073e-01 1.845900000000000041e-01 1.959660000000000013e-01 2.443960000000000021e-01 1.676960000000000117e-01 2.428760000000000085e-01 1.660949999999999926e-01 1.717339999999999978e-01
1.817239999999999966e-01 1.736489999999999978e-01 1.662450000000000039e-01 1.790640000000000009e-01 1.810579999999999967e-01 1.646960000000000091e-01 1.755649999999999988e-01 1.744580000000000020e-01
1.754779999999999951e-01 1.781310000000000116e-01 1.690089999999999926e-01 1.687289999999999901e-01 1.686890000000000056e-01 1.725919999999999954e-01 1.746340000000000114e-01 1.764129999999999865e-01
1.718059999999999865e-01 1.650840000000000085e-01 1.696409999999999862e-01 1.934559999999999891e-01 1.779749999999999943e-01 1.707170000000000076e-01 1.712370000000000003e-01 1.757100000000000051e-01
1.642349999999999921e-01 1.737190000000000123e-01 1.771959999999999924e-01 1.482870000000000021e-01 1.610590000000000077e-01 1.752420000000000089e-01 1.717370000000000008e-01 1.728359999999999896e-01
1.708139999999999936e-01 1.687269999999999881e-01 1.693230000000000013e-01 1.820209999999999884e-01 1.814870000000000094e-01 1.805070000000000008e-01 1.744140000000000135e-01 1.799159999999999926e-01
1.769270000000000009e-01 1.834890000000000132e-01 1.754950000000000121e-01 1.732170000000000099e-01 1.704579999999999984e-01 1.917109999999999925e-01 1.709650000000000059e-01 1.671860000000000013e-01
1.714990000000000125e-01 1.694460000000000133e-01 1.703069999999999862e-01 1.636539999999999939e-01 1.770100000000000007e-01 1.727650000000000019e-01 1.738580000000000125e-01 1.730810000000000126e-01
2.711129999999999929e-01 2.838669999999999805e-01 2.652780000000000138e-01 2.611129999999999840e-01 2.618920000000000137e-01 2.674710000000000143e-01 2.664759999999999907e-01 2.729340000000000099e-01
2.658179999999999987e-01 2.688579999999999859e-01 2.690060000000000229e-01 2.702249999999999930e-01 2.674849999999999728e-01 2.672939999999999761e-01 2.927390000000000270e-01 2.692979999999999818e-01
2.746520000000000072e-01 2.687019999999999964e-01 2.648920000000000163e-01 2.678769999999999762e-01 2.679960000000000120e-01 2.678929999999999922e-01 2.649529999999999941e-01 2.774240000000000039e-01
2.539440000000000031e-01 2.697999999999999843e-01 2.591149999999999842e-01 1.723699999999999954e-01 2.668110000000000204e-01 2.603880000000000083e-01 2.620069999999999899e-01 2.650390000000000246e-01
2.725639999999999730e-01 2.610520000000000063e-01 2.631620000000000070e-01 2.681959999999999900e-01 2.667370000000000019e-01 2.827419999999999933e-01 2.676919999999999855e-01 2.684849999999999737e-01
2.643119999999999914e-01 2.644440000000000124e-01 2.669869999999999743e-01 2.692260000000000209e-01 2.709489999999999954e-01 2.791980000000000017e-01 2.625979999999999981e-01 2.736739999999999728e-01
2.641919999999999824e-01 2.617249999999999854e-01 2.733860000000000179e-01 2.776989999999999736e-01 2.610049999999999870e-01 2.650830000000000131e-01 2.729489999999999972e-01 2.649489999999999901e-01
2.703949999999999965e-01 2.657959999999999767e-01 2.556249999999999911e-01 2.549480000000000079e-01 2.692720000000000113e-01 2.636959999999999860e-01 2.628460000000000241e-01 2.626269999999999993e-01
2.793189999999999840e-01 2.696419999999999928e-01 2.706109999999999904e-01 2.579020000000000201e-01 2.541680000000000050e-01 2.710589999999999944e-01 2.691330000000000111e-01 2.605540000000000078e-01
2.618690000000000184e-01 2.703840000000000132e-01 3.011119999999999908e-01 2.611410000000000120e-01 2.696649999999999880e-01 2.633159999999999945e-01 3.084839999999999804e-01 2.726120000000000210e-01
2.901150000000000118e-01 2.835190000000000210e-01 2.662220000000000142e-01 2.660669999999999980e-01 2.592789999999999817e-01 2.847640000000000171e-01 2.877359999999999918e-01 2.670580000000000176e-01
2.663929999999999909e-01 2.688010000000000121e-01 2.622090000000000254e-01 2.641689999999999872e-01 3.086519999999999819e-01 3.000160000000000049e-01 2.701279999999999792e-01 2.610469999999999735e-01
2.541050000000000253e-01 2.669509999999999939e-01 2.711640000000000161e-01 2.706410000000000204e-01 3.464889999999999914e-01 3.187329999999999885e-01 2.754639999999999866e-01 2.667140000000000066e-01
2.670350000000000223e-01 3.356669999999999932e-01 2.812230000000000008e-01 2.698130000000000250e-01 3.443620000000000014e-01 2.677660000000000040e-01 2.657240000000000157e-01 2.695830000000000171e-01
2.743539999999999868e-01 2.763840000000000185e-01 2.635850000000000137e-01 3.055660000000000043e-01 2.612209999999999810e-01 3.362189999999999901e-01 2.546059999999999990e-01 2.679449999999999887e-01
2.610009999999999830e-01 2.739130000000000176e-01 2.916670000000000096e-01 2.586740000000000150e-01 2.626000000000000001e-01 2.692010000000000236e-01 2.651040000000000063e-01 2.700580000000000203e-01
2.631200000000000205e-01 2.743829999999999880e-01 2.681069999999999842e-01 2.763729999999999798e-01 2.655390000000000250e-01 2.729210000000000247e-01 2.683740000000000014e-01 2.482890000000000097e-01
2.647070000000000256e-01 2.635290000000000132e-01 2.587409999999999988e-01 2.613929999999999865e-01 2.731560000000000099e-01 2.673229999999999773e-01 2.604299999999999948e-01 2.706859999999999822e-01
2.618779999999999997e-01 2.584629999999999983e-01 2.869519999999999849e-01 2.635580000000000145e-01 2.647800000000000153e-01 2.667490000000000139e-01 2.689690000000000136e-01 2.660580000000000167e-01
2.614500000000000157e-01 2.597709999999999742e-01 2.546880000000000255e-01 2.668130000000000224e-01 2.791029999999999900e-01 2.575740000000000252e-01 2.692069999999999741e-01 2.649480000000000168e-01
2.642820000000000169e-01 2.683920000000000194e-01 2.675299999999999900e-01 2.700580000000000203e-01 2.739829999999999766e-01 2.658960000000000212e-01 2.779289999999999816e-01 2.723700000000000010e-01
3.276129999999999876e-01 2.904930000000000012e-01 3.957019999999999982e-01 2.900619999999999865e-01 3.252260000000000151e-01 2.898000000000000020e-01 2.946480000000000210e-01 2.908430000000000182e-01
2.972500000000000142e-01 2.883189999999999920e-01 3.056130000000000235e-01 3.024749999999999939e-01 2.912509999999999821e-01 2.911889999999999756e-01 2.917620000000000213e-01 2.963419999999999943e-01
2.942930000000000268e-01 2.920949999999999935e-01 3.005490000000000106e-01 2.922100000000000253e-01 2.933580000000000076e-01 3.090249999999999941e-01 2.897449999999999748e-01 2.857500000000000040e-01
2.913490000000000246e-01 2.927080000000000237e-01 2.976300000000000057e-01 2.962759999999999838e-01 3.250959999999999961e-01 3.955199999999999827e-01 2.888939999999999841e-01 3.106459999999999777e-01
2.939740000000000131e-01 3.601920000000000122e-01 3.066420000000000257e-01 3.081459999999999755e-01 3.260719999999999730e-01 2.981329999999999814e-01 2.996179999999999954e-01 2.902279999999999860e-01
2.918200000000000238e-01 2.930650000000000199e-01 2.939800000000000191e-01 2.943689999999999918e-01 2.927359999999999962e-01 2.901929999999999787e-01 3.137110000000000176e-01 3.160459999999999936e-01
2.960320000000000173e-01 3.011440000000000228e-01 3.297860000000000236e-01 3.041800000000000059e-01 2.983390000000000208e-01 2.906819999999999959e-01 3.470849999999999769e-01 4.415689999999999893e-01
2.936139999999999861e-01 3.006260000000000043e-01 2.991719999999999935e-01 2.876110000000000055e-01 2.943999999999999950e-01 3.185279999999999778e-01 2.894570000000000198e-01 2.991070000000000118e-01
2.929959999999999787e-01 2.972299999999999942e-01 2.986800000000000010e-01 2.972110000000000030e-01 2.879160000000000053e-01 3.982419999999999849e-01 2.941230000000000233e-01 2.961799999999999988e-01
3.208150000000000168e-01 2.928279999999999772e-01 2.878450000000000175e-01 3.018250000000000099e-01 3.059450000000000225e-01 2.926860000000000017e-01 2.936219999999999941e-01 2.891619999999999746e-01
2.979029999999999734e-01 3.272900000000000253e-01 2.931400000000000117e-01 3.102420000000000178e-01 2.909109999999999752e-01 3.215259999999999785e-01 2.936420000000000141e-01 2.912319999999999909e-01
2.909229999999999872e-01 2.913859999999999784e-01 3.688480000000000092e-01 2.927839999999999887e-01 2.911299999999999999e-01 2.980999999999999761e-01 2.942049999999999943e-01 3.010869999999999935e-01
3.522150000000000003e-01 2.912799999999999834e-01 2.951920000000000099e-01 2.917730000000000046e-01 2.902129999999999987e-01 2.933580000000000076e-01 2.914530000000000176e-01 3.001070000000000126e-01
2.932199999999999807e-01 3.196300000000000252e-01 4.186179999999999901e-01 3.303579999999999850e-01 2.933120000000000172e-01 2.955309999999999881e-01 2.971150000000000180e-01 3.073290000000000188e-01
3.180990000000000206e-01 2.903709999999999902e-01 3.062329999999999774e-01 2.953609999999999847e-01 3.923619999999999886e-01 2.929979999999999807e-01 2.916440000000000143e-01 2.980659999999999976e-01
2.918160000000000198e-01 3.210740000000000260e-01 2.901810000000000223e-01 2.899280000000000190e-01 2.858310000000000017e-01 2.982819999999999916e-01 2.988199999999999745e-01 2.953279999999999794e-01
2.909800000000000164e-01 2.971579999999999777e-01 2.984499999999999931e-01 3.594910000000000050e-01 2.942540000000000155e-01 2.943359999999999865e-01 2.970430000000000015e-01 2.970380000000000242e-01
3.576429999999999887e-01 2.902399999999999980e-01 2.898970000000000158e-01 3.012529999999999930e-01 2.906699999999999839e-01 3.366709999999999980e-01 3.007380000000000053e-01 2.907129999999999992e-01
4.179059999999999997e-01 3.236939999999999817e-01 3.194170000000000065e-01 2.984350000000000058e-01 2.932429999999999759e-01 2.910170000000000257e-01 2.885329999999999839e-01 2.951349999999999807e-01
2.932259999999999867e-01 2.957919999999999994e-01 3.189049999999999940e-01 2.907589999999999897e-01 2.885949999999999904e-01 3.319770000000000221e-01 2.981099999999999861e-01 2.632050000000000223e-01
2.874220000000000108e-01 3.056690000000000240e-01 3.032889999999999753e-01 2.909370000000000012e-01 3.019660000000000122e-01 2.895900000000000141e-01 2.852290000000000103e-01 3.036429999999999962e-01
2.611760000000000193e-01 2.607579999999999898e-01 2.551999999999999824e-01 2.557300000000000129e-01 2.590330000000000132e-01 2.557479999999999754e-01 2.559190000000000076e-01 2.613880000000000092e-01
2.979820000000000246e-01 2.664190000000000169e-01 2.579989999999999783e-01 2.598579999999999779e-01 2.567429999999999990e-01 2.552849999999999842e-01 2.576430000000000109e-01 2.577800000000000091e-01
2.569350000000000245e-01 2.569350000000000245e-01 2.672530000000000183e-01 2.580919999999999881e-01 2.559500000000000108e-01 2.565680000000000183e-01 2.684099999999999819e-01 2.552139999999999964e-01
2.527969999999999939e-01 2.878839999999999733e-01 2.571579999999999977e-01 2.552479999999999749e-01 2.663440000000000252e-01 2.559980000000000033e-01 2.557450000000000001e-01 2.692089999999999761e-01
2.554850000000000176e-01 2.558710000000000151e-01 2.556249999999999911e-01 2.562159999999999993e-01 2.736140000000000239e-01 2.566100000000000048e-01 3.531819999999999959e-01 3.028089999999999948e-01
2.560919999999999863e-01 2.737040000000000028e-01 2.668130000000000224e-01 2.560359999999999858e-01 2.578759999999999941e-01 2.441609999999999892e-01 2.555239999999999734e-01 2.558440000000000158e-01
2.560470000000000246e-01 2.682129999999999792e-01 2.595219999999999749e-01 2.619909999999999739e-01 2.548440000000000150e-01 2.600129999999999941e-01 2.629020000000000246e-01 2.560560000000000058e-01
3.723890000000000255e-01 2.548579999999999735e-01 2.687720000000000109e-01 2.604890000000000261e-01 2.546680000000000055e-01 2.554210000000000091e-01 2.606040000000000023e-01 2.560870000000000091e-01
2.617650000000000254e-01 2.542300000000000115e-01 2.568579999999999752e-01 2.571120000000000072e-01 2.603809999999999736e-01 2.571809999999999929e-01 2.576479999999999881e-01 2.613869999999999805e-01
2.590480000000000005e-01 2.564759999999999818e-01 2.756299999999999861e-01 3.820169999999999955e-01 2.637320000000000220e-01 2.803979999999999806e-01 2.572369999999999934e-01 2.563590000000000035e-01
2.558219999999999938e-01 2.572070000000000189e-01 2.577550000000000119e-01 2.556390000000000051e-01 2.623599999999999821e-01 2.557809999999999806e-01 2.615379999999999927e-01 2.566890000000000005e-01
2.582499999999999796e-01 2.918529999999999736e-01 2.546950000000000047e-01 2.602499999999999813e-01 2.601800000000000224e-01 2.556050000000000266e-01 2.543300000000000005e-01 2.560160000000000213e-01
2.679440000000000155e-01 2.578630000000000089e-01 2.777760000000000229e-01 2.620489999999999764e-01 2.450620000000000021e-01 3.030649999999999733e-01 2.600120000000000209e-01 2.548290000000000277e-01
2.713639999999999941e-01 2.564640000000000253e-01 2.676589999999999803e-01 2.604299999999999948e-01 2.572599999999999887e-01 2.566840000000000233e-01 2.521689999999999765e-01 2.579210000000000114e-01
2.581069999999999753e-01 2.544350000000000223e-01 2.570230000000000015e-01 2.562789999999999790e-01 2.510330000000000061e-01 2.554629999999999956e-01 2.552530000000000077e-01 2.560049999999999826e-01
2.550520000000000009e-01 2.564899999999999958e-01 2.557670000000000221e-01 2.638869999999999827e-01 2.486009999999999887e-01 2.549020000000000175e-01 2.564089999999999980e-01 2.553289999999999726e-01
2.529970000000000274e-01 2.590390000000000192e-01 2.623199999999999976e-01 2.546689999999999787e-01 2.548679999999999835e-01 2.551590000000000247e-01 2.710040000000000227e-01 2.568520000000000247e-01
2.694770000000000221e-01 2.611339999999999772e-01 2.572200000000000042e-01 2.552630000000000177e-01 2.218789999999999929e-01 2.653650000000000175e-01 2.471409999999999996e-01 2.572090000000000209e-01
2.647309999999999941e-01 2.548059999999999770e-01 2.612070000000000225e-01 2.613170000000000215e-01 2.563779999999999948e-01 2.623440000000000216e-01 2.557070000000000176e-01 2.565109999999999890e-01
2.612840000000000162e-01 2.598469999999999946e-01 2.622019999999999906e-01 2.554319999999999924e-01 2.625319999999999876e-01 2.548070000000000057e-01 2.590890000000000137e-01 2.573150000000000159e-01
2.604790000000000161e-01 2.588010000000000033e-01 2.571579999999999977e-01 2.616970000000000129e-01 2.730759999999999854e-01 2.599029999999999951e-01 2.562039999999999873e-01 2.590459999999999985e-01
1.842949999999999866e-01 1.853599999999999970e-01 1.868309999999999971e-01 1.879190000000000027e-01 2.005429999999999990e-01 1.872429999999999928e-01 1.868180000000000118e-01 1.865660000000000096e-01
1.842530000000000001e-01 1.916650000000000020e-01 1.842020000000000046e-01 1.970909999999999884e-01 1.846230000000000093e-01 1.842540000000000011e-01 1.859379999999999922e-01 2.035210000000000075e-01
1.847310000000000063e-01 1.842010000000000036e-01 1.845199999999999896e-01 2.106919999999999904e-01 2.354670000000000096e-01 1.850710000000000133e-01 1.842290000000000039e-01 1.869339999999999891e-01
1.863190000000000124e-01 1.862270000000000036e-01 1.842719999999999914e-01 1.871939999999999993e-01 1.841220000000000079e-01 1.873430000000000095e-01 1.866059999999999941e-01 1.899869999999999892e-01
1.865930000000000089e-01 1.866740000000000066e-01 1.881869999999999932e-01 2.016000000000000014e-01 2.139419999999999933e-01 1.843589999999999951e-01 1.866130000000000011e-01 1.846730000000000038e-01
1.860189999999999899e-01 1.842070000000000096e-01 1.840779999999999916e-01 1.846079999999999943e-01 1.874460000000000015e-01 1.899139999999999995e-01 1.850819999999999965e-01 1.853249999999999897e-01
1.908130000000000104e-01 1.931799999999999906e-01 2.009150000000000102e-01 1.793089999999999962e-01 1.905090000000000117e-01 1.959269999999999901e-01 1.847320000000000073e-01 1.863640000000000019e-01
1.869589999999999863e-01 1.909879999999999911e-01 1.948300000000000032e-01 1.841009999999999869e-01 1.863650000000000029e-01 1.864570000000000116e-01 1.856059999999999932e-01 1.855209999999999915e-01
1.913479999999999903e-01 1.865290000000000004e-01 1.824840000000000073e-01 1.885650000000000104e-01 1.859729999999999994e-01 1.867669999999999886e-01 1.891249999999999876e-01 1.864369999999999916e-01
1.866500000000000103e-01 1.841160000000000019e-01 1.981590000000000018e-01 1.846019999999999883e-01 1.847119999999999873e-01 1.855600000000000027e-01 1.863640000000000019e-01 1.843130000000000046e-01
1.864959999999999951e-01 1.869020000000000126e-01 1.862260000000000026e-01 1.925640000000000129e-01 3.106840000000000157e-01 1.906029999999999947e-01 1.845420000000000116e-01 1.848410000000000053e-01
2.186440000000000050e-01 2.902699999999999725e-01 1.850160000000000138e-01 1.849379999999999913e-01 1.842280000000000029e-01 2.203239999999999921e-01 1.883029999999999982e-01 3.454130000000000256e-01
1.925159999999999927e-01 1.861079999999999957e-01 1.873890000000000000e-01 1.844739999999999991e-01 1.902909999999999879e-01 1.870259999999999978e-01 1.870159999999999878e-01 1.885330000000000061e-01
1.852090000000000125e-01 1.842239999999999989e-01 1.920389999999999875e-01 1.858670000000000044e-01 1.845110000000000083e-01 1.865300000000000014e-01 1.843760000000000121e-01 1.843950000000000033e-01
1.854570000000000107e-01 1.843960000000000043e-01 1.844629999999999881e-01 1.902480000000000004e-01 1.894679999999999975e-01 1.870660000000000101e-01 1.845199999999999896e-01 1.849040000000000128e-01
1.842090000000000116e-01 1.880960000000000132e-01 1.857920000000000127e-01 2.266839999999999966e-01 1.963050000000000073e-01 2.374130000000000129e-01 1.937810000000000088e-01 1.842810000000000004e-01
1.841379999999999961e-01 1.871099999999999985e-01 1.867360000000000131e-01 1.884329999999999894e-01 1.941930000000000045e-01 1.863730000000000109e-01 1.863789999999999891e-01 3.000689999999999746e-01
1.847850000000000048e-01 1.842060000000000086e-01 1.841919999999999946e-01 1.853490000000000137e-01 1.848700000000000065e-01 2.219579999999999886e-01 1.876919999999999977e-01 1.991120000000000112e-01
1.867379999999999873e-01 1.869989999999999986e-01 1.869959999999999956e-01 1.842350000000000099e-01 1.859480000000000022e-01 1.868160000000000098e-01 1.844339999999999868e-01 1.865040000000000031e-01
1.985689999999999955e-01 1.842949999999999866e-01 2.043359999999999899e-01 1.855660000000000087e-01 1.890429999999999888e-01 1.871569999999999900e-01 1.850489999999999913e-01 1.851250000000000118e-01
1.918150000000000133e-01 1.846460000000000046e-01 1.853380000000000027e-01 1.861680000000000001e-01 1.845579999999999998e-01 1.848529999999999895e-01 1.900080000000000102e-01 1.842940000000000134e-01
1.194629999999999997e-01 1.599550000000000138e-01 1.195950000000000069e-01 1.192140000000000005e-01 1.197450000000000042e-01 1.200409999999999949e-01 1.197600000000000053e-01 1.428649999999999920e-01
1.196389999999999953e-01 1.214070000000000010e-01 1.197079999999999950e-01 1.194439999999999946e-01 1.228859999999999952e-01 1.220119999999999955e-01 1.197369999999999962e-01 1.194540000000000046e-01
1.195070000000000021e-01 2.002939999999999998e-01 1.173519999999999980e-01 1.196870000000000017e-01 1.191360000000000058e-01 1.194530000000000036e-01 1.305900000000000116e-01 1.900920000000000110e-01
1.197320000000000051e-01 1.191190000000000027e-01 1.175410000000000066e-01 1.191370000000000068e-01 1.198820000000000024e-01 1.259579999999999866e-01 1.199709999999999943e-01 1.199370000000000019e-01
1.194380000000000025e-01 1.189019999999999938e-01 1.190279999999999949e-01 1.268829999999999958e-01 1.197030000000000038e-01 1.192249999999999976e-01 1.193359999999999976e-01 1.201249999999999957e-01
1.175270000000000065e-01 1.409729999999999872e-01 1.195269999999999944e-01 1.188769999999999966e-01 1.190770000000000023e-01 1.198110000000000008e-01 1.200809999999999933e-01 1.230020000000000002e-01
2.205709999999999893e-01 1.196610000000000035e-01 1.194410000000000055e-01 1.196799999999999947e-01 1.189349999999999991e-01 1.380709999999999993e-01 1.199520000000000031e-01 1.199889999999999984e-01
1.516379999999999950e-01 2.752629999999999799e-01 1.511170000000000013e-01 1.198150000000000048e-01 1.199319999999999969e-01 1.191379999999999939e-01 1.949740000000000084e-01 1.312939999999999940e-01
1.190589999999999982e-01 1.190699999999999953e-01 2.305629999999999902e-01 1.199630000000000002e-01 1.196799999999999947e-01 2.071050000000000113e-01 1.683989999999999931e-01 1.197089999999999960e-01
1.171330000000000010e-01 1.179359999999999992e-01 1.202119999999999994e-01 1.199390000000000039e-01 1.198649999999999993e-01 1.655939999999999912e-01 1.196409999999999973e-01 1.199140000000000067e-01
1.847109999999999863e-01 1.201829999999999982e-01 1.191659999999999942e-01 2.297269999999999868e-01 1.196679999999999966e-01 1.187600000000000044e-01 1.194059999999999983e-01 1.198339999999999961e-01
2.118019999999999903e-01 1.596440000000000081e-01 1.234090000000000048e-01 1.192499999999999949e-01 1.182310000000000028e-01 1.212329999999999935e-01 1.190490000000000020e-01 1.194260000000000044e-01
1.189759999999999984e-01 1.193889999999999951e-01 1.196289999999999992e-01 1.187389999999999973e-01 1.195579999999999976e-01 1.197710000000000025e-01 1.200439999999999979e-01 1.182099999999999956e-01
1.192229999999999956e-01 1.184329999999999966e-01 1.196920000000000067e-01 1.186529999999999946e-01 1.329130000000000034e-01 1.192359999999999948e-01 1.187099999999999961e-01 1.195869999999999989e-01
1.194530000000000036e-01 1.181859999999999994e-01 1.196789999999999937e-01 2.249379999999999991e-01 1.187799999999999967e-01 1.194979999999999931e-01 1.699050000000000005e-01 1.182919999999999944e-01
1.195009999999999961e-01 1.222020000000000051e-01 1.181900000000000034e-01 1.201180000000000025e-01 1.191900000000000043e-01 1.342839999999999867e-01 1.194579999999999947e-01 1.189999999999999947e-01
1.198720000000000063e-01 2.006840000000000013e-01 1.192819999999999991e-01 1.178580000000000044e-01 1.190530000000000060e-01 1.197799999999999976e-01 1.199729999999999963e-01 1.193049999999999944e-01
2.025990000000000013e-01 1.177880000000000038e-01 1.196060000000000040e-01 1.191839999999999983e-01 1.195429999999999965e-01 1.186930000000000068e-01 1.193219999999999975e-01 1.195360000000000034e-01
1.192870000000000041e-01 1.194400000000000045e-01 1.192519999999999969e-01 1.205589999999999995e-01 1.445140000000000036e-01 1.196220000000000061e-01 1.294669999999999987e-01 1.185540000000000066e-01
1.196330000000000032e-01 1.202330000000000065e-01 1.186340000000000033e-01 1.409489999999999910e-01 1.191429999999999989e-01 1.192349999999999938e-01 1.179479999999999973e-01 1.183830000000000021e-01
1.198810000000000014e-01 1.195959999999999940e-01 1.195599999999999996e-01 1.197830000000000006e-01 1.198349999999999971e-01 1.188980000000000037e-01 1.062769999999999965e-01 1.198000000000000037e-01
2.054870000000000030e-01 2.688909999999999911e-01 1.952609999999999901e-01 1.532000000000000028e-01 1.849550000000000083e-01 1.817870000000000041e-01 1.456099999999999894e-01 1.260920000000000096e-01
1.850839999999999985e-01 3.096769999999999801e-01 1.637210000000000054e-01 2.114969999999999906e-01 2.267260000000000109e-01 2.047549999999999926e-01 1.425039999999999918e-01 2.562929999999999930e-01
2.064499999999999946e-01 1.891899999999999971e-01 2.079290000000000027e-01 1.532110000000000138e-01 2.396490000000000009e-01 2.589099999999999735e-01 1.579710000000000003e-01 1.502380000000000104e-01
2.974490000000000189e-01 2.747910000000000075e-01 1.105219999999999952e-01 2.601840000000000264e-01 2.198180000000000134e-01 1.658679999999999877e-01 2.492830000000000046e-01 1.630290000000000072e-01
2.447149999999999881e-01 2.577789999999999804e-01 1.948580000000000034e-01 1.402450000000000085e-01 1.801919999999999911e-01 2.016900000000000082e-01 2.117549999999999988e-01 2.207760000000000000e-01
2.087950000000000084e-01 2.980070000000000219e-01 1.468599999999999905e-01 2.627729999999999788e-01 1.881819999999999882e-01 2.040540000000000131e-01 2.906989999999999852e-01 2.691069999999999851e-01
2.979510000000000214e-01 2.362080000000000013e-01 2.991779999999999995e-01 1.553769999999999873e-01 1.880779999999999952e-01 1.842489999999999961e-01 2.729489999999999972e-01 3.133779999999999899e-01
2.204270000000000118e-01 2.978410000000000224e-01 1.623680000000000123e-01 2.845119999999999871e-01 1.731840000000000046e-01 2.351389999999999869e-01 1.463990000000000014e-01 2.008719999999999950e-01
3.280089999999999950e-01 1.388089999999999880e-01 1.755569999999999908e-01 2.839189999999999769e-01 1.965830000000000077e-01 2.067390000000000061e-01 1.971690000000000109e-01 2.464250000000000052e-01
1.802429999999999866e-01 2.050669999999999993e-01 2.977409999999999779e-01 2.756930000000000214e-01 2.846480000000000121e-01 1.388949999999999907e-01 1.950260000000000049e-01 2.558610000000000051e-01
2.021260000000000001e-01 2.329050000000000009e-01 1.871269999999999878e-01 1.638850000000000029e-01 1.713749999999999996e-01 9.259580000000000588e-02 3.130950000000000122e-01 2.655350000000000210e-01
2.897290000000000143e-01 1.646680000000000088e-01 1.722150000000000070e-01 1.896970000000000045e-01 2.731919999999999904e-01 1.514709999999999945e-01 2.995010000000000172e-01 2.511610000000000231e-01
1.885860000000000036e-01 2.125589999999999979e-01 1.797779999999999934e-01 2.187709999999999932e-01 2.455710000000000115e-01 2.658240000000000047e-01 3.005760000000000098e-01 2.081699999999999939e-01
2.165819999999999967e-01 1.919200000000000073e-01 7.549140000000000017e-02 2.929089999999999749e-01 2.112829999999999986e-01 2.264339999999999964e-01 2.603980000000000183e-01 2.145070000000000032e-01
2.919499999999999873e-01 1.847449999999999926e-01 2.596499999999999919e-01 3.070419999999999816e-01 1.846780000000000088e-01 1.575620000000000076e-01 1.427720000000000100e-01 3.219859999999999944e-01
2.704779999999999962e-01 2.061260000000000037e-01 1.958529999999999993e-01 1.732110000000000039e-01 1.441510000000000014e-01 1.853630000000000000e-01 1.432259999999999922e-01 2.739730000000000221e-01
2.790340000000000042e-01 2.073280000000000123e-01 1.906229999999999869e-01 1.870789999999999953e-01 2.049499999999999933e-01 1.409060000000000035e-01 1.563740000000000130e-01 2.188440000000000107e-01
2.389509999999999967e-01 2.376550000000000051e-01 2.126899999999999902e-01 2.005099999999999938e-01 1.908930000000000071e-01 2.703720000000000012e-01 2.390740000000000087e-01 2.571740000000000137e-01
2.389129999999999865e-01 2.725620000000000265e-01 1.838500000000000134e-01 2.730650000000000022e-01 2.689960000000000129e-01 3.116880000000000206e-01 2.274539999999999895e-01 2.533290000000000264e-01
1.866160000000000041e-01 1.330540000000000056e-01 1.575340000000000074e-01 2.917480000000000073e-01 1.781840000000000090e-01 9.632680000000000409e-02 2.386729999999999963e-01 3.020320000000000227e-01
1.748129999999999962e-01 1.277379999999999904e-01 2.243850000000000011e-01 3.331020000000000092e-01 1.506280000000000119e-01 1.513500000000000123e-01 2.101099999999999912e-01 2.237149999999999972e-01
1.812539999999999984e-01 1.845440000000000136e-01 1.865999999999999881e-01 1.831540000000000112e-01 1.806760000000000033e-01 1.809199999999999975e-01 1.845559999999999978e-01 1.820340000000000014e-01
1.805529999999999913e-01 1.878060000000000007e-01 1.789999999999999925e-01 1.796750000000000014e-01 1.807610000000000050e-01 1.783270000000000133e-01 1.767960000000000087e-01 1.863879999999999981e-01
1.830450000000000133e-01 1.844870000000000121e-01 1.804409999999999903e-01 1.783349999999999935e-01 1.818220000000000114e-01 1.820029999999999981e-01 1.782839999999999980e-01 1.812759999999999927e-01
1.823829999999999896e-01 1.816949999999999954e-01 1.783190000000000053e-01 1.802259999999999973e-01 1.751010000000000066e-01 1.832060000000000077e-01 1.873970000000000080e-01 1.789040000000000075e-01
1.821800000000000086e-01 1.817239999999999966e-01 1.796860000000000124e-01 1.765110000000000012e-01 1.817340000000000066e-01 1.797420000000000129e-01 1.837179999999999924e-01 1.837709999999999899e-01
1.858239999999999892e-01 1.806580000000000130e-01 1.858279999999999932e-01 1.812100000000000100e-01 1.817269999999999996e-01 1.795980000000000076e-01 1.812179999999999902e-01 1.796959999999999946e-01
1.795319999999999971e-01 1.828980000000000050e-01 1.784189999999999943e-01 1.808939999999999992e-01 1.805670000000000053e-01 1.808569999999999900e-01 1.877910000000000135e-01 1.852679999999999882e-01
1.810890000000000000e-01 1.823180000000000078e-01 1.824759999999999993e-01 1.806510000000000060e-01 1.857679999999999887e-01 1.777380000000000071e-01 1.846879999999999911e-01 1.814699999999999924e-01
1.790309999999999957e-01 1.809109999999999885e-01 1.893869999999999998e-01 1.833780000000000132e-01 1.820029999999999981e-01 1.811190000000000022e-01 1.795249999999999901e-01 1.880070000000000074e-01
1.788849999999999885e-01 1.831500000000000072e-01 1.769189999999999929e-01 1.794779999999999986e-01 1.820199999999999874e-01 1.838090000000000002e-01 1.784050000000000080e-01 1.810799999999999910e-01
1.800049999999999983e-01 1.800619999999999998e-01 1.822930000000000106e-01 1.797009999999999996e-01 1.816379999999999939e-01 1.797559999999999991e-01 1.871180000000000065e-01 1.807469999999999910e-01
1.789910000000000112e-01 1.788780000000000092e-01 1.799910000000000121e-01 1.830209999999999892e-01 1.838120000000000032e-01 1.815549999999999942e-01 1.818700000000000039e-01 1.887880000000000114e-01
1.828629999999999978e-01 1.798130000000000006e-01 1.850249999999999950e-01 1.806049999999999878e-01 1.765170000000000072e-01 1.865209999999999924e-01 1.839330000000000132e-01 1.850430000000000130e-01
1.844790000000000041e-01 1.829969999999999930e-01 1.798099999999999976e-01 1.881839999999999902e-01 1.815120000000000067e-01 1.792449999999999877e-01 1.837689999999999879e-01 1.802580000000000016e-01
1.848219999999999863e-01 1.790990000000000082e-01 1.847139999999999893e-01 1.847030000000000061e-01 1.848069999999999991e-01 1.840620000000000034e-01 1.822179999999999911e-01 1.824800000000000033e-01
1.792310000000000014e-01 1.814280000000000059e-01 1.802620000000000056e-01 1.841830000000000134e-01 1.795680000000000054e-01 1.826190000000000035e-01 1.862550000000000039e-01 1.798359999999999959e-01
1.834770000000000012e-01 1.870439999999999880e-01 1.759880000000000055e-01 1.777380000000000071e-01 1.805640000000000023e-01 1.806109999999999938e-01 1.816139999999999977e-01 1.851889999999999925e-01
1.808530000000000137e-01 1.764400000000000135e-01 1.789520000000000000e-01 1.849790000000000045e-01 1.851859999999999895e-01 1.848470000000000113e-01 1.778550000000000131e-01 1.848529999999999895e-01
1.859679999999999944e-01 1.813589999999999924e-01 1.780210000000000126e-01 1.863170000000000104e-01 1.823970000000000036e-01 1.838420000000000054e-01 1.853609999999999980e-01 1.791040000000000132e-01
1.813670000000000004e-01 1.818780000000000119e-01 1.792749999999999899e-01 1.891970000000000041e-01 1.786149999999999960e-01 1.853519999999999890e-01 1.824079999999999868e-01 1.837509999999999977e-01
1.820489999999999886e-01 1.841929999999999956e-01 1.780740000000000101e-01 1.841049999999999909e-01 1.788309999999999900e-01 1.789219999999999977e-01 1.827729999999999910e-01 1.806129999999999958e-01
9.285079999999999723e-02 8.953880000000000172e-02 9.021940000000000515e-02 9.086879999999999957e-02 9.063599999999999435e-02 9.068189999999999584e-02 9.027250000000000552e-02 9.613720000000000598e-02
9.186320000000000596e-02 9.888660000000000505e-02 9.244860000000000577e-02 9.197450000000000070e-02 9.115850000000000342e-02 9.941659999999999386e-02 9.910739999999999827e-02 9.347610000000000641e-02
9.994390000000000218e-02 9.155009999999999537e-02 9.111239999999999617e-02 8.992630000000000068e-02 9.031300000000000439e-02 9.077430000000000221e-02 9.423009999999999720e-02 9.019109999999999627e-02
9.394550000000000123e-02 9.434950000000000281e-02 1.003050000000000053e-01 9.818680000000000463e-02 9.642040000000000333e-02 9.656090000000000506e-02 1.004519999999999996e-01 9.208909999999999318e-02
9.038029999999999675e-02 9.744600000000000484e-02 9.689770000000000327e-02 9.156509999999999649e-02 9.017940000000000678e-02 9.817560000000000175e-02 9.243730000000000002e-02 9.145649999999999613e-02
9.662790000000000268e-02 9.967499999999999971e-02 9.354039999999999577e-02 9.267390000000000350e-02 9.483999999999999375e-02 9.500279999999999836e-02 9.222619999999999429e-02 9.978059999999999707e-02
9.568859999999999866e-02 9.461830000000000240e-02 9.023119999999999752e-02 1.006060000000000010e-01 9.448310000000000042e-02 9.651740000000000319e-02 9.918009999999999327e-02 9.168129999999999336e-02
9.196740000000000470e-02 9.308790000000000120e-02 9.509869999999999435e-02 9.679029999999999578e-02 9.768330000000000068e-02 9.467390000000000527e-02 9.601600000000000412e-02 9.116960000000000341e-02
9.279310000000000336e-02 1.007529999999999953e-01 9.558439999999999992e-02 9.198699999999999932e-02 9.358539999999999914e-02 9.237800000000000178e-02 9.099350000000000493e-02 9.939510000000000012e-02
9.019080000000000152e-02 9.158620000000000649e-02 9.549639999999999518e-02 9.275750000000000661e-02 9.893780000000000630e-02 9.768240000000000256e-02 9.839530000000000498e-02 9.119460000000000066e-02
9.005970000000000641e-02 9.260229999999999850e-02 9.983540000000000469e-02 9.732179999999999997e-02 9.087299999999999545e-02 9.276180000000000536e-02 9.405099999999999572e-02 9.225800000000000667e-02
9.821480000000000488e-02 9.238530000000000353e-02 9.836649999999999561e-02 9.417849999999999833e-02 9.152920000000000500e-02 9.122239999999999516e-02 9.179210000000000147e-02 9.142110000000000514e-02
8.971569999999999545e-02 9.068450000000000122e-02 1.004130000000000023e-01 9.369310000000000138e-02 9.686419999999999753e-02 8.961940000000000184e-02 9.084509999999999807e-02 9.692870000000000652e-02
9.156770000000000187e-02 9.036969999999999725e-02 9.849080000000000334e-02 9.147529999999999550e-02 9.848250000000000060e-02 1.015270000000000061e-01 1.028799999999999992e-01 9.664530000000000343e-02
9.439379999999999993e-02 9.196250000000000258e-02 9.130199999999999427e-02 9.098470000000000169e-02 9.646639999999999382e-02 9.054639999999999911e-02 9.091749999999999832e-02 9.131920000000000315e-02
9.060769999999999935e-02 9.060920000000000085e-02 9.143640000000000101e-02 9.169589999999999685e-02 9.946180000000000299e-02 9.143310000000000326e-02 8.997660000000000380e-02 9.149380000000000013e-02
9.868010000000000670e-02 9.146999999999999575e-02 9.712270000000000625e-02 9.095549999999999469e-02 9.016739999999999478e-02 9.099140000000000006e-02 9.612350000000000061e-02 9.126900000000000290e-02
9.790329999999999866e-02 1.002480000000000038e-01 9.968910000000000271e-02 9.450310000000000654e-02 9.366280000000000439e-02 9.456739999999999591e-02 9.005100000000000604e-02 9.794880000000000253e-02
9.002209999999999379e-02 9.023530000000000439e-02 9.054009999999999836e-02 9.586939999999999351e-02 1.006959999999999938e-01 9.455529999999999491e-02 9.064840000000000397e-02 9.590899999999999426e-02
9.677900000000000391e-02 9.058380000000000598e-02 9.047370000000000412e-02 9.633060000000000234e-02 9.044040000000000412e-02 9.054779999999999773e-02 9.063920000000000310e-02 9.797920000000000240e-02
9.204110000000000069e-02 9.801719999999999877e-02 9.882209999999999606e-02 9.074050000000000171e-02 8.992790000000000505e-02 9.747179999999999733e-02 9.799439999999999540e-02 9.248430000000000539e-02
