9.587679999999999467e-03 1.079579999999999949e-02 1.270680000000000073e-02 1.227909999999999939e-02 1.286220000000000072e-02 8.424559999999999341e-03 1.244100000000000067e-02 8.260440000000000837e-03
1.147899999999999962e-02 8.834889999999999757e-03 1.187099999999999961e-02 9.312179999999999763e-03 9.163839999999999486e-03 1.217659999999999923e-02 1.250109999999999937e-02 1.372600000000000035e-02
9.877600000000000269e-03 1.345340000000000077e-02 9.695389999999999911e-03 1.218729999999999987e-02 1.395169999999999917e-02 9.516470000000000831e-03 1.211710000000000044e-02 1.184310000000000050e-02
8.222919999999999882e-03 1.166999999999999982e-02 1.228250000000000001e-02 8.270150000000000418e-03 1.235860000000000083e-02 1.421269999999999999e-02 9.689929999999999377e-03 1.233309999999999962e-02
1.234629999999999929e-02 1.217900000000000059e-02 1.233929999999999923e-02 1.507649999999999962e-02 1.227149999999999942e-02 1.293659999999999949e-02 1.235059999999999977e-02 1.231110000000000017e-02
1.227430000000000014e-02 1.250159999999999987e-02 1.031469999999999956e-02 1.214729999999999976e-02 1.426539999999999926e-02 8.362329999999999416e-03 1.228560000000000069e-02 8.673280000000000226e-03
1.007199999999999936e-02 1.135070000000000003e-02 8.838139999999999538e-03 1.263700000000000066e-02 1.230050000000000067e-02 9.289679999999999813e-03 1.210370000000000022e-02 1.232560000000000079e-02
1.264030000000000015e-02 1.218960000000000009e-02 1.119930000000000057e-02 1.241139999999999952e-02 1.227660000000000036e-02 8.401459999999999484e-03 1.279800000000000035e-02 8.364379999999999385e-03
1.040969999999999916e-02 1.203800000000000009e-02 1.022640000000000007e-02 8.175540000000000238e-03 1.496710000000000054e-02 9.413599999999999399e-03 1.213230000000000038e-02 1.258429999999999965e-02
8.506029999999999494e-03 1.216549999999999923e-02 1.225170000000000078e-02 1.108139999999999993e-02 8.626740000000000796e-03 1.227390000000000078e-02 1.207030000000000082e-02 1.278499999999999949e-02
8.485509999999999928e-03 1.219540000000000034e-02 1.051159999999999942e-02 1.234140000000000063e-02 1.226490000000000045e-02 8.471589999999999329e-03 1.268599999999999936e-02 1.179239999999999976e-02
1.274929999999999987e-02 1.225500000000000027e-02 8.451089999999999644e-03 1.462510000000000025e-02 1.201170000000000015e-02 8.700589999999999366e-03 8.449800000000000366e-03 8.870400000000000507e-03
1.216680000000000018e-02 1.235759999999999983e-02 1.254049999999999956e-02 8.306390000000000301e-03 1.206349999999999957e-02 8.569580000000000253e-03 1.051320000000000032e-02 1.250809999999999943e-02
1.225949999999999956e-02 1.190369999999999970e-02 1.275899999999999951e-02 1.232680000000000060e-02 8.409909999999999608e-03 1.225339999999999936e-02 1.254620000000000041e-02 1.225019999999999928e-02
9.807929999999999426e-03 1.136640000000000046e-02 1.220680000000000029e-02 9.976799999999999211e-03 1.130120000000000083e-02 9.670710000000000764e-03 1.379539999999999933e-02 1.350430000000000033e-02
8.184159999999999352e-03 1.226239999999999969e-02 9.190870000000000289e-03 8.180339999999999487e-03 1.279940000000000071e-02 1.023839999999999993e-02 8.536310000000000078e-03 1.263210000000000027e-02
9.386919999999999986e-03 1.210430000000000013e-02 1.224910000000000061e-02 1.220100000000000004e-02 8.333460000000000867e-03 8.309850000000000569e-03 8.253999999999999185e-03 9.695540000000000755e-03
1.257699999999999964e-02 1.217850000000000009e-02 1.229850000000000040e-02 1.140850000000000024e-02 1.232600000000000015e-02 8.571389999999999912e-03 1.226709999999999953e-02 1.233959999999999918e-02
1.350379999999999983e-02 8.659740000000000840e-03 1.260200000000000035e-02 1.234159999999999945e-02 1.219660000000000015e-02 1.266680000000000063e-02 1.229930000000000086e-02 1.217659999999999923e-02
8.658950000000000327e-03 1.238509999999999958e-02 8.562429999999999347e-03 8.879359999999999337e-03 8.908090000000000452e-03 8.821779999999999552e-03 1.455470000000000028e-02 1.110000000000000049e-02
1.307539999999999918e-02 9.245240000000000055e-03 1.245910000000000073e-02 8.571820000000000828e-03 1.224620000000000049e-02 1.011860000000000016e-02 1.406229999999999980e-02 1.129430000000000017e-02
7.044049999999999617e-03 7.203150000000000178e-03 1.002420000000000047e-02 1.083849999999999918e-02 1.018140000000000017e-02 1.122030000000000076e-02 9.047639999999999155e-03 7.452959999999999793e-03
7.859130000000000629e-03 7.283869999999999581e-03 1.020959999999999923e-02 8.043609999999999649e-03 9.718920000000000683e-03 7.730680000000000190e-03 9.732499999999999832e-03 1.038339999999999923e-02
1.012019999999999934e-02 1.029979999999999958e-02 1.092830000000000017e-02 1.057510000000000047e-02 1.033360000000000008e-02 7.513419999999999821e-03 1.039759999999999990e-02 1.022200000000000018e-02
1.041510000000000005e-02 1.039020000000000048e-02 8.260850000000000137e-03 9.734480000000000216e-03 1.021090000000000018e-02 1.022640000000000007e-02 1.116609999999999998e-02 7.024879999999999840e-03
1.026769999999999940e-02 1.028279999999999993e-02 1.124149999999999976e-02 1.099510000000000071e-02 1.015190000000000016e-02 1.110150000000000026e-02 1.021739999999999975e-02 1.030299999999999966e-02
9.978209999999999510e-03 6.947479999999999802e-03 1.024869999999999948e-02 7.017589999999999766e-03 7.939369999999999414e-03 6.939070000000000307e-03 1.022349999999999995e-02 1.024620000000000045e-02
8.412170000000000064e-03 8.089249999999999219e-03 1.023600000000000031e-02 7.578709999999999787e-03 1.009379999999999999e-02 1.067959999999999916e-02 1.024650000000000040e-02 7.241339999999999756e-03
6.920439999999999925e-03 7.814259999999999956e-03 1.022520000000000026e-02 7.496609999999999906e-03 9.915179999999999133e-03 8.008080000000000753e-03 1.018329999999999930e-02 1.040589999999999918e-02
1.026460000000000046e-02 1.044139999999999999e-02 1.018209999999999948e-02 7.590219999999999953e-03 1.130220000000000009e-02 9.591640000000000235e-03 9.893100000000000158e-03 9.809409999999999311e-03
8.006130000000000191e-03 1.023079999999999996e-02 7.027059999999999904e-03 1.069849999999999968e-02 1.025719999999999930e-02 6.942659999999999804e-03 7.697159999999999766e-03 7.389830000000000010e-03
6.999349999999999669e-03 9.507649999999999435e-03 7.020529999999999653e-03 6.948509999999999756e-03 9.876710000000000350e-03 7.204310000000000228e-03 7.122629999999999587e-03 7.261669999999999583e-03
7.285599999999999715e-03 7.490919999999999870e-03 8.885250000000000786e-03 1.045729999999999923e-02 8.288069999999999812e-03 8.526749999999999607e-03 9.709380000000000094e-03 6.996139999999999651e-03
1.047670000000000025e-02 1.038910000000000007e-02 9.160099999999999146e-03 1.051870000000000062e-02 1.034960000000000047e-02 7.280430000000000061e-03 1.028950000000000004e-02 7.053359999999999838e-03
1.055500000000000015e-02 9.995870000000000449e-03 7.401079999999999985e-03 7.299769999999999696e-03 1.125160000000000049e-02 1.009080000000000046e-02 1.023929999999999979e-02 1.034009999999999964e-02
6.942239999999999696e-03 7.006809999999999601e-03 1.033120000000000045e-02 7.144499999999999809e-03 7.676719999999999725e-03 1.086840000000000028e-02 1.024040000000000020e-02 1.021799999999999965e-02
6.995979999999999734e-03 1.212129999999999978e-02 7.160230000000000067e-03 1.015510000000000024e-02 9.305040000000000533e-03 1.026649999999999958e-02 1.066579999999999959e-02 1.045980000000000000e-02
1.070499999999999924e-02 9.275550000000000461e-03 1.029960000000000077e-02 9.822590000000000834e-03 1.013709999999999958e-02 1.056700000000000000e-02 1.008449999999999971e-02 1.091849999999999939e-02
1.025039999999999979e-02 1.050320000000000073e-02 1.001289999999999993e-02 1.018639999999999997e-02 9.901850000000000235e-03 1.008389999999999981e-02 9.871410000000000601e-03 1.020839999999999942e-02
8.721750000000000336e-03 9.698139999999999192e-03 8.278920000000000376e-03 1.055969999999999999e-02 1.020030000000000069e-02 1.020620000000000034e-02 9.864140000000000408e-03 1.032729999999999933e-02
9.798360000000000750e-03 9.989680000000000781e-03 1.048269999999999931e-02 1.080659999999999954e-02 1.117690000000000003e-02 1.055679999999999986e-02 8.042799999999999255e-03 8.032569999999999294e-03
7.555290000000000096e-03 7.341620000000000090e-03 1.027130000000000057e-02 1.019169999999999972e-02 1.043280000000000075e-02 1.068009999999999966e-02 1.191509999999999965e-02 1.021739999999999975e-02
2.600639999999999983e-03 2.894729999999999873e-03 3.105329999999999896e-03 2.869109999999999803e-03 1.085060000000000104e-03 2.553619999999999935e-03 2.661409999999999904e-03 2.620139999999999969e-03
2.551830000000000157e-03 2.587780000000000028e-03 1.427740000000000042e-03 2.970490000000000110e-03 1.517530000000000007e-03 2.309949999999999851e-03 1.681460000000000073e-03 2.740600000000000154e-03
2.752670000000000030e-03 2.963149999999999899e-03 1.402489999999999943e-03 1.527759999999999969e-03 1.492990000000000029e-03 2.889070000000000093e-03 1.447420000000000043e-03 1.646539999999999939e-03
1.750419999999999927e-03 2.451490000000000179e-03 1.696049999999999945e-03 3.003220000000000021e-03 2.947449999999999896e-03 2.279740000000000152e-03 2.596950000000000213e-03 2.592119999999999841e-03
2.989659999999999887e-03 1.342199999999999990e-03 2.746989999999999935e-03 3.079510000000000147e-03 2.752160000000000023e-03 1.549730000000000031e-03 2.708910000000000137e-03 1.672160000000000009e-03
2.156560000000000074e-03 1.376169999999999911e-03 1.264850000000000089e-03 2.797169999999999865e-03 3.080620000000000060e-03 1.781859999999999911e-03 3.120819999999999844e-03 1.897220000000000026e-03
3.059230000000000022e-03 1.296129999999999938e-03 1.682480000000000087e-03 2.798090000000000039e-03 1.539690000000000026e-03 3.013989999999999812e-03 2.228540000000000208e-03 1.319590000000000042e-03
3.046160000000000014e-03 1.934420000000000063e-03 3.063800000000000204e-03 1.538910000000000104e-03 1.027499999999999985e-03 1.334579999999999924e-03 2.748780000000000147e-03 1.511470000000000001e-03
2.638179999999999952e-03 2.884799999999999864e-03 2.355299999999999842e-03 2.814730000000000096e-03 2.475049999999999906e-03 1.631120000000000009e-03 2.679690000000000197e-03 2.868170000000000181e-03
2.658629999999999934e-03 2.621080000000000024e-03 2.757270000000000033e-03 2.842519999999999856e-03 2.385759999999999791e-03 2.805460000000000072e-03 2.249189999999999870e-03 2.858170000000000155e-03
1.334200000000000013e-03 1.238289999999999964e-03 2.045770000000000140e-03 2.799460000000000143e-03 3.066639999999999817e-03 2.750339999999999990e-03 3.368949999999999896e-03 3.337539999999999951e-03
3.179700000000000148e-03 3.196549999999999826e-03 2.852540000000000197e-03 1.464110000000000021e-03 2.710300000000000122e-03 1.365010000000000051e-03 2.557649999999999854e-03 1.429050000000000068e-03
1.569300000000000035e-03 2.920020000000000168e-03 1.370569999999999991e-03 1.386359999999999893e-03 2.657159999999999991e-03 1.645350000000000068e-03 1.372589999999999921e-03 3.159969999999999793e-03
2.954490000000000154e-03 2.339480000000000118e-03 2.836029999999999801e-03 2.090739999999999786e-03 2.686959999999999956e-03 3.007469999999999935e-03 1.807639999999999898e-03 2.148650000000000213e-03
2.981880000000000121e-03 3.003730000000000028e-03 2.322250000000000095e-03 1.458340000000000027e-03 2.287790000000000049e-03 3.060789999999999865e-03 2.998059999999999874e-03 1.652299999999999993e-03
1.258739999999999946e-03 2.165999999999999957e-03 1.240949999999999996e-03 1.246249999999999962e-03 2.373259999999999866e-03 1.356119999999999938e-03 2.179320000000000215e-03 1.363040000000000041e-03
2.055679999999999834e-03 2.743639999999999881e-03 2.980589999999999976e-03 1.726620000000000108e-03 3.176330000000000212e-03 2.663730000000000004e-03 2.689299999999999937e-03 2.787319999999999815e-03
3.217820000000000142e-03 2.719430000000000111e-03 3.084490000000000062e-03 3.216329999999999883e-03 3.096300000000000181e-03 3.311650000000000184e-03 2.238019999999999853e-03 2.617410000000000136e-03
1.810280000000000049e-03 1.758039999999999993e-03 1.586710000000000073e-03 1.683129999999999913e-03 2.913479999999999976e-03 1.924469999999999957e-03 1.439830000000000016e-03 1.580989999999999999e-03
2.592130000000000215e-03 2.893429999999999787e-03 1.644829999999999903e-03 2.298119999999999850e-03 2.920030000000000108e-03 3.188439999999999851e-03 2.930129999999999974e-03 2.113760000000000118e-03
2.535990000000000119e-03 1.467449999999999918e-03 1.373840000000000087e-03 3.411840000000000185e-03 2.986470000000000184e-03 2.974140000000000117e-03 3.084700000000000115e-03 2.880680000000000046e-03
4.839730000000000421e-03 6.849619999999999841e-03 6.582629999999999905e-03 6.476929999999999667e-03 5.742210000000000196e-03 4.153630000000000169e-03 7.139050000000000083e-03 6.849339999999999769e-03
6.906820000000000147e-03 4.335849999999999600e-03 6.157410000000000314e-03 4.301390000000000421e-03 6.368709999999999649e-03 6.383330000000000427e-03 6.325370000000000298e-03 5.582669999999999647e-03
6.088480000000000281e-03 4.870829999999999604e-03 6.749040000000000421e-03 5.872549999999999819e-03 6.148830000000000094e-03 6.184910000000000060e-03 5.148159999999999716e-03 3.694180000000000033e-03
6.779770000000000067e-03 5.277070000000000025e-03 5.155080000000000252e-03 3.805729999999999790e-03 4.325909999999999651e-03 6.992080000000000344e-03 6.509580000000000054e-03 5.515199999999999617e-03
6.277959999999999964e-03 6.680679999999999605e-03 7.265190000000000363e-03 6.385189999999999790e-03 6.983259999999999815e-03 7.023449999999999659e-03 7.131760000000000009e-03 7.390100000000000141e-03
6.726479999999999959e-03 6.777619999999999825e-03 7.261499999999999726e-03 6.959299999999999861e-03 7.141739999999999720e-03 6.525869999999999588e-03 6.916920000000000013e-03 5.723459999999999659e-03
6.516860000000000187e-03 5.241449999999999929e-03 6.493529999999999962e-03 7.481419999999999911e-03 5.902300000000000081e-03 4.039820000000000390e-03 5.905009999999999599e-03 7.300870000000000103e-03
6.643239999999999909e-03 6.466620000000000180e-03 6.675200000000000057e-03 4.871140000000000365e-03 6.829400000000000227e-03 4.760499999999999975e-03 4.826060000000000072e-03 7.490560000000000274e-03
4.159809999999999897e-03 6.360130000000000297e-03 6.765329999999999955e-03 4.520459999999999583e-03 3.836350000000000090e-03 5.727040000000000082e-03 6.796299999999999911e-03 6.892549999999999892e-03
5.904429999999999575e-03 4.262049999999999866e-03 6.675740000000000320e-03 7.257800000000000015e-03 6.959210000000000396e-03 5.851849999999999587e-03 6.263089999999999803e-03 4.440490000000000062e-03
6.187459999999999662e-03 6.328369999999999829e-03 6.118610000000000021e-03 6.983569999999999708e-03 6.591770000000000268e-03 7.187319999999999647e-03 7.368480000000000169e-03 5.986370000000000406e-03
6.196840000000000334e-03 6.382480000000000271e-03 7.085339999999999867e-03 6.953489999999999671e-03 7.134030000000000406e-03 6.239839999999999970e-03 6.976419999999999670e-03 6.401030000000000261e-03
4.328679999999999681e-03 7.081060000000000132e-03 7.447829999999999902e-03 6.293960000000000353e-03 6.592490000000000329e-03 6.866370000000000112e-03 6.257959999999999912e-03 6.679329999999999816e-03
6.225200000000000178e-03 6.417639999999999630e-03 5.060280000000000333e-03 7.193309999999999635e-03 7.399850000000000351e-03 7.017390000000000086e-03 4.486389999999999822e-03 6.893909999999999622e-03
7.212159999999999578e-03 5.168599999999999757e-03 6.836749999999999945e-03 6.693550000000000368e-03 4.953339999999999653e-03 7.236860000000000341e-03 7.312019999999999804e-03 6.728719999999999667e-03
6.374069999999999910e-03 7.086389999999999703e-03 4.552229999999999992e-03 6.127520000000000015e-03 7.545419999999999731e-03 6.735200000000000214e-03 6.375780000000000163e-03 6.959639999999999577e-03
7.404189999999999730e-03 6.325749999999999776e-03 6.650520000000000043e-03 7.162410000000000131e-03 7.335780000000000078e-03 7.116719999999999990e-03 6.515329999999999733e-03 4.362719999999999619e-03
4.163390000000000320e-03 6.509860000000000126e-03 4.870280000000000269e-03 7.656160000000000396e-03 6.536819999999999610e-03 6.403950000000000267e-03 5.682109999999999765e-03 4.595669999999999616e-03
6.504560000000000376e-03 4.678909999999999667e-03 6.755849999999999876e-03 7.137049999999999818e-03 6.224079999999999890e-03 6.900189999999999622e-03 5.781090000000000013e-03 7.414679999999999882e-03
6.956699999999999690e-03 5.921230000000000417e-03 7.368369999999999954e-03 6.942079999999999779e-03 6.668549999999999651e-03 6.781790000000000214e-03 7.257150000000000406e-03 6.604999999999999760e-03
6.142139999999999926e-03 6.492979999999999759e-03 5.484379999999999637e-03 7.472959999999999846e-03 5.844280000000000308e-03 6.743269999999999993e-03 4.718090000000000304e-03 5.148019999999999680e-03
1.790249999999999828e-02 1.115170000000000050e-02 1.437259999999999927e-02 2.748089999999999908e-02 1.452930000000000020e-02 2.286190000000000097e-02 1.558460000000000054e-02 1.755649999999999919e-02
2.014940000000000134e-02 1.984750000000000056e-02 1.988710000000000130e-02 1.152620000000000033e-02 2.384899999999999867e-02 1.589679999999999913e-02 2.127479999999999996e-02 1.074529999999999930e-02
1.987550000000000081e-02 2.541720000000000090e-02 1.979600000000000110e-02 2.244789999999999980e-02 1.518659999999999975e-02 1.615530000000000091e-02 1.086250000000000063e-02 1.973540000000000016e-02
1.889429999999999929e-02 1.473370000000000062e-02 2.363000000000000170e-02 2.749309999999999948e-02 2.343860000000000041e-02 1.982810000000000128e-02 3.285949999999999982e-02 1.458609999999999941e-02
2.444129999999999914e-02 1.804969999999999838e-02 2.082020000000000051e-02 2.146839999999999860e-02 1.960980000000000015e-02 1.506599999999999953e-02 1.952929999999999944e-02 1.868939999999999838e-02
1.435370000000000049e-02 1.573859999999999842e-02 2.163970000000000130e-02 1.927099999999999994e-02 1.703980000000000078e-02 2.331329999999999861e-02 1.727220000000000144e-02 2.226219999999999935e-02
2.064109999999999903e-02 1.968229999999999980e-02 1.711970000000000158e-02 2.401970000000000147e-02 2.090380000000000016e-02 1.973509999999999848e-02 1.889559999999999851e-02 1.436909999999999923e-02
1.758890000000000106e-02 1.569699999999999915e-02 2.221350000000000061e-02 1.995950000000000155e-02 1.210750000000000021e-02 1.782159999999999994e-02 1.779050000000000076e-02 2.168940000000000104e-02
2.618950000000000097e-02 2.041269999999999890e-02 1.608369999999999939e-02 2.299879999999999980e-02 1.485110000000000076e-02 1.849939999999999918e-02 1.742219999999999880e-02 1.789200000000000165e-02
1.636270000000000086e-02 2.425969999999999863e-02 1.721960000000000157e-02 2.132049999999999917e-02 2.111089999999999842e-02 2.126400000000000165e-02 2.280859999999999832e-02 1.908050000000000024e-02
1.153640000000000047e-02 2.508530000000000135e-02 1.925069999999999906e-02 1.280569999999999972e-02 2.359810000000000033e-02 2.082799999999999929e-02 2.116739999999999941e-02 2.030529999999999835e-02
1.938140000000000002e-02 2.193499999999999964e-02 1.861350000000000157e-02 2.154999999999999971e-02 2.331029999999999908e-02 1.244490000000000006e-02 2.197889999999999913e-02 2.095210000000000128e-02
2.665359999999999951e-02 2.196990000000000054e-02 2.201890000000000097e-02 2.236519999999999828e-02 1.449019999999999996e-02 2.249400000000000011e-02 1.906640000000000071e-02 2.106989999999999905e-02
2.344310000000000144e-02 1.523210000000000015e-02 2.871630000000000016e-02 1.961299999999999849e-02 1.998609999999999970e-02 1.455539999999999959e-02 2.055890000000000148e-02 1.944070000000000173e-02
1.763320000000000165e-02 1.359040000000000074e-02 2.094309999999999922e-02 1.944979999999999973e-02 2.247040000000000148e-02 2.134020000000000014e-02 1.907860000000000111e-02 1.393609999999999988e-02
2.069560000000000149e-02 1.689680000000000001e-02 1.901950000000000168e-02 2.046390000000000015e-02 1.642199999999999910e-02 1.791200000000000084e-02 1.889949999999999963e-02 1.942340000000000039e-02
1.921959999999999988e-02 1.990619999999999890e-02 1.338510000000000047e-02 2.456699999999999856e-02 2.007130000000000025e-02 2.200739999999999988e-02 2.287509999999999891e-02 1.349550000000000055e-02
2.320929999999999868e-02 2.006950000000000053e-02 1.344990000000000074e-02 1.645970000000000072e-02 1.977709999999999885e-02 2.543720000000000009e-02 1.709039999999999865e-02 2.630839999999999915e-02
2.242200000000000096e-02 1.607950000000000004e-02 1.836909999999999932e-02 2.066739999999999897e-02 2.080049999999999955e-02 1.901469999999999896e-02 2.451710000000000000e-02 2.503330000000000138e-02
2.327279999999999974e-02 2.237650000000000056e-02 3.126450000000000062e-02 2.113819999999999935e-02 1.671670000000000100e-02 2.629449999999999843e-02 1.949410000000000032e-02 2.585010000000000085e-02
1.911329999999999973e-02 1.752609999999999932e-02 2.109549999999999967e-02 1.672260000000000066e-02 1.369139999999999940e-02 1.769599999999999992e-02 2.249989999999999976e-02 1.783240000000000172e-02
4.520790000000000225e-02 1.013769999999999949e-01 8.657679999999999543e-02 8.725800000000000223e-02 1.381080000000000085e-01 3.621269999999999767e-01 2.309400000000000064e-01 1.885149999999999881e-01
3.159129999999999994e-01 1.365639999999999910e-01 8.769910000000000205e-02 3.260410000000000252e-01 7.760150000000000381e-02 3.422950000000000159e-01 2.827959999999999918e-01 2.303350000000000120e-01
8.107209999999999417e-02 8.411680000000000546e-02 2.836739999999999817e-01 1.013550000000000006e-01 1.051440000000000013e-01 1.011549999999999949e-01 3.715240000000000209e-01 1.753470000000000029e-01
1.475970000000000060e-01 2.112809999999999966e-01 1.105130000000000001e-01 7.491939999999999711e-02 8.782800000000000329e-02 1.725629999999999942e-01 6.571520000000000139e-02 2.762260000000000271e-01
8.713229999999999587e-02 7.628459999999999408e-02 1.489499999999999991e-01 1.216359999999999941e-01 3.464030000000000165e-01 1.085249999999999965e-01 8.728420000000000623e-02 2.428800000000000125e-01
3.385259999999999936e-01 3.647599999999999731e-01 8.468080000000000052e-02 1.508289999999999909e-01 9.091259999999999619e-02 8.103530000000000455e-02 1.002070000000000044e-01 8.542299999999999893e-02
2.098420000000000007e-01 2.444000000000000061e-01 7.543539999999999968e-02 1.375599999999999878e-01 2.051320000000000088e-01 8.753629999999999745e-02 9.545009999999999606e-02 9.639380000000000170e-02
8.150369999999999837e-02 8.207910000000000206e-02 9.058629999999999460e-02 1.014700000000000046e-01 1.476290000000000102e-01 9.931009999999999838e-02 1.110300000000000037e-01 9.265900000000000525e-02
1.002679999999999960e-01 3.050080000000000013e-01 1.127610000000000001e-01 1.862820000000000031e-01 8.249679999999999513e-02 2.137650000000000106e-01 3.458590000000000275e-01 8.778500000000000192e-02
1.010989999999999944e-01 2.526240000000000152e-01 2.617220000000000102e-01 1.303020000000000012e-01 6.174469999999999958e-02 9.578419999999999990e-02 2.013969999999999927e-01 7.756939999999999669e-02
8.113019999999999954e-02 1.604510000000000103e-01 3.283829999999999805e-01 2.354979999999999921e-02 1.208619999999999972e-01 1.799600000000000088e-01 1.525910000000000044e-01 9.700250000000000539e-02
4.683980000000000088e-02 1.381719999999999893e-01 1.479179999999999939e-01 9.525659999999999683e-02 7.941139999999999310e-02 9.012059999999999516e-02 8.604100000000000636e-02 1.812189999999999912e-01
1.071209999999999940e-01 8.941419999999999924e-02 1.054999999999999966e-01 3.425909999999999789e-01 2.704860000000000042e-01 8.772950000000000192e-02 1.411310000000000064e-01 2.863189999999999902e-01
1.123139999999999972e-01 7.016509999999999414e-02 1.175709999999999950e-01 2.394090000000000107e-01 3.646309999999999829e-01 1.068719999999999948e-01 9.895650000000000279e-02 1.071300000000000030e-01
3.469470000000000054e-01 3.198259999999999992e-01 3.814980000000000038e-01 8.611580000000000623e-02 1.212430000000000035e-01 9.777729999999999755e-02 3.597039999999999960e-02 2.475670000000000093e-01
9.695489999999999664e-02 2.052410000000000068e-01 9.681190000000000628e-02 9.199820000000000220e-02 1.368089999999999862e-01 3.036139999999999950e-01 1.067700000000000038e-01 2.194020000000000137e-01
1.538779999999999870e-01 8.998259999999999592e-02 8.910310000000000452e-02 2.742820000000000258e-01 9.504600000000000548e-02 1.769370000000000109e-01 3.843869999999999787e-01 1.192489999999999939e-01
3.843570000000000042e-01 5.142759999999999693e-02 1.179029999999999939e-01 3.118210000000000148e-01 7.903979999999999340e-02 5.919479999999999881e-02 1.184120000000000034e-01 1.647720000000000018e-01
3.531469999999999887e-01 1.026669999999999944e-01 9.136930000000000052e-02 8.668489999999999529e-02 9.464859999999999940e-02 1.152579999999999993e-01 2.687069999999999736e-01 9.415999999999999370e-02
9.521889999999999521e-02 9.334589999999999554e-02 9.234649999999999803e-02 1.013990000000000030e-01 2.547570000000000112e-01 9.539350000000000607e-02 7.918029999999999513e-02 7.828129999999999811e-02
2.864849999999999897e-01 1.033049999999999941e-01 7.772249999999999992e-02 6.257260000000000599e-02 2.389340000000000075e-01 1.218019999999999936e-01 8.795450000000000490e-02 1.678969999999999907e-01
3.877599999999999936e-01 3.650510000000000144e-01 2.857270000000000088e-01 4.106040000000000245e-01 2.560680000000000178e-01 1.788770000000000082e-01 1.193530000000000008e-01 1.298650000000000082e-01
3.495059999999999834e-01 1.399090000000000056e-01 2.695649999999999991e-01 1.523450000000000082e-01 2.352499999999999869e-01 1.007310000000000011e-01 2.968609999999999860e-01 9.536840000000000594e-02
1.896849999999999925e-01 1.111469999999999958e-01 3.174750000000000072e-01 4.216079999999999828e-01 9.859709999999999308e-02 2.210610000000000075e-01 7.788169999999999815e-02 3.166010000000000213e-01
1.669930000000000025e-01 9.577829999999999677e-02 1.074110000000000065e-01 2.537530000000000063e-01 1.676809999999999967e-01 9.407609999999999584e-02 1.289939999999999976e-01 4.936130000000000240e-01
1.667009999999999881e-01 2.944390000000000063e-01 7.230749999999999678e-02 1.950919999999999876e-01 8.128929999999999489e-02 1.147190000000000015e-01 1.534500000000000031e-01 4.305180000000000118e-01
3.118190000000000128e-01 1.165159999999999946e-01 9.758909999999999807e-02 1.321219999999999895e-01 1.125739999999999935e-01 2.896859999999999991e-01 2.587979999999999725e-01 1.158760000000000068e-01
1.292109999999999925e-01 1.327270000000000116e-01 1.316569999999999963e-01 9.635409999999999808e-02 1.896450000000000080e-01 2.114570000000000061e-01 3.807809999999999806e-01 2.421349999999999891e-01
1.121280000000000054e-01 9.679229999999999778e-02 1.365709999999999980e-01 2.960309999999999886e-01 1.408149999999999957e-01 9.230560000000000154e-02 3.715149999999999841e-01 4.011549999999999838e-01
3.819440000000000057e-01 1.223280000000000062e-01 1.761469999999999980e-01 1.133689999999999976e-01 1.163430000000000020e-01 4.135199999999999987e-01 1.310880000000000101e-01 9.894640000000000379e-02
1.293400000000000105e-01 7.315829999999999556e-02 1.320530000000000037e-01 4.057540000000000036e-01 9.965880000000000571e-02 4.293239999999999834e-01 1.442279999999999951e-01 3.974980000000000180e-01
4.275419999999999776e-01 1.824649999999999883e-01 2.789749999999999730e-01 1.258980000000000099e-01 9.936349999999999349e-02 1.717090000000000005e-01 1.948979999999999879e-01 1.077820000000000028e-01
1.581069999999999975e-01 9.660380000000000356e-02 4.430000000000000049e-01 2.427700000000000136e-01 1.005550000000000055e-01 2.586600000000000010e-01 2.617209999999999814e-01 3.733480000000000132e-01
1.418339999999999879e-01 1.171429999999999971e-01 9.244270000000000265e-02 5.204419999999999602e-01 1.268360000000000043e-01 2.466730000000000034e-01 1.413609999999999867e-01 1.290509999999999990e-01
4.036129999999999995e-01 1.486119999999999941e-01 1.950409999999999922e-01 1.903070000000000039e-01 3.040579999999999949e-01 1.700929999999999942e-01 3.245410000000000239e-01 2.656859999999999777e-01
3.304869999999999752e-01 1.509810000000000041e-01 3.382789999999999964e-01 8.290759999999999796e-02 8.401419999999999721e-02 8.559659999999999491e-02 2.279640000000000000e-01 1.251279999999999892e-01
1.613380000000000092e-01 7.004960000000000353e-02 3.024209999999999954e-01 1.738889999999999880e-01 2.894550000000000178e-01 8.128480000000000427e-02 8.352450000000000152e-02 3.675910000000000011e-01
2.432519999999999960e-01 1.508339999999999959e-01 9.743409999999999571e-02 1.334370000000000001e-01 9.813600000000000101e-02 2.867430000000000256e-01 8.452160000000000228e-02 1.822749999999999926e-01
2.026199999999999946e-01 3.795439999999999925e-01 1.564820000000000100e-01 3.316350000000000131e-01 1.257079999999999864e-01 1.210210000000000036e-01 3.479740000000000055e-01 1.453430000000000000e-01
2.803889999999999993e-01 8.995169999999999555e-02 3.368820000000000148e-01 3.586460000000000203e-01 2.256380000000000052e-01 1.076830000000000009e-01 9.044820000000000637e-02 1.624230000000000118e-01
4.000449999999999839e-01 1.050009999999999971e-01 1.630500000000000005e-01 2.895429999999999948e-01 1.162600000000000022e-01 3.379440000000000222e-01 2.152270000000000016e-01 3.154449999999999754e-01
2.071709999999999940e-01 1.184719999999999940e-01 2.742990000000000150e-01 3.041739999999999999e-01 1.452350000000000030e-01 1.558970000000000078e-01 1.137119999999999936e-01 1.204490000000000005e-01
9.466660000000000352e-02 1.555640000000000078e-01 2.250850000000000073e-01 2.063570000000000126e-01 3.804390000000000271e-01 2.314070000000000016e-01 7.163300000000000223e-02 2.330029999999999879e-01
9.794959999999999778e-02 1.591019999999999934e-01 2.382469999999999866e-01 3.517509999999999803e-01 6.937089999999999923e-02 1.373189999999999966e-01 2.275149999999999950e-01 1.105830000000000007e-01
1.054739999999999983e-01 2.071729999999999960e-01 1.049279999999999935e-01 2.837040000000000117e-01 1.354640000000000011e-01 1.256960000000000022e-01 1.034840000000000065e-01 1.630880000000000107e-01
1.360159999999999980e-01 3.991430000000000256e-01 3.533879999999999799e-01 1.913050000000000028e-01 1.926509999999999889e-01 2.031620000000000092e-01 2.152840000000000031e-01 1.193410000000000026e-01
4.592559999999999698e-02 1.168460000000000054e-01 8.931899999999999562e-02 4.013200000000000101e-01 3.035880000000000245e-01 1.102000000000000063e-01 1.497960000000000125e-01 7.652739999999999543e-02
2.867500000000000049e-01 1.537540000000000018e-01 1.313130000000000130e-01 1.196149999999999991e-01 3.556159999999999877e-01 8.493050000000000599e-02 2.074439999999999895e-01 1.983040000000000080e-01
2.542189999999999728e-01 1.647369999999999945e-01 1.065419999999999978e-01 1.363360000000000127e-01 1.399529999999999941e-01 3.713380000000000014e-01 4.208919999999999884e-01 3.517730000000000024e-01
1.246820000000000012e-01 2.525629999999999820e-01 2.174860000000000126e-01 8.186980000000000646e-02 2.866520000000000179e-01 1.625790000000000013e-01 2.404570000000000041e-01 3.663330000000000197e-01
1.597010000000000096e-01 1.349909999999999999e-01 3.453359999999999763e-01 2.317869999999999930e-01 2.194780000000000064e-01 1.608430000000000137e-01 4.401249999999999885e-01 9.217039999999999955e-02
2.204369999999999941e-01 2.835349999999999815e-01 3.136559999999999904e-01 1.869730000000000003e-01 1.823519999999999863e-01 2.014039999999999997e-01 2.560499999999999998e-01 2.885900000000000132e-01
3.607099999999999751e-01 1.450690000000000035e-01 2.641140000000000154e-01 1.989650000000000030e-01 1.166060000000000013e-01 1.570950000000000124e-01 1.678759999999999974e-01 2.481889999999999930e-01
3.063130000000000019e-01 1.413530000000000064e-01 3.047630000000000061e-01 2.852729999999999988e-01 1.288640000000000063e-01 8.415290000000000270e-02 1.919500000000000095e-01 2.807669999999999888e-01
2.651800000000000268e-01 1.132289999999999963e-01 3.057400000000000118e-01 2.909599999999999964e-01 1.120739999999999931e-01 2.672459999999999836e-01 3.310080000000000244e-01 2.950809999999999822e-01
3.277129999999999765e-01 2.687120000000000064e-01 1.491679999999999950e-01 2.111329999999999874e-01 3.319469999999999921e-01 2.779690000000000216e-01 3.147420000000000218e-01 2.070220000000000116e-01
3.080149999999999832e-01 1.478540000000000132e-01 2.045889999999999931e-01 2.356260000000000021e-01 3.046679999999999944e-01 1.023440000000000044e-01 2.389259999999999995e-01 2.525540000000000007e-01
1.072759999999999964e-01 2.803080000000000016e-01 1.529020000000000101e-01 2.778769999999999851e-01 2.102509999999999935e-01 2.417999999999999872e-01 2.832419999999999938e-01 2.448990000000000056e-01
1.986539999999999973e-01 2.535020000000000051e-01 3.127280000000000060e-01 3.664899999999999824e-01 1.517400000000000138e-01 1.172419999999999990e-01 3.373920000000000252e-01 1.402069999999999983e-01
3.626820000000000044e-01 1.134270000000000000e-01 2.824070000000000191e-01 1.763250000000000095e-01 1.260270000000000001e-01 1.099519999999999942e-01 1.140589999999999937e-01 1.790440000000000087e-01
4.050119999999999831e-01 3.461790000000000145e-01 2.590830000000000077e-01 1.297860000000000125e-01 1.627250000000000085e-01 3.098489999999999855e-01 2.464189999999999992e-01 1.380440000000000000e-01
1.072170000000000067e-01 2.681359999999999855e-01 1.403649999999999898e-01 1.526180000000000037e-01 1.579560000000000131e-01 1.450799999999999867e-01 2.111429999999999974e-01 2.251559999999999950e-01
2.751210000000000044e-01 3.300540000000000140e-01 1.882350000000000134e-01 7.540189999999999393e-02 4.160200000000000009e-01 1.067499999999999977e-01 1.762029999999999985e-01 2.592099999999999960e-01
2.619710000000000094e-01 2.093279999999999863e-01 5.026529999999999887e-02 1.892240000000000033e-01 1.249939999999999940e-01 1.697180000000000077e-01 2.913279999999999759e-01 1.620129999999999904e-01
1.897810000000000052e-01 2.748519999999999852e-01 3.065129999999999938e-02 1.876420000000000032e-01 3.609430000000000138e-01 2.812720000000000220e-01 1.381880000000000053e-01 2.205600000000000060e-01
2.929209999999999869e-01 8.340210000000000679e-02 2.361530000000000018e-01 2.651720000000000188e-01 3.016559999999999797e-01 1.668169999999999931e-01 7.627889999999999671e-02 6.807910000000000350e-02
8.880970000000000530e-02 2.576200000000000156e-01 2.670350000000000223e-01 1.985240000000000060e-01 1.433409999999999962e-01 2.668369999999999909e-01 2.731399999999999939e-01 4.350140000000000257e-02
1.097189999999999971e-02 1.300290000000000057e-01 2.179810000000000081e-01 2.962419999999999984e-02 2.477650000000000130e-01 8.774150000000000005e-02 1.888670000000000071e-01 1.475589999999999957e-01
9.057239999999999736e-02 1.107429999999999942e-01 1.145390000000000019e-01 7.542179999999999718e-02 2.955439999999999734e-01 3.087639999999999829e-01 3.223289999999999766e-01 8.640490000000000670e-02
1.235730000000000023e-01 2.197949999999999904e-01 1.024140000000000050e-01 2.603210000000000246e-01 1.408600000000000130e-01 3.455509999999999832e-02 2.327750000000000097e-01 2.125829999999999942e-01
1.301569999999999949e-01 2.560790000000000011e-01 5.917979999999999768e-02 1.856069999999999942e-01 2.639839999999999964e-01 6.573439999999999839e-02 3.385000000000000231e-01 2.184909999999999908e-01
2.731299999999999839e-01 1.142610000000000015e-01 3.920109999999999983e-01 1.047379999999999978e-01 2.945639999999999925e-01 3.947269999999999945e-02 2.844439999999999746e-01 9.937890000000000612e-02
1.853940000000000032e-01 3.156340000000000257e-01 2.667470000000000119e-01 2.403809999999999975e-02 4.422140000000000098e-02 1.182010000000000005e-01 8.229309999999999403e-02 1.565040000000000042e-01
8.879660000000000331e-02 1.747209999999999874e-01 1.694559999999999955e-01 6.819100000000000161e-02 2.605870000000000131e-01 1.886670000000000014e-01 7.045619999999999661e-02 2.877779999999999783e-01
4.673809999999999770e-02 1.491570000000000118e-01 2.636240000000000250e-01 1.644519999999999871e-01 2.538099999999999801e-01 1.852679999999999882e-01 2.777069999999999816e-01 1.431099999999999872e-01
7.096159999999999968e-02 2.001989999999999881e-01 2.211819999999999897e-01 1.137019999999999975e-01 1.040370000000000045e-01 2.724579999999999780e-01 1.261990000000000056e-01 1.572929999999999884e-01
1.154280000000000028e-01 4.922929999999999667e-02 2.441899999999999904e-01 2.155799999999999939e-01 1.624649999999999983e-01 7.228049999999999753e-02 1.162789999999999935e-01 2.684830000000000272e-01
2.887739999999999752e-01 2.364509999999999945e-01 8.075350000000000583e-02 1.280260000000000009e-01 2.244690000000000019e-01 6.583550000000000513e-02 2.652869999999999950e-01 1.327190000000000036e-01
9.373829999999999663e-02 2.654949999999999810e-01 1.779570000000000041e-01 2.656519999999999992e-01 2.764320000000000110e-01 5.879829999999999779e-02 6.920039999999999525e-02 9.420480000000000520e-02
1.396199999999999941e-01 1.381819999999999993e-01 9.213399999999999368e-02 2.482030000000000070e-01 -3.991019999999999984e-02 2.495390000000000108e-01 -2.280220000000000163e-02 1.284879999999999911e-01
1.457050000000000012e-01 3.461840000000000056e-02 2.310929999999999929e-01 1.404539999999999955e-01 1.183960000000000012e-01 9.728749999999999898e-02 2.743599999999999858e-02 5.261190000000000311e-02
1.573799999999999921e-01 7.559749999999999803e-02 9.546290000000000331e-02 1.336269999999999958e-01 1.190490000000000020e-01 3.817419999999999841e-02 2.331169999999999909e-01 4.149100000000000010e-02
1.125339999999999951e-01 1.550169999999999881e-01 1.312949999999999950e-01 1.877070000000000127e-01 9.090669999999999307e-02 3.070899999999999741e-01 2.841440000000000077e-01 1.792150000000000132e-01
1.212290000000000034e-01 2.422880000000000034e-01 5.499629999999999797e-02 7.677920000000000578e-02 7.548559999999999992e-02 5.846540000000000070e-02 2.285899999999999876e-01 2.449530000000000041e-01
2.437600000000000044e-01 5.574899999999999994e-02 2.663400000000000142e-02 -1.665699999999999993e-03 1.320600000000000107e-01 6.159980000000000316e-02 1.495090000000000030e-01 2.196249999999999869e-01
2.535049999999999804e-01 -1.235340000000000049e-01 9.208080000000000431e-02 3.959870000000000057e-02 7.788960000000000154e-03 -1.969760000000000122e-01 1.322099999999999942e-01 9.791229999999999378e-02
2.971929999999999850e-01 5.950769999999999671e-02 -6.674299999999999677e-02 -1.069449999999999984e-01 1.753429999999999989e-01 -4.767579999999999735e-02 1.929629999999999956e-01 2.803889999999999993e-01
1.415800000000000114e-01 1.902739999999999987e-01 9.417879999999999308e-02 2.127320000000000044e-01 1.861869999999999914e-01 2.367209999999999870e-01 1.307190000000000019e-01 2.256009999999999960e-01
9.164260000000000461e-02 2.925130000000000091e-02 -1.242839999999999917e-02 -1.282480000000000009e-01 1.351199999999999901e-01 1.060650000000000065e-01 1.167139999999999983e-01 1.019300000000000067e-01
-1.294359999999999955e-02 6.994390000000000329e-02 1.701320000000000054e-01 2.204750000000000043e-01 2.090190000000000103e-01 1.091560000000000030e-01 -2.471200000000000063e-01 9.780999999999999417e-02
2.318159999999999943e-01 2.257100000000000078e-02 6.795320000000000527e-02 1.480210000000000033e-02 1.303570000000000007e-01 2.056119999999999892e-01 8.932800000000000462e-02 -1.649690000000000045e-01
1.218700000000000061e-01 1.624329999999999941e-01 9.662120000000000430e-02 -5.620420000000000277e-02 1.820559999999999956e-01 2.606660000000000088e-01 -1.643810000000000106e-03 -1.337119999999999975e-02
-7.274759999999999560e-02 2.517949999999999910e-01 1.434640000000000082e-01 1.457759999999999959e-02 1.066600000000000048e-01 1.293050000000000033e-01 1.056539999999999979e-01 -3.497279999999999833e-02
8.090129999999999544e-02 3.460819999999999869e-02 4.565530000000000282e-02 1.987690000000000012e-01 -2.705909999999999913e-02 -9.439350000000000518e-02 -3.635349999999999866e-03 8.896030000000000604e-02
2.484719999999999984e-01 5.288579999999999670e-02 1.478849999999999887e-01 -6.065029999999999900e-03 -1.825339999999999949e-02 1.263269999999999949e-01 2.062779999999999891e-01 1.375520000000000076e-01
2.375470000000000081e-01 3.155739999999999934e-02 6.437640000000000029e-02 1.453369999999999940e-01 -1.006689999999999972e-03 -1.198489999999999972e-01 1.641869999999999996e-01 3.637139999999999818e-02
7.616889999999999772e-02 -7.358729999999999438e-02 1.367170000000000052e-01 -2.069290000000000018e-02 1.856359999999999955e-01 2.779659999999999909e-01 4.634060000000000262e-02 2.252480000000000107e-02
2.236779999999999879e-01 2.343300000000000105e-01 1.936890000000000001e-01 4.739390000000000269e-02 6.230259999999999965e-02 1.664059999999999984e-01 8.405550000000000521e-02 1.338000000000000023e-01
2.483720000000000025e-02 1.859069999999999889e-01 3.222080000000000083e-02 -7.715990000000000348e-02 -3.967659999999999590e-03 1.516520000000000090e-01 2.470289999999999986e-01 1.093930000000000041e-01
1.796280000000000099e-01 4.213370000000000309e-02 1.763210000000000055e-01 -7.040499999999999536e-02 1.716709999999999903e-01 1.426469999999999960e-01 2.763050000000000228e-01 1.200589999999999991e-01
2.686629999999999852e-01 -1.375309999999999866e-01 1.099539999999999962e-01 -7.352329999999999977e-02 7.272249999999999548e-02 2.622200000000000086e-01 -4.154139999999999916e-02 1.113200000000000023e-01
3.598500000000000310e-02 1.481570000000000109e-01 7.530349999999999544e-02 4.773399999999999865e-02 -1.380580000000000002e-02 -1.155290000000000067e-01 2.223140000000000116e-01 1.063110000000000027e-01
1.309960000000000013e-01 9.950209999999999610e-02 -1.392750000000000064e-02 2.061549999999999841e-02 3.575869999999999743e-02 -1.501510000000000067e-01 6.736569999999999885e-03 9.586939999999999351e-02
1.688129999999999908e-01 8.296639999999999571e-02 6.508629999999999971e-02 1.506290000000000129e-01 -1.586710000000000065e-01 6.261429999999999774e-02 -2.036659999999999859e-02 1.659460000000000102e-01
3.395659999999999790e-01 -2.717460000000000014e-02 8.617339999999999722e-02 8.493259999999999699e-02 1.699890000000000012e-01 1.345369999999999899e-01 9.088160000000000682e-02 2.531500000000000070e-02
-1.931309999999999971e-02 -1.096439999999999915e-02 -2.701599999999999835e-02 3.912639999999999868e-02 3.193670000000000120e-01 -2.183039999999999980e-01 9.681989999999999694e-03 -5.427580000000000425e-03
-2.077309999999999920e-02 8.637129999999999808e-02 -1.198629999999999973e-01 5.531570000000000237e-02 -1.948709999999999887e-01 3.879889999999999988e-03 9.712999999999999412e-02 -1.569000000000000117e-01
3.940899999999999959e-02 -3.744080000000000324e-02 3.184830000000000161e-01 -1.346060000000000034e-01 -3.242069999999999674e-02 -1.051720000000000016e-01 -6.543140000000000067e-02 2.682289999999999952e-01
-7.633550000000000058e-02 3.718830000000000052e-02 -2.039179999999999882e-01 -2.428480000000000083e-01 1.083199999999999996e-01 1.741149999999999989e-02 7.361230000000000551e-02 -5.693050000000000194e-02
1.381209999999999938e-01 -9.810109999999999664e-02 -1.252929999999999877e-01 -2.866919999999999885e-02 2.176039999999999919e-02 9.810449999999999726e-02 7.540370000000000232e-03 -1.987170000000000047e-01
-6.505819999999999659e-02 2.223129999999999898e-02 -2.764840000000000075e-01 1.190070000000000017e-01 9.476600000000000301e-02 -2.653350000000000153e-02 4.670149999999999996e-02 -5.897220000000000240e-02
3.177300000000000263e-02 -1.121609999999999968e-01 -8.045190000000000674e-03 7.854450000000000320e-02 4.101080000000000003e-02 1.463200000000000056e-01 -4.285819999999999907e-02 1.820039999999999991e-01
3.781089999999999972e-03 -3.074259999999999840e-02 1.574820000000000109e-01 4.219230000000000202e-02 3.728259999999999907e-02 1.369430000000000092e-01 1.193840000000000040e-01 -1.518120000000000060e-02
-2.527000000000000079e-02 1.601809999999999901e-01 -1.218469999999999970e-01 -1.085300000000000015e-01 -4.131499999999999756e-02 2.362039999999999973e-02 -1.787340000000000109e-02 -1.131360000000000005e-01
-2.218679999999999958e-02 6.206369999999999942e-02 6.864290000000000669e-02 -1.275840000000000030e-01 6.619170000000000609e-02 3.041560000000000097e-02 -4.238800000000000033e-03 2.956429999999999891e-01
-3.583499999999999880e-02 2.871449999999999836e-01 -3.710150000000000253e-02 -5.869390000000000024e-02 -7.378889999999999928e-03 -1.802660000000000096e-01 -2.161779999999999952e-02 5.575150000000000244e-02
1.743660000000000002e-02 1.221229999999999954e-01 1.263019999999999976e-01 1.413689999999999947e-01 1.958489999999999953e-01 -9.646280000000000132e-02 -6.242450000000000082e-02 1.639100000000000001e-01
1.183649999999999980e-01 2.587809999999999833e-01 2.386479999999999990e-01 6.543309999999999405e-02 -1.403590000000000046e-02 -2.698320000000000163e-01 4.119380000000000264e-02 -1.587399999999999922e-01
-4.350230000000000069e-02 -7.062250000000000472e-02 3.981849999999999973e-02 -5.381179999999999991e-02 -1.462660000000000071e-01 4.634490000000000137e-02 -2.310769999999999838e-02 1.692909999999999901e-02
-5.976390000000000174e-02 5.956990000000000202e-02 -2.445340000000000014e-01 -1.519109999999999905e-01 -3.001490000000000061e-02 -4.904030000000000195e-02 -1.639879999999999949e-01 4.047339999999999965e-02
3.517689999999999706e-02 1.954160000000000064e-01 1.444120000000000126e-01 -3.908910000000000162e-02 4.099660000000000110e-02 -4.067069999999999713e-02 5.892180000000000334e-03 4.636080000000000062e-02
6.035129999999999661e-02 5.192750000000000143e-02 -3.917539999999999738e-03 8.961879999999999846e-02 -2.031449999999999922e-01 3.415859999999999730e-02 -6.433030000000000692e-02 -1.294309999999999905e-01
-4.902260000000000298e-03 -2.949830000000000074e-03 1.233839999999999937e-01 6.627030000000000420e-02 9.661100000000000243e-02 -8.388940000000000285e-02 -1.550459999999999894e-01 5.805219999999999825e-02
-9.018360000000000265e-02 -2.709770000000000234e-01 6.058489999999999709e-02 1.251760000000000095e-01 3.959309999999999913e-02 -1.008909999999999946e-01 -5.848529999999999701e-02 -1.302670000000000043e-02
1.777229999999999921e-01 -1.587709999999999955e-01 3.583669999999999911e-01 -6.074120000000000213e-02 -9.800949999999999940e-02 -1.128139999999999976e-01 2.311279999999999932e-02 -1.100700000000000012e-01
2.610250000000000070e-02 1.314029999999999920e-01 1.241659999999999986e-01 2.607080000000000161e-02 2.527029999999999901e-02 2.039329999999999962e-02 8.393219999999999847e-02 -1.056229999999999947e-01
-3.710040000000000004e-01 4.668169999999999958e-02 6.001360000000000028e-02 -1.266890000000000030e-02 -8.042610000000000037e-02 -1.013789999999999969e-01 -1.158129999999999993e-01 1.344979999999999960e-02
-8.543430000000000468e-02 1.852000000000000035e-01 6.911440000000000639e-02 -7.999050000000000604e-02 -1.480100000000000027e-01 -4.394719999999999877e-02 -2.481099999999999972e-01 -1.597959999999999936e-01
-6.865949999999999831e-02 -2.158080000000000068e-02 7.846110000000000584e-02 -1.274119999999999975e-01 -9.063879999999999854e-03 -7.433149999999999480e-02 -8.533060000000000644e-02 -6.907810000000000339e-02
-8.571330000000000615e-02 -4.502020000000000327e-02 8.314409999999999856e-02 -1.641849999999999976e-01 -1.847080000000000111e-01 -1.914099999999999968e-01 -8.740480000000000471e-02 1.898209999999999828e-02
-2.003819999999999907e-02 -2.269439999999999999e-02 -1.721589999999999926e-02 2.789679999999999938e-01 -1.064400000000000068e-01 2.212690000000000143e-02 -2.982759999999999925e-02 -1.303169999999999884e-01
-1.088660000000000044e-01 -1.130489999999999967e-01 -1.987420000000000020e-01 -1.195470000000000005e-01 6.635599999999999832e-02 -3.080970000000000097e-01 1.025709999999999955e-01 -2.449230000000000018e-01
-2.850590000000000068e-01 4.251719999999999805e-02 -1.891249999999999876e-01 -1.370510000000000062e-01 2.547519999999999785e-01 -3.144710000000000005e-01 -4.668239999999999716e-03 -1.104519999999999946e-01
-1.272679999999999992e-02 -2.865660000000000082e-02 -6.485059999999999436e-02 1.194749999999999979e-02 -1.502290000000000014e-01 2.860209999999999836e-02 5.203870000000000023e-02 -1.315769999999999995e-01
-2.987310000000000243e-01 9.409049999999999359e-02 7.770159999999999567e-02 -1.620360000000000134e-01 -1.876220000000000110e-01 -2.652749999999999900e-02 1.495789999999999897e-01 -1.356370000000000076e-01
-1.227189999999999965e-03 -9.069190000000000584e-02 4.412200000000000150e-02 -4.129719999999999919e-02 7.832300000000000373e-02 8.915729999999999489e-02 -7.763359999999999705e-02 -6.896700000000000053e-02
1.006029999999999980e-01 -2.273650000000000115e-01 -1.907880000000000036e-03 -1.470690000000000053e-01 -1.463500000000000044e-02 6.918000000000000538e-02 -9.429010000000000169e-02 6.106360000000000260e-02
-4.327269999999999728e-02 -1.213560000000000055e-01 -1.261480000000000101e-01 -2.308969999999999911e-01 -1.848090000000000011e-01 4.882210000000000022e-02 -9.361049999999999233e-03 1.090939999999999965e-01
1.303759999999999988e-02 -6.233339999999999714e-02 -2.599750000000000116e-01 -1.404080000000000050e-01 9.675960000000000810e-03 3.271829999999999877e-02 -1.295119999999999882e-01 -6.782520000000000215e-02
-1.740079999999999960e-01 -5.772750000000000103e-02 -1.152190000000000020e-01 -1.225839999999999985e-01 1.058960000000000040e-01 -4.610329999999999984e-02 -1.479109999999999869e-01 -8.104260000000000630e-02
1.504929999999999879e-01 -1.914899999999999936e-02 4.235080000000000094e-02 1.799080000000000124e-01 -5.661850000000000216e-02 1.497910000000000075e-01 -9.507740000000000635e-02 -6.362810000000000688e-02
-2.361600000000000088e-01 1.412080000000000002e-01 -1.221420000000000006e-01 -8.197329999999999894e-02 1.407430000000000070e-01 -4.644489999999999730e-02 -1.024980000000000058e-01 -8.935919999999999974e-02
-1.184899999999999981e-01 -1.404179999999999873e-01 -1.804010000000000058e-01 -5.304260000000000225e-02 -3.640290000000000192e-02 -1.068849999999999939e-01 1.932480000000000031e-01 -8.920010000000000439e-02
-9.330489999999999617e-02 -1.632260000000000100e-01 1.856750000000000067e-01 -2.053049999999999875e-01 -7.331139999999999879e-03 -1.848299999999999943e-01 -8.068480000000000096e-02 -3.221070000000000183e-02
1.052789999999999976e-01 -7.867190000000000294e-02 -2.592949999999999977e-01 -1.718860000000000110e-01 -5.558180000000000065e-02 -1.599089999999999956e-01 1.273529999999999940e-01 5.038360000000000408e-03
-1.403619999999999868e-01 -8.598129999999999662e-02 -6.821650000000000283e-03 -1.859099999999999919e-01 -2.400289999999999924e-01 -1.551879999999999926e-01 4.192730000000000068e-02 -1.831719999999999876e-02
-7.484910000000000174e-02 -2.137449999999999906e-01 5.477010000000000212e-02 -2.711989999999999887e-02 1.431800000000000087e-02 8.081370000000000220e-02 -9.988679999999999781e-03 -1.727879999999999971e-01
-6.884220000000000617e-02 -3.193599999999999772e-01 -4.331670000000000242e-01 -2.779179999999999984e-01 -1.424970000000000125e-01 -1.386870000000000047e-01 -2.107169999999999876e-02 -2.178740000000000121e-01
-9.812110000000000623e-03 -1.703510000000000024e-01 -2.124099999999999877e-01 -7.562069999999999903e-02 -1.820239999999999914e-01 -3.450210000000000082e-02 -2.491480000000000083e-01 -9.933060000000000500e-02
-1.494600000000000095e-01 -7.367010000000000225e-02 -8.244379999999999764e-02 -1.793440000000000034e-01 -5.622590000000000227e-02 -1.346839999999999982e-01 1.066100000000000034e-02 1.533849999999999936e-01
-1.813109999999999999e-01 -2.776069999999999927e-01 -7.704990000000000450e-02 -2.462949999999999862e-01 -2.294239999999999891e-01 -7.110719999999999541e-02 -2.037490000000000134e-01 1.995709999999999984e-01
1.537209999999999965e-02 -1.422380000000000033e-01 -8.170470000000000510e-02 -1.394279999999999964e-01 -2.157820000000000016e-01 1.471099999999999908e-01 -1.682480000000000087e-01 -2.936570000000000152e-02
-1.053800000000000014e-01 7.358510000000000051e-02 -6.653069999999999817e-02 9.089730000000000032e-02 -2.777810000000000001e-01 -1.714980000000000115e-01 -1.967830000000000135e-01 -2.103299999999999892e-01
-3.712010000000000309e-02 -3.745029999999999887e-02 1.145069999999999977e-01 -2.910079999999999889e-01 -4.697599999999999693e-02 -1.732720000000000093e-01 6.139229999999999687e-02 4.040869999999999879e-02
-2.558460000000000178e-01 -1.621910000000000018e-01 -6.132939999999999919e-02 5.006399999999999739e-02 -4.325020000000000253e-02 -5.510949999999999876e-02 -8.046059999999999324e-02 -1.661370000000000069e-01
-1.294740000000000058e-01 -1.349360000000000004e-01 -5.425109999999999655e-02 -2.108949999999999991e-01 -1.196750000000000036e-01 2.040039999999999909e-01 -1.270660000000000019e-02 7.823599999999999999e-02
-5.817270000000000080e-02 -1.514130000000000033e-03 -1.473109999999999975e-01 -1.780710000000000071e-01 -1.266569999999999918e-01 -5.348760000000000320e-02 -1.709290000000000115e-02 -1.118590000000000001e-01
-4.557679999999999718e-03 1.844570000000000098e-01 3.668169999999999764e-02 -1.916180000000000105e-01 -1.262820000000000054e-01 -6.407119999999999482e-02 -1.798079999999999956e-01 -4.569020000000000026e-03
8.740699999999999859e-02 1.033069999999999961e-01 -1.012699999999999989e-01 8.322770000000000168e-02 1.787930000000000075e-03 -1.381499999999999950e-01 -3.960219999999999851e-01 -1.341529999999999979e-02
-6.464240000000000264e-02 7.627839999999999621e-02 -2.325139999999999985e-01 -1.206559999999999994e-01 -1.598910000000000053e-01 -9.439640000000000530e-02 -1.076399999999999996e-01 -7.415810000000000457e-02
-1.454280000000000017e-01 1.588639999999999844e-02 -6.465999999999999526e-02 1.460209999999999980e-02 -6.968739999999999657e-02 -3.114439999999999917e-02 -1.028639999999999971e-01 -1.105840000000000017e-01
-1.587699999999999945e-01 -1.457120000000000082e-01 -1.408949999999999925e-01 -2.192240000000000022e-01 -1.199749999999999983e-01 7.940959999999999686e-02 -3.718430000000000346e-02 -2.407239999999999935e-01
-1.957719999999999946e-02 -1.151210000000000080e-02 -1.821019999999999930e-02 -1.400129999999999986e-01 -5.167109999999999759e-02 5.460440000000000432e-03 2.125890000000000071e-02 -1.220419999999999977e-01
-1.078559999999999935e-01 -3.046760000000000093e-02 -7.511859999999999371e-02 -1.225740000000000024e-01 -2.255030000000000090e-01 -5.375520000000000298e-02 -2.808909999999999879e-02 -1.325030000000000097e-01
-1.504099999999999882e-01 -5.034840000000000149e-02 -2.608230000000000270e-01 -7.494660000000000211e-02 -3.506480000000000014e-02 -3.081479999999999775e-01 -4.883629999999999916e-02 -1.278279999999999972e-01
-5.961639999999999995e-02 -1.361330000000000040e-01 -2.448809999999999876e-01 -4.823179999999999829e-02 -2.202610000000000123e-01 8.209959999999999480e-02 8.341800000000000603e-02 -1.290439999999999920e-01
-2.718999999999999750e-01 -2.112020000000000008e-01 1.319479999999999958e-02 1.478839999999999877e-01 -1.341630000000000045e-01 -2.185120000000000118e-01 -2.154099999999999904e-01 -8.032300000000000550e-02
-2.371439999999999937e-01 -5.318679999999999936e-02 9.253839999999999288e-03 -1.863249999999999906e-01 -4.188139999999999918e-02 -5.048710000000000003e-02 -1.772499999999999909e-01 -5.566580000000000139e-02
-6.970919999999999894e-02 -1.745859999999999912e-01 4.549170000000000297e-02 -2.082400000000000084e-01 -2.162290000000000045e-01 -9.548149999999999693e-02 -2.244110000000000115e-03 -1.041239999999999943e-01
-8.998299999999999355e-02 -2.706140000000000212e-01 -4.101239999999999886e-01 -1.639819999999999889e-01 -1.360030000000000128e-01 -9.666070000000000217e-02 -1.162669999999999954e-01 -1.350220000000000031e-01
-2.977239999999999887e-01 -3.842750000000000332e-02 -9.125909999999999578e-02 -6.976000000000000256e-02 -5.434500000000000094e-03 4.631009999999999988e-02 -2.208920000000000050e-01 -1.486520000000000064e-01
-1.008600000000000052e-01 -1.145650000000000002e-01 -1.887409999999999921e-01 3.791049999999999975e-02 -2.379969999999999863e-01 -4.007299999999999751e-02 -1.625189999999999968e-01 -5.576319999999999888e-02
4.057859999999999939e-02 -6.668019999999999503e-02 -1.583469999999999878e-01 -7.472919999999999563e-02 -1.027259999999999979e-01 -1.381199999999999928e-01 -1.094630000000000047e-01 -9.207379999999999731e-02
-6.910639999999999838e-02 -2.240060000000000107e-01 -7.365839999999999888e-02 -1.554200000000000026e-01 -6.994989999999999541e-02 4.999750000000000028e-02 -4.635460000000000275e-02 -2.027970000000000050e-01
-9.993319999999999981e-02 -2.194369999999999932e-01 -1.828919999999999990e-01 -1.112619999999999998e-01 -1.596049999999999969e-01 -1.120950000000000002e-01 -1.515749999999999875e-01 -8.173279999999999434e-02
-1.421350000000000113e-01 -1.237059999999999965e-01 -6.677579999999999627e-02 -3.538270000000000304e-02 -5.853769999999999807e-02 -6.316549999999999943e-02 1.297909999999999897e-01 -3.123210000000000153e-01
-3.315810000000000146e-01 -1.156269999999999937e-01 -2.058689999999999964e-01 -3.630900000000000100e-02 -1.174919999999999992e-01 -1.633100000000000107e-01 -1.948479999999999934e-01 -1.525630000000000042e-01
-1.805920000000000025e-01 6.178489999999999677e-02 -2.423629999999999951e-01 -2.053020000000000123e-01 -1.140800000000000008e-01 2.502959999999999907e-02 -7.828580000000000261e-02 -2.024509999999999921e-01
-1.913569999999999993e-01 -1.179960000000000037e-01 -2.424209999999999976e-01 -1.853329999999999977e-01 -1.835039999999999935e-02 -4.914349999999999968e-02 -3.396470000000000045e-02 -1.154570000000000041e-01
-9.495800000000000074e-02 -2.755850000000000244e-01 -7.448699999999999766e-02 -9.898579999999999879e-02 -1.267870000000000108e-01 -1.997950000000000004e-01 -2.585789999999999964e-02 -2.127590000000000037e-01
-2.302810000000000135e-01 -6.637859999999999594e-02 -1.417980000000000074e-01 -7.845370000000000121e-02 -2.146099999999999952e-01 -4.908180000000000182e-02 -1.046099999999999947e-01 8.511299999999999422e-03
-3.532049999999999912e-01 -1.212140000000000023e-01 -3.111740000000000061e-01 -1.538319999999999965e-01 -5.711009999999999698e-02 7.462080000000000102e-02 -1.318310000000000037e-01 -1.126950000000000035e-01
-2.703180000000000166e-02 -2.036399999999999877e-01 -1.985390000000000071e-02 2.912800000000000111e-02 -7.758990000000000331e-02 -2.410339999999999983e-01 -3.890299999999999869e-01 -9.117500000000000604e-02
-5.948520000000000196e-02 -1.662240000000000106e-01 5.077849999999999725e-02 -9.026800000000000102e-02 -1.649339999999999973e-01 -1.907649999999999901e-01 -8.959200000000000497e-02 -9.662819999999999743e-02
-1.236620000000000080e-02 -3.425199999999999773e-02 -2.189010000000000122e-01 -1.566909999999999969e-01 -3.383869999999999933e-02 -9.726310000000000511e-02 -4.191360000000000086e-01 -3.405799999999999939e-01
-2.424659999999999871e-01 -9.195570000000000133e-03 9.476350000000000051e-02 -4.134800000000000281e-02 -1.287220000000000031e-01 -3.797190000000000287e-02 -3.803819999999999979e-01 -1.438359999999999916e-01
-1.908110000000000084e-01 -1.969120000000000037e-01 -4.979320000000000274e-02 -1.176549999999999957e-01 -9.473330000000000639e-02 -2.492230000000000140e-02 -1.137449999999999989e-01 -1.674100000000000033e-01
-2.240429999999999852e-02 1.052260000000000001e-02 -2.615549999999999820e-01 2.858710000000000070e-02 -1.866680000000000006e-01 -8.396480000000000610e-02 3.262979999999999960e-03 -1.339130000000000043e-01
-2.492109999999999881e-01 -2.254400000000000015e-01 -6.650770000000000293e-02 -1.301660000000000039e-01 -7.391680000000000472e-02 -1.882810000000000039e-01 -2.281320000000000014e-01 -1.168860000000000038e-01
-2.642049999999999954e-02 -7.889050000000000229e-02 1.083749999999999991e-01 -1.393089999999999884e-01 -2.650449999999999751e-01 9.985449999999999882e-03 -2.020609999999999906e-01 -1.388050000000000117e-01
-2.146990000000000010e-01 -4.136449999999999849e-01 -8.147759999999999725e-02 -1.173840000000000022e-01 -1.329269999999999896e-01 -1.220880000000000021e-01 -1.333830000000000016e-01 -3.205089999999999884e-01
-8.865670000000000495e-02 -2.907930000000000237e-01 -1.776899999999999868e-01 -8.890800000000000092e-02 -2.079459999999999920e-01 -1.395849999999999869e-01 -2.779590000000000116e-01 -1.492999999999999883e-01
-2.677380000000000038e-02 -2.287730000000000041e-01 -2.234859999999999902e-01 -3.272989999999999927e-02 -3.392069999999999808e-02 -8.054500000000000548e-02 -4.664639999999999759e-02 5.823110000000000265e-03
-2.723039999999999836e-02 -9.168880000000000086e-02 -1.708749999999999991e-01 -1.099590000000000012e-01 -1.597300000000000109e-01 -3.015589999999999937e-02 -3.030110000000000095e-02 -1.232410000000000033e-01
-1.285360000000000114e-01 -1.044169999999999959e-01 -3.110500000000000070e-02 5.127330000000000082e-02 -1.708929999999999894e-01 1.193410000000000000e-03 -1.720250000000000112e-01 -2.680899999999999950e-01
-4.543799999999999922e-02 -8.384400000000000186e-02 -4.444519999999999721e-02 -7.556430000000000091e-02 -1.428830000000000100e-01 -3.777040000000000172e-03 -8.557579999999999354e-02 -8.000960000000000016e-02
-2.567909999999999915e-01 -1.026180000000000009e-01 3.274189999999999739e-02 -3.348840000000000150e-02 -2.731580000000000119e-01 -3.799029999999999907e-01 -8.510040000000000660e-02 -6.140360000000000262e-02
-2.230109999999999870e-01 -3.072739999999999916e-01 -2.037920000000000009e-01 -2.085879999999999956e-01 -2.726289999999999963e-02 -2.370950000000000141e-02 -1.600109999999999866e-01 -5.118709999999999927e-02
-1.587449999999999972e-01 -1.771389999999999909e-01 -4.709250000000000241e-02 -8.993600000000000205e-02 -1.170410000000000061e-01 -4.617700000000000277e-02 -3.565989999999999993e-01 -1.710550000000000126e-01
-1.056700000000000000e-01 -2.557920000000000194e-01 -5.108530000000000015e-02 -2.210959999999999870e-01 -1.794330000000000092e-01 -2.358079999999999898e-01 -9.551590000000000080e-02 -1.939019999999999910e-01
-2.343429999999999958e-01 1.424899999999999951e-02 -2.355690000000000006e-01 -1.419390000000000096e-01 -2.367809999999999915e-01 -5.847009999999999708e-02 -2.610179999999999723e-01 -1.382390000000000008e-01
-1.997410000000000019e-01 -4.910470000000000113e-02 -1.598970000000000113e-01 -1.214360000000000023e-01 -2.446679999999999966e-01 -2.107070000000000054e-01 -2.177729999999999944e-01 -4.962520000000000125e-02
-2.396540000000000059e-01 -1.456320000000000114e-01 -1.090269999999999989e-01 -2.905260000000000065e-01 -3.600090000000000234e-02 -3.365070000000000006e-01 -9.937579999999999678e-03 -1.422869999999999968e-01
3.546180000000000165e-02 -2.939220000000000166e-01 -1.668969999999999898e-01 -3.652610000000000023e-01 -3.893409999999999926e-01 -2.289219999999999866e-01 -1.958739999999999926e-01 -1.704199999999999882e-01
-1.614760000000000084e-01 -1.281160000000000077e-01 -9.086760000000000670e-02 -2.191690000000000027e-01 -1.352879999999999916e-01 -2.219969999999999999e-01 3.987759999999999916e-03 -3.434639999999999915e-01
-1.601229999999999876e-01 -1.963199999999999945e-01 -9.987669999999999881e-02 -2.087529999999999941e-01 -8.628759999999999208e-03 -9.603910000000000224e-02 -1.462420000000000109e-01 -1.097599999999999965e-01
-7.801170000000000326e-02 -1.534020000000000106e-01 -3.827610000000000179e-01 -1.474719999999999920e-01 -1.072229999999999989e-01 -8.767360000000000431e-02 -1.189169999999999949e-01 -1.407279999999999920e-01
-2.339629999999999835e-02 -1.969460000000000099e-01 -6.027720000000000300e-02 -2.102900000000000047e-01 -2.201899999999999968e-01 -2.360140000000000016e-01 -2.232919999999999905e-01 -3.659080000000000110e-01
-8.400630000000000597e-02 -3.056440000000000268e-01 -1.452600000000000002e-01 -2.909909999999999927e-02 -2.833870000000000000e-01 -2.025629999999999931e-01 -5.058420000000000277e-02 -2.784809999999999786e-01
-8.763039999999999718e-02 -1.825990000000000113e-01 -2.064469999999999916e-01 -1.524820000000000064e-01 -5.731719999999999871e-02 -7.883579999999999754e-02 -1.927959999999999952e-01 -3.797619999999999885e-01
-1.474640000000000117e-01 -2.326459999999999917e-01 -2.172080000000000122e-01 -2.743760000000000088e-01 -1.741080000000000128e-01 -3.328380000000000141e-03 -2.679520000000000235e-01 -1.212359999999999965e-01
-1.496800000000000040e-02 -2.957699999999999774e-01 -1.743969999999999965e-01 -7.075910000000000533e-02 -1.706100000000000116e-01 -1.664779999999999871e-01 7.694409999999999618e-03 -7.834330000000000460e-02
-2.357260000000000128e-04 5.598820000000000185e-02 -2.144230000000000025e-01 -7.707780000000000187e-02 -1.665959999999999941e-01 -2.007539999999999880e-01 -3.138710000000000111e-01 -1.432070000000000010e-01
-2.316799999999999971e-01 -2.025899999999999923e-01 -1.045210000000000028e-01 -1.463679999999999981e-01 -1.187519999999999964e-01 -2.117860000000000020e-01 -9.668400000000000605e-02 -3.160839999999999761e-01
-2.657439999999999802e-01 -2.175469999999999904e-01 -2.089229999999999976e-01 -3.163159999999999861e-01 -2.290149999999999963e-01 -1.637109999999999954e-01 -5.762479999999999686e-02 -1.692829999999999890e-01
-2.866159999999999819e-01 -3.997479999999999922e-01 -2.197340000000000126e-01 -1.812469999999999914e-01 -1.614839999999999887e-01 -1.055640000000000051e-01 -1.448280000000000123e-01 -4.223549999999999804e-01
-3.123929999999999763e-01 -9.002620000000000067e-02 -8.162769999999999748e-02 -1.896529999999999883e-01 -1.454100000000000115e-01 3.798060000000000325e-02 -3.110769999999999924e-01 -2.984470000000000178e-01
-1.465329999999999966e-01 -2.463309999999999944e-01 -3.347019999999999995e-01 -3.640669999999999740e-01 -9.661250000000000393e-02 -1.985879999999999868e-01 -3.606139999999999901e-01 -3.396359999999999935e-01
-1.723949999999999927e-01 -8.120719999999999328e-02 -2.529319999999999902e-01 -2.200999999999999901e-01 -1.586789999999999867e-01 -1.095959999999999990e-01 -1.798919999999999964e-01 -6.148719999999999880e-02
-3.520090000000000163e-01 -4.628560000000000313e-03 -1.289820000000000133e-01 -2.285469999999999863e-02 -2.082910000000000039e-01 -6.646779999999999355e-02 -3.547759999999999803e-01 -2.467930000000000124e-01
-3.113090000000000024e-01 -1.959230000000000138e-01 -5.621500000000000108e-02 -6.379500000000000448e-02 -2.047960000000000058e-01 -2.879149999999999765e-01 -8.448410000000000641e-02 -1.006710000000000070e-02
-1.042199999999999932e-01 -5.334289999999999865e-02 -4.921799999999999786e-02 -1.560130000000000128e-01 -2.998439999999999994e-01 -5.711220000000000185e-02 -2.586829999999999963e-01 -1.060330000000000022e-01
-7.633249999999999758e-02 -2.638559999999999794e-01 -4.805589999999999862e-02 -2.330399999999999971e-01 -2.839800000000000102e-01 -1.294450000000000045e-01 -2.695940000000000142e-02 -1.419479999999999908e-01
-2.992790000000000034e-02 -1.227570000000000050e-01 -1.274889999999999912e-01 6.816690000000000249e-03 -1.651070000000000038e-01 -1.854329999999999867e-01 -2.314259999999999928e-01 -4.620730000000000115e-01
-1.503269999999999884e-01 -2.606129999999999905e-02 -3.722590000000000066e-01 -2.869010000000000171e-01 -8.444949999999999679e-02 -1.460279999999999911e-01 -1.335800000000000043e-01 -2.304299999999999959e-01
-2.580999999999999961e-01 -3.527029999999999887e-01 -1.928590000000000027e-01 -1.797529999999999961e-01 -2.579910000000000259e-01 -2.270919999999999883e-01 -1.057639999999999969e-01 -1.102220000000000005e-01
1.693079999999999932e-02 -2.525990000000000180e-01 -8.241300000000000014e-02 -1.131769999999999998e-01 -7.621379999999999821e-02 -3.074140000000000206e-01 -2.131099999999999939e-01 -2.795400000000000107e-01
-2.769510000000000027e-01 -2.269059999999999966e-01 -2.867779999999999774e-01 -2.568030000000000035e-01 -1.404239999999999933e-01 -4.188399999999999762e-02 -1.478089999999999959e-02 -7.855070000000000108e-02
3.844939999999999816e-03 -2.299930000000000030e-02 -3.364789999999999726e-01 -3.685709999999999681e-02 -1.837030000000000052e-01 -1.988449999999999940e-01 2.476000000000000076e-02 -7.475099999999999800e-02
-1.867600000000000093e-01 -1.117589999999999972e-01 8.188559999999999242e-03 -2.635330000000000172e-01 -2.686009999999999787e-01 -1.559419999999999973e-01 -1.394390000000000039e-02 -1.308590000000000031e-01
-3.749669999999999948e-01 -3.233650000000000135e-01 2.440669999999999992e-02 -1.132340000000000013e-01 -1.646239999999999926e-01 -1.364620000000000000e-01 -3.915479999999999655e-02 -2.281279999999999974e-01
-2.649500000000000188e-01 -4.536189999999999667e-02 -1.865559999999999996e-01 -1.810110000000000052e-01 -2.669340000000000046e-01 -4.837380000000000152e-02 -8.395909999999999485e-02 -3.596139999999999753e-02
-2.721589999999999843e-01 -6.455909999999999427e-02 -1.193290000000000045e-01 -6.683079999999999576e-02 -2.412160000000000137e-01 -5.478009999999999824e-02 -2.064499999999999946e-01 -1.434010000000000007e-01
-2.068989999999999996e-01 -2.409109999999999863e-01 -3.980369999999999742e-01 -4.684270000000000100e-02 -3.485940000000000150e-01 -1.699170000000000125e-01 -2.614929999999999755e-01 -1.485829999999999929e-01
-1.200250000000000067e-01 -1.623410000000000131e-01 -2.713789999999999814e-01 -2.159470000000000001e-01 -1.396840000000000026e-01 -3.262889999999999957e-01 -9.011059999999999903e-02 -2.191339999999999955e-01
-3.170999999999999930e-01 -3.147710000000000230e-01 -4.399700000000000312e-03 -1.129209999999999936e-02 -2.480050000000000032e-01 -4.535999999999999754e-02 -3.531949999999999812e-01 -1.960570000000000090e-01
-1.769270000000000009e-01 1.201640000000000000e-02 -6.411999999999999644e-02 -1.674760000000000137e-01 -1.787729999999999875e-01 -7.780720000000000691e-02 -2.312349999999999961e-01 -1.639750000000000096e-01
-1.397539999999999893e-01 -7.631050000000000333e-02 -1.277449999999999974e-01 -2.515609999999999791e-01 -3.519619999999999971e-01 -4.455839999999999801e-01 -1.822370000000000023e-03 -8.423909999999999731e-02
-2.456579999999999875e-01 -2.772580000000000044e-01 -3.557819999999999871e-01 -2.510110000000000119e-02 -1.539490000000000025e-01 -5.151839999999999892e-02 -6.780049999999999966e-02 -5.156750000000000222e-02
-4.680059999999999776e-03 -9.425340000000000107e-02 -1.022379999999999955e-01 -3.491219999999999740e-02 -1.149990000000000040e-01 -2.358470000000000011e-01 -1.689019999999999966e-01 -3.112309999999999799e-01
-5.307610000000000106e-02 -2.484669999999999934e-01 -3.072309999999999763e-01 -2.691080000000000139e-01 -2.592039999999999900e-01 -1.758089999999999931e-01 -1.650729999999999975e-01 -1.873819999999999930e-01
-1.598380000000000078e-01 -1.955210000000000004e-01 -2.176760000000000084e-01 -1.360200000000000020e-01 -1.965320000000000122e-01 -1.042410000000000003e-01 -3.353899999999999937e-02 -1.921730000000000105e-01
-2.525600000000000067e-02 2.591250000000000150e-02 -3.206570000000000253e-02 -1.512320000000000053e-01 -3.557770000000000099e-01 -7.972650000000000570e-02 -1.164059999999999956e-01 -3.036139999999999950e-01
2.448200000000000029e-02 -5.347079999999999889e-02 -2.116260000000000085e-01 -3.174440000000000039e-01 -1.197440000000000032e-01 -6.670360000000000178e-02 -2.563429999999999875e-01 -1.902610000000000134e-01
-2.961909999999999821e-01 -8.509899999999999409e-02 -2.693150000000000266e-01 -1.244220000000000048e-01 -1.827670000000000128e-01 -1.160220000000000001e-01 -4.276469999999999994e-01 -1.085219999999999935e-02
-3.445730000000000182e-01 -1.431360000000000132e-01 -1.272050000000000125e-01 -3.060229999999999895e-01 -1.026829999999999965e-01 -2.516320000000000223e-01 -7.365770000000000650e-02 -3.296459999999999946e-01
-2.584899999999999975e-01 -6.787289999999999990e-02 -3.264389999999999792e-01 -2.479870000000000130e-01 -5.064260000000000289e-02 -6.968979999999999619e-02 -1.622730000000000006e-01 -3.336239999999999761e-01
-3.377510000000000234e-01 -4.570779999999999982e-02 -2.645520000000000094e-01 -4.170979999999999827e-02 -6.443920000000000203e-02 -3.198530000000000123e-02 -1.619639999999999969e-02 -2.063409999999999966e-01
-3.628430000000000266e-01 -1.600530000000000008e-01 -2.140660000000000063e-01 -2.873780000000000223e-01 -4.884750000000000203e-02 -6.136590000000000100e-02 -3.458390000000000075e-01 -6.804019999999999513e-02
-7.749440000000000495e-02 -2.300020000000000120e-01 -2.321580000000000032e-01 -1.753250000000000086e-01 -1.732619999999999993e-01 -2.848609999999999753e-01 -1.624510000000000121e-01 -4.400960000000000288e-02
-2.281370000000000064e-01 5.314209999999999767e-02 -2.045510000000000106e-01 -2.641119999999999926e-02 -2.607849999999999890e-01 -2.993359999999999910e-01 -5.035209999999999686e-02 -1.645060000000000133e-01
3.655480000000000014e-03 -2.597010000000000152e-01 -2.428639999999999965e-01 -3.653629999999999933e-01 -2.364789999999999948e-01 1.583479999999999957e-02 -2.651029999999999776e-01 -1.661499999999999921e-01
-6.284859999999999752e-03 -1.161959999999999937e-01 -1.456960000000000026e-02 -1.001360000000000028e-01 -4.730630000000000251e-02 -9.947459999999999636e-02 -4.559470000000000363e-03 -4.186990000000000156e-02
-2.388560000000000128e-01 -2.549289999999999889e-02 -1.189469999999999972e-01 -1.105539999999999995e-01 -2.598449999999999926e-01 -8.037120000000000375e-02 -3.143909999999999760e-01 -9.944160000000000499e-02
-3.066610000000000169e-01 -5.013200000000000295e-02 5.527780000000000193e-02 2.648379999999999831e-02 5.062749999999999889e-02 -5.886240000000000222e-02 -2.815669999999999978e-02 -2.491190000000000071e-02
-4.429740000000000066e-02 -3.990719999999999684e-02 -2.701810000000000045e-01 -5.110610000000000153e-02 -1.455899999999999972e-01 -1.672830000000000150e-02 -1.815370000000000039e-01 -9.852279999999999371e-02
-1.307959999999999956e-01 -9.537010000000000279e-03 9.302790000000000017e-03 -1.819610000000000116e-01 -8.800550000000000039e-02 -1.367649999999999942e-02 -2.726629999999999887e-01 -4.710249999999999854e-02
3.449019999999999864e-02 -3.156840000000000201e-01 1.785339999999999844e-02 -1.654339999999999977e-01 -5.787960000000000327e-02 -2.444230000000000014e-01 -1.338390000000000066e-02 -6.698199999999999987e-02
-7.975599999999999357e-03 -3.922869999999999829e-02 -8.096749999999999781e-02 -3.056060000000000026e-02 -4.341690000000000133e-02 -1.597749999999999865e-02 1.853329999999999908e-02 -2.682430000000000092e-01
-4.441309999999999703e-02 -2.569130000000000025e-01 -1.621499999999999886e-01 -1.469739999999999935e-01 -3.416399999999999992e-01 -6.638170000000000182e-02 -1.075979999999999992e-01 -7.475479999999999625e-02
-9.557409999999999517e-02 -6.563170000000000115e-02 -1.480859999999999954e-01 -5.397740000000000177e-02 -1.470130000000000048e-01 -1.353590000000000071e-01 -2.043249999999999927e-02 -9.619239999999999605e-04
-5.450569999999999721e-02 4.505200000000000177e-02 5.712539999999999979e-02 -1.631440000000000112e-01 6.124620000000000064e-02 -9.831280000000000574e-02 -4.992019999999999791e-02 -3.100349999999999981e-02
2.514600000000000082e-03 2.000270000000000173e-02 -6.903120000000000089e-02 -1.864689999999999959e-01 -4.881909999999999722e-02 -2.827560000000000143e-02 -2.475290000000000129e-02 2.923559999999999961e-03
-1.264939999999999953e-01 1.321759999999999949e-02 -6.986660000000000093e-02 -1.691920000000000091e-01 -1.171969999999999956e-01 -3.108800000000000105e-02 -1.739570000000000005e-02 -2.253389999999999907e-02
-1.679130000000000067e-01 -3.967939999999999662e-02 -2.969209999999999905e-02 -9.935610000000000275e-02 -3.494409999999999877e-02 -6.305380000000000186e-03 -1.959800000000000040e-04 -2.354700000000000126e-01
-2.595859999999999834e-01 -4.440090000000000009e-02 8.311259999999999568e-04 -7.126920000000000477e-02 -1.140730000000000043e-02 1.251769999999999966e-02 -2.758630000000000249e-01 -8.035939999999999750e-02
-4.975770000000000193e-02 -1.943529999999999980e-01 -7.555630000000000679e-02 -3.025090000000000071e-02 1.785609999999999975e-03 -1.630020000000000080e-01 -2.518230000000000190e-01 -9.033789999999999876e-02
-1.919410000000000005e-01 -3.888369999999999882e-01 6.117339999999999757e-03 -1.006319999999999992e-01 -6.025699999999999806e-02 -2.874700000000000172e-02 -9.534819999999999407e-02 -6.606719999999999954e-03
4.993449999999999972e-02 3.233520000000000144e-03 9.554250000000000242e-03 -4.519019999999999981e-02 -9.938109999999999999e-02 -5.822850000000000248e-02 -2.927729999999999916e-02 3.651549999999999935e-02
-1.685019999999999921e-02 -4.228019999999999695e-02 -5.453709999999999808e-02 -1.307750000000000024e-01 -2.924760000000000137e-01 -6.960679999999999645e-02 -7.047340000000000028e-03 -2.853230000000000002e-02
2.630199999999999899e-02 -1.217000000000000026e-01 6.327180000000000304e-02 -5.258329999999999949e-02 -7.036630000000000315e-03 -8.665359999999999729e-02 -5.567169999999999758e-02 -8.396789999999999810e-02
-1.425960000000000005e-01 -2.117389999999999897e-02 -4.565740000000000076e-02 -4.207269999999999760e-02 4.737990000000000083e-03 -2.883849999999999955e-02 -3.208010000000000028e-02 3.001909999999999995e-04
-4.789240000000000164e-02 -3.665329999999999977e-02 2.120429999999999884e-02 -5.283449999999999952e-02 -2.457529999999999992e-01 3.486979999999999941e-02 -2.629050000000000137e-02 -2.290570000000000106e-01
-1.270510000000000085e-03 -4.738420000000000132e-02 -6.643409999999999593e-02 -3.479079999999999673e-02 -1.019100000000000006e-01 -5.912739999999999663e-02 -1.186610000000000026e-01 1.508250000000000042e-03
-4.965680000000000094e-02 -5.203970000000000123e-02 -1.039499999999999973e-02 5.847169999999999625e-03 -5.375690000000000329e-02 -1.604200000000000070e-01 -2.012960000000000027e-01 -3.472510000000000180e-02
-9.319379999999999331e-02 -2.549130000000000146e-02 -3.489529999999999715e-02 7.579670000000000157e-03 -8.781609999999999416e-02 -1.132110000000000061e-02 -1.194629999999999997e-02 -4.776249999999999940e-02
3.157499999999999890e-02 -2.290880000000000000e-02 -7.051559999999999773e-02 -5.938929999999999904e-02 -3.716040000000000315e-02 -1.413990000000000039e-02 -1.210449999999999998e-01 -1.934440000000000118e-02
1.985400000000000012e-02 -1.328119999999999995e-02 1.600290000000000046e-02 -9.706589999999999316e-03 7.218910000000000257e-03 1.129929999999999997e-02 -1.041429999999999960e-02 -3.265860000000000291e-02
-6.523270000000000457e-02 -2.337130000000000110e-02 -7.458099999999999452e-02 -1.974599999999999966e-02 -1.827579999999999830e-02 1.027639999999999977e-02 -1.134220000000000020e-02 -1.226750000000000063e-02
-2.794440000000000118e-02 2.681499999999999856e-03 -2.497370000000000059e-03 -6.183700000000000307e-02 -1.397930000000000006e-02 -7.852330000000000421e-02 -1.338010000000000067e-02 -2.082229999999999845e-02
-5.404819999999999763e-02 -2.095370000000000010e-01 -1.512259999999999993e-02 7.767159999999999950e-04 1.454130000000000006e-02 2.428410000000000204e-03 -2.425969999999999863e-02 -5.408400000000000013e-02
-2.063589999999999869e-01 6.452100000000000109e-04 2.630000000000000046e-02 -1.089180000000000009e-02 -2.190589999999999898e-02 -2.017029999999999865e-02 -1.824560000000000071e-02 -3.033500000000000085e-02
-5.436010000000000147e-02 -2.109739999999999949e-01 -2.890519999999999895e-02 -9.100179999999999381e-03 -1.157159999999999959e-02 -2.788480000000000125e-02 -5.069039999999999657e-02 -3.348519999999999969e-02
-2.357170000000000099e-01 -8.981770000000000032e-02 -6.035470000000000244e-03 1.754879999999999982e-02 -1.999180000000000054e-02 -4.917369999999999901e-03 -4.739020000000000038e-02 -3.944210000000000077e-02
1.973470000000000172e-03 -2.846790000000000084e-02 -2.688640000000000127e-02 -1.240150000000000002e-01 -7.148200000000000387e-02 -3.559989999999999682e-02 -5.784770000000000190e-02 -2.500729999999999967e-02
-1.355949999999999933e-01 -1.299259999999999998e-02 -5.021339999999999831e-02 -7.949670000000000347e-02 -3.088629999999999848e-02 -3.148549999999999960e-02 -1.584520000000000026e-02 -8.017230000000000190e-03
-2.007379999999999998e-01 -1.012569999999999963e-02 3.024620000000000086e-02 -3.061310000000000073e-02 -2.291769999999999918e-02 -3.501470000000000277e-02 -5.565080000000000027e-03 -1.877130000000000118e-02
-1.438450000000000006e-01 -6.791800000000000614e-02 -1.336840000000000077e-02 -1.929420000000000093e-02 -2.684810000000000148e-03 3.750489999999999987e-03 -9.080950000000000133e-02 -1.066730000000000039e-01
-1.195530000000000030e-02 -2.891689999999999885e-02 -5.589319999999999705e-02 -6.549280000000000206e-03 -1.477280000000000086e-02 -6.140220000000000053e-03 -6.634560000000000457e-02 -6.936660000000000048e-02
7.521769999999999672e-03 -5.735679999999999945e-03 1.673950000000000091e-02 -6.203050000000000230e-02 -1.031409999999999966e-02 1.106380000000000037e-02 -4.369499999999999773e-02 -1.649629999999999985e-01
-7.598880000000000131e-04 -4.971319999999999906e-02 -9.053320000000000117e-03 -1.411590000000000067e-01 -7.255649999999999600e-02 -4.148620000000000085e-02 -6.744039999999999757e-02 -7.783489999999999853e-02
1.494599999999999922e-02 -8.701449999999999463e-02 8.683220000000000174e-03 -1.051559999999999995e-01 4.247660000000000324e-03 -3.431010000000000071e-04 -6.540550000000000530e-02 -9.094159999999999744e-02
-1.958760000000000015e-02 -7.911870000000000014e-02 -2.578880000000000061e-02 -4.029169999999999974e-02 -2.173730000000000107e-02 -6.378419999999999923e-02 -6.738959999999999569e-03 -3.548609999999999959e-02
-3.148589999999999722e-02 -8.727880000000000360e-02 -9.093880000000000019e-02 -8.113779999999999604e-02 -1.447740000000000138e-01 -5.682320000000000253e-03 -5.978739999999999749e-02 -3.917879999999999974e-02
-9.803209999999999702e-03 -2.452649999999999969e-02 -4.137070000000000330e-02 -2.250339999999999979e-02 -7.664780000000000204e-02 -3.366140000000000104e-02 -2.039190000000000100e-02 -2.410020000000000131e-03
-6.983659999999999608e-04 -8.632020000000000665e-03 -1.063249999999999959e-02 -1.616779999999999953e-02 3.090949999999999861e-03 -4.579369999999999968e-02 -6.777469999999999328e-02 -1.200170000000000056e-02
-2.022919999999999927e-02 -2.066710000000000075e-02 -2.968660000000000049e-02 -3.356979999999999686e-02 -3.401289999999999869e-02 7.773269999999999659e-03 -1.039720000000000054e-02 -2.208349999999999896e-02
3.198490000000000014e-03 -2.728389999999999982e-02 -8.779659999999999895e-03 -4.027239999999999640e-03 -3.686360000000000331e-02 -7.377820000000000211e-03 -2.981879999999999947e-02 -2.530260000000000148e-02
-1.172860000000000048e-02 6.431709999999999988e-04 -3.573020000000000102e-03 -3.122070000000000053e-02 7.262969999999999669e-03 -4.175060000000000403e-03 -1.287450000000000053e-02 -1.883260000000000142e-02
1.441199999999999946e-02 -7.826970000000000802e-03 -7.618449999999999701e-03 -7.424329999999999818e-02 -1.248480000000000076e-02 -1.852279999999999899e-02 -2.863840000000000136e-02 -6.657159999999999640e-03
-1.728309999999999916e-02 -5.303279999999999626e-03 -1.356190000000000000e-02 -1.426679999999999962e-02 -1.372980000000000034e-02 -7.307310000000000194e-02 -1.603399999999999964e-02 -8.424180000000000557e-02
7.088930000000000231e-03 1.046640000000000070e-02 -2.338319999999999982e-02 -2.272630000000000136e-02 1.826289999999999858e-02 -1.083900000000000002e-01 -8.171240000000000447e-02 -3.808799999999999686e-02
-4.538999999999999979e-02 -6.735610000000000208e-02 -2.714559999999999890e-02 -2.016700000000000090e-02 -2.491039999999999921e-02 2.845279999999999945e-03 -2.977099999999999885e-02 -2.163759999999999989e-02
1.126729999999999919e-02 -1.168170000000000042e-01 -6.442459999999999853e-02 -6.727610000000000187e-03 -2.313229999999999887e-03 -1.769930000000000071e-03 -2.373489999999999975e-02 -3.214009999999999784e-02
-1.562579999999999872e-02 -8.483600000000000863e-03 -1.563759999999999976e-03 -1.106840000000000046e-01 -6.747039999999999982e-02 -1.823299999999999921e-02 5.471359999999999765e-03 3.449260000000000000e-03
-9.144660000000000288e-02 1.493619999999999974e-03 -6.017019999999999660e-03 -1.302550000000000062e-02 1.309050000000000079e-04 -2.205029999999999837e-02 -4.347349999999999826e-02 -3.252300000000000330e-02
-1.758869999999999878e-02 -7.259759999999999824e-02 -3.481970000000000204e-02 -7.105129999999999779e-02 -3.182240000000000069e-02 -1.725389999999999910e-02 -1.927749999999999950e-02 8.914139999999999217e-03
4.535909999999999768e-03 -2.366019999999999929e-03 -2.361479999999999829e-02 -1.203130000000000033e-01 -1.142600000000000039e-02 5.698589999999999905e-03 -1.148189999999999975e-02 -1.089030000000000033e-02
-2.182749999999999968e-02 -1.259829999999999978e-02 -5.598139999999999714e-03 -2.329940000000000136e-02 -2.293960000000000096e-02 -4.168800000000000283e-02 -1.020230000000000008e-03 -2.514140000000000125e-02
-1.778880000000000045e-02 -2.423799999999999913e-02 -2.313399999999999831e-02 -2.896910000000000110e-02 -4.265069999999999972e-02 -1.818169999999999856e-02 -2.208929999999999921e-02 -4.468140000000000306e-02
4.557310000000000180e-03 -1.820609999999999937e-02 -6.920569999999999500e-02 -3.417169999999999930e-02 -1.377500000000000113e-01 -5.527150000000000118e-02 -1.645900000000000054e-03 -1.417630000000000001e-01
-1.953560000000000019e-02 8.532440000000000510e-03 1.637320000000000051e-03 -1.483259999999999960e-02 -3.935179999999999928e-02 -1.771050000000000055e-02 -1.862520000000000148e-02 -3.232079999999999675e-02
-2.747199999999999989e-02 -5.544269999999999754e-02 2.478269999999999865e-03 -6.247629999999999677e-03 -7.480040000000000300e-04 -1.384690000000000053e-02 -8.544899999999999371e-03 -1.014220000000000052e-02
8.570360000000000825e-03 -2.738350000000000159e-02 -2.472569999999999976e-02 -8.988170000000000187e-03 -7.185150000000000391e-03 -6.648580000000000288e-03 -7.072680000000000633e-02 -3.819569999999999910e-02
-1.176319999999999970e-02 -7.678579999999999954e-03 -1.104450000000000050e-02 5.035269999999999677e-03 -5.344209999999999933e-02 -3.605219999999999952e-02 -1.764139999999999979e-03 -2.583979999999999957e-02
-2.041789999999999924e-02 -1.320699999999999999e-02 7.393349999999999922e-03 9.249189999999999148e-03 -2.730749999999999844e-02 7.587059999999999638e-03 -4.169969999999999927e-02 -2.850239999999999978e-03
2.604430000000000026e-03 -4.139709999999999918e-02 -2.429749999999999965e-02 1.201890000000000076e-02 2.285440000000000128e-03 4.659049999999999650e-03 -1.188149999999999970e-02 -1.026849999999999985e-02
-3.615870000000000195e-02 -5.044589999999999838e-03 -5.315430000000000155e-02 -1.489279999999999944e-02 -9.136000000000000024e-03 -3.038060000000000066e-02 -4.681310000000000332e-02 -2.858439999999999939e-02
-5.536270000000000253e-03 -3.558100000000000152e-02 -2.735900000000000137e-02 -8.256799999999999903e-03 1.912489999999999980e-03 -1.346600000000000054e-02 -1.395589999999999938e-03 -1.814539999999999903e-02
-1.969519999999999951e-02 -5.324530000000000061e-03 -2.129959999999999840e-02 -2.366669999999999885e-02 -2.428179999999999922e-02 -5.996389999999999880e-03 -3.155469999999999803e-02 2.979700000000000057e-02
-6.980769999999999857e-03 -7.473460000000000346e-03 -3.743509999999999806e-03 -8.707450000000000259e-03 6.559499999999999793e-04 -2.792990000000000056e-02 -3.161069999999999852e-02 -2.651059999999999875e-02
-2.125480000000000078e-02 -4.543669999999999654e-02 -4.336220000000000005e-03 -1.380229999999999999e-02 -6.690860000000000514e-04 -2.158479999999999947e-03 -2.555520000000000014e-02 -1.154729999999999993e-02
-1.104630000000000022e-02 -1.911080000000000070e-02 8.079589999999999342e-03 -2.573560000000000084e-02 4.107679999999999838e-03 -1.288929999999999937e-02 -3.401660000000000100e-02 7.564300000000000364e-03
-1.029120000000000035e-02 1.025079999999999915e-02 -1.274480000000000057e-02 1.688680000000000042e-02 7.289320000000000174e-03 -6.282609999999999584e-02 -1.654059999999999905e-02 -8.244210000000000080e-03
2.860479999999999880e-03 -1.011409999999999913e-02 -7.260380000000000306e-03 -1.589379999999999959e-02 -6.958240000000000518e-04 -1.782519999999999938e-02 -1.622950000000000087e-02 1.598150000000000005e-03
-7.346479999999999851e-03 -1.577660000000000173e-02 6.499790000000000081e-03 -3.146510000000000279e-02 -2.272319999999999895e-02 5.193860000000000447e-04 -1.658219999999999833e-02 -1.067330000000000015e-02
-4.945960000000000113e-03 1.669119999999999979e-02 -1.129020000000000024e-02 3.245490000000000180e-03 -3.019969999999999859e-03 -1.922070000000000028e-02 1.077939999999999975e-02 -2.244710000000000108e-02
-3.092450000000000060e-02 -9.837109999999999604e-03 -2.710919999999999996e-02 1.434429999999999993e-03 -4.294760000000000244e-02 -1.205799999999999927e-02 -2.566430000000000100e-02 -3.004410000000000067e-02
-1.471970000000000049e-02 -2.228379999999999944e-02 -9.764899999999999969e-03 1.275949999999999871e-04 -3.945180000000000388e-03 -2.870719999999999869e-02 7.204659999999999884e-03 -7.739949999999999782e-03
3.016050000000000154e-03 8.235879999999999243e-03 -2.047619999999999996e-02 -1.946820000000000148e-02 -6.387520000000000264e-04 -6.916750000000000155e-03 -1.550160000000000080e-02 -1.287229999999999971e-02
-1.128460000000000053e-02 7.191549999999999679e-03 -7.044240000000000224e-03 -4.323660000000000003e-02 -5.663920000000000239e-03 -5.011170000000000208e-02 -3.037750000000000172e-02 -2.987659999999999969e-02
-2.556200000000000139e-02 -3.142750000000000144e-03 -5.292489999999999695e-02 -1.758030000000000009e-02 1.710120000000000043e-02 -4.926969999999999961e-02 -1.775540000000000104e-02 -1.454740000000000026e-02
-5.593560000000000025e-03 -8.344930000000000403e-03 1.809480000000000116e-02 -2.666140000000000003e-03 -7.138860000000000344e-03 -9.881110000000000240e-03 -1.045779999999999973e-02 -1.199040000000000002e-02
-4.909979999999999900e-02 -5.156909999999999966e-02 2.543650000000000078e-02 -2.037660000000000166e-02 -3.515309999999999963e-02 -1.048750000000000029e-02 -7.429049999999999760e-04 -6.259589999999999772e-03
-1.351379999999999942e-02 -1.124310000000000066e-02 -1.632790000000000066e-03 -3.321389999999999759e-02 -2.501199999999999951e-02 5.812460000000000196e-03 -7.132229999999999820e-03 1.487109999999999994e-02
7.031620000000000145e-04 -1.362739999999999958e-02 -9.453559999999999741e-03 8.648289999999999450e-03 1.013569999999999922e-02 -8.810930000000000021e-05 2.014180000000000137e-02 1.128750000000000066e-02
