9.824619999999999465e-01 9.786759999999999904e-01 9.747360000000000468e-01 9.758080000000000087e-01 9.708290000000000530e-01 9.783560000000000034e-01 9.827059999999999684e-01 9.755709999999999660e-01
9.821260000000000545e-01 9.790879999999999583e-01 9.102989999999999693e-01 9.689640000000000475e-01 9.785530000000000062e-01 9.782250000000000112e-01 9.787299999999999889e-01 9.868029999999999857e-01
9.846049999999999525e-01 9.721229999999999594e-01 9.548410000000000508e-01 9.789379999999999749e-01 9.820370000000000488e-01 8.900109999999999966e-01 9.761819999999999942e-01 9.814110000000000333e-01
9.791590000000000016e-01 9.941109999999999669e-01 9.815270000000000383e-01 9.676350000000000229e-01 9.780959999999999654e-01 9.646559999999999580e-01 9.551260000000000305e-01 9.747419999999999973e-01
9.773009999999999753e-01 9.790119999999999933e-01 9.201359999999999539e-01 9.714559999999999862e-01 9.848729999999999984e-01 9.763939999999999841e-01 9.817160000000000331e-01 9.727930000000000188e-01
9.797139999999999738e-01 9.562289999999999957e-01 9.606580000000000119e-01 9.695070000000000077e-01 9.967770000000000241e-01 9.635230000000000183e-01 9.232479999999999576e-01 9.777529999999999832e-01
9.815589999999999593e-01 9.770459999999999701e-01 9.742570000000000396e-01 9.777749999999999497e-01 9.667719999999999647e-01 9.730010000000000048e-01 9.797970000000000290e-01 9.827599999999999669e-01
9.791929999999999801e-01 9.775059999999999860e-01 9.725530000000000008e-01 9.822769999999999557e-01 9.809529999999999639e-01 9.803840000000000332e-01 9.452930000000000499e-01 9.792579999999999618e-01
9.648170000000000357e-01 9.718970000000000109e-01 9.793730000000000491e-01 9.614639999999999853e-01 9.741619999999999724e-01 9.712370000000000170e-01 9.803049999999999820e-01 9.663990000000000080e-01
9.816350000000000353e-01 9.810630000000000184e-01 9.754720000000000057e-01 9.747160000000000268e-01 9.800510000000000055e-01 9.773469999999999658e-01 9.746629999999999461e-01 9.783730000000000482e-01
9.741440000000000099e-01 9.889240000000000252e-01 9.777979999999999450e-01 9.775000000000000355e-01 9.787780000000000369e-01 9.788170000000000481e-01 9.760809999999999764e-01 9.924939999999999873e-01
9.787460000000000049e-01 9.785070000000000157e-01 9.847690000000000055e-01 9.576780000000000292e-01 9.745000000000000329e-01 9.777989999999999737e-01 9.777559999999999585e-01 9.733309999999999462e-01
9.625230000000000175e-01 9.808230000000000004e-01 9.797869999999999635e-01 9.842750000000000110e-01 9.844110000000000360e-01 9.796850000000000280e-01 9.844319999999999737e-01 9.754690000000000305e-01
9.612579999999999458e-01 9.997270000000000323e-01 9.811549999999999994e-01 9.802929999999999700e-01 9.836160000000000458e-01 9.768989999999999618e-01 9.857190000000000119e-01 9.825000000000000400e-01
9.787550000000000416e-01 9.769259999999999611e-01 9.837350000000000261e-01 9.800499999999999767e-01 9.855350000000000499e-01 9.805399999999999672e-01 9.746000000000000218e-01 9.521450000000000191e-01
9.768599999999999506e-01 9.739389999999999992e-01 9.699759999999999494e-01 9.739839999999999609e-01 9.738010000000000277e-01 9.745239999999999458e-01 9.838660000000000183e-01 9.830780000000000074e-01
9.763479999999999936e-01 9.801499999999999657e-01 9.782309999999999617e-01 9.746129999999999516e-01 9.783359999999999834e-01 9.804220000000000157e-01 9.750220000000000553e-01 9.771440000000000126e-01
9.842659999999999743e-01 9.727949999999999653e-01 9.756470000000000420e-01 9.787590000000000456e-01 9.786979999999999569e-01 9.835340000000000193e-01 9.784230000000000427e-01 9.791260000000000518e-01
9.758480000000000487e-01 9.751199999999999868e-01 9.891020000000000367e-01 9.795469999999999455e-01 9.834950000000000081e-01 9.698710000000000386e-01 9.773380000000000400e-01 9.743110000000000381e-01
9.791159999999999863e-01 9.852729999999999544e-01 9.800830000000000375e-01 9.797289999999999610e-01 9.805449999999999999e-01 9.830069999999999641e-01 9.522739999999999538e-01 9.790759999999999463e-01
9.087910000000000155e-01 9.672340000000000382e-01 9.742349999999999621e-01 9.879240000000000244e-01 9.813429999999999653e-01 9.759189999999999809e-01 9.757019999999999582e-01 9.792509999999999826e-01
9.744239999999999569e-01 9.729419999999999735e-01 9.876829999999999776e-01 9.804659999999999487e-01 9.900250000000000439e-01 9.812720000000000331e-01 9.727799999999999780e-01 9.812659999999999716e-01
9.839419999999999833e-01 9.753349999999999520e-01 9.817040000000000211e-01 9.838259999999999783e-01 9.812309999999999643e-01 8.946030000000000371e-01 9.831509999999999971e-01 9.777019999999999600e-01
9.764890000000000514e-01 9.622699999999999587e-01 9.970919999999999783e-01 9.726730000000000098e-01 9.777200000000000335e-01 9.783319999999999794e-01 9.772049999999999903e-01 9.760069999999999579e-01
9.781389999999999807e-01 9.800590000000000135e-01 9.955230000000000468e-01 9.785220000000000029e-01 9.781480000000000175e-01 9.819579999999999975e-01 9.769980000000000331e-01 8.958380000000000232e-01
9.756690000000000085e-01 9.812210000000000099e-01 9.760020000000000362e-01 9.668339999999999712e-01 9.779539999999999900e-01 9.707059999999999578e-01 9.843119999999999647e-01 9.781859999999999999e-01
9.946019999999999861e-01 9.643080000000000540e-01 9.881969999999999921e-01 9.833229999999999471e-01 9.807249999999999579e-01 9.741220000000000434e-01 9.663829999999999920e-01 9.768400000000000416e-01
9.776340000000000030e-01 9.730959999999999610e-01 9.764399999999999746e-01 9.740079999999999849e-01 9.530790000000000095e-01 9.826099999999999834e-01 9.732210000000000027e-01 9.781180000000000430e-01
9.864669999999999828e-01 9.733549999999999702e-01 9.802619999999999667e-01 9.774129999999999763e-01 9.812189999999999523e-01 8.846220000000000194e-01 9.809269999999999934e-01 9.547999999999999821e-01
9.786869999999999736e-01 9.866089999999999582e-01 9.781769999999999632e-01 9.963279999999999914e-01 9.780759999999999454e-01 9.794410000000000061e-01 9.661760000000000348e-01 9.830189999999999761e-01
9.741950000000000331e-01 9.854289999999999994e-01 9.794150000000000356e-01 9.149479999999999835e-01 9.814570000000000238e-01 9.904699999999999616e-01 9.201920000000000099e-01 9.816019999999999746e-01
9.805810000000000359e-01 9.748280000000000278e-01 9.733070000000000332e-01 9.922800000000000509e-01 9.773020000000000040e-01 9.809029999999999694e-01 9.640140000000000375e-01 9.707209999999999450e-01
9.726879999999999971e-01 9.797740000000000338e-01 9.782729999999999482e-01 9.824859999999999705e-01 9.756650000000000045e-01 9.740769999999999706e-01 9.742619999999999614e-01 9.768430000000000168e-01
9.816219999999999946e-01 9.768580000000000041e-01 9.832210000000000116e-01 9.769170000000000353e-01 9.787479999999999514e-01 9.742319999999999869e-01 9.864420000000000410e-01 9.780600000000000405e-01
9.877200000000000424e-01 9.813760000000000261e-01 9.758109999999999840e-01 9.774929999999999453e-01 9.639820000000000055e-01 9.782579999999999609e-01 9.781609999999999472e-01 9.815599999999999881e-01
9.716799999999999882e-01 9.736580000000000235e-01 9.653279999999999639e-01 9.810349999999999904e-01 9.864589999999999748e-01 9.819579999999999975e-01 9.827139999999999764e-01 9.770780000000000021e-01
9.978869999999999685e-01 9.956770000000000342e-01 9.744629999999999681e-01 9.908620000000000205e-01 9.829299999999999704e-01 9.896190000000000264e-01 9.350509999999999655e-01 9.690600000000000325e-01
9.740109999999999602e-01 9.812380000000000546e-01 9.768369999999999553e-01 9.879890000000000061e-01 9.765340000000000131e-01 9.787949999999999706e-01 9.645829999999999682e-01 9.780689999999999662e-01
9.813910000000000133e-01 9.714310000000000445e-01 9.822410000000000307e-01 9.733319999999999750e-01 9.788320000000000354e-01 9.565700000000000314e-01 9.842340000000000533e-01 9.779539999999999900e-01
9.780219999999999470e-01 9.759430000000000049e-01 9.759339999999999682e-01 9.778109999999999857e-01 9.675359999999999516e-01 9.730569999999999498e-01 9.739700000000000024e-01 9.765930000000000444e-01
9.968960000000000043e-01 9.680100000000000371e-01 9.872060000000000279e-01 9.770119999999999916e-01 9.632490000000000219e-01 9.761940000000000062e-01 9.768970000000000153e-01 9.774370000000000003e-01
9.759339999999999682e-01 9.759020000000000472e-01 9.793819999999999748e-01 9.848510000000000320e-01 9.743450000000000166e-01 9.720020000000000326e-01 9.637609999999999788e-01 9.745639999999999858e-01
9.807069999999999954e-01 9.784990000000000077e-01 9.801720000000000432e-01 9.842060000000000253e-01 9.794730000000000381e-01 9.711830000000000185e-01 9.773709999999999898e-01 9.785829999999999806e-01
9.769039999999999946e-01 9.728560000000000541e-01 9.851969999999999894e-01 9.761109999999999509e-01 9.763979999999999881e-01 9.821889999999999787e-01 9.791009999999999991e-01 9.808230000000000004e-01
9.873389999999999667e-01 9.627529999999999699e-01 9.731899999999999995e-01 9.754000000000000448e-01 9.815779999999999506e-01 9.722300000000000386e-01 9.784559999999999924e-01 9.838339999999999863e-01
9.772070000000000478e-01 9.769879999999999676e-01 9.779149999999999787e-01 9.785000000000000364e-01 9.806639999999999802e-01 9.805920000000000192e-01 9.810130000000000239e-01 9.760760000000000547e-01
9.938559999999999617e-01 9.827690000000000037e-01 9.766409999999999814e-01 9.768210000000000504e-01 9.772640000000000216e-01 9.786660000000000359e-01 9.504960000000000075e-01 9.795469999999999455e-01
9.811119999999999841e-01 9.785310000000000397e-01 9.773330000000000073e-01 9.793070000000000386e-01 9.737609999999999877e-01 9.824920000000000320e-01 9.719419999999999726e-01 9.771739999999999871e-01
9.775329999999999853e-01 9.784530000000000172e-01 9.754450000000000065e-01 9.740720000000000489e-01 9.775179999999999980e-01 9.754760000000000097e-01 9.844429999999999570e-01 9.744209999999999816e-01
9.736120000000000330e-01 9.792539999999999578e-01 9.749079999999999968e-01 9.971349999999999936e-01 9.748240000000000238e-01 9.750379999999999603e-01 9.829430000000000112e-01 9.757149999999999990e-01
9.762990000000000279e-01 9.895289999999999919e-01 9.781649999999999512e-01 9.779210000000000402e-01 9.619769999999999710e-01 9.770969999999999933e-01 9.760229999999999739e-01 9.299950000000000161e-01
9.843030000000000390e-01 9.769400000000000306e-01 9.807280000000000442e-01 9.796230000000000215e-01 9.732129999999999947e-01 9.731840000000000490e-01 9.785460000000000269e-01 9.897960000000000091e-01
9.548990000000000533e-01 9.805439999999999712e-01 9.771699999999999831e-01 9.744890000000000496e-01 9.745359999999999578e-01 9.796160000000000423e-01 9.761079999999999757e-01 9.840929999999999955e-01
9.798240000000000283e-01 9.805789999999999784e-01 9.816890000000000338e-01 8.695399999999999796e-01 9.761090000000000044e-01 9.784969999999999501e-01 9.750980000000000203e-01 9.799069999999999725e-01
9.767980000000000551e-01 9.720959999999999601e-01 9.835490000000000066e-01 9.840090000000000225e-01 9.783469999999999667e-01 9.742429999999999701e-01 9.881199999999999983e-01 9.795129999999999670e-01
9.800259999999999527e-01 9.788270000000000026e-01 9.826519999999999699e-01 9.744629999999999681e-01 9.743979999999999864e-01 9.766789999999999639e-01 9.755310000000000370e-01 9.792220000000000368e-01
9.753720000000000168e-01 9.655629999999999491e-01 9.811450000000000449e-01 9.810440000000000271e-01 9.774450000000000083e-01 9.805859999999999577e-01 9.799839999999999662e-01 9.785960000000000214e-01
9.749659999999999993e-01 9.787850000000000161e-01 9.756709999999999550e-01 9.717529999999999779e-01 9.771349999999999758e-01 9.789139999999999509e-01 9.811990000000000434e-01 9.697850000000000081e-01
9.675080000000000346e-01 9.728970000000000118e-01 9.763870000000000049e-01 9.950130000000000363e-01 9.771990000000000398e-01 9.864889999999999493e-01 9.786010000000000542e-01 9.867359999999999465e-01
9.790330000000000421e-01 9.720109999999999584e-01 9.793370000000000131e-01 9.836409999999999876e-01 9.781649999999999512e-01 9.546270000000000033e-01 9.755099999999999882e-01 9.628539999999999877e-01
9.794239999999999613e-01 9.775460000000000260e-01 9.743490000000000206e-01 9.778050000000000352e-01 9.871490000000000542e-01 9.886049999999999560e-01 9.762300000000000422e-01 9.728130000000000388e-01
9.740159999999999929e-01 9.793809999999999460e-01 9.754570000000000185e-01 9.748160000000000158e-01 9.807660000000000267e-01 9.786650000000000071e-01 9.817799999999999860e-01 9.773880000000000345e-01
9.754059999999999953e-01 8.925009999999999888e-01 9.763279999999999736e-01 9.658440000000000358e-01 9.810910000000000464e-01 9.890010000000000190e-01 9.873380000000000489e-01 9.650840000000000529e-01
9.845350000000000490e-01 9.902950000000000363e-01 9.739480000000000359e-01 9.830710000000000282e-01 9.742680000000000229e-01 9.457910000000000483e-01 9.703500000000000458e-01 9.759849999999999914e-01
9.665190000000000170e-01 9.791469999999999896e-01 9.745329999999999826e-01 9.785740000000000549e-01 9.861290000000000333e-01 9.843859999999999832e-01 8.175599999999999534e-01 9.800900000000000167e-01
9.722849999999999548e-01 9.683920000000000305e-01 9.795789999999999775e-01 9.939350000000000129e-01 9.682889999999999553e-01 9.847219999999999862e-01 9.798280000000000323e-01 8.929300000000000015e-01
9.708949999999999525e-01 9.732070000000000443e-01 9.781180000000000430e-01 9.847280000000000477e-01 9.693640000000000034e-01 9.764599999999999946e-01 9.769339999999999691e-01 9.718430000000000124e-01
9.760590000000000099e-01 9.393519999999999648e-01 9.803990000000000204e-01 9.784089999999999732e-01 9.761469999999999869e-01 9.812429999999999763e-01 9.762760000000000327e-01 9.792849999999999611e-01
9.736460000000000115e-01 9.757590000000000430e-01 6.929720000000000324e-01 9.856380000000000141e-01 9.595869999999999678e-01 9.795880000000000143e-01 9.812809999999999588e-01 9.815230000000000343e-01
9.776909999999999767e-01 9.770550000000000068e-01 9.730029999999999513e-01 9.758639999999999537e-01 9.755960000000000187e-01 9.844610000000000305e-01 9.852419999999999511e-01 9.818569999999999798e-01
9.734770000000000367e-01 9.779889999999999972e-01 9.771750000000000158e-01 9.817510000000000403e-01 9.835490000000000066e-01 9.857390000000000319e-01 9.830830000000000402e-01 9.968890000000000251e-01
9.770600000000000396e-01 9.760820000000000052e-01 9.813279999999999781e-01 9.763840000000000297e-01 9.769750000000000378e-01 9.854760000000000186e-01 9.684139999999999970e-01 9.925800000000000178e-01
9.748350000000000071e-01 9.751180000000000403e-01 9.908569999999999878e-01 9.288619999999999655e-01 9.730799999999999450e-01 9.779029999999999667e-01 9.744329999999999936e-01 9.774420000000000330e-01
9.812049999999999939e-01 9.766839999999999966e-01 9.723340000000000316e-01 9.776500000000000190e-01 9.775610000000000133e-01 9.758999999999999897e-01 9.865040000000000475e-01 8.902219999999999578e-01
9.889890000000000070e-01 9.792899999999999938e-01 9.715770000000000239e-01 9.788000000000000034e-01 9.669980000000000242e-01 9.781990000000000407e-01 9.751670000000000060e-01 9.820250000000000368e-01
9.756160000000000387e-01 9.577959999999999807e-01 9.827240000000000419e-01 9.782060000000000199e-01 9.794770000000000421e-01 9.752640000000000198e-01 9.674399999999999666e-01 9.314099999999999602e-01
9.772309999999999608e-01 9.545810000000000128e-01 9.688860000000000250e-01 9.863079999999999625e-01 9.752150000000000540e-01 9.803199999999999692e-01 9.815850000000000408e-01 9.799839999999999662e-01
9.795059999999999878e-01 9.948240000000000416e-01 9.609389999999999876e-01 9.767019999999999591e-01 9.815199999999999481e-01 9.813279999999999781e-01 9.663340000000000263e-01 9.807280000000000442e-01
8.726749999999999785e-01 9.805359999999999632e-01 9.779830000000000467e-01 9.778170000000000472e-01 9.773260000000000280e-01 9.804150000000000365e-01 9.886040000000000383e-01 9.888500000000000068e-01
9.931189999999999740e-01 9.807540000000000147e-01 9.801499999999999657e-01 9.775949999999999918e-01 9.781130000000000102e-01 9.758710000000000440e-01 9.744000000000000439e-01 9.764540000000000441e-01
9.818940000000000445e-01 9.786629999999999496e-01 9.747630000000000461e-01 9.907989999999999853e-01 9.516360000000000374e-01 9.967580000000000329e-01 9.645780000000000465e-01 9.755989999999999940e-01
9.846759999999999957e-01 9.807960000000000012e-01 9.722180000000000266e-01 9.840060000000000473e-01 9.832579999999999654e-01 9.777789999999999537e-01 9.749719999999999498e-01 9.681380000000000541e-01
9.851539999999999742e-01 9.837749999999999551e-01 9.257339999999999458e-01 9.707550000000000345e-01 9.656099999999999683e-01 9.790780000000000038e-01 9.783519999999999994e-01 9.790250000000000341e-01
9.785089999999999621e-01 9.772420000000000551e-01 9.829630000000000312e-01 9.707740000000000258e-01 9.853629999999999889e-01 9.814310000000000533e-01 9.670039999999999747e-01 8.781330000000000524e-01
9.751030000000000530e-01 9.752699999999999703e-01 9.632380000000000386e-01 9.610159999999999814e-01 9.899869999999999504e-01 9.779489999999999572e-01 9.711419999999999497e-01 9.696409999999999751e-01
9.722169999999999979e-01 9.852170000000000094e-01 9.792260000000000408e-01 9.763570000000000304e-01 9.639499999999999735e-01 9.657130000000000436e-01 9.863150000000000528e-01 9.517700000000000049e-01
9.823520000000000030e-01 9.771320000000000006e-01 9.764920000000000266e-01 9.662250000000000005e-01 9.470800000000000329e-01 9.673159999999999537e-01 9.765610000000000124e-01 9.826070000000000082e-01
9.869179999999999620e-01 9.804460000000000397e-01 9.749790000000000401e-01 9.768520000000000536e-01 9.386849999999999916e-01 9.788890000000000091e-01 9.800510000000000055e-01 9.771069999999999478e-01
9.755350000000000410e-01 9.863119999999999665e-01 9.783530000000000282e-01 9.526820000000000288e-01 9.799499999999999877e-01 9.832279999999999909e-01 9.769470000000000098e-01 9.823539999999999495e-01
9.706040000000000223e-01 9.992130000000000178e-01 9.804990000000000094e-01 9.776240000000000485e-01 9.745960000000000178e-01 9.764310000000000489e-01 9.742769999999999486e-01 9.814869999999999983e-01
9.772070000000000478e-01 9.839799999999999658e-01 9.838930000000000176e-01 9.481410000000000116e-01 9.848479999999999457e-01 9.838970000000000216e-01 9.161470000000000447e-01 9.786939999999999529e-01
9.824300000000000255e-01 9.740330000000000377e-01 9.934169999999999945e-01 9.808040000000000092e-01 9.743789999999999951e-01 9.743669999999999831e-01 9.656660000000000244e-01 9.793110000000000426e-01
9.459330000000000238e-01 9.740720000000000489e-01 9.793979999999999908e-01 9.998409999999999798e-01 9.188929999999999598e-01 9.772349999999999648e-01 9.749299999999999633e-01 9.779609999999999692e-01
9.706050000000000511e-01 9.646909999999999652e-01 9.801980000000000137e-01 9.863750000000000018e-01 9.692749999999999977e-01 9.602309999999999457e-01 9.565919999999999979e-01 9.757510000000000350e-01
9.770029999999999548e-01 9.706289999999999640e-01 9.935450000000000115e-01 9.771840000000000526e-01 9.690260000000000540e-01 9.795380000000000198e-01 9.701309999999999656e-01 9.831410000000000426e-01
9.729729999999999768e-01 9.822680000000000300e-01 9.884579999999999478e-01 9.675869999999999749e-01 9.766280000000000516e-01 9.437929999999999930e-01 9.777609999999999912e-01 9.767709999999999448e-01
9.668320000000000247e-01 9.790879999999999583e-01 9.586689999999999934e-01 9.904410000000000158e-01 9.844439999999999857e-01 9.792180000000000328e-01 9.670919999999999517e-01 9.687639999999999585e-01
9.768219999999999681e-01 9.734639999999999960e-01 9.653580000000000494e-01 9.826040000000000330e-01 9.795030000000000125e-01 9.773450000000000193e-01 9.878890000000000171e-01 9.493840000000000057e-01
9.814479999999999871e-01 9.777749999999999497e-01 9.751809999999999645e-01 9.737820000000000364e-01 9.789280000000000204e-01 9.777249999999999552e-01 9.781290000000000262e-01 9.866319999999999535e-01
9.748529999999999696e-01 9.771030000000000548e-01 9.723519999999999941e-01 9.783560000000000034e-01 9.849200000000000177e-01 9.788139999999999619e-01 9.807399999999999451e-01 9.764559999999999906e-01
9.761400000000000077e-01 9.799339999999999717e-01 9.798839999999999772e-01 9.796949999999999825e-01 9.506949999999999568e-01 9.632220000000000226e-01 9.780729999999999702e-01 9.797219999999999818e-01
9.832130000000000036e-01 9.786759999999999904e-01 8.827070000000000194e-01 9.804239999999999622e-01 9.806660000000000377e-01 9.674110000000000209e-01 9.774730000000000363e-01 9.767190000000000039e-01
9.754260000000000153e-01 9.674439999999999706e-01 9.349739999999999718e-01 9.806799999999999962e-01 9.732210000000000027e-01 9.697909999999999586e-01 9.781859999999999999e-01 9.869599999999999485e-01
9.317760000000000487e-01 9.730609999999999538e-01 9.799970000000000070e-01 9.797280000000000433e-01 9.968139999999999779e-01 9.775859999999999550e-01 9.637909999999999533e-01 9.795500000000000318e-01
9.776179999999999870e-01 9.564540000000000264e-01 9.732570000000000388e-01 9.805500000000000327e-01 9.856120000000000436e-01 9.874690000000000412e-01 9.746080000000000298e-01 9.754460000000000353e-01
8.934870000000000312e-01 9.669640000000000457e-01 9.810919999999999641e-01 9.837860000000000493e-01 9.742079999999999629e-01 9.662340000000000373e-01 9.875380000000000269e-01 9.821069999999999522e-01
9.845220000000000082e-01 9.784140000000000059e-01 9.802929999999999700e-01 9.843169999999999975e-01 9.811269999999999714e-01 9.939419999999999922e-01 9.785479999999999734e-01 9.751260000000000483e-01
9.228399999999999936e-01 9.787609999999999921e-01 9.766650000000000054e-01 9.182559999999999611e-01 9.808010000000000339e-01 9.801039999999999752e-01 9.745540000000000314e-01 9.691290000000000182e-01
9.822109999999999452e-01 9.798639999999999572e-01 9.863610000000000433e-01 9.798719999999999652e-01 9.656580000000000163e-01 9.792110000000000536e-01 9.780379999999999630e-01 9.803730000000000500e-01
9.655299999999999994e-01 9.721579999999999666e-01 9.743399999999999839e-01 9.780200000000000005e-01 9.756620000000000292e-01 9.741539999999999644e-01 9.769010000000000193e-01 9.747080000000000188e-01
9.742330000000000156e-01 9.805559999999999832e-01 9.937759999999999927e-01 9.765099999999999891e-01 9.786949999999999816e-01 9.829980000000000384e-01 9.978460000000000107e-01 9.769050000000000233e-01
9.792589999999999906e-01 9.816730000000000178e-01 9.772650000000000503e-01 9.747059999999999613e-01 9.756569999999999965e-01 9.741819999999999924e-01 9.810320000000000151e-01 9.876120000000000454e-01
9.841640000000000388e-01 9.809369999999999479e-01 9.736059999999999715e-01 9.798280000000000323e-01 9.860130000000000283e-01 9.795340000000000158e-01 9.632150000000000434e-01 9.834880000000000289e-01
9.873349999999999627e-01 9.777390000000000247e-01 9.768480000000000496e-01 9.764129999999999754e-01 9.881299999999999528e-01 9.795129999999999670e-01 9.805249999999999799e-01 9.957540000000000280e-01
9.837050000000000516e-01 9.743429999999999591e-01 9.815739999999999466e-01 9.788179999999999659e-01 9.823129999999999917e-01 9.859149999999999858e-01 9.824789999999999912e-01 9.080559999999999743e-01
9.513409999999999922e-01 9.691380000000000550e-01 9.729130000000000278e-01 9.721269999999999634e-01 9.795040000000000413e-01 9.779440000000000355e-01 9.790020000000000389e-01 9.899219999999999686e-01
9.985270000000000534e-01 9.790100000000000469e-01 9.869740000000000180e-01 9.758850000000000025e-01 9.778289999999999482e-01 9.708639999999999493e-01 9.740550000000000042e-01 9.853150000000000519e-01
9.791119999999999823e-01 9.827850000000000197e-01 9.817879999999999940e-01 9.571950000000000180e-01 9.784279999999999644e-01 9.804450000000000109e-01 9.748569999999999736e-01 9.818649999999999878e-01
9.793819999999999748e-01 9.744369999999999976e-01 9.727240000000000331e-01 9.889710000000000445e-01 9.834810000000000496e-01 9.613650000000000251e-01 9.660720000000000418e-01 9.760699999999999932e-01
9.765420000000000211e-01 9.562460000000000404e-01 9.833509999999999751e-01 9.811680000000000401e-01 9.837270000000000181e-01 9.659200000000000008e-01 9.785540000000000349e-01 9.736639999999999739e-01
9.844030000000000280e-01 9.785369999999999902e-01 9.804340000000000277e-01 9.761929999999999774e-01 9.799010000000000220e-01 9.744709999999999761e-01 9.839740000000000153e-01 9.784559999999999924e-01
8.874840000000000506e-01 9.693739999999999579e-01 9.415369999999999573e-01 9.866840000000000055e-01 9.802939999999999987e-01 9.837089999999999446e-01 9.820320000000000160e-01 9.794469999999999565e-01
9.757470000000000310e-01 9.814049999999999718e-01 9.792710000000000026e-01 9.831020000000000314e-01 9.788210000000000521e-01 9.832600000000000229e-01 9.464620000000000255e-01 9.657390000000000141e-01
9.770670000000000188e-01 9.730569999999999498e-01 9.726289999999999658e-01 9.770010000000000083e-01 9.579910000000000370e-01 9.560760000000000369e-01 9.773830000000000018e-01 9.776970000000000383e-01
9.726399999999999491e-01 9.765179999999999971e-01 9.638809999999999878e-01 9.878419999999999979e-01 9.839590000000000281e-01 9.703180000000000138e-01 9.765129999999999644e-01 9.784380000000000299e-01
9.372369999999999868e-01 9.788270000000000026e-01 9.710649999999999560e-01 9.771400000000000086e-01 9.817479999999999540e-01 9.750919999999999588e-01 9.798630000000000395e-01 9.820200000000000040e-01
9.735070000000000112e-01 9.750729999999999675e-01 9.740100000000000424e-01 9.746879999999999988e-01 9.738999999999999879e-01 9.754650000000000265e-01 9.742669999999999941e-01 9.766989999999999839e-01
9.738839999999999719e-01 9.986220000000000097e-01 9.823739999999999695e-01 9.395909999999999540e-01 9.792469999999999786e-01 9.726200000000000401e-01 9.888470000000000315e-01 9.559689999999999577e-01
9.537440000000000362e-01 9.771739999999999871e-01 9.834779999999999633e-01 9.678830000000000489e-01 9.376999999999999780e-01 9.622309999999999475e-01 9.814329999999999998e-01 9.776690000000000103e-01
9.627010000000000289e-01 9.874049999999999772e-01 9.809050000000000269e-01 9.816089999999999538e-01 9.769139999999999491e-01 9.776240000000000485e-01 9.767869999999999608e-01 9.745040000000000369e-01
9.765460000000000251e-01 9.763600000000000056e-01 9.618320000000000203e-01 9.779409999999999492e-01 9.746890000000000276e-01 7.813719999999999555e-01 9.785899999999999599e-01 9.788400000000000434e-01
9.728229999999999933e-01 9.750699999999999923e-01 9.812239999999999851e-01 9.867939999999999490e-01 9.759940000000000282e-01 9.756569999999999965e-01 9.785850000000000382e-01 9.770910000000000428e-01
9.792020000000000168e-01 9.677400000000000446e-01 9.767479999999999496e-01 9.920499999999999874e-01 9.675770000000000204e-01 9.687010000000000343e-01 9.547440000000000371e-01 9.783119999999999594e-01
9.610969999999999791e-01 9.786979999999999569e-01 9.807399999999999451e-01 9.816920000000000091e-01 9.755340000000000122e-01 9.980700000000000127e-01 9.738419999999999854e-01 9.564460000000000184e-01
9.740640000000000409e-01 9.766789999999999639e-01 9.803910000000000124e-01 9.635430000000000383e-01 9.715300000000000047e-01 9.860670000000000268e-01 9.782790000000000097e-01 9.768339999999999801e-01
9.830609999999999626e-01 9.833110000000000461e-01 9.761149999999999549e-01 9.940809999999999924e-01 9.871790000000000287e-01 9.816799999999999971e-01 9.801600000000000312e-01 9.798689999999999900e-01
9.768949999999999578e-01 9.665010000000000545e-01 9.779949999999999477e-01 9.808019999999999516e-01 9.735279999999999490e-01 9.796420000000000128e-01 9.709950000000000525e-01 9.766920000000000046e-01
9.577139999999999542e-01 9.718689999999999829e-01 9.788999999999999924e-01 9.787569999999999881e-01 9.769139999999999491e-01 9.754840000000000177e-01 9.741950000000000331e-01 9.751779999999999893e-01
9.776820000000000510e-01 9.800210000000000310e-01 9.804420000000000357e-01 9.885979999999999768e-01 9.843739999999999712e-01 9.765369999999999884e-01 9.754080000000000528e-01 9.766449999999999854e-01
9.962710000000000177e-01 9.813669999999999893e-01 9.885709999999999775e-01 9.832149999999999501e-01 9.623019999999999907e-01 9.779700000000000060e-01 9.827569999999999917e-01 9.739339999999999664e-01
9.799609999999999710e-01 9.800839999999999552e-01 9.768949999999999578e-01 9.370199999999999640e-01 9.914370000000000127e-01 9.641079999999999650e-01 9.725719999999999921e-01 9.858350000000000168e-01
9.748069999999999791e-01 9.693260000000000209e-01 9.806679999999999842e-01 9.684390000000000498e-01 9.795570000000000110e-01 9.746939999999999493e-01 9.795160000000000533e-01 9.791800000000000503e-01
9.804000000000000492e-01 9.812030000000000474e-01 9.787099999999999689e-01 9.801339999999999497e-01 9.764530000000000154e-01 9.838599999999999568e-01 9.773030000000000328e-01 9.744840000000000169e-01
9.666970000000000285e-01 9.716369999999999729e-01 9.532310000000000505e-01 9.638630000000000253e-01 9.747689999999999966e-01 9.832130000000000036e-01 9.660980000000000123e-01 9.804669999999999774e-01
9.761779999999999902e-01 9.825380000000000225e-01 9.814789999999999903e-01 9.632749999999999924e-01 9.798660000000000148e-01 9.362439999999999651e-01 9.871720000000000494e-01 9.782089999999999952e-01
9.769710000000000338e-01 9.831459999999999644e-01 9.659820000000000073e-01 9.494620000000000282e-01 9.757109999999999950e-01 9.545179999999999776e-01 9.765150000000000219e-01 9.727599999999999580e-01
9.857209999999999583e-01 9.780280000000000085e-01 9.860590000000000188e-01 9.770240000000000036e-01 9.890940000000000287e-01 9.832509999999999861e-01 9.805869999999999864e-01 9.709499999999999797e-01
9.806810000000000249e-01 9.865599999999999925e-01 9.833239999999999759e-01 9.590340000000000531e-01 9.729320000000000190e-01 9.977350000000000385e-01 9.740400000000000169e-01 9.583930000000000504e-01
9.759459999999999802e-01 9.830729999999999746e-01 9.789390000000000036e-01 9.564230000000000231e-01 8.864490000000000425e-01 9.821940000000000115e-01 9.756070000000000020e-01 9.814260000000000206e-01
9.827730000000000077e-01 9.816740000000000466e-01 9.791299999999999448e-01 9.828329999999999567e-01 9.744869999999999921e-01 9.757759999999999767e-01 9.779480000000000395e-01 9.794509999999999605e-01
9.784549999999999637e-01 9.776010000000000533e-01 9.741450000000000387e-01 9.760739999999999972e-01 9.715359999999999552e-01 9.279349999999999543e-01 9.898090000000000499e-01 9.983469999999999844e-01
9.789280000000000204e-01 9.876139999999999919e-01 9.652770000000000516e-01 9.826019999999999754e-01 9.815890000000000448e-01 9.804920000000000302e-01 9.878350000000000186e-01 9.818540000000000045e-01
9.795500000000000318e-01 9.767489999999999783e-01 9.768719999999999626e-01 9.173419999999999908e-01 9.769539999999999891e-01 9.820069999999999633e-01 9.795059999999999878e-01 9.753420000000000423e-01
9.753680000000000128e-01 9.830659999999999954e-01 9.811819999999999986e-01 9.835909999999999931e-01 9.782920000000000504e-01 9.837139999999999773e-01 9.828869999999999552e-01 9.714099999999999957e-01
8.356249999999999512e-01 9.874600000000000044e-01 9.734949999999999992e-01 9.749550000000000161e-01 9.728499999999999925e-01 9.599320000000000075e-01 9.749980000000000313e-01 9.723659999999999526e-01
9.918120000000000269e-01 9.775629999999999598e-01 9.801349999999999785e-01 9.450309999999999544e-01 9.766249999999999654e-01 9.730229999999999713e-01 9.772180000000000311e-01 9.748930000000000096e-01
9.935019999999999962e-01 9.750250000000000306e-01 9.714690000000000270e-01 9.609100000000000419e-01 9.764629999999999699e-01 9.785420000000000229e-01 9.773009999999999753e-01 9.789160000000000084e-01
9.825300000000000145e-01 9.017730000000000468e-01 9.760510000000000019e-01 9.789689999999999781e-01 9.802509999999999835e-01 9.802079999999999682e-01 9.694169999999999732e-01 9.704530000000000101e-01
9.821980000000000155e-01 9.815779999999999506e-01 9.752870000000000150e-01 9.838259999999999783e-01 9.899130000000000429e-01 9.769120000000000026e-01 9.858010000000000383e-01 9.730189999999999673e-01
9.807489999999999819e-01 9.847970000000000335e-01 9.784920000000000284e-01 9.721480000000000121e-01 9.149249999999999883e-01 9.743549999999999711e-01 9.752049999999999885e-01 9.787580000000000169e-01
9.806850000000000289e-01 9.798050000000000370e-01 9.821609999999999507e-01 9.840609999999999635e-01 9.809369999999999479e-01 9.770339999999999581e-01 9.794410000000000061e-01 9.816799999999999971e-01
9.626689999999999969e-01 9.788879999999999804e-01 9.744650000000000256e-01 9.796329999999999760e-01 9.753819999999999713e-01 9.792469999999999786e-01 9.861220000000000541e-01 9.758510000000000240e-01
9.749870000000000481e-01 9.770269999999999788e-01 9.823730000000000517e-01 9.751990000000000380e-01 9.624599999999999822e-01 9.789369999999999461e-01 9.750060000000000393e-01 9.764680000000000026e-01
9.772260000000000391e-01 9.815239999999999521e-01 9.739510000000000112e-01 9.819419999999999815e-01 8.983240000000000114e-01 9.386759999999999549e-01 9.682680000000000176e-01 9.502340000000000231e-01
9.723060000000000036e-01 9.726329999999999698e-01 9.719809999999999839e-01 9.577240000000000197e-01 9.953670000000000018e-01 9.774220000000000130e-01 9.820389999999999953e-01 9.823309999999999542e-01
9.870100000000000540e-01 9.728029999999999733e-01 9.800579999999999847e-01 9.816939999999999555e-01 9.769839999999999636e-01 9.768010000000000304e-01 9.731600000000000250e-01 9.777160000000000295e-01
9.758449999999999624e-01 9.781389999999999807e-01 9.790550000000000086e-01 9.703000000000000513e-01 9.819510000000000183e-01 9.659780000000000033e-01 9.754760000000000097e-01 9.832319999999999949e-01
9.736799999999999899e-01 9.291829999999999812e-01 9.828599999999999559e-01 9.598170000000000313e-01 9.786129999999999551e-01 9.754159999999999497e-01 8.833900000000000086e-01 9.794640000000000013e-01
9.766489999999999894e-01 9.814899999999999736e-01 9.680990000000000428e-01 9.750919999999999588e-01 9.882220000000000448e-01 9.797780000000000378e-01 9.647809999999999997e-01 9.791290000000000271e-01
9.762809999999999544e-01 9.769729999999999803e-01 9.641340000000000465e-01 9.867460000000000120e-01 9.743230000000000501e-01 9.712480000000000002e-01 9.778310000000000057e-01 9.773669999999999858e-01
9.799550000000000205e-01 9.759240000000000137e-01 9.852790000000000159e-01 9.648039999999999949e-01 9.817270000000000163e-01 9.806110000000000104e-01 9.826040000000000330e-01 9.905190000000000383e-01
9.716099999999999737e-01 9.773899999999999810e-01 9.840489999999999515e-01 9.883260000000000378e-01 9.608339999999999659e-01 9.696890000000000231e-01 9.747820000000000373e-01 9.485559999999999548e-01
9.998709999999999543e-01 9.727599999999999580e-01 9.762349999999999639e-01 9.818350000000000133e-01 9.648050000000000237e-01 9.752750000000000030e-01 9.768019999999999481e-01 9.763460000000000472e-01
9.785000000000000364e-01 9.726280000000000481e-01 9.777789999999999537e-01 9.790159999999999973e-01 9.803619999999999557e-01 9.816869999999999763e-01 9.769280000000000186e-01 9.819219999999999615e-01
9.769889999999999963e-01 9.767350000000000199e-01 9.769120000000000026e-01 9.996680000000000010e-01 9.720450000000000479e-01 9.808289999999999509e-01 9.757000000000000117e-01 9.929550000000000320e-01
9.826719999999999899e-01 9.318229999999999569e-01 9.816679999999999851e-01 9.760799999999999477e-01 9.777320000000000455e-01 9.576689999999999925e-01 9.711309999999999665e-01 9.754610000000000225e-01
9.821550000000000002e-01 9.796780000000000488e-01 9.667649999999999855e-01 9.723659999999999526e-01 9.536919999999999842e-01 9.598010000000000153e-01 9.744479999999999809e-01 9.911780000000000035e-01
9.645449999999999857e-01 9.850889999999999924e-01 9.686679999999999735e-01 9.740959999999999619e-01 9.785099999999999909e-01 9.778679999999999595e-01 9.829759999999999609e-01 9.274909999999999544e-01
9.775460000000000260e-01 9.671389999999999709e-01 9.817289999999999628e-01 9.792570000000000441e-01 9.788930000000000131e-01 9.844330000000000025e-01 9.800090000000000190e-01 9.778489999999999682e-01
9.809870000000000534e-01 9.700680000000000414e-01 9.776519999999999655e-01 9.725270000000000303e-01 9.830370000000000497e-01 9.768480000000000496e-01 9.966390000000000526e-01 9.902330000000000298e-01
9.742669999999999941e-01 9.830140000000000544e-01 9.819689999999999808e-01 9.819499999999999895e-01 9.784000000000000474e-01 9.782710000000000017e-01 9.658529999999999616e-01 9.752079999999999638e-01
9.836719999999999908e-01 9.916359999999999619e-01 9.763269999999999449e-01 9.748919999999999808e-01 9.641899999999999915e-01 9.811210000000000209e-01 9.603099999999999969e-01 9.734629999999999672e-01
9.806770000000000209e-01 9.657879999999999798e-01 9.672039999999999527e-01 9.817989999999999773e-01 9.370509999999999673e-01 9.735059999999999825e-01 9.769459999999999811e-01 9.839250000000000496e-01
9.760769999999999724e-01 9.859219999999999651e-01 9.939780000000000282e-01 9.764680000000000026e-01 9.736939999999999484e-01 9.678160000000000096e-01 9.782499999999999529e-01 9.811290000000000289e-01
9.677320000000000366e-01 9.676719999999999766e-01 9.647649999999999837e-01 9.816449999999999898e-01 9.824319999999999720e-01 9.838400000000000478e-01 9.791410000000000391e-01 9.814559999999999951e-01
9.786629999999999496e-01 9.736200000000000410e-01 9.811889999999999779e-01 9.694399999999999684e-01 9.591269999999999518e-01 9.708679999999999533e-01 9.855460000000000331e-01 9.638099999999999445e-01
9.806089999999999529e-01 9.777360000000000495e-01 9.727980000000000516e-01 9.791870000000000296e-01 9.786399999999999544e-01 9.835150000000000281e-01 9.812710000000000043e-01 9.788660000000000139e-01
9.807820000000000427e-01 9.436999999999999833e-01 9.795509999999999495e-01 9.624139999999999917e-01 9.881480000000000263e-01 9.733760000000000190e-01 9.755200000000000538e-01 9.654810000000000336e-01
9.746070000000000011e-01 9.825450000000000017e-01 9.784810000000000452e-01 9.766829999999999679e-01 9.509530000000000483e-01 9.982649999999999579e-01 9.693850000000000522e-01 9.811569999999999458e-01
9.745930000000000426e-01 9.827639999999999709e-01 9.849670000000000369e-01 9.742420000000000524e-01 9.636519999999999531e-01 9.818369999999999598e-01 9.783549999999999747e-01 9.753699999999999593e-01
9.837029999999999941e-01 9.686970000000000303e-01 9.780799999999999494e-01 9.191030000000000033e-01 9.802380000000000537e-01 9.849919999999999787e-01 9.783230000000000537e-01 9.656339999999999923e-01
9.742420000000000524e-01 9.790910000000000446e-01 9.969869999999999566e-01 9.788470000000000226e-01 9.789740000000000109e-01 9.700010000000000021e-01 9.774789999999999868e-01 9.764089999999999714e-01
9.777179999999999760e-01 9.725200000000000511e-01 9.697869999999999546e-01 9.776890000000000303e-01 9.892229999999999634e-01 9.824690000000000367e-01 9.832959999999999479e-01 9.754620000000000513e-01
9.605120000000000324e-01 9.663549999999999640e-01 9.715169999999999639e-01 9.663859999999999673e-01 9.779750000000000387e-01 9.747160000000000268e-01 9.696829999999999616e-01 9.809949999999999504e-01
9.742020000000000124e-01 9.735759999999999970e-01 9.885599999999999943e-01 9.793659999999999588e-01 9.796010000000000550e-01 9.684829999999999828e-01 9.530110000000000525e-01 9.791050000000000031e-01
9.661549999999999860e-01 9.390530000000000266e-01 9.850849999999999884e-01 9.709940000000000238e-01 9.330230000000000468e-01 9.755150000000000210e-01 9.659659999999999913e-01 9.619710000000000205e-01
9.994060000000000166e-01 9.711220000000000407e-01 9.805500000000000327e-01 9.838040000000000118e-01 9.682260000000000311e-01 9.713450000000000140e-01 9.764859999999999651e-01 9.775289999999999813e-01
9.775540000000000340e-01 9.745070000000000121e-01 9.795089999999999630e-01 9.770520000000000316e-01 9.831469999999999931e-01 9.639170000000000238e-01 9.833910000000000151e-01 9.792269999999999586e-01
9.735420000000000185e-01 9.817460000000000075e-01 9.938649999999999984e-01 9.677989999999999648e-01 9.766599999999999726e-01 9.830929999999999946e-01 9.898620000000000196e-01 9.793060000000000098e-01
9.850670000000000259e-01 9.732140000000000235e-01 9.755810000000000315e-01 9.853060000000000151e-01 9.735759999999999970e-01 9.778740000000000210e-01 9.839719999999999578e-01 9.822060000000000235e-01
9.852469999999999839e-01 9.743270000000000541e-01 9.703650000000000331e-01 9.788780000000000259e-01 9.771940000000000071e-01 9.782880000000000464e-01 9.784439999999999804e-01 9.809189999999999854e-01
9.858839999999999826e-01 9.848209999999999464e-01 9.880729999999999791e-01 9.345459999999999878e-01 9.646660000000000235e-01 9.843439999999999968e-01 9.772929999999999673e-01 9.823020000000000085e-01
9.749750000000000361e-01 9.817759999999999820e-01 9.857860000000000511e-01 9.721859999999999946e-01 9.779590000000000227e-01 9.829020000000000534e-01 9.782870000000000177e-01 9.776310000000000278e-01
9.775909999999999878e-01 9.736280000000000490e-01 9.784469999999999557e-01 9.802370000000000250e-01 9.838569999999999816e-01 9.821400000000000130e-01 9.822920000000000540e-01 9.676299999999999901e-01
9.803420000000000467e-01 9.733260000000000245e-01 9.737179999999999724e-01 9.816880000000000051e-01 9.841569999999999485e-01 9.829839999999999689e-01 9.860330000000000483e-01 9.887759999999999883e-01
9.883790000000000076e-01 9.809259999999999646e-01 9.732669999999999932e-01 9.743239999999999679e-01 9.758270000000000000e-01 9.046419999999999462e-01 9.785279999999999534e-01 9.870069999999999677e-01
9.728419999999999845e-01 9.695120000000000404e-01 9.777559999999999585e-01 9.846409999999999885e-01 9.814450000000000118e-01 9.635500000000000176e-01 9.803530000000000300e-01 9.748949999999999561e-01
9.792049999999999921e-01 9.804500000000000437e-01 9.789440000000000364e-01 9.760060000000000402e-01 9.935490000000000155e-01 9.779579999999999940e-01 9.806869999999999754e-01 9.798069999999999835e-01
9.434979999999999478e-01 9.763819999999999721e-01 9.803969999999999629e-01 9.759609999999999674e-01 9.721760000000000401e-01 9.646310000000000162e-01 9.984359999999999902e-01 9.769780000000000131e-01
9.561129999999999907e-01 9.483970000000000455e-01 9.812710000000000043e-01 9.807820000000000427e-01 9.759139999999999482e-01 9.809860000000000246e-01 9.738769999999999927e-01 9.839179999999999593e-01
9.866230000000000278e-01 9.811879999999999491e-01 9.834990000000000121e-01 9.841130000000000155e-01 9.731549999999999923e-01 9.894089999999999829e-01 9.836209999999999676e-01 9.809759999999999591e-01
9.652009999999999756e-01 9.771710000000000118e-01 9.757679999999999687e-01 9.748900000000000343e-01 9.783439999999999914e-01 9.283080000000000220e-01 8.909120000000000372e-01 9.790680000000000494e-01
9.523829999999999796e-01 9.725690000000000168e-01 9.859029999999999738e-01 9.727949999999999653e-01 9.598090000000000233e-01 9.794220000000000148e-01 9.777360000000000495e-01 9.689609999999999612e-01
9.858909999999999618e-01 9.785580000000000389e-01 9.697639999999999594e-01 9.827500000000000124e-01 9.780710000000000237e-01 9.561870000000000092e-01 9.711579999999999657e-01 9.669860000000000122e-01
9.894049999999999789e-01 9.800740000000000007e-01 9.720600000000000351e-01 9.712960000000000482e-01 9.797510000000000385e-01 9.788540000000000019e-01 9.845429999999999460e-01 9.720029999999999504e-01
9.743570000000000286e-01 9.804810000000000469e-01 9.853669999999999929e-01 9.812469999999999803e-01 9.789689999999999781e-01 9.748130000000000406e-01 9.796709999999999585e-01 9.634949999999999903e-01
9.799590000000000245e-01 9.788540000000000019e-01 9.284769999999999968e-01 9.787890000000000201e-01 9.776479999999999615e-01 9.783889999999999532e-01 9.755580000000000362e-01 9.638370000000000548e-01
9.984819999999999807e-01 9.705880000000000063e-01 9.764220000000000121e-01 9.706770000000000120e-01 9.803169999999999940e-01 9.716200000000000392e-01 9.843290000000000095e-01 9.799470000000000125e-01
9.775800000000000045e-01 9.824460000000000415e-01 9.780950000000000477e-01 9.732779999999999765e-01 9.737029999999999852e-01 9.924809999999999466e-01 9.591460000000000541e-01 9.917599999999999749e-01
9.767810000000000104e-01 9.781450000000000422e-01 9.742659999999999654e-01 9.783460000000000489e-01 9.799200000000000133e-01 9.805779999999999497e-01 9.856279999999999486e-01 9.540910000000000224e-01
9.811480000000000201e-01 9.816359999999999530e-01 9.791459999999999608e-01 9.741670000000000051e-01 9.675529999999999964e-01 9.524540000000000228e-01 9.784909999999999997e-01 9.727069999999999883e-01
9.763659999999999561e-01 9.767599999999999616e-01 8.400640000000000329e-01 9.768489999999999673e-01 9.807730000000000059e-01 9.761619999999999742e-01 9.855789999999999829e-01 9.791410000000000391e-01
9.645709999999999562e-01 9.632749999999999924e-01 9.773960000000000425e-01 9.755150000000000210e-01 9.754869999999999930e-01 9.751130000000000075e-01 9.736519999999999619e-01 9.766909999999999759e-01
9.935760000000000147e-01 9.797150000000000025e-01 9.914290000000000047e-01 9.768390000000000128e-01 9.877390000000000336e-01 9.762509999999999799e-01 9.691809999999999592e-01 9.802600000000000202e-01
9.752819999999999823e-01 9.408539999999999681e-01 9.810379999999999656e-01 9.567639999999999478e-01 9.737390000000000212e-01 9.769790000000000418e-01 9.820250000000000368e-01 9.823380000000000445e-01
9.814800000000000191e-01 9.825019999999999865e-01 9.804040000000000532e-01 9.747970000000000246e-01 9.828519999999999479e-01 9.845779999999999532e-01 9.727569999999999828e-01 9.818959999999999910e-01
7.181359999999999966e-01 9.753889999999999505e-01 9.749750000000000361e-01 9.782600000000000184e-01 9.789200000000000124e-01 9.779870000000000507e-01 9.784089999999999732e-01 9.733979999999999855e-01
9.745040000000000369e-01 9.790269999999999806e-01 9.778670000000000417e-01 9.785700000000000509e-01 9.833290000000000086e-01 9.856009999999999494e-01 9.803819999999999757e-01 9.741649999999999476e-01
9.841360000000000108e-01 9.887920000000000043e-01 9.717580000000000107e-01 9.780440000000000245e-01 9.699189999999999756e-01 9.797150000000000025e-01 9.795220000000000038e-01 9.881579999999999808e-01
9.787059999999999649e-01 9.920459999999999834e-01 9.733020000000000005e-01 9.796920000000000073e-01 9.469340000000000535e-01 9.785300000000000109e-01 9.737029999999999852e-01 9.755230000000000290e-01
9.662089999999999845e-01 9.586240000000000316e-01 9.810320000000000151e-01 9.635390000000000343e-01 9.791790000000000216e-01 9.746259999999999923e-01 9.796880000000000033e-01 9.765859999999999541e-01
9.830560000000000409e-01 9.818980000000000485e-01 9.770999999999999686e-01 9.764469999999999539e-01 9.329279999999999795e-01 9.799149999999999805e-01 9.690109999999999557e-01 9.926230000000000331e-01
9.798360000000000403e-01 9.733519999999999950e-01 9.769149999999999778e-01 9.732600000000000140e-01 9.825819999999999554e-01 9.734570000000000167e-01 9.783100000000000129e-01 9.875599999999999934e-01
9.740750000000000242e-01 9.486459999999999892e-01 9.741130000000000067e-01 9.785369999999999902e-01 9.689950000000000507e-01 9.910130000000000328e-01 9.770199999999999996e-01 9.826369999999999827e-01
9.694920000000000204e-01 9.959280000000000355e-01 9.730529999999999458e-01 9.447830000000000394e-01 9.776029999999999998e-01 9.669330000000000425e-01 9.555519999999999570e-01 9.849210000000000464e-01
9.787529999999999841e-01 9.836190000000000211e-01 9.732100000000000195e-01 9.852070000000000549e-01 9.721739999999999826e-01 9.781250000000000222e-01 9.886449999999999960e-01 9.822610000000000507e-01
9.604129999999999612e-01 9.824840000000000240e-01 9.747149999999999981e-01 9.790510000000000046e-01 9.833650000000000446e-01 9.970750000000000446e-01 9.930609999999999715e-01 9.802210000000000090e-01
9.817190000000000083e-01 9.780159999999999965e-01 9.788850000000000051e-01 9.874169999999999892e-01 9.812480000000000091e-01 9.789849999999999941e-01 9.731079999999999730e-01 9.732180000000000275e-01
9.862950000000000328e-01 9.795519999999999783e-01 9.755500000000000282e-01 9.767959999999999976e-01 9.783760000000000234e-01 9.800090000000000190e-01 9.821509999999999962e-01 9.692150000000000487e-01
9.776519999999999655e-01 9.851739999999999942e-01 9.770010000000000083e-01 9.776329999999999742e-01 9.789700000000000069e-01 9.699119999999999964e-01 9.783870000000000067e-01 9.757179999999999742e-01
9.781159999999999854e-01 9.777000000000000135e-01 9.765260000000000051e-01 9.814950000000000063e-01 9.769269999999999898e-01 9.833469999999999711e-01 9.836589999999999501e-01 9.766730000000000134e-01
9.864020000000000010e-01 9.847069999999999990e-01 9.802419999999999467e-01 9.680130000000000123e-01 9.785230000000000317e-01 9.861910000000000398e-01 9.681750000000000078e-01 9.573580000000000423e-01
9.746320000000000539e-01 9.855479999999999796e-01 9.707069999999999865e-01 9.776179999999999870e-01 9.807660000000000267e-01 9.795399999999999663e-01 9.826700000000000434e-01 9.782469999999999777e-01
9.808240000000000292e-01 9.745270000000000321e-01 9.784620000000000539e-01 9.776979999999999560e-01 9.847590000000000510e-01 9.713110000000000355e-01 9.785190000000000277e-01 9.775709999999999678e-01
9.812899999999999956e-01 9.636360000000000481e-01 9.847110000000000030e-01 9.772769999999999513e-01 9.804429999999999534e-01 9.663310000000000510e-01 9.615219999999999878e-01 9.845289999999999875e-01
9.759330000000000505e-01 9.751389999999999780e-01 9.785199999999999454e-01 9.775369999999999893e-01 9.774310000000000498e-01 9.819259999999999655e-01 9.882410000000000361e-01 9.747879999999999878e-01
9.719630000000000214e-01 9.779539999999999900e-01 9.828449999999999687e-01 9.699480000000000324e-01 9.997070000000000123e-01 9.938200000000000367e-01 9.780330000000000412e-01 9.758520000000000527e-01
9.961699999999999999e-01 9.786319999999999464e-01 9.748339999999999783e-01 9.522580000000000489e-01 9.810339999999999616e-01 9.864140000000000130e-01 9.788810000000000011e-01 9.763509999999999689e-01
9.808839999999999781e-01 9.721210000000000129e-01 9.840299999999999603e-01 9.503239999999999466e-01 9.666730000000000045e-01 9.791199999999999903e-01 9.738999999999999879e-01 9.889670000000000405e-01
9.690699999999999870e-01 9.750870000000000370e-01 9.798599999999999532e-01 9.763640000000000096e-01 9.791419999999999568e-01 9.750140000000000473e-01 9.728780000000000205e-01 9.796359999999999513e-01
9.785070000000000157e-01 9.815819999999999546e-01 9.782739999999999769e-01 9.868460000000000010e-01 9.814570000000000238e-01 9.812809999999999588e-01 9.760649999999999604e-01 9.791900000000000048e-01
9.743159999999999599e-01 9.721100000000000296e-01 9.759079999999999977e-01 9.752509999999999790e-01 9.980120000000000102e-01 9.757930000000000215e-01 9.788289999999999491e-01 9.859390000000000098e-01
9.582310000000000549e-01 9.795509999999999495e-01 9.776850000000000263e-01 9.793209999999999971e-01 9.833899999999999864e-01 9.740440000000000209e-01 9.775760000000000005e-01 9.445400000000000462e-01
6.845080000000000053e-01 9.651480000000000059e-01 9.780889999999999862e-01 9.754150000000000320e-01 9.700760000000000494e-01 9.692070000000000407e-01 9.735819999999999474e-01 9.718360000000000332e-01
9.816719999999999891e-01 9.802039999999999642e-01 9.657860000000000333e-01 8.238299999999999512e-01 9.720429999999999904e-01 9.793840000000000323e-01 9.784199999999999564e-01 9.827350000000000252e-01
9.776920000000000055e-01 9.744239999999999569e-01 9.790290000000000381e-01 9.815800000000000081e-01 9.099540000000000406e-01 9.585709999999999509e-01 9.751579999999999693e-01 9.779449999999999532e-01
9.772399999999999975e-01 9.809959999999999791e-01 9.750969999999999915e-01 9.832750000000000101e-01 9.616209999999999480e-01 9.733559999999999990e-01 9.821590000000000042e-01 9.783250000000000002e-01
9.810330000000000439e-01 9.878719999999999724e-01 9.807630000000000514e-01 9.751870000000000260e-01 9.811490000000000489e-01 9.759320000000000217e-01 9.779369999999999452e-01 9.750480000000000258e-01
9.999940000000000495e-01 9.770229999999999748e-01 9.739309999999999912e-01 9.740969999999999906e-01 9.758499999999999952e-01 9.674249999999999794e-01 9.837449999999999806e-01 9.774929999999999453e-01
9.776519999999999655e-01 9.785700000000000509e-01 9.762699999999999712e-01 9.790100000000000469e-01 9.784340000000000259e-01 9.654319999999999569e-01 9.815479999999999761e-01 9.793140000000000178e-01
9.706879999999999953e-01 9.789980000000000349e-01 9.836390000000000411e-01 9.707850000000000090e-01 9.738379999999999814e-01 9.882060000000000288e-01 8.140070000000000361e-01 9.824230000000000462e-01
9.837289999999999646e-01 9.587839999999999696e-01 9.813929999999999598e-01 9.808609999999999829e-01 9.796960000000000113e-01 9.917449999999999877e-01 9.883779999999999788e-01 9.737130000000000507e-01
9.781300000000000550e-01 9.778419999999999890e-01 9.737249999999999517e-01 9.438060000000000338e-01 9.741279999999999939e-01 9.735099999999999865e-01 9.849900000000000322e-01 9.855899999999999661e-01
9.849400000000000377e-01 9.857390000000000319e-01 9.740560000000000329e-01 7.320990000000000553e-01 9.811590000000000034e-01 9.749210000000000376e-01 9.769820000000000171e-01 9.539830000000000254e-01
9.714970000000000550e-01 9.768639999999999546e-01 9.789959999999999773e-01 9.757050000000000445e-01 9.816160000000000441e-01 9.836979999999999613e-01 9.766989999999999839e-01 9.856030000000000069e-01
9.898219999999999796e-01 9.668919999999999737e-01 9.775589999999999558e-01 9.748240000000000238e-01 9.847350000000000270e-01 9.746190000000000131e-01 9.774540000000000450e-01 9.843680000000000208e-01
9.612889999999999491e-01 9.790959999999999663e-01 9.748059999999999503e-01 9.818609999999999838e-01 9.691309999999999647e-01 9.694840000000000124e-01 9.749149999999999761e-01 9.808529999999999749e-01
9.788499999999999979e-01 9.794509999999999605e-01 9.806850000000000289e-01 9.782079999999999664e-01 9.818040000000000100e-01 9.804490000000000149e-01 9.835519999999999818e-01 9.605000000000000204e-01
9.766059999999999741e-01 9.774720000000000075e-01 9.825409999999999977e-01 9.757149999999999990e-01 9.746150000000000091e-01 9.711049999999999960e-01 9.795890000000000430e-01 9.729349999999999943e-01
9.781370000000000342e-01 9.764429999999999499e-01 9.762079999999999647e-01 9.553449999999999998e-01 9.750889999999999835e-01 9.777869999999999617e-01 9.975789999999999935e-01 9.776200000000000445e-01
9.729400000000000270e-01 9.837909999999999711e-01 9.821339999999999515e-01 9.782729999999999482e-01 9.760069999999999579e-01 9.767730000000000024e-01 9.750750000000000250e-01 9.816669999999999563e-01
9.785199999999999454e-01 9.818339999999999845e-01 9.834150000000000391e-01 9.820119999999999960e-01 9.814370000000000038e-01 9.699980000000000269e-01 9.808879999999999821e-01 9.776249999999999662e-01
8.784899999999999931e-01 9.739750000000000352e-01 8.718719999999999803e-01 9.775220000000000020e-01 9.736879999999999979e-01 9.830609999999999626e-01 9.789060000000000539e-01 9.748780000000000223e-01
9.742140000000000244e-01 9.745369999999999866e-01 9.846570000000000045e-01 9.765490000000000004e-01 9.833159999999999679e-01 9.750240000000000018e-01 9.785030000000000117e-01 9.856049999999999534e-01
9.762490000000000334e-01 9.773490000000000233e-01 9.761499999999999622e-01 9.788639999999999564e-01 9.789459999999999829e-01 9.867099999999999760e-01 9.787630000000000496e-01 9.739210000000000367e-01
9.798909999999999565e-01 9.751459999999999573e-01 9.819320000000000270e-01 9.776049999999999462e-01 9.767449999999999743e-01 9.775089999999999613e-01 9.826000000000000290e-01 9.795770000000000310e-01
9.882980000000000098e-01 9.738219999999999654e-01 9.610889999999999711e-01 9.776399999999999535e-01 9.782469999999999777e-01 9.799879999999999702e-01 9.805909999999999904e-01 9.795310000000000406e-01
9.843859999999999832e-01 9.827810000000000157e-01 9.819660000000000055e-01 9.921259999999999524e-01 9.887960000000000083e-01 9.727829999999999533e-01 9.775030000000000108e-01 9.740280000000000049e-01
9.806179999999999897e-01 9.777709999999999457e-01 9.860689999999999733e-01 9.788999999999999924e-01 9.695099999999999829e-01 9.745829999999999771e-01 9.727540000000000076e-01 9.741450000000000387e-01
9.756299999999999972e-01 9.723979999999999846e-01 9.792309999999999626e-01 9.839470000000000161e-01 9.814969999999999528e-01 9.893100000000000227e-01 9.833410000000000206e-01 9.742210000000000036e-01
9.797219999999999818e-01 9.780780000000000030e-01 9.857449999999999823e-01 9.826190000000000202e-01 9.534989999999999855e-01 9.812049999999999939e-01 9.926979999999999693e-01 9.751339999999999453e-01
9.776049999999999462e-01 9.781670000000000087e-01 9.766390000000000349e-01 9.798670000000000435e-01 9.982720000000000482e-01 9.807029999999999914e-01 9.797979999999999468e-01 9.795249999999999790e-01
9.779219999999999580e-01 9.627790000000000514e-01 9.800219999999999487e-01 9.379499999999999504e-01 9.797400000000000553e-01 9.619400000000000173e-01 9.697299999999999809e-01 9.760889999999999844e-01
9.757160000000000277e-01 9.765110000000000179e-01 9.878329999999999611e-01 9.649780000000000024e-01 9.698339999999999739e-01 9.737280000000000380e-01 9.846169999999999645e-01 9.776230000000000198e-01
9.749459999999999793e-01 9.774040000000000505e-01 9.778559999999999475e-01 9.727170000000000538e-01 9.961419999999999719e-01 9.739160000000000039e-01 9.838329999999999576e-01 9.782129999999999992e-01
9.745660000000000434e-01 9.790489999999999471e-01 9.844039999999999457e-01 9.792229999999999546e-01 9.834209999999999896e-01 9.777700000000000280e-01 9.822680000000000300e-01 9.690800000000000525e-01
9.784540000000000459e-01 9.757620000000000182e-01 9.785829999999999806e-01 9.703610000000000291e-01 9.806939999999999547e-01 9.968909999999999716e-01 9.688609999999999722e-01 9.683669999999999778e-01
9.738069999999999782e-01 9.753220000000000223e-01 9.692490000000000272e-01 9.701499999999999568e-01 9.803790000000000004e-01 9.628010000000000179e-01 9.775669999999999638e-01 9.758440000000000447e-01
9.792849999999999611e-01 9.871360000000000134e-01 9.894979999999999887e-01 9.781140000000000390e-01 9.827369999999999717e-01 9.823859999999999815e-01 9.623810000000000420e-01 9.491690000000000405e-01
9.894169999999999909e-01 9.761619999999999742e-01 9.963290000000000202e-01 9.774810000000000443e-01 9.774190000000000378e-01 9.737970000000000237e-01 9.194329999999999448e-01 9.830879999999999619e-01
9.238640000000000185e-01 9.804589999999999694e-01 9.664279999999999538e-01 9.838369999999999616e-01 9.805859999999999577e-01 9.742650000000000476e-01 9.800010000000000110e-01 9.777759999999999785e-01
9.745350000000000401e-01 9.795859999999999568e-01 9.798090000000000410e-01 9.607580000000000009e-01 9.722960000000000491e-01 9.821499999999999675e-01 9.723209999999999908e-01 9.726829999999999643e-01
9.794389999999999485e-01 9.811990000000000434e-01 9.767869999999999608e-01 9.878160000000000274e-01 9.629539999999999766e-01 9.792560000000000153e-01 9.608050000000000201e-01 9.693220000000000169e-01
9.836880000000000068e-01 9.691340000000000510e-01 9.800740000000000007e-01 9.787959999999999994e-01 9.827890000000000237e-01 9.681520000000000126e-01 9.755899999999999572e-01 9.730339999999999545e-01
9.739020000000000454e-01 9.771769999999999623e-01 9.807540000000000147e-01 9.764479999999999826e-01 9.776550000000000518e-01 9.805770000000000319e-01 9.689590000000000147e-01 9.896369999999999889e-01
9.788649999999999851e-01 9.761210000000000164e-01 9.752309999999999590e-01 9.758599999999999497e-01 9.811940000000000106e-01 9.778289999999999482e-01 9.397780000000000022e-01 9.812100000000000266e-01
9.739729999999999777e-01 9.755279999999999507e-01 9.602690000000000392e-01 9.718489999999999629e-01 9.774680000000000035e-01 9.711990000000000345e-01 9.726190000000000113e-01 9.727350000000000163e-01
9.777169999999999472e-01 9.757010000000000405e-01 9.837449999999999806e-01 9.731049999999999978e-01 9.780889999999999862e-01 9.834300000000000264e-01 9.821550000000000002e-01 9.796040000000000303e-01
9.478879999999999528e-01 9.724610000000000198e-01 9.801290000000000280e-01 9.793920000000000403e-01 9.766989999999999839e-01 9.766660000000000341e-01 9.834300000000000264e-01 9.734450000000000047e-01
9.585500000000000131e-01 8.594939999999999802e-01 9.850649999999999684e-01 9.816740000000000466e-01 9.752960000000000518e-01 9.811349999999999794e-01 9.909210000000000518e-01 9.807259999999999867e-01
9.864789999999999948e-01 8.955549999999999899e-01 9.634620000000000406e-01 9.822950000000000292e-01 9.854150000000000409e-01 9.848679999999999657e-01 9.471979999999999844e-01 9.766820000000000501e-01
9.839980000000000393e-01 9.784840000000000204e-01 9.747759999999999758e-01 9.790240000000000054e-01 9.806899999999999507e-01 9.906709999999999683e-01 9.738160000000000149e-01 9.799879999999999702e-01
9.811619999999999786e-01 9.705639999999999823e-01 9.742880000000000429e-01 9.834990000000000121e-01 9.789710000000000356e-01 9.731370000000000298e-01 9.802950000000000275e-01 9.777130000000000543e-01
9.725209999999999688e-01 9.747409999999999686e-01 9.793209999999999971e-01 9.895749999999999824e-01 9.821809999999999707e-01 9.687630000000000408e-01 9.900459999999999816e-01 9.801520000000000232e-01
9.757289999999999575e-01 9.745390000000000441e-01 9.771980000000000111e-01 9.840870000000000450e-01 9.771220000000000461e-01 9.789879999999999693e-01 9.725099999999999856e-01 9.745840000000000058e-01
9.821609999999999507e-01 9.729459999999999775e-01 9.581969999999999654e-01 9.776599999999999735e-01 9.773530000000000273e-01 9.741459999999999564e-01 9.781260000000000510e-01 9.871839999999999504e-01
9.776869999999999727e-01 9.738200000000000189e-01 9.736930000000000307e-01 9.710839999999999472e-01 9.765979999999999661e-01 9.827120000000000299e-01 9.822610000000000507e-01 9.796010000000000550e-01
9.700210000000000221e-01 9.752170000000000005e-01 9.799989999999999535e-01 9.781360000000000054e-01 9.811809999999999699e-01 9.779090000000000282e-01 9.780360000000000165e-01 9.782370000000000232e-01
9.783119999999999594e-01 9.799660000000000037e-01 9.843460000000000543e-01 9.787789999999999546e-01 9.713760000000000172e-01 9.765470000000000539e-01 9.857550000000000479e-01 9.815589999999999593e-01
9.773110000000000408e-01 9.744159999999999489e-01 9.791670000000000096e-01 9.771260000000000501e-01 9.616179999999999728e-01 9.786319999999999464e-01 9.870349999999999957e-01 9.742060000000000164e-01
9.745449999999999946e-01 9.708160000000000123e-01 9.781809999999999672e-01 9.730529999999999458e-01 9.736890000000000267e-01 9.663570000000000215e-01 9.765460000000000251e-01 9.832039999999999669e-01
9.769050000000000233e-01 9.702619999999999578e-01 9.774249999999999883e-01 9.786249999999999671e-01 9.797299999999999898e-01 9.739700000000000024e-01 9.859919999999999796e-01 9.780759999999999454e-01
9.748930000000000096e-01 9.799179999999999557e-01 9.811400000000000121e-01 9.840560000000000418e-01 9.764580000000000481e-01 9.763269999999999449e-01 9.800119999999999942e-01 9.950020000000000531e-01
9.788550000000000306e-01 9.813460000000000516e-01 9.830440000000000289e-01 9.666360000000000507e-01 9.787390000000000256e-01 9.842199999999999838e-01 9.756240000000000467e-01 9.420840000000000325e-01
8.577289999999999637e-01 9.742359999999999909e-01 9.788980000000000459e-01 9.772980000000000000e-01 9.816390000000000393e-01 9.788379999999999859e-01 9.822880000000000500e-01 9.763519999999999976e-01
9.766550000000000509e-01 9.818590000000000373e-01 9.776390000000000358e-01 9.783530000000000282e-01 9.360260000000000247e-01 9.721260000000000456e-01 9.766610000000000014e-01 9.783749999999999947e-01
9.764810000000000434e-01 9.734829999999999872e-01 9.726770000000000138e-01 9.736749999999999572e-01 9.867599999999999705e-01 9.795719999999999983e-01 9.811269999999999714e-01 9.825660000000000505e-01
9.909280000000000310e-01 9.760830000000000339e-01 9.784779999999999589e-01 9.741419999999999524e-01 9.887049999999999450e-01 9.786559999999999704e-01 9.796099999999999808e-01 9.824840000000000240e-01
9.685190000000000188e-01 9.774599999999999955e-01 9.832710000000000061e-01 9.758930000000000105e-01 9.351650000000000240e-01 9.736390000000000322e-01 9.783870000000000067e-01 9.482340000000000213e-01
9.702420000000000488e-01 9.803849999999999509e-01 9.714639999999999942e-01 9.924720000000000208e-01 9.789959999999999773e-01 9.802250000000000130e-01 9.759309999999999929e-01 9.763509999999999689e-01
9.701469999999999816e-01 9.818090000000000428e-01 9.767599999999999616e-01 9.798810000000000020e-01 9.929559999999999498e-01 9.815580000000000416e-01 9.592150000000000398e-01 9.744639999999999969e-01
9.772819999999999840e-01 9.823450000000000237e-01 9.776949999999999807e-01 9.733640000000000070e-01 9.749550000000000161e-01 9.802079999999999682e-01 8.888160000000000505e-01 9.849020000000000552e-01
9.771349999999999758e-01 9.739160000000000039e-01 9.783640000000000114e-01 9.779719999999999525e-01 9.743849999999999456e-01 9.823730000000000517e-01 9.558179999999999454e-01 9.775380000000000180e-01
9.774070000000000258e-01 9.815230000000000343e-01 9.763469999999999649e-01 9.782910000000000217e-01 9.680509999999999948e-01 9.768790000000000529e-01 9.733260000000000245e-01 9.778860000000000330e-01
9.784080000000000554e-01 9.856200000000000516e-01 9.850919999999999677e-01 9.775049999999999573e-01 9.945270000000000499e-01 9.971910000000000496e-01 9.924739999999999673e-01 9.822670000000000012e-01
9.790090000000000181e-01 9.823079999999999590e-01 9.854060000000000041e-01 9.816230000000000233e-01 9.796839999999999993e-01 9.740739999999999954e-01 9.806019999999999737e-01 9.765869999999999829e-01
9.704509999999999525e-01 9.851809999999999734e-01 9.755080000000000418e-01 9.728919999999999790e-01 9.834060000000000024e-01 9.629219999999999446e-01 9.779419999999999780e-01 9.818369999999999598e-01
9.694690000000000252e-01 9.818890000000000118e-01 9.816890000000000338e-01 9.811910000000000354e-01 9.764469999999999539e-01 9.801699999999999857e-01 9.768350000000000088e-01 9.785089999999999621e-01
9.748040000000000038e-01 9.784890000000000532e-01 9.804110000000000325e-01 9.610429999999999806e-01 9.746099999999999763e-01 9.768700000000000161e-01 9.783460000000000489e-01 9.707930000000000170e-01
9.759079999999999977e-01 9.979130000000000500e-01 9.821819999999999995e-01 9.865479999999999805e-01 9.786529999999999951e-01 9.900320000000000231e-01 9.739330000000000487e-01 9.821640000000000370e-01
9.840790000000000370e-01 9.750959999999999628e-01 9.452779999999999516e-01 9.719839999999999591e-01 9.767479999999999496e-01 7.527920000000000167e-01 9.808160000000000212e-01 9.793290000000000051e-01
9.784690000000000332e-01 9.826799999999999979e-01 9.748459999999999903e-01 9.786899999999999489e-01 9.775080000000000435e-01 9.732260000000000355e-01 9.842999999999999527e-01 9.786599999999999744e-01
9.779079999999999995e-01 9.791969999999999841e-01 9.694859999999999589e-01 9.794629999999999725e-01 9.775509999999999478e-01 9.746320000000000539e-01 9.804580000000000517e-01 9.729409999999999448e-01
9.793520000000000003e-01 9.514580000000000259e-01 9.562100000000000044e-01 9.803509999999999724e-01 9.781760000000000455e-01 9.934009999999999785e-01 9.890390000000000015e-01 9.789909999999999446e-01
9.789579999999999949e-01 9.697059999999999569e-01 9.797280000000000433e-01 9.696649999999999991e-01 9.813730000000000508e-01 9.781509999999999927e-01 9.833479999999999999e-01 9.677289999999999504e-01
9.224520000000000497e-01 9.754040000000000488e-01 9.793009999999999771e-01 9.796859999999999458e-01 9.847280000000000477e-01 9.825760000000000050e-01 9.745190000000000241e-01 9.823439999999999950e-01
9.799229999999999885e-01 9.999949999999999672e-01 9.792530000000000401e-01 9.899930000000000119e-01 9.798590000000000355e-01 9.745089999999999586e-01 9.793380000000000418e-01 9.764429999999999499e-01
9.670320000000000027e-01 9.789189999999999836e-01 9.754540000000000433e-01 9.696630000000000527e-01 9.724380000000000246e-01 9.810140000000000526e-01 9.762750000000000039e-01 9.776299999999999990e-01
9.763500000000000512e-01 9.676190000000000069e-01 9.994870000000000143e-01 9.759259999999999602e-01 9.694559999999999844e-01 9.397999999999999687e-01 9.720039999999999791e-01 9.314350000000000129e-01
9.835220000000000073e-01 9.809539999999999926e-01 9.704329999999999901e-01 9.777150000000000007e-01 9.473190000000000222e-01 9.631840000000000401e-01 9.787040000000000184e-01 9.802419999999999467e-01
9.783920000000000394e-01 9.906989999999999963e-01 9.788670000000000426e-01 9.822870000000000212e-01 9.806209999999999649e-01 9.784699999999999509e-01 9.772739999999999760e-01 9.847759999999999847e-01
9.787639999999999674e-01 9.748160000000000158e-01 9.728670000000000373e-01 9.789639999999999453e-01 9.753100000000000103e-01 9.798660000000000148e-01 9.766719999999999846e-01 8.995980000000000087e-01
9.791919999999999513e-01 9.865589999999999637e-01 9.717010000000000369e-01 9.804640000000000022e-01 9.810240000000000071e-01 9.785179999999999989e-01 9.789400000000000324e-01 9.779809999999999892e-01
9.795519999999999783e-01 9.789229999999999876e-01 9.771769999999999623e-01 9.727639999999999620e-01 9.810250000000000359e-01 9.767599999999999616e-01 9.575900000000000523e-01 9.835779999999999523e-01
9.695949999999999847e-01 9.755030000000000090e-01 9.642589999999999772e-01 9.691480000000000095e-01 9.846510000000000540e-01 9.725690000000000168e-01 9.758919999999999817e-01 9.763119999999999576e-01
9.777900000000000480e-01 9.825430000000000552e-01 9.662180000000000213e-01 9.770219999999999461e-01 9.760649999999999604e-01 9.822290000000000187e-01 9.851609999999999534e-01 9.271540000000000337e-01
9.783749999999999947e-01 9.753699999999999593e-01 9.804340000000000277e-01 9.769640000000000546e-01 9.866700000000000470e-01 9.837399999999999478e-01 9.808120000000000172e-01 7.099400000000000155e-01
9.724420000000000286e-01 9.788820000000000299e-01 9.758259999999999712e-01 9.790849999999999831e-01 9.910330000000000528e-01 9.790429999999999966e-01 9.740060000000000384e-01 9.798980000000000468e-01
9.840400000000000258e-01 9.698900000000000299e-01 9.837280000000000468e-01 9.759710000000000329e-01 9.765019999999999811e-01 9.719430000000000014e-01 9.764220000000000121e-01 9.688630000000000297e-01
9.817470000000000363e-01 9.820440000000000280e-01 9.741159999999999819e-01 9.824230000000000462e-01 9.779870000000000507e-01 9.773539999999999450e-01 9.891600000000000392e-01 9.836139999999999883e-01
9.716890000000000249e-01 9.839639999999999498e-01 9.504289999999999683e-01 9.783800000000000274e-01 9.781370000000000342e-01 9.703429999999999556e-01 9.807329999999999659e-01 9.855660000000000531e-01
9.761640000000000317e-01 9.845629999999999660e-01 9.808369999999999589e-01 9.787409999999999721e-01 9.583800000000000097e-01 9.744300000000000184e-01 9.674270000000000369e-01 9.772199999999999775e-01
9.745030000000000081e-01 9.820900000000000185e-01 9.689269999999999827e-01 9.769069999999999698e-01 9.757249999999999535e-01 9.794530000000000181e-01 9.650459999999999594e-01 9.617269999999999985e-01
9.756160000000000387e-01 9.793110000000000426e-01 9.847439999999999527e-01 9.780860000000000110e-01 9.789700000000000069e-01 9.876589999999999536e-01 9.762140000000000262e-01 9.393829999999999680e-01
9.809440000000000381e-01 9.981950000000000545e-01 9.791520000000000223e-01 9.734270000000000422e-01 9.721480000000000121e-01 9.810999999999999721e-01 9.807190000000000074e-01 9.810109999999999664e-01
9.821579999999999755e-01 9.737500000000000044e-01 9.781640000000000335e-01 9.959240000000000315e-01 9.710269999999999735e-01 9.806369999999999809e-01 9.785549999999999526e-01 9.761069999999999469e-01
9.778400000000000425e-01 9.879799999999999693e-01 9.739139999999999464e-01 9.784500000000000419e-01 9.669780000000000042e-01 9.809020000000000516e-01 9.758879999999999777e-01 9.871090000000000142e-01
9.791029999999999456e-01 9.729609999999999648e-01 9.996540000000000425e-01 9.837700000000000333e-01 9.888149999999999995e-01 9.797630000000000505e-01 9.767240000000000366e-01 9.734589999999999632e-01
9.723180000000000156e-01 9.835660000000000514e-01 9.831459999999999644e-01 9.707569999999999810e-01 8.791609999999999703e-01 9.800069999999999615e-01 9.670400000000000107e-01 9.809170000000000389e-01
9.763169999999999904e-01 9.785559999999999814e-01 9.851619999999999822e-01 9.791149999999999576e-01 9.755399999999999627e-01 9.847059999999999702e-01 9.803159999999999652e-01 9.767799999999999816e-01
9.716949999999999754e-01 9.803560000000000052e-01 9.822349999999999692e-01 9.763840000000000297e-01 9.687299999999999800e-01 9.848449999999999704e-01 9.784559999999999924e-01 9.837409999999999766e-01
9.756399999999999517e-01 9.755549999999999500e-01 9.790269999999999806e-01 9.660779999999999923e-01 9.796599999999999753e-01 9.773910000000000098e-01 9.769339999999999691e-01 9.752260000000000373e-01
9.501929999999999543e-01 9.660100000000000353e-01 9.771050000000000013e-01 9.744650000000000256e-01 9.798949999999999605e-01 9.789959999999999773e-01 9.919609999999999816e-01 9.756169999999999565e-01
9.744230000000000391e-01 9.891259999999999497e-01 9.807879999999999932e-01 9.718430000000000124e-01 9.498410000000000464e-01 9.764979999999999771e-01 9.777609999999999912e-01 9.734429999999999472e-01
9.788010000000000321e-01 9.777350000000000207e-01 9.764859999999999651e-01 9.777949999999999697e-01 9.870200000000000085e-01 9.893560000000000132e-01 9.763239999999999696e-01 9.741109999999999491e-01
9.837019999999999653e-01 9.794129999999999781e-01 9.778790000000000537e-01 9.740109999999999602e-01 9.747080000000000188e-01 9.691370000000000262e-01 9.821140000000000425e-01 9.828959999999999919e-01
9.765209999999999724e-01 9.751370000000000315e-01 9.794500000000000428e-01 9.774220000000000130e-01 9.788480000000000514e-01 9.785190000000000277e-01 9.757350000000000190e-01 9.804349999999999454e-01
9.676500000000000101e-01 9.874239999999999684e-01 9.859580000000000011e-01 8.625589999999999646e-01 9.791929999999999801e-01 9.791539999999999688e-01 9.721090000000000009e-01 9.871050000000000102e-01
9.805120000000000502e-01 9.778829999999999467e-01 9.786439999999999584e-01 9.874239999999999684e-01 9.746059999999999723e-01 9.872570000000000512e-01 9.817700000000000315e-01 9.758090000000000375e-01
9.764749999999999819e-01 9.838369999999999616e-01 9.709529999999999550e-01 9.677609999999999824e-01 9.147070000000000478e-01 9.736120000000000330e-01 9.744610000000000216e-01 9.708109999999999795e-01
9.654639999999999889e-01 9.851039999999999797e-01 9.786580000000000279e-01 9.725890000000000368e-01 9.892779999999999907e-01 9.869149999999999867e-01 9.786280000000000534e-01 9.700619999999999798e-01
9.664740000000000553e-01 9.762950000000000239e-01 8.865469999999999740e-01 9.770219999999999461e-01 9.765770000000000284e-01 9.821499999999999675e-01 9.710429999999999895e-01 9.985330000000000039e-01
9.884680000000000133e-01 9.809959999999999791e-01 9.812530000000000419e-01 9.867249999999999632e-01 9.758729999999999905e-01 9.816230000000000233e-01 9.631340000000000456e-01 9.678219999999999601e-01
9.798789999999999445e-01 9.762170000000000014e-01 9.762899999999999912e-01 9.217760000000000398e-01 9.883610000000000451e-01 9.842870000000000230e-01 9.725709999999999633e-01 9.772899999999999920e-01
9.748010000000000286e-01 9.791590000000000016e-01 9.841149999999999620e-01 9.801239999999999952e-01 9.762739999999999752e-01 9.764840000000000186e-01 9.917500000000000204e-01 9.719240000000000101e-01
9.748980000000000423e-01 9.840780000000000083e-01 9.829200000000000159e-01 9.789290000000000491e-01 9.783150000000000457e-01 9.678080000000000016e-01 9.184149999999999814e-01 9.747719999999999718e-01
9.756899999999999462e-01 9.757259999999999822e-01 9.800550000000000095e-01 9.792520000000000113e-01 9.779769999999999852e-01 9.834239999999999648e-01 9.533960000000000212e-01 9.803709999999999924e-01
9.750419999999999643e-01 9.811860000000000026e-01 9.532230000000000425e-01 9.785420000000000229e-01 9.778219999999999690e-01 9.786200000000000454e-01 9.852340000000000542e-01 9.808120000000000172e-01
9.895199999999999552e-01 9.789529999999999621e-01 9.808719999999999661e-01 9.774159999999999515e-01 9.800590000000000135e-01 9.748580000000000023e-01 9.760750000000000259e-01 9.679609999999999603e-01
9.687329999999999552e-01 9.748210000000000486e-01 9.804220000000000157e-01 9.925169999999999826e-01 9.754789999999999850e-01 9.703399999999999803e-01 9.662410000000000165e-01 9.720269999999999744e-01
9.684089999999999643e-01 9.847380000000000022e-01 9.888289999999999580e-01 9.802650000000000530e-01 9.752669999999999950e-01 9.534989999999999855e-01 9.365409999999999568e-01 9.799379999999999757e-01
9.638060000000000516e-01 9.752490000000000325e-01 9.783089999999999842e-01 9.796300000000000008e-01 9.804599999999999982e-01 9.756930000000000325e-01 9.793870000000000076e-01 9.857080000000000286e-01
9.584300000000000042e-01 9.643749999999999822e-01 9.737839999999999829e-01 9.747860000000000413e-01 9.738599999999999479e-01 9.765310000000000379e-01 9.756329999999999725e-01 9.797949999999999715e-01
9.771769999999999623e-01 9.790219999999999478e-01 9.795989999999999975e-01 9.598400000000000265e-01 9.787059999999999649e-01 8.560370000000000479e-01 9.824889999999999457e-01 9.757460000000000022e-01
9.747240000000000348e-01 9.712549999999999795e-01 9.806660000000000377e-01 9.794850000000000501e-01 9.803359999999999852e-01 9.797540000000000138e-01 9.803429999999999644e-01 9.180150000000000254e-01
9.670549999999999979e-01 9.790419999999999678e-01 9.763150000000000439e-01 9.830870000000000442e-01 9.808000000000000052e-01 9.677879999999999816e-01 9.749320000000000208e-01 9.827460000000000084e-01
9.673239999999999617e-01 9.762769999999999504e-01 9.774150000000000338e-01 9.811750000000000194e-01 9.785209999999999742e-01 9.781729999999999592e-01 9.466390000000000082e-01 9.773119999999999585e-01
9.603819999999999579e-01 9.566480000000000539e-01 9.834019999999999984e-01 9.775909999999999878e-01 9.767909999999999648e-01 9.808040000000000092e-01 9.764469999999999539e-01 9.756629999999999470e-01
9.575310000000000210e-01 9.736099999999999755e-01 9.818940000000000445e-01 9.781549999999999967e-01 9.590159999999999796e-01 9.794960000000000333e-01 9.714679999999999982e-01 9.765549999999999509e-01
9.826150000000000162e-01 9.653209999999999846e-01 9.801760000000000472e-01 9.115529999999999466e-01 9.779400000000000315e-01 9.765500000000000291e-01 9.755610000000000115e-01 9.734129999999999727e-01
9.778890000000000082e-01 9.761229999999999629e-01 9.715709999999999624e-01 9.778949999999999587e-01 9.764199999999999546e-01 8.407229999999999981e-01 9.718149999999999844e-01 9.759660000000000002e-01
9.989940000000000486e-01 9.795070000000000165e-01 9.818999999999999950e-01 9.766470000000000429e-01 9.815399999999999681e-01 9.825239999999999529e-01 9.734990000000000032e-01 9.831800000000000539e-01
9.932320000000000038e-01 9.771109999999999518e-01 9.772420000000000551e-01 9.831039999999999779e-01 9.756460000000000132e-01 9.802880000000000482e-01 9.795179999999999998e-01 9.753349999999999520e-01
9.746930000000000316e-01 9.771900000000000031e-01 9.793629999999999836e-01 9.798360000000000403e-01 9.588010000000000144e-01 9.828770000000000007e-01 9.841889999999999805e-01 9.581720000000000237e-01
9.853849999999999554e-01 9.729769999999999808e-01 9.751889999999999725e-01 9.753380000000000383e-01 9.774739999999999540e-01 9.785430000000000517e-01 9.689170000000000282e-01 9.756580000000000252e-01
9.844450000000000145e-01 9.786249999999999671e-01 9.801459999999999617e-01 9.672629999999999839e-01 9.775110000000000188e-01 9.808390000000000164e-01 9.808959999999999901e-01 9.772880000000000456e-01
9.815530000000000088e-01 9.791860000000000008e-01 9.913790000000000102e-01 9.715479999999999672e-01 9.771659999999999791e-01 9.806829999999999714e-01 9.744249999999999856e-01 9.753389999999999560e-01
9.755530000000000035e-01 9.732079999999999620e-01 9.784890000000000532e-01 9.772699999999999720e-01 9.817289999999999628e-01 9.786409999999999831e-01 9.595810000000000173e-01 9.744960000000000289e-01
9.949329999999999563e-01 9.857979999999999521e-01 9.786970000000000391e-01 9.506200000000000205e-01 9.723990000000000133e-01 9.766280000000000516e-01 9.845859999999999612e-01 9.858329999999999593e-01
9.742290000000000116e-01 9.745009999999999506e-01 9.779550000000000187e-01 9.728059999999999485e-01 9.714909999999999934e-01 9.852370000000000294e-01 9.811769999999999659e-01 9.744669999999999721e-01
9.812950000000000284e-01 9.781429999999999847e-01 9.879869999999999486e-01 9.842739999999999823e-01 9.718630000000000324e-01 9.767479999999999496e-01 9.806730000000000169e-01 9.801680000000000392e-01
9.863340000000000440e-01 9.806679999999999842e-01 9.753730000000000455e-01 9.738299999999999734e-01 9.873499999999999499e-01 9.787529999999999841e-01 9.783969999999999612e-01 9.781060000000000310e-01
9.783110000000000417e-01 9.788820000000000299e-01 9.859250000000000513e-01 9.813190000000000524e-01 9.732220000000000315e-01 9.748769999999999936e-01 9.814810000000000478e-01 9.804589999999999694e-01
9.905209999999999848e-01 9.822880000000000500e-01 9.846759999999999957e-01 9.734760000000000080e-01 9.818769999999999998e-01 9.771760000000000446e-01 9.667900000000000382e-01 9.582180000000000142e-01
9.849989999999999579e-01 9.786190000000000166e-01 9.824089999999999767e-01 9.788160000000000194e-01 9.814690000000000358e-01 9.816930000000000378e-01 9.783450000000000202e-01 9.794199999999999573e-01
9.835080000000000489e-01 9.865040000000000475e-01 9.760750000000000259e-01 9.758930000000000105e-01 9.791189999999999616e-01 9.862360000000000015e-01 9.748050000000000326e-01 9.782349999999999657e-01
9.638029999999999653e-01 9.769820000000000171e-01 9.769269999999999898e-01 9.760919999999999597e-01 9.771109999999999518e-01 9.765420000000000211e-01 9.999879999999999880e-01 9.745409999999999906e-01
9.744009999999999616e-01 9.817090000000000538e-01 9.772750000000000048e-01 9.293139999999999734e-01 9.810170000000000279e-01 9.157370000000000232e-01 9.785840000000000094e-01 9.754329999999999945e-01
9.798270000000000035e-01 9.752429999999999710e-01 9.781760000000000455e-01 9.776270000000000238e-01 9.560899999999999954e-01 9.719309999999999894e-01 9.809609999999999719e-01 9.795559999999999823e-01
9.696139999999999759e-01 9.869120000000000115e-01 9.799409999999999510e-01 9.638780000000000125e-01 9.802440000000000042e-01 9.822760000000000380e-01 9.735780000000000545e-01 9.912710000000000132e-01
9.779229999999999867e-01 9.725890000000000368e-01 9.927080000000000348e-01 9.782690000000000552e-01 9.750619999999999843e-01 9.851870000000000349e-01 9.730509999999999993e-01 9.829689999999999817e-01
9.744279999999999609e-01 9.799780000000000157e-01 9.762610000000000454e-01 9.847609999999999975e-01 9.791140000000000398e-01 9.696230000000000127e-01 9.779689999999999772e-01 9.830109999999999681e-01
9.703640000000000043e-01 9.790659999999999918e-01 9.853349999999999609e-01 9.716700000000000337e-01 9.901469999999999994e-01 9.727729999999999988e-01 9.819579999999999975e-01 9.794460000000000388e-01
9.877899999999999459e-01 9.756660000000000332e-01 9.712979999999999947e-01 9.740290000000000337e-01 9.779250000000000442e-01 9.843830000000000080e-01 9.810079999999999911e-01 9.808850000000000069e-01
9.786829999999999696e-01 9.713709999999999845e-01 9.776350000000000318e-01 9.794490000000000141e-01 9.732079999999999620e-01 9.694380000000000219e-01 9.733450000000000157e-01 9.848170000000000535e-01
9.745970000000000466e-01 9.755559999999999787e-01 9.923110000000000541e-01 9.816650000000000098e-01 9.650889999999999747e-01 9.761830000000000229e-01 9.932189999999999630e-01 9.739750000000000352e-01
9.992820000000000036e-01 9.766899999999999471e-01 9.782659999999999689e-01 9.762009999999999854e-01 9.773530000000000273e-01 9.744920000000000249e-01 9.833539999999999504e-01 9.799759999999999582e-01
9.714359999999999662e-01 9.766289999999999694e-01 9.710180000000000478e-01 9.780569999999999542e-01 9.682770000000000543e-01 9.767719999999999736e-01 9.762389999999999679e-01 9.853880000000000416e-01
9.533449999999999980e-01 9.866019999999999790e-01 9.861370000000000413e-01 9.704450000000000021e-01 9.804239999999999622e-01 9.735120000000000440e-01 9.770180000000000531e-01 9.830889999999999906e-01
9.774639999999999995e-01 9.745909999999999851e-01 9.734479999999999800e-01 9.712009999999999810e-01 9.809360000000000301e-01 9.743079999999999519e-01 9.813929999999999598e-01 9.783199999999999674e-01
9.736639999999999739e-01 9.876139999999999919e-01 9.825580000000000425e-01 9.806799999999999962e-01 9.735780000000000545e-01 9.752480000000000038e-01 9.747670000000000501e-01 9.851509999999999989e-01
9.479419999999999513e-01 9.539969999999999839e-01 9.786829999999999696e-01 9.772530000000000383e-01 9.722140000000000226e-01 9.045050000000000034e-01 9.759759999999999547e-01 9.818299999999999805e-01
9.775340000000000140e-01 9.768329999999999513e-01 9.778710000000000457e-01 9.839700000000000113e-01 9.797019999999999618e-01 9.756709999999999550e-01 9.814789999999999903e-01 9.749489999999999545e-01
9.771919999999999495e-01 9.675010000000000554e-01 9.699360000000000204e-01 9.818219999999999725e-01 9.663779999999999593e-01 9.770410000000000483e-01 9.658339999999999703e-01 9.689100000000000490e-01
9.784570000000000212e-01 9.730579999999999785e-01 9.728250000000000508e-01 9.799560000000000493e-01 9.751210000000000155e-01 9.826840000000000019e-01 9.695679999999999854e-01 9.798540000000000028e-01
9.826209999999999667e-01 9.820940000000000225e-01 9.743990000000000151e-01 9.734120000000000550e-01 9.717489999999999739e-01 9.757839999999999847e-01 9.776150000000000118e-01 9.727630000000000443e-01
9.585599999999999676e-01 9.829329999999999457e-01 9.759459999999999802e-01 9.803549999999999764e-01 9.849849999999999994e-01 9.792389999999999706e-01 9.764340000000000241e-01 9.729600000000000470e-01
9.752840000000000398e-01 9.859769999999999923e-01 9.861900000000000110e-01 9.768449999999999633e-01 9.804829999999999934e-01 9.841720000000000468e-01 9.700199999999999934e-01 9.840670000000000250e-01
9.915779999999999594e-01 9.727320000000000411e-01 9.828259999999999774e-01 9.773819999999999730e-01 9.814030000000000253e-01 9.878000000000000114e-01 9.797550000000000425e-01 9.734990000000000032e-01
9.908540000000000125e-01 9.773009999999999753e-01 9.790609999999999591e-01 9.923849999999999616e-01 9.850560000000000427e-01 9.785420000000000229e-01 9.702210000000000001e-01 9.572969999999999535e-01
9.714190000000000325e-01 9.731610000000000538e-01 9.728369999999999518e-01 9.534010000000000540e-01 9.795690000000000230e-01 9.842159999999999798e-01 9.755030000000000090e-01 9.791609999999999481e-01
9.798660000000000148e-01 9.823939999999999895e-01 9.745479999999999698e-01 9.771360000000000046e-01 9.858120000000000216e-01 9.808029999999999804e-01 9.707230000000000025e-01 9.587470000000000159e-01
9.781760000000000455e-01 9.793209999999999971e-01 9.743640000000000079e-01 9.778660000000000130e-01 9.742960000000000509e-01 9.772739999999999760e-01 9.784239999999999604e-01 9.796920000000000073e-01
9.772399999999999975e-01 9.819989999999999553e-01 9.816770000000000218e-01 9.793579999999999508e-01 9.783260000000000289e-01 9.712889999999999580e-01 9.781809999999999672e-01 9.831779999999999964e-01
9.678350000000000009e-01 9.731490000000000418e-01 9.472770000000000357e-01 9.844060000000000032e-01 9.948559999999999626e-01 9.760950000000000459e-01 9.845779999999999532e-01 9.788940000000000419e-01
9.740910000000000402e-01 9.856629999999999558e-01 9.716639999999999722e-01 9.705899999999999528e-01 9.730499999999999705e-01 9.752779999999999783e-01 9.830430000000000001e-01 9.683810000000000473e-01
9.759120000000000017e-01 9.689590000000000147e-01 9.649910000000000432e-01 9.764739999999999531e-01 9.817780000000000395e-01 9.756439999999999557e-01 9.826580000000000314e-01 9.941419999999999702e-01
9.811830000000000274e-01 9.773420000000000440e-01 9.538830000000000364e-01 9.584770000000000234e-01 9.755850000000000355e-01 9.624669999999999614e-01 9.749879999999999658e-01 9.683599999999999985e-01
9.792689999999999451e-01 9.822309999999999652e-01 9.797540000000000138e-01 9.752530000000000365e-01 9.758700000000000152e-01 9.741649999999999476e-01 9.080049999999999510e-01 9.771699999999999831e-01
9.847920000000000007e-01 9.731140000000000345e-01 9.813009999999999788e-01 9.768740000000000201e-01 9.843340000000000423e-01 9.863319999999999865e-01 9.740240000000000009e-01 9.780640000000000445e-01
9.888059999999999627e-01 9.880560000000000453e-01 9.713540000000000507e-01 9.872589999999999977e-01 9.857329999999999703e-01 9.881389999999999896e-01 9.811809999999999699e-01 9.458419999999999606e-01
