0 6.265778554e-10 6.265778554e-12 3.925998089e-21
1 6.265778554e-10 6.265778554e-12 3.925998089e-21
2 6.265778554e-10 6.265778554e-12 3.925998089e-21
3 6.265778554e-10 6.265778554e-12 3.925998089e-21
4 6.265778554e-10 6.265778554e-12 3.925998089e-21
5 6.520438239e-10 1.278621679e-11 8.095072962e-21
6 6.520438239e-10 1.569769252e-11 8.867536477e-21
7 6.520438239e-10 1.808398145e-11 9.361298753e-21
8 6.520438239e-10 1.808398145e-11 9.361298753e-21
9 6.580639082e-10 3.47912692e-11 1.781583101e-20
10 6.580639082e-10 3.557819607e-11 1.974342946e-20
11 8.501022101e-08 8.967194673e-10 7.221748871e-17
12 1.097522122e-07 1.986334732e-09 1.907099911e-16
13 1.097522122e-07 2.463044768e-09 2.122103734e-16
14 1.097522122e-07 2.455982869e-09 2.122426667e-16
15 1.178922729e-07 3.633838488e-09 3.453874711e-16
16 1.36798824e-07 6.317267017e-09 6.081422513e-16
17 1.77915339e-07 7.421657367e-09 9.09210148e-16
18 4.277303968e-05 4.34162072e-07 1.829060331e-11
19 4.277303968e-05 5.310870914e-07 1.918648987e-11
20 4.277303968e-05 5.30313325e-07 1.918718878e-11
21 4.277303968e-05 6.543226513e-07 2.056779796e-11
22 4.277303968e-05 7.153333246e-07 2.062388411e-11
23 6.641803045e-05 1.362883477e-06 6.38017115e-11
24 0.0002985991611 4.754379679e-06 9.615586671e-10
25 0.002743469036 5.134253876e-05 1.12094969e-07
26 0.002743469036 5.113156911e-05 1.121035596e-07
27 0.002743469036 9.072251394e-05 1.942555365e-07
28 0.003809279444 0.0001403900362 3.427275915e-07
29 0.003809279444 0.0001879647999 5.308696484e-07
30 0.005282708829 0.0002594036148 9.659926207e-07
31 0.006340633768 0.000316569921 1.43214665e-06
32 0.006340633768 0.0002961203281 1.441169631e-06
33 0.006340633768 0.0002901653755 1.40717561e-06
34 0.006340633768 0.0003444237045 1.52014086e-06
35 0.007103118814 0.0003996711676 1.943437537e-06
36 0.0327343404 0.0006673093978 1.21598225e-05
37 0.0327343404 0.0009343519941 1.734243179e-05
38 0.03474618276 0.001743184949 4.411180563e-05
39 0.03474618276 0.002144139059 5.100287607e-05
40 0.0609607812 0.002764018924 9.334521778e-05
41 0.0609607812 0.003349991434 0.0001037415779
42 0.06266591327 0.004252612525 0.0001630123486
43 0.06266591327 0.005238221482 0.0002296332613
44 0.06266591327 0.006233403454 0.0002890333548
45 0.1360816343 0.008784381682 0.0005108141778
46 0.1870463364 0.009555648932 0.0008570297601
47 0.1870463364 0.01031989372 0.001072995112
48 0.1870463364 0.009617714157 0.001070485882
49 0.1870463364 0.01219596043 0.001463942446
50 0.2061686935 0.01449956067 0.001836826349
51 0.3123969267 0.02047140375 0.003124950586
52 0.3123969267 0.01791625381 0.002963711959
53 0.3785933843 0.02836519874 0.005819700044
54 0.4266258936 0.02969101168 0.007757355003
55 0.4266258936 0.0296933955 0.007040856036
56 0.4266258936 0.03436044147 0.009031517685
57 0.4266258936 0.04014563694 0.009787495926
58 0.4266258936 0.03748810746 0.009754335654
59 0.4266258936 0.03832944938 0.00988668319
60 0.4266258936 0.03480607344 0.009245046201
61 0.5120022997 0.04131622474 0.0131600999
62 0.8012989871 0.06505383683 0.02523421836
63 0.8012989871 0.07373390958 0.02918770229
64 0.8357675328 0.08683212166 0.04125976557
65 0.8357675328 0.06978908011 0.03441171809
66 0.8489587628 0.08457658549 0.04559690972
67 0.9333203043 0.1118349017 0.06212695414
68 0.984577659 0.1090357137 0.06554713973
69 0.984577659 0.08069504528 0.04826721372
70 0.984577659 0.07007696035 0.04251673013
71 0.984577659 0.08787798479 0.05518656487
72 0.9856214038 0.116496402 0.07174496388
73 0.9856214038 0.1190576315 0.0717659701
74 0.9856214038 0.1301784848 0.08046416054
75 0.9856214038 0.1325659179 0.07463979386
76 0.9856214038 0.1331618914 0.07300832413
77 0.9856214038 0.1389741316 0.06644677156
78 0.9856214038 0.163679013 0.07999484093
79 0.9856214038 0.1623353179 0.0809636274
80 0.9856214038 0.1639078352 0.0821341148
81 0.9933225881 0.1887466912 0.09116410468
81 0.01951888752 0.0007644752638 8.815687096e-06
82 0.04655424335 0.001373879321 3.248038146e-05
83 0.04655424335 0.002333246757 5.807601454e-05
84 0.1279199075 0.004523881705 0.000257775765
85 0.1279199075 0.004145936166 0.0002459837275
86 0.1279199075 0.00461087138 0.0002649956508
87 0.1279199075 0.004510199319 0.0002573498745
88 0.1279199075 0.00473098908 0.0003071813928
89 0.1279199075 0.00540455878 0.0003567936276
90 0.1279199075 0.005829374595 0.0003808698671
91 0.1337662501 0.00705494441 0.0005238542318
92 0.1850036826 0.01120313178 0.001125719776
93 0.1889162763 0.01786330325 0.002195052999
94 0.1889162763 0.01314564292 0.001644983387
95 0.2085751514 0.01543337767 0.002110881287
96 0.2085751514 0.01670952845 0.00227669296
97 0.2234121037 0.01875177999 0.002862462306
98 0.2234121037 0.02112388239 0.002836704629
99 0.2376566666 0.02482153662 0.003761743774
100 0.2376566666 0.02215625688 0.003252894529
101 0.2910284693 0.03061310262 0.004554982063
102 0.2910284693 0.02473162737 0.003675190588
103 0.2910284693 0.02586030143 0.004056641973
104 0.2910284693 0.02223094171 0.003625117921
105 0.2910284693 0.02669016926 0.004415647322
106 0.2910284693 0.02945941973 0.005497796504
107 0.2910284693 0.02695998783 0.005193740391
108 0.3512900629 0.02619597762 0.005224623129
109 0.4999671082 0.03147698983 0.006875811571
110 0.4999671082 0.03416821119 0.008285199214
111 0.4999671082 0.03753766693 0.01082009617
112 0.4999671082 0.03794204039 0.0119976823
113 0.4999671082 0.03565112588 0.01029685902
114 0.4999671082 0.0435245093 0.01222426562
115 0.4999671082 0.04670340729 0.01370688659
116 0.4999671082 0.04217842287 0.01173769688
117 0.4999671082 0.04220163472 0.01211512598
118 0.4999671082 0.04762192924 0.0136262527
119 0.5753275737 0.04791214178 0.01395956222
120 0.5753275737 0.0559437912 0.01679241108
121 0.5809551138 0.05809464923 0.02056023704
122 0.5809551138 0.05170082252 0.01926188232
123 0.5809551138 0.06744289759 0.02553654226
124 0.5809551138 0.06794564552 0.02174829722
125 0.6574941109 0.06145652952 0.02297791766
126 0.6574941109 0.05640235202 0.02168948941
127 0.6574941109 0.05350105758 0.01946083567
128 0.6574941109 0.04949423992 0.01806219021
129 0.6574941109 0.0611431846 0.02165205798
130 0.6574941109 0.05360213429 0.01872375627
131 0.6574941109 0.05804734973 0.02047288646
132 0.6574941109 0.09090116273 0.0330455646
133 0.8006839697 0.08586332412 0.03558012505
134 0.8447535819 0.09720122157 0.03969248115
135 0.8447535819 0.09106566398 0.04168154448
136 0.8447535819 0.09352130892 0.03861419115
137 0.8661157743 0.07414447441 0.03487955387
138 0.8874324574 0.08903973502 0.04547434182
139 0.9211474686 0.1129252462 0.05709684291
140 0.9211474686 0.09816595979 0.05046554507
141 0.9211474686 0.08811806442 0.04378164225
142 0.9405022858 0.1056680575 0.05766827305
143 0.9405022858 0.1023352451 0.05375646874
144 0.9405022858 0.1254928752 0.06871966449
145 0.9405022858 0.1369538929 0.08346621036
146 0.9405022858 0.1207178065 0.06203794762
147 0.9737030058 0.1175518811 0.06178309095
148 0.9737030058 0.119479121 0.06242948618
149 0.9737030058 0.1337571044 0.06486652122
150 0.9737030058 0.1648349831 0.08799269312
151 0.9737030058 0.1249909147 0.07106295499
152 0.9737030058 0.1548533693 0.07956120332
153 0.9890658883 0.1401024063 0.06903267536
154 0.9890658883 0.1213314877 0.06211455082
155 0.9890658883 0.1181602702 0.06440577404
156 0.9890658883 0.1428775339 0.0861205304
157 0.9890658883 0.1159288183 0.06710080639
158 0.9890658883 0.1235949952 0.06673037353
159 0.9890658883 0.1697965676 0.08318628052
160 0.9890658883 0.1404400822 0.05972190303
161 0.9890658883 0.1296599417 0.06231034704
162 0.9890658883 0.1253571282 0.06445631516
163 0.9890658883 0.1347384768 0.07313539854
164 0.9890658883 0.1808797365 0.07949018957
165 0.9890658883 0.1565562013 0.07337552473
166 0.990760514 0.167554535 0.08551634679
167 0.990760514 0.1721836178 0.08090462105
168 0.990760514 0.1612481183 0.07846902713
169 0.990760514 0.196013653 0.09271729319
170 0.990760514 0.2033598676 0.09809193397
171 0.990760514 0.2080171323 0.09547761287
172 0.990760514 0.2203919631 0.09764268167
173 0.9908622559 0.2376076636 0.1138930786
174 0.9908622559 0.1811204721 0.08521700951
175 0.9908622559 0.1617828056 0.06705244682
176 0.9908622559 0.170838788 0.07015175603
177 0.9908622559 0.2105641657 0.08494551449
178 0.9908622559 0.2481171149 0.09271941471
179 0.9908622559 0.2497823278 0.09167226517
180 0.9908622559 0.2077464481 0.08610498606
181 0.9908622559 0.2197771918 0.09509540481
182 0.9908622559 0.1859825981 0.08490489033
183 0.9908622559 0.2029863417 0.09560328014
184 0.9908622559 0.2019669425 0.08434823136
185 0.995531462 0.2316266796 0.1004817129
186 0.995531462 0.2597915603 0.1032922216
187 0.995531462 0.28401816 0.1116489473
188 0.995531462 0.2550482148 0.1078914349
189 0.995531462 0.2596121098 0.1052391089
190 0.995531462 0.2419903408 0.09951047815
191 0.995531462 0.2166054201 0.090894455
192 0.995531462 0.2420643866 0.09037434035
193 0.995531462 0.288034852 0.1051842069
194 0.995531462 0.2712811416 0.09929216077
195 0.995531462 0.2712576039 0.09688185565
196 0.995531462 0.2424135828 0.08618639803
197 0.9969042641 0.2272005207 0.09884594673
198 0.9969042641 0.2128463119 0.09297096508
199 0.9969042641 0.2103336509 0.08813659263
200 0.9972512952 0.2149846259 0.09550053349
201 0.9983018444 0.2174536458 0.08446246693
202 0.9983018444 0.2305043515 0.08362942631
203 0.9983018444 0.2142864089 0.08957142433
204 0.9983018444 0.2088666476 0.07764353295
205 0.9983018444 0.2537551895 0.1012491836
206 0.9983018444 0.2364674742 0.09181666526
207 0.9983018444 0.2107966197 0.08401931195
208 0.9983018444 0.2660451881 0.09751770229
209 0.9996040982 0.2327010436 0.09297119749
210 0.9996040982 0.2422466433 0.09642518575
211 0.9996040982 0.2603423573 0.1008057842
212 0.9996040982 0.2853310484 0.1047002989
213 0.9996040982 0.2875276875 0.1191902045
214 0.9996040982 0.2729425798 0.1088041499
215 0.9996040982 0.3023485486 0.1146643057
216 0.9996040982 0.2732562882 0.1085442879
217 0.9996040982 0.2524663231 0.09702232242
218 0.9996040982 0.2195049135 0.08582929864
219 0.9996040982 0.2509592293 0.1038253006
220 0.9996040982 0.2404436642 0.09144167979
221 0.9996040982 0.2812618333 0.1078974516
222 0.9996040982 0.2895785453 0.118379853
223 0.9996040982 0.2996730853 0.1091767201
224 0.9996040982 0.2798514542 0.107179627
225 0.9996040982 0.2449589953 0.09772159574
226 0.9996040982 0.2508863595 0.09862435275
227 0.9996040982 0.2601918919 0.1010410196
228 0.9996040982 0.2756709797 0.1078354406
229 0.9996040982 0.2603943706 0.09254830064
230 0.9996040982 0.2684569436 0.09285887286
231 0.9996040982 0.2707271191 0.09571930151
232 0.9996040982 0.288538999 0.1012871001
233 0.9996040982 0.276552238 0.08858560504
234 0.9996040982 0.2925281524 0.09014644947
235 0.9996040982 0.3005552038 0.09723027354
236 0.9996040982 0.3014114672 0.09565241168
237 0.9996040982 0.3154269876 0.1043501742
238 0.9996040982 0.2905264351 0.09960566174
239 0.9996040982 0.282295765 0.104166113
240 0.9996040982 0.266647953 0.09651544608
241 0.9996040982 0.2884827098 0.1147785605
242 0.9996040982 0.2802707903 0.1052073293
243 0.9996040982 0.2658270449 0.09189574248
244 0.9996040982 0.2313239457 0.0839994322
245 0.9996040982 0.2494582712 0.0975828587
246 0.9996040982 0.233141427 0.08827903721
247 0.9996040982 0.250797604 0.09112794701
248 0.9996040982 0.310572923 0.1001407633
249 0.9996040982 0.2851653511 0.09930653089
250 0.9996040982 0.3487383555 0.09993845983
251 0.9996040982 0.3410230098 0.10312794
252 0.9996040982 0.3006325806 0.1081271038
253 0.9996040982 0.3159460116 0.1106170472
254 0.9996040982 0.2459717973 0.09422426394
255 0.9996040982 0.1913541523 0.07709833179
256 0.9996040982 0.2212653401 0.08271394573
257 0.9996040982 0.2546119371 0.09633590342
258 0.9996040982 0.2797568013 0.09585248979
259 0.9996040982 0.2972554851 0.09746636778
260 0.9996040982 0.2626104781 0.08487126796
261 0.9996040982 0.2746380627 0.09316540481
262 0.9996040982 0.2601623723 0.08461835884
263 0.9996040982 0.253539736 0.09409250755
264 0.9996040982 0.2677333513 0.1035395052
265 0.9996040982 0.2651537214 0.1112777857
266 0.9996040982 0.2599247633 0.095443946
267 0.9996040982 0.2691453893 0.09824860299
268 0.9996040982 0.28569433 0.1131958809
269 0.9996040982 0.2669505367 0.1017104731
270 0.9996040982 0.2454102615 0.09459879668
271 0.9996040982 0.2574813791 0.09958209755
272 0.9996040982 0.2316732831 0.09849390997
273 0.9996040982 0.2516635533 0.1111813679
274 0.9996040982 0.2460314129 0.1068239581
275 0.9996040982 0.2435924144 0.09997844174
276 0.9996040982 0.2473368092 0.09719518577
277 0.9996040982 0.2376168067 0.09148171597
278 0.9996040982 0.2506293574 0.09862872856
279 0.9996040982 0.2090820031 0.0796486561
280 0.9996040982 0.2338887138 0.09852159105
281 0.9996040982 0.2493431902 0.1182060514
282 0.9996040982 0.2390792877 0.1072500417
283 0.9996040982 0.2290025657 0.09385614958
284 0.9996040982 0.2242967349 0.1018083357
285 0.9996040982 0.236149876 0.1063582582
286 0.9996040982 0.2382707071 0.09637568386
287 0.9996040982 0.2719942892 0.1033972968
288 0.9996040982 0.2717341098 0.1072365427
289 0.9996040982 0.3237021195 0.1085851253
290 0.9996040982 0.2727808318 0.09161909288
291 0.9996040982 0.2370882995 0.09322341272
292 0.9996040982 0.2487160354 0.09824892017
293 0.9996040982 0.2570381935 0.1009995595
294 0.9996040982 0.2673577309 0.09678207898
295 0.9996040982 0.2208915172 0.0894771585
296 0.9996040982 0.2217925473 0.09249869943
297 0.9996040982 0.2486113423 0.09154007117
298 0.9996040982 0.265593052 0.1075865683
299 0.9996040982 0.2718956895 0.1063425651
300 0.9996040982 0.2563630296 0.09694531875
301 0.9996040982 0.2643417533 0.08800414432
302 0.9996040982 0.281437746 0.1084221223
303 0.9996040982 0.2751387799 0.1017875166
304 0.9996040982 0.2899233441 0.1133135366
305 0.9996040982 0.284194441 0.1061054
306 0.9996040982 0.3092929406 0.1047472581
307 0.9996040982 0.2895540349 0.09220809476
308 0.9996040982 0.2824538055 0.1048784087
309 0.9996040982 0.2590756556 0.09906045085
310 0.9996040982 0.2629698345 0.09574070529
311 0.9996040982 0.2844489213 0.1044117294
312 0.9996040982 0.2775475618 0.1016231379
313 0.9996040982 0.2954666081 0.1085186659
314 0.9996040982 0.2892506552 0.1101688154
315 0.9996040982 0.266982276 0.09984257901
316 0.9996040982 0.2261493072 0.08915006353
317 0.9996040982 0.2428681593 0.1047039074
318 0.9996040982 0.2605666396 0.09037384748
319 0.9996040982 0.2547500557 0.09525475583
320 0.9996040982 0.2731925403 0.1017184015
321 0.9996040982 0.2617539672 0.1012154228
322 0.9996040982 0.3082146046 0.1058650554
323 0.9996040982 0.2930816813 0.1037118372
324 0.9996040982 0.2961158117 0.1059925111
325 0.9996040982 0.2430134955 0.093133751
326 0.9996040982 0.2532679834 0.09029949534
327 0.9996040982 0.2530443978 0.09226126781
328 0.9996040982 0.2672933509 0.0962163185
329 0.9996040982 0.2684052401 0.09470169857
330 0.9996040982 0.2775347799 0.1081051531
331 0.9996040982 0.2632315572 0.0994239926
332 0.9996040982 0.2469781015 0.1040282981
333 0.9996040982 0.2192691503 0.09297510177
334 0.9996040982 0.2421104776 0.1104771862
335 0.9996040982 0.2243182056 0.1026314074
336 0.9996040982 0.2620220003 0.1076483309
337 0.9996040982 0.2140603383 0.08931165856
338 0.9996040982 0.1762234735 0.06699653944
339 0.9996040982 0.1988908373 0.08076891686
340 0.9996040982 0.1854796495 0.08906992972
341 0.9996040982 0.1764570945 0.08436635992
342 0.9996040982 0.1495881574 0.07090487657
343 0.9996040982 0.1930076028 0.08769954202
344 0.9996040982 0.166819509 0.07798197037
345 0.9996040982 0.1801277067 0.08837887431
346 0.9996040982 0.1557169286 0.08550266988
347 0.9996040982 0.1580920808 0.08471317974
348 0.9996040982 0.1684841018 0.07719486669
349 0.9996040982 0.1750140438 0.08477994973
350 0.9996040982 0.1851720531 0.09049886858
351 0.9996040982 0.2016549662 0.09785435294
352 0.9996040982 0.200231606 0.09923861132
353 0.9996040982 0.1643766874 0.08058577608
354 0.9996040982 0.2003893704 0.09169405808
355 0.9996040982 0.2126527859 0.1023356863
356 0.9996040982 0.2197348962 0.1065902763
357 0.9996040982 0.1804271132 0.09288548759
358 0.9996040982 0.2115917142 0.1062261582
359 0.9996040982 0.211178284 0.09662004308
360 0.9996040982 0.2167832457 0.1031822402
361 0.9996040982 0.2293431374 0.09566654777
362 0.9996040982 0.2522915468 0.1203979668
363 0.9996040982 0.2636783079 0.1215281432
364 0.9996040982 0.2177443305 0.09872184863
365 0.9996040982 0.2208076789 0.1029270045
366 0.9996040982 0.2594469963 0.111185773
367 0.9996040982 0.2213263237 0.1057340323
368 0.9996040982 0.2511717963 0.114288859
369 0.9996040982 0.2686471623 0.1175035742
370 0.9996040982 0.2932781394 0.1158345722
371 0.9996040982 0.2525113113 0.1001328397
372 0.9996040982 0.2222515186 0.0963550675
373 0.9996040982 0.2203952224 0.09066615885
374 0.9996040982 0.214831052 0.09522305587
375 0.9996040982 0.2356997968 0.1093852271
376 0.9996040982 0.2324901284 0.09993291462
377 0.9996040982 0.2455689444 0.1059646272
378 0.9996040982 0.2785478323 0.1210437134
379 0.9996040982 0.2488470381 0.09787350137
380 0.9996040982 0.2483178885 0.1046981286
381 0.9996040982 0.2373006307 0.1003668475
382 0.9996040982 0.2703197909 0.1089650768
383 0.9996040982 0.278542988 0.1060193833
384 0.9996040982 0.257317168 0.09980363256
385 0.9996040982 0.2686240438 0.1040582907
386 0.9996040982 0.2651970013 0.1050491774
387 0.9996040982 0.2482590339 0.1012317604
388 0.9996040982 0.2882627679 0.1074691371
389 0.9996040982 0.302392846 0.1206932009
390 0.9996040982 0.2627585193 0.1073974405
391 0.9996040982 0.2588480373 0.1122225272
392 0.9996040982 0.2481424652 0.1008321623
393 0.9996040982 0.2546924638 0.1108610757
394 0.9996040982 0.2549401694 0.1153335707
395 0.9996040982 0.2385673967 0.1005862515
396 0.9996040982 0.262340115 0.1031543156
397 0.9996040982 0.243607716 0.09289305972
398 0.9996040982 0.2603110856 0.1045044834
399 0.9996040982 0.265008591 0.1106146749
400 0.9996040982 0.2577229434 0.1042107957
401 0.9996040982 0.2469369249 0.1002128919
402 0.9996040982 0.2150195362 0.0969028887
403 0.9996040982 0.2106681504 0.08865359094
404 0.9996040982 0.2050339546 0.09216397048
405 0.9996040982 0.2203831698 0.08607344809
406 0.9996040982 0.1945808833 0.09025656376
407 0.9996040982 0.2675872279 0.1019984087
408 0.9996040982 0.2569022522 0.09852766228
409 0.9996040982 0.2492812227 0.1048722906
410 0.9996040982 0.2288509909 0.09407532988
411 0.9996040982 0.235160053 0.1042945232
412 0.9996040982 0.2454976631 0.09842591166
413 0.9996040982 0.2412773577 0.08916436781
414 0.9996040982 0.2299463358 0.08283734333
415 0.9996040982 0.2102237681 0.08261198371
416 0.9996040982 0.2162038188 0.08682220824
417 0.9996040982 0.2033782831 0.07616024312
418 0.9996040982 0.2239891805 0.09334842589
419 0.9996040982 0.2662957493 0.1145339626
420 0.9996040982 0.2364895292 0.1032877017
421 0.9996040982 0.2546414766 0.1043183259
422 0.9996040982 0.2330616747 0.1036056903
423 0.9996040982 0.2438944359 0.1080688065
424 0.9996040982 0.2348316177 0.1011718517
425 0.9996040982 0.2383113137 0.1007556401
426 0.9996040982 0.2455355602 0.1025282201
427 0.9996040982 0.228645142 0.08946001609
428 0.9996040982 0.2306918196 0.08768439278
429 0.9996040982 0.2471567277 0.08761464536
430 0.9996040982 0.2275981376 0.085885143
431 0.9996040982 0.2128933028 0.08262879302
432 0.9996040982 0.1834547995 0.07737467754
433 0.9996040982 0.2302474614 0.1097621324
434 0.9996040982 0.2412957181 0.1003570621
435 0.9996040982 0.2451296679 0.0965269252
436 0.9996040982 0.2721554032 0.09510730531
437 0.9996040982 0.2689701679 0.09639248746
438 0.9996040982 0.2948398888 0.09787970064
439 0.9996040982 0.2804158924 0.1047684972
440 0.9996040982 0.2908765082 0.1235571864
441 0.9996040982 0.2956997777 0.1092768448
442 0.9996040982 0.2739975178 0.0944344308
443 0.9996040982 0.2419185987 0.09300740841
444 0.9996040982 0.2267546237 0.09598884486
445 0.9996040982 0.2416207862 0.1083704447
446 0.9996040982 0.270854608 0.1123709782
447 0.9996040982 0.2745114052 0.117551611
448 0.9996040982 0.2280966281 0.105462671
449 0.9996040982 0.2289917573 0.107383811
450 0.9996040982 0.2189563272 0.09737348749
451 0.9996040982 0.2168209059 0.09651606364
452 0.9996040982 0.180447003 0.07879709482
453 0.9996040982 0.2182534387 0.08753806367
454 0.9996040982 0.2306944585 0.09748350097
455 0.9996040982 0.2255619606 0.09599543215
456 0.9996040982 0.2266760919 0.09915603127
457 0.9996040982 0.2241717635 0.103007113
458 0.9996040982 0.2093456355 0.09654862621
459 0.9996040982 0.2479824741 0.09836162713
460 0.9996040982 0.2746074067 0.1043928203
461 0.9996040982 0.249832801 0.100752878
462 0.9996040982 0.2225658777 0.09693973162
463 0.9996040982 0.2381586635 0.1029681288
464 0.9996040982 0.2126717949 0.09548280168
465 0.9996040982 0.2583702731 0.1148636357
466 0.9996040982 0.2586857124 0.1137034314
467 0.9996040982 0.2769485037 0.1297690582
468 0.9996040982 0.2236657384 0.1084447977
469 0.9996040982 0.219304104 0.09350593318
470 0.9996040982 0.244587795 0.09678320016
471 0.9996040982 0.2213377951 0.09375486963
472 0.9996040982 0.2224907551 0.09832968132
473 0.9996040982 0.2045378311 0.09418657596
474 0.9996040982 0.2287037411 0.09736455979
475 0.9996040982 0.220513866 0.09651103666
476 0.9996040982 0.2243819322 0.1009116593
477 0.9996040982 0.2378154077 0.1078239605
478 0.9996040982 0.2577668123 0.105270613
479 0.9996040982 0.2466177971 0.09853906131
480 0.9996040982 0.2310293205 0.08792289529
481 0.9996040982 0.2002621248 0.08533984268
482 0.9996040982 0.2002148454 0.08431004717
483 0.9996040982 0.2168729058 0.1012407261
484 0.9996040982 0.2251200331 0.1051210498
485 0.9996040982 0.2549857371 0.09972990507
486 0.9996040982 0.2378185805 0.0946178467
487 0.9996040982 0.2429081773 0.1020092051
488 0.9996040982 0.2461369689 0.101315078
489 0.9996040982 0.2607518535 0.1002827325
490 0.9996040982 0.2750971551 0.1004040923
491 0.9996040982 0.2383657224 0.09145130073
492 0.9996040982 0.2400266862 0.1011172678
493 0.9996040982 0.2097072655 0.09000064144
494 0.9996040982 0.184906602 0.07665721691
495 0.9996040982 0.1845830032 0.08226489849
496 0.9996040982 0.214952784 0.08859565786
497 0.9996040982 0.209420341 0.08827828103
498 0.9996040982 0.2182228147 0.09610481761
499 0.9996040982 0.1972236112 0.09305308138
500 0.9996040982 0.1923246668 0.08870872697
501 0.9996040982 0.1868677534 0.1048470961
502 0.9996040982 0.2055163245 0.09490162266
503 0.9996040982 0.1894626942 0.09170862336
504 0.9996040982 0.2512681708 0.116770603
505 0.9996040982 0.2402894431 0.1056903042
506 0.9996040982 0.2226090731 0.1016880461
507 0.9996040982 0.2136763913 0.09481890421
508 0.9996040982 0.2157206446 0.08911945059
509 0.9996040982 0.2345451474 0.09910919361
510 0.9996040982 0.2421657323 0.1086999145
511 0.9996040982 0.2257062796 0.09437244388
512 0.9996040982 0.2525760886 0.1146929328
513 0.9996040982 0.2554427586 0.1142406384
514 0.9996040982 0.2378933997 0.09828628554
515 0.9996040982 0.2220670966 0.09043596987
516 0.9996040982 0.2265638325 0.08981919109
517 0.9996040982 0.2203612354 0.09084601237
518 0.9996040982 0.2086185313 0.08482156518
519 0.9996040982 0.2175613497 0.08525369346
520 0.9996040982 0.2316790272 0.08788978204
521 0.9996040982 0.1900410594 0.08216593164
522 0.9996040982 0.1872071048 0.07867408597
523 0.9996040982 0.1856753698 0.07909809504
524 0.9996040982 0.1931050346 0.08056989185
525 0.9996040982 0.2095910805 0.0920378681
526 0.9996040982 0.273217289 0.1065734384
527 0.9996040982 0.2346559977 0.09687941636
528 0.9996040982 0.2078074727 0.08991744511
529 0.9996040982 0.2086037206 0.09525081552
530 0.9996040982 0.192815805 0.08967015835
531 0.9996040982 0.2212441899 0.1006446514
532 0.9996040982 0.216829497 0.09029920589
533 0.9996040982 0.2192019474 0.09039250753
534 0.9996040982 0.2193535242 0.09991475434
535 0.9996040982 0.2349562448 0.09209098717
536 0.9996040982 0.2032238653 0.07919841579
537 0.9996040982 0.1887681081 0.08041324802
538 0.9996040982 0.2019674235 0.08158227022
539 0.9996040982 0.1928320875 0.08538977416
540 0.9996040982 0.1797604734 0.08849751637
541 0.9996040982 0.1776847347 0.09004929473
542 0.9996040982 0.2151223811 0.09631522145
543 0.9996040982 0.1984048357 0.08324627988
544 0.9996040982 0.2012635434 0.09794629227
545 0.9996040982 0.225139541 0.1010574594
546 0.9996040982 0.204034361 0.08617449355
547 0.9996040982 0.1942399552 0.1056583354
548 0.9996040982 0.2110188733 0.1048616648
549 0.9996040982 0.2017245502 0.09266190192
550 0.9996040982 0.1980822283 0.09599497233
551 0.9996040982 0.2192149638 0.09606837689
552 0.9996040982 0.2303097692 0.0959796489
553 0.9996040982 0.2329441986 0.0963607158
554 0.9996040982 0.1814286196 0.07893058658
555 0.9996040982 0.1890218873 0.08625979858
556 0.9996040982 0.2056619528 0.09098544222
557 0.9996040982 0.2273486059 0.1058376919
558 0.9996040982 0.2083737763 0.08871018549
559 0.9996040982 0.2256051139 0.095985868
560 0.9996040982 0.2315157912 0.09909201091
561 0.9996040982 0.2150746069 0.09203520919
562 0.9996040982 0.1964317441 0.07964554269
563 0.9996040982 0.193853882 0.08794835568
564 0.9996040982 0.2132928832 0.08984520015
565 0.9996040982 0.1727059013 0.06334337448
566 0.9996040982 0.1805096047 0.0773075849
567 0.9996040982 0.2043538331 0.09188553404
568 0.9996040982 0.2098416185 0.1044825697
569 0.9996040982 0.2063804731 0.09418873873
570 0.9996040982 0.2286833309 0.1049021466
571 0.9996040982 0.2248497676 0.09949899029
572 0.9996040982 0.2396550986 0.1033074173
573 0.9996040982 0.2353082375 0.09846297983
574 0.9996040982 0.2340028719 0.09559733867
575 0.9996040982 0.2093659623 0.09387702233
576 0.9996040982 0.1999811808 0.08927443531
577 0.9996040982 0.2274097665 0.1108382429
578 0.9996040982 0.213639848 0.08121445929
579 0.9996040982 0.2198584356 0.09331373949
580 0.9996040982 0.2329662876 0.09926086112
581 0.9996040982 0.2371575778 0.1070658427
582 0.9996040982 0.2211422184 0.09431175109
583 0.9996040982 0.248345379 0.09666837934
584 0.9996040982 0.2515620646 0.1065708543
585 0.9996040982 0.2548690977 0.09135759986
586 0.9996040982 0.2226722068 0.08227733341
587 0.9996040982 0.2460980239 0.09392261251
588 0.9996040982 0.1955031617 0.07946403839
589 0.9996040982 0.2133576746 0.08729120268
590 0.9996040982 0.2257246084 0.09388592499
591 0.9996040982 0.2264126634 0.08727893826
592 0.9996040982 0.2590724442 0.08713089716
593 0.9996040982 0.2791154184 0.117025964
594 0.9996040982 0.2721352634 0.1011358965
595 0.9996040982 0.3035167312 0.1151041554
596 0.9996040982 0.3014262065 0.1064924769
597 0.9996040982 0.2922178616 0.09318547859
598 0.9996040982 0.3082142087 0.105672504
599 0.9996040982 0.3079947154 0.1041491327
600 0.9996040982 0.2774120274 0.09660529454
601 0.9996040982 0.2919641975 0.09460833158
602 0.9996040982 0.2976721015 0.09643613979
603 0.9996040982 0.2923280356 0.09461234863
604 0.9996040982 0.2913576408 0.1028441293
605 0.9996040982 0.2764423094 0.104838589
606 0.9996040982 0.2695278005 0.1002582796
607 0.9996040982 0.2675641603 0.105765367
608 0.9996040982 0.2609643481 0.1052764065
609 0.9996040982 0.3066583057 0.1084938574
610 0.9996040982 0.2755141973 0.09961557203
611 0.9996040982 0.239298441 0.08888254872
612 0.9996040982 0.2569042187 0.09697442747
613 0.9996040982 0.2696575087 0.1092456207
614 0.9996040982 0.240522204 0.08968338009
615 0.9996040982 0.2364085223 0.09614658495
616 0.9996040982 0.2885503033 0.1025881332
617 0.9996040982 0.2659598582 0.09975791552
618 0.9996040982 0.2603968913 0.1001000128
619 0.9996040982 0.281746741 0.09511032198
620 0.9996040982 0.2538786304 0.09542662164
621 0.9996040982 0.2563564481 0.09598273463
622 0.9996040982 0.2534463388 0.09552553405
623 0.9996040982 0.2547605491 0.0949175645
624 0.9996040982 0.304402106 0.1104936168
625 0.9996040982 0.2700743435 0.09731596739
626 0.9996040982 0.2847618341 0.099165185
627 0.9996040982 0.3179297116 0.1063178419
628 0.9996040982 0.2921962235 0.09275016597
629 0.9996040982 0.2908963827 0.09907698051
630 0.9996040982 0.2775574227 0.09575856423
631 0.9996040982 0.2746062092 0.1015725319
632 0.9996040982 0.2717518106 0.1075070367
633 0.9996040982 0.2575345276 0.09134148157
634 0.9996040982 0.2668410928 0.09476568589
635 0.9996040982 0.2693542653 0.1065516496
636 0.9996040982 0.2230111682 0.09469583942
637 0.9996040982 0.2480514935 0.09132369235
638 0.9996040982 0.2525270477 0.08893496834
639 0.9996040982 0.2324474268 0.09234126663
640 0.9996040982 0.2666224135 0.09454178161
641 0.9996040982 0.2516307835 0.09647079154
642 0.9996040982 0.2289146757 0.08293280198
643 0.9996040982 0.2568435768 0.09458571588
644 0.9996040982 0.2479497642 0.110445505
645 0.9996040982 0.2345224599 0.1037583829
646 0.9996040982 0.2438609916 0.1057836053
647 0.9996040982 0.2597242815 0.1057092707
648 0.9996040982 0.2262842404 0.09459153374
649 0.9996040982 0.22909667 0.09703379586
650 0.9996040982 0.250385478 0.09828717903
651 0.9996040982 0.2442814977 0.09821632553
652 0.9996040982 0.223071489 0.08873231538
653 0.9996040982 0.1962544429 0.0756198773
654 0.9996040982 0.1927026916 0.08530123445
655 0.9996040982 0.1927818161 0.08754342584
656 0.9996040982 0.1901519582 0.08681092749
657 0.9996040982 0.192970313 0.08517106792
658 0.9996040982 0.1825374806 0.07514539532
659 0.9996040982 0.2121237203 0.09453547431
660 0.9996040982 0.1576223179 0.07048050709
661 0.9996040982 0.1685916717 0.07133724596
662 0.9996040982 0.186925926 0.08199737929
663 0.9996040982 0.1911045057 0.08493890077
664 0.9996040982 0.1817065765 0.07719976439
665 0.9996040982 0.1887172761 0.08536385776
666 0.9996040982 0.1831825191 0.08360894787
667 0.9996040982 0.2027045601 0.08957784691
668 0.9996040982 0.2319012507 0.1022177213
669 0.9996040982 0.2102473964 0.08872410588
670 0.9996040982 0.254019508 0.1074320205
671 0.9996040982 0.2437828611 0.1044091536
672 0.9996040982 0.2499196566 0.1050746277
673 0.9996040982 0.2661244652 0.1074528967
674 0.9996040982 0.2667630128 0.1050872998
675 0.9996040982 0.2214788294 0.08940992996
676 0.9996040982 0.2331597217 0.1055275259
677 0.9996040982 0.2238567927 0.08760916909
678 0.9996040982 0.2218894022 0.09207504405
679 0.9996040982 0.2250853949 0.09124458701
680 0.9996040982 0.2362861579 0.09119983401
681 0.9996040982 0.2416561911 0.09483130258
682 0.9996040982 0.2239984829 0.0893042885
683 0.9996040982 0.1963562388 0.09121124855
684 0.9996040982 0.1971028028 0.08353140601
685 0.9996040982 0.1985535436 0.08586131904
686 0.9996040982 0.1826980576 0.08547283144
687 0.9996040982 0.1828683695 0.07704742027
688 0.9996040982 0.2253834954 0.102176892
689 0.9996040982 0.2288018885 0.09917639399
690 0.9996040982 0.2170624292 0.08898234522
691 0.9996040982 0.2171627319 0.08567750582
692 0.9996040982 0.1973148677 0.08928833514
693 0.9996040982 0.1928231777 0.09266581456
694 0.9996040982 0.183076838 0.09534384653
695 0.9996040982 0.1994422827 0.1036147892
696 0.9996040982 0.1917524955 0.1004379062
697 0.9996040982 0.1776508104 0.08774583936
698 0.9996040982 0.1906996984 0.08600835905
699 0.9996040982 0.1639340974 0.08771779656
700 0.9996040982 0.1714736183 0.0748904268
701 0.9996040982 0.1661267077 0.07459370377
702 0.9996040982 0.1828953352 0.08341792166
703 0.9996040982 0.2036216526 0.09770646684
704 0.9996040982 0.2031867366 0.0991170469
705 0.9996040982 0.2020764705 0.1011027979
706 0.9996040982 0.2347702054 0.1060014715
707 0.9996040982 0.2337260017 0.1016304553
708 0.9996040982 0.2514647371 0.1023565485
709 0.9996040982 0.236565821 0.08716027547
710 0.9996040982 0.2348726177 0.08855202914
711 0.9996040982 0.2738127658 0.110041346
712 0.9996040982 0.2315182005 0.08587582243
713 0.9996040982 0.2633745322 0.0970855462
714 0.9996040982 0.2607732456 0.09690254194
715 0.9996040982 0.2715307128 0.09524121912
716 0.9996040982 0.2587191768 0.08907887112
717 0.9996040982 0.2752078108 0.09417470869
718 0.9996040982 0.2434755578 0.09644189199
719 0.9996040982 0.2492683672 0.08156786191
720 0.9996040982 0.2801539821 0.09102304608
721 0.9996040982 0.2665478453 0.09937296009
722 0.9996040982 0.2502297861 0.1006113657
723 0.9996040982 0.2681222614 0.09963322482
724 0.9996040982 0.2637096884 0.09736673385
725 0.9996040982 0.2885942778 0.09397277392
726 0.9996040982 0.2719429864 0.09971853881
727 0.9996040982 0.2339593825 0.09416264986
728 0.9996040982 0.2667407464 0.09464309159
729 0.9996040982 0.2802899809 0.1066798545
730 0.9996040982 0.3100908327 0.1021799531
731 0.9996040982 0.2760136432 0.1013602917
732 0.9996040982 0.2906055889 0.1060508755
733 0.9996040982 0.2556141385 0.099969018
734 0.9996040982 0.2691674664 0.1017512206
735 0.9996040982 0.2569704811 0.09514041894
736 0.9996040982 0.2505899158 0.101901314
737 0.9996040982 0.2536630902 0.0930128487
738 0.9996040982 0.2403989643 0.09422336809
739 0.9996040982 0.2826703745 0.09302954229
740 0.9996040982 0.275018315 0.09742538708
741 0.9996040982 0.2660936498 0.08934797204
742 0.9996040982 0.3126389698 0.102254514
743 0.9996040982 0.2887014279 0.1027501184
744 0.9996040982 0.2525419456 0.08848597029
745 0.9996040982 0.2299328645 0.08924536719
746 0.9996040982 0.2443795913 0.09060870116
747 0.9996040982 0.2242558989 0.08315079125
748 0.9996040982 0.2144145074 0.08949652009
749 0.9996040982 0.2426525545 0.09584115694
750 0.9996040982 0.2399460993 0.09699335163
751 0.9996040982 0.2607075251 0.105507957
752 0.9996040982 0.2276453218 0.08680138756
753 0.9996040982 0.2620929131 0.0979133678
754 0.9996040982 0.2630053099 0.1014474108
755 0.9996040982 0.2294184738 0.0903514495
756 0.9996040982 0.2379543422 0.09630392193
757 0.9996040982 0.2485229622 0.1038241731
758 0.9996040982 0.2159680561 0.08666369221
759 0.9996040982 0.2381579519 0.1058396704
760 0.9996040982 0.2239605586 0.1020552541
761 0.9996040982 0.219814864 0.1016171581
762 0.9996040982 0.2325265103 0.0992975905
763 0.9996040982 0.224151918 0.08640194407
764 0.9996040982 0.2444947931 0.09178583385
765 0.9996040982 0.240002862 0.08947974983
766 0.9996040982 0.2721718251 0.1096827118
767 0.9996040982 0.289540545 0.1143127397
768 0.9996040982 0.28271113 0.1032643267
769 0.9996040982 0.2507390456 0.1034310486
770 0.9996040982 0.2423023257 0.09771176344
771 0.9996040982 0.2230088022 0.08929720454
772 0.9996040982 0.217138095 0.08107583933
773 0.9996040982 0.1905426125 0.08480608243
774 0.9996040982 0.2052335947 0.08713562764
775 0.9996040982 0.2477226964 0.09329797169
776 0.9996040982 0.2333236345 0.09079366284
777 0.9996040982 0.2220323124 0.09848119237
778 0.9996040982 0.2907990508 0.1267117532
779 0.9996040982 0.2782261063 0.1099189557
780 0.9996040982 0.2930724213 0.1108858783
781 0.9996040982 0.3003439356 0.1043237564
782 0.9996040982 0.2896856704 0.1061353732
783 0.9996040982 0.2668697318 0.09536598864
784 0.9996040982 0.2700253914 0.1103752921
785 0.9996040982 0.292855494 0.11238432
786 0.9996040982 0.26968975 0.09364210761
787 0.9996040982 0.2422556263 0.1008515582
788 0.9996040982 0.2594857195 0.09679963019
789 0.9996040982 0.3060676229 0.1089726046
790 0.9996040982 0.250384493 0.1007528959
791 0.9996040982 0.2199796007 0.08892193593
792 0.9996040982 0.2121577947 0.09822239761
793 0.9996040982 0.2496893852 0.1075106327
794 0.9996040982 0.2768663238 0.112997257
795 0.9996040982 0.2455377438 0.1053952055
796 0.9996040982 0.2451319253 0.09843240855
797 0.9996040982 0.2536900801 0.09723186045
798 0.9996040982 0.2360691291 0.09454126583
799 0.9996040982 0.2461338148 0.1062776745
800 0.9996040982 0.2428949807 0.1054457267
801 0.9996040982 0.2619076107 0.09602406031
802 0.9996040982 0.2777695846 0.1018905536
803 0.9996040982 0.2948850628 0.09614855593
804 0.9996040982 0.2937032745 0.08221982059
805 0.9996040982 0.3402549933 0.09368176348
806 0.9996040982 0.3175705855 0.09942910492
807 0.9996040982 0.3203561405 0.09269662909
808 0.9996040982 0.3234538285 0.1036172813
809 0.9996040982 0.3103133931 0.09408341513
810 0.9996040982 0.3111487401 0.09223018957
811 0.9996040982 0.3057299117 0.1009106437
812 0.9996040982 0.3170149663 0.09939445766
813 0.9996040982 0.3016175671 0.1116987333
814 0.9996040982 0.2952907971 0.1081194192
815 0.9996040982 0.2939790895 0.1180967278
816 0.9996040982 0.2534372406 0.1161097096
817 0.9996040982 0.2324843274 0.08829252267
818 0.9996040982 0.2483121129 0.09197570656
819 0.9996040982 0.2680538223 0.09630134642
820 0.9996040982 0.2727804821 0.104287634
821 0.9996040982 0.2524192317 0.09775170008
822 0.9996040982 0.2714522953 0.0985366761
823 0.9996040982 0.2852825484 0.09419379741
824 0.9996040982 0.2832121141 0.09717809445
825 0.9996040982 0.3238178041 0.1081358417
826 0.9996040982 0.3150430275 0.1112058243
827 0.9996040982 0.3167657164 0.1172755586
828 0.9996040982 0.3240133164 0.1143990088
829 0.9996040982 0.2820934175 0.08995883935
830 0.9996040982 0.3011892528 0.09746269328
831 0.9996040982 0.2905121259 0.08676056772
832 0.9996040982 0.3135358946 0.1025210304
833 0.9996040982 0.3206370715 0.1018350717
834 0.9996040982 0.3134746869 0.09385265278
835 0.9996040982 0.325465644 0.1081559645
836 0.9996040982 0.307556565 0.1056348138
837 0.9996040982 0.2904101117 0.09908493641
838 0.9996040982 0.2961023529 0.1055648336
839 0.9996040982 0.2687207468 0.0895962255
840 0.9996040982 0.3133789048 0.1062065711
841 0.9996040982 0.3133086141 0.1056591938
842 0.9996040982 0.3126339139 0.1012090096
843 0.9996040982 0.3374918809 0.1082562272
844 0.9996040982 0.3367627318 0.09730388165
845 0.9996047773 0.3088446162 0.09323006219
846 0.9996047773 0.2771942081 0.09664701051
847 0.9996047773 0.2644295915 0.09308486451
848 0.9996047773 0.2749778777 0.0982912604
849 0.9996047773 0.2877871029 0.1157596997
850 0.9996047773 0.2343763552 0.08979796967
851 0.9996047773 0.2546870424 0.09420183658
852 0.9996047773 0.255852142 0.09371383398
853 0.9996047773 0.2608692881 0.0992403348
854 0.9996047773 0.2355458043 0.09992354176
855 0.9996047773 0.2469703307 0.09219934813
856 0.9996088864 0.2850840131 0.1093498404
857 0.9996088864 0.2897496031 0.09310222987
858 0.9996088864 0.2681229477 0.09697673279
859 0.9996088864 0.2622411247 0.1037607103
860 0.9996088864 0.2461461095 0.09916169987
861 0.9996088864 0.2444219092 0.09771364313
862 0.9996088864 0.2522632753 0.1022650944
863 0.9996088864 0.2935717031 0.1159565725
864 0.9996088864 0.2916696695 0.1078976629
865 0.9996088864 0.3327998038 0.1080288035
866 0.9996088864 0.3115480182 0.09878527565
867 0.9996088864 0.3289493025 0.104529786
868 0.9996088864 0.3255040498 0.1063584489
869 0.9996088864 0.3046553755 0.1040504292
870 0.9996088864 0.3140205808 0.1075175423
871 0.9996088864 0.2939575186 0.1029088048
872 0.9996088864 0.2972409989 0.1050815026
873 0.9996088864 0.3225922714 0.09811384785
874 0.9996088864 0.3053325245 0.1053800602
875 0.9996088864 0.2581116884 0.09288833478
876 0.9996088864 0.2378903433 0.09564063199
877 0.9996088864 0.2098231514 0.08720231347
878 0.9996088864 0.2708710547 0.09727025285
879 0.9996088864 0.2684612706 0.1047372556
880 0.9996088864 0.2558013658 0.1022581284
881 0.9996088864 0.2632841058 0.1025317286
882 0.9996088864 0.2536884427 0.08751036044
883 0.9996088864 0.2442298201 0.09585029876
884 0.9996088864 0.2359194393 0.09251393703
885 0.9996088864 0.2334613671 0.09742163316
886 0.9996088864 0.2540902882 0.0942512473
887 0.9996088864 0.2842827158 0.1013262672
888 0.9996088864 0.2851689647 0.09208215904
889 0.9996088864 0.2738268343 0.1022697266
890 0.9996088864 0.2601319702 0.08383953813
891 0.9996088864 0.2423590203 0.08299631151
892 0.9996088864 0.242855411 0.08725186371
893 0.9996088864 0.2604829623 0.08723410458
894 0.9996088864 0.2552627245 0.09761156023
895 0.9996088864 0.2777769174 0.1072560078
896 0.9996088864 0.2644296515 0.1032347735
897 0.9996088864 0.2674200042 0.09721004684
898 0.9996088864 0.2472789848 0.09428429451
899 0.9996088864 0.2801703431 0.1023243957
900 0.9996088864 0.2378355632 0.1026765859
901 0.9996088864 0.2426629093 0.1057334282
902 0.9996088864 0.300313514 0.1187695094
903 0.9996088864 0.2741236746 0.1135922902
904 0.9996088864 0.2770126914 0.1064282175
905 0.9996088864 0.2838121232 0.1084805581
906 0.9996088864 0.29691754 0.104442329
907 0.9996088864 0.2757044045 0.1092624319
908 0.9996088864 0.2888481848 0.1090428072
909 0.9996088864 0.2588322494 0.1075001998
910 0.9996088864 0.2438355522 0.1039233783
911 0.9996088864 0.2469318762 0.1012920195
912 0.9996088864 0.2664084714 0.1068738637
913 0.9996088864 0.259498392 0.1157293827
914 0.9996088864 0.2632502127 0.1002511683
915 0.9996088864 0.2602606233 0.1106334234
916 0.9996088864 0.2587752106 0.1013015762
917 0.9996088864 0.2779599258 0.1028478039
918 0.9996088864 0.2397863306 0.09672314733
919 0.9996088864 0.2282084632 0.09659193331
920 0.9996088864 0.2270750453 0.09342650108
921 0.9996088864 0.2531619443 0.09411484516
922 0.9996088864 0.232977085 0.09146082323
923 0.9996088864 0.2215729592 0.08397470456
924 0.9996088864 0.2313102288 0.09809828064
925 0.9996088864 0.2274892505 0.08620535723
926 0.9996088864 0.2730651643 0.09253566641
927 0.9996088864 0.2896494929 0.1029747811
928 0.9996088864 0.2897321153 0.1092122049
929 0.9996088864 0.2864096319 0.1000831113
930 0.9996088864 0.2649108739 0.09908695178
931 0.9996088864 0.2256094963 0.09247111114
932 0.9996088864 0.2378919537 0.0982875815
933 0.9996088864 0.2401038667 0.1059737564
934 0.9996088864 0.2268356298 0.1016857577
935 0.9996088864 0.2339618877 0.1063352428
936 0.9996088864 0.2395954113 0.09576213513
937 0.9996088864 0.2339576926 0.09379436516
938 0.9996088864 0.2667767943 0.09857579067
939 0.9996088864 0.2815230816 0.1082100905
940 0.9996088864 0.2816868987 0.1027508976
941 0.9996088864 0.2855744656 0.1031550847
942 0.9996088864 0.3109092071 0.1066383116
943 0.9996088864 0.2805284762 0.1111924585
944 0.9996088864 0.3186847223 0.1234986876
945 0.9996088864 0.2888648174 0.1064448499
946 0.9996088864 0.2989535935 0.1125089998
947 0.9996088864 0.2713768713 0.1140244185
948 0.9996088864 0.2874850834 0.1254487136
949 0.9996088864 0.2483470767 0.1023557969
950 0.9996088864 0.2352317215 0.09663284346
951 0.9996088864 0.2171504198 0.09049114384
952 0.9996088864 0.2342487429 0.09850849218
953 0.9996088864 0.2324211397 0.1035573517
954 0.9996088864 0.2511514806 0.1120673892
955 0.9996088864 0.2553243767 0.09214471121
956 0.9996088864 0.2406966184 0.09687613288
957 0.9996088864 0.2489907405 0.09785501801
958 0.9996088864 0.2561886084 0.0991386136
959 0.9996088864 0.2331646408 0.09080533393
960 0.9996088864 0.2623186457 0.1000613727
961 0.9996088864 0.2587835921 0.0926396771
962 0.9996088864 0.2922538836 0.09748428519
963 0.9996088864 0.289494055 0.1078559588
964 0.9996088864 0.3130856891 0.1172893749
965 0.9996088864 0.2655096596 0.1038490737
966 0.9996088864 0.2675541162 0.1059508713
967 0.9996088864 0.2609986602 0.09445710328
968 0.9996088864 0.2977195546 0.1042805117
969 0.9996088864 0.2937706861 0.1040292361
970 0.9996088864 0.2945850042 0.09354435043
971 0.9996088864 0.3379441003 0.1004800917
972 0.9996088864 0.32669367 0.1029216928
973 0.9996088864 0.3096892812 0.09656922938
974 0.9996088864 0.3713739759 0.1149268694
975 0.9996088864 0.3605657167 0.1144819989
976 0.9996088864 0.3088151254 0.08621114976
977 0.9996088864 0.2858714819 0.09524839668
978 0.9996088864 0.3080092088 0.09208130589
979 0.9996088864 0.2919157664 0.1063366531
980 0.9996088864 0.3123113993 0.1095876806
981 0.9996088864 0.2807681287 0.09683859835
982 0.9996088864 0.2715437845 0.09245185235
983 0.9996088864 0.2611875134 0.09724450945
984 0.9996088864 0.2265579758 0.09748587969
985 0.9996088864 0.2365078651 0.09812518384
986 0.9996088864 0.2586281085 0.101047271
987 0.9996088864 0.2611746702 0.1083847626
988 0.9996088864 0.2343721703 0.1076897663
989 0.9996088864 0.220904145 0.09757698886
990 0.9996088864 0.2116473619 0.08883629742
991 0.9996088864 0.1893514064 0.08039146801
992 0.9996088864 0.2222851017 0.08392403454
993 0.9996088864 0.2440888202 0.0967031515
994 0.9996088864 0.2520634242 0.1066176168
995 0.9996088864 0.2702240713 0.1157486338
996 0.9996088864 0.2820423687 0.1087298987
997 0.9996088864 0.2697775601 0.09726581031
998 0.9996088864 0.2812282763 0.1108503093
999 0.9996088864 0.2727816831 0.1037745773
1000 0.9996088864 0.2770914544 0.1080002063
1001 0.9996088864 0.2647602957 0.1016011688
1002 0.9996088864 0.2814499962 0.09388675171
1003 0.9996088864 0.2676947056 0.08844135287
1004 0.9996088864 0.243416548 0.08933531822
1005 0.9996088864 0.2336049595 0.1027594578
1006 0.9996088864 0.2289956635 0.1010578915
1007 0.9996088864 0.208497526 0.09660516356
1008 0.9996088864 0.2495119945 0.1010678834
1009 0.9996088864 0.2698493942 0.1019395142
1010 0.9996088864 0.2199448341 0.09101304009
1011 0.9996088864 0.2352823602 0.09633410051
1012 0.9996088864 0.2463569287 0.09948698804
1013 0.9996096395 0.2457879457 0.1006793587
1014 0.9996096395 0.2507156655 0.08357224937
1015 0.9996096395 0.2575441875 0.1034337209
1016 0.9996096395 0.2491197679 0.09768675983
1017 0.9996096395 0.3065990094 0.1277001175
1018 0.9996096395 0.2730381966 0.1000033676
1019 0.9996096395 0.2152290213 0.07761531946
1020 0.9996096395 0.2318172496 0.0965929123
1021 0.9996096395 0.2369987943 0.09913270295
1022 0.9996096395 0.2161175192 0.08920794398
1023 0.9996096395 0.1897088749 0.0885270686
1024 0.9996096395 0.222116568 0.09164958639
1025 0.9996096395 0.2204818553 0.08352036268
1026 0.9996096395 0.1825797529 0.08336156643
1027 0.9996096395 0.2468576228 0.09629434165
1028 0.9996096395 0.262035613 0.1121342301
1029 0.9996096395 0.2308788587 0.1035643508
1030 0.9996096395 0.2299527843 0.08695130956
1031 0.9996096395 0.2150137456 0.08473282842
1032 0.9996096395 0.2212373206 0.08938471359
1033 0.9996096395 0.2222624137 0.1087053146
1034 0.9996096395 0.2593085266 0.1097609807
1035 0.9996096395 0.236680226 0.09644093616
1036 0.9996096395 0.2396363622 0.1019349034
1037 0.9996096395 0.2197493023 0.0836716512
1038 0.9996096395 0.2142570549 0.09173787677
1039 0.9996096395 0.2061067866 0.08182132112
1040 0.9996096395 0.2059813296 0.08384005582
1041 0.9996096395 0.2293720838 0.09112663008
1042 0.9996096395 0.219227877 0.07823791101
1043 0.9996096395 0.2167034128 0.0852427824
1044 0.9996096395 0.2287979247 0.08911577702
1045 0.9996096395 0.2228864348 0.09173647598
1046 0.9996096395 0.2014106165 0.08311394911
1047 0.9996096395 0.2420560597 0.09796533118
1048 0.9996096395 0.2705946315 0.1165074344
1049 0.9996096395 0.2781184516 0.1145439369
1050 0.9996096395 0.24076476 0.1033173067
1051 0.9996096395 0.2447726366 0.1026778825
1052 0.9996096395 0.2763176601 0.1079492424
1053 0.9996096395 0.2679535145 0.1061548641
1054 0.9996096395 0.268378747 0.1083589031
1055 0.9996096395 0.2729097203 0.1017890774
1056 0.9996096395 0.2620390964 0.09078672719
1057 0.9996096395 0.2637036064 0.09646336733
1058 0.9996096395 0.2465651458 0.09881448148
1059 0.9996096395 0.2421154586 0.08750528358
1060 0.9996096395 0.2487089496 0.09855064447
1061 0.9996096395 0.2456013789 0.0984134637
1062 0.9996096395 0.2547325033 0.09927047968
1063 0.9996096395 0.2286611245 0.09592296752
1064 0.9996096395 0.2691063322 0.1080315427
1065 0.9996096395 0.267932536 0.101642333
1066 0.9996096395 0.2703122682 0.1030529207
1067 0.9996096395 0.3008393299 0.1242558224
1068 0.9996096395 0.2899680445 0.1150654124
1069 0.9996096395 0.27588655 0.1127050931
1070 0.9996096395 0.2712558759 0.1000060053
1071 0.9996096395 0.2567963308 0.09889028222
1072 0.9996096395 0.2702853165 0.112717755
1073 0.9996096395 0.3154161606 0.1154169824
1074 0.9996096395 0.3051276554 0.1082573555
1075 0.9996096395 0.297065093 0.1086643933
1076 0.9996096395 0.2919632839 0.1022934763
1077 0.9996096395 0.2874065486 0.1069783697
1078 0.9996096395 0.2723891398 0.08262990792
1079 0.9996096395 0.3084686461 0.09871095606
1080 0.9996096395 0.2876798221 0.1018154515
1081 0.9996096395 0.3032066762 0.103539467
1082 0.9996096395 0.3032512894 0.109269424
1083 0.9996096395 0.2739585019 0.1031666184
1084 0.9996096395 0.2887474091 0.09883536165
1085 0.9996096395 0.2695348209 0.09470409254
1086 0.9996096395 0.2634082149 0.1007654472
1087 0.9996096395 0.27073749 0.1062219836
1088 0.9996096395 0.2976849969 0.09963727264
1089 0.9996096395 0.2932291655 0.1026244794
1090 0.9996096395 0.2852602765 0.0888771988
1091 0.9996096395 0.2795024768 0.09395429046
1092 0.9996096395 0.2708090606 0.08796624217
1093 0.9996096395 0.2643116568 0.09255210872
1094 0.9996096395 0.2309071163 0.07766290452
1095 0.9996096395 0.2185185995 0.08431950599
1096 0.9996096395 0.2240242846 0.09349113003
1097 0.9996096395 0.234431617 0.09395360654
1098 0.9996096395 0.2235985792 0.09892776924
1099 0.9996096395 0.2281612089 0.09741516918
1100 0.9996096395 0.2627479989 0.09881534302
1101 0.9996096395 0.2736649876 0.09831091822
1102 0.9996096395 0.2452017478 0.08854203697
1103 0.9996096395 0.2351291401 0.08263703682
1104 0.9996096395 0.2527461242 0.1033693098
1105 0.9996096395 0.235589858 0.09733835798
1106 0.9996096395 0.2068464311 0.09149100522
1107 0.9996096395 0.1982659409 0.08653501793
1108 0.9996096395 0.2414705014 0.1013317133
1109 0.9996096395 0.2425838285 0.1043390096
1110 0.9996096395 0.273567648 0.1146046506
1111 0.9996096395 0.2684910361 0.1140529977
1112 0.9996096395 0.2394907984 0.1118543313
1113 0.9996096395 0.2268689973 0.08310534298
1114 0.9996096395 0.2483873332 0.09349117027
1115 0.9996096395 0.2392400006 0.087522529
1116 0.9996096395 0.2195635603 0.08643219551
1117 0.9996096395 0.2109585996 0.08447817915
1118 0.9996096395 0.2297345323 0.09849558702
1119 0.9996096395 0.2309495287 0.1121106295
1120 0.9996096395 0.2248129835 0.1010835427
1121 0.9996096395 0.2381082435 0.1005419742
1122 0.9996096395 0.2628787841 0.1041473174
1123 0.9996096395 0.2421439366 0.09162426893
1124 0.9996096395 0.2659467644 0.1062619075
1125 0.9996096395 0.2104298428 0.08953830236
1126 0.9996096395 0.2297181956 0.09784581784
1127 0.9996096395 0.2339643675 0.1028727227
1128 0.9996096395 0.2433405904 0.1021903481
1129 0.9996096395 0.2702335758 0.1029931405
1130 0.9996096395 0.2685173663 0.1093594189
1131 0.9996096395 0.2221585293 0.0933582794
1132 0.9996096395 0.2816449149 0.1151052491
1133 0.9996096395 0.2969074777 0.1020998097
1134 0.9996096395 0.2544213653 0.0906046087
1135 0.9996096395 0.2840180137 0.1031381466
1136 0.9996096395 0.2931912921 0.09636678639
1137 0.9996096395 0.2845625828 0.0898258055
1138 0.9996096395 0.2799653339 0.09983274882
1139 0.9996096395 0.2565595726 0.09232218566
1140 0.9996096395 0.270530328 0.09652596455
1141 0.9996096395 0.2130611024 0.08662490089
1142 0.9996096395 0.247483543 0.09956090385
1143 0.9996096395 0.265030567 0.1086808416
1144 0.9996096395 0.2197993162 0.08750583788
1145 0.9996096395 0.2049770501 0.07533210021
1146 0.9996096395 0.197202717 0.08097319275
1147 0.9996096395 0.1951146167 0.07676633341
1148 0.9996096395 0.1904298015 0.08141156759
1149 0.9996096395 0.2245970166 0.09323803834
1150 0.9996096395 0.2130511425 0.09077264504
1151 0.9996096395 0.1961354908 0.08250057892
1152 0.9996096395 0.1912777899 0.08534191168
1153 0.9996096395 0.2324964585 0.09075543596
1154 0.9996096395 0.2584188377 0.1009147502
1155 0.9996096395 0.264875141 0.1028239356
1156 0.9996096395 0.2273063964 0.09031800972
1157 0.9996096395 0.2337403247 0.1020568373
1158 0.9996096395 0.2077550637 0.08999205795
1159 0.9996096395 0.2233060963 0.09934858844
1160 0.9996096395 0.2541871976 0.09812213013
1161 0.9996096395 0.21120514 0.08848120554
1162 0.9996096395 0.2275969621 0.1030377945
1163 0.9996096395 0.2377335249 0.09665117735
1164 0.9996096395 0.2413437945 0.105955387
1165 0.9996096395 0.2574173657 0.1026569241
1166 0.9996096395 0.2291949828 0.1032013411
1167 0.9996096395 0.2641930314 0.1057759983
1168 0.9996096395 0.2652685081 0.1058341621
1169 0.9996096395 0.2392532377 0.08754625107
1170 0.9996096395 0.2310860085 0.08963847047
1171 0.9996096395 0.2303032688 0.09633910455
1172 0.9996096395 0.224626676 0.09773593482
1173 0.9996096395 0.2281253834 0.09174879227
1174 0.9996096395 0.2100502325 0.09768171974
1175 0.9996096395 0.2575200832 0.119655928
1176 0.9996096395 0.2502393353 0.1013275928
1177 0.9996096395 0.2554696444 0.09141046008
1178 0.9996096395 0.2610404492 0.09193344137
1179 0.9996096395 0.2345106509 0.1033325883
1180 0.9996096395 0.2614968663 0.1059541539
1181 0.9996096395 0.2525784567 0.1091609613
1182 0.9996096395 0.2591089939 0.1080469093
1183 0.9996096395 0.2651368343 0.09878521491
1184 0.9996096395 0.2464503922 0.0916988629
1185 0.9996096395 0.2614100705 0.09493396764
1186 0.9996096395 0.2757411972 0.104010287
1187 0.9996096395 0.2693687885 0.09981610364
1188 0.9996096395 0.2993236191 0.1039901477
1189 0.9996096395 0.3095748734 0.1134483459
1190 0.9996096395 0.2545009219 0.109982117
1191 0.9996096395 0.2820508043 0.1292370745
1192 0.9996096395 0.2318360001 0.1014275059
1193 0.9996096395 0.215209154 0.08479275498
1194 0.9996096395 0.2444298696 0.08911570233
1195 0.9996096395 0.2411250604 0.1029560442
1196 0.9996096395 0.220681689 0.08905855817
1197 0.9996096395 0.2340477157 0.09361816805
1198 0.9996096395 0.2030677096 0.08080468097
1199 0.9996096395 0.2585236087 0.1002630181
1200 0.9996096395 0.2820402339 0.1063528849
1201 0.9996096395 0.2675479461 0.09698616955
1202 0.9996096395 0.2681867309 0.1115615815
1203 0.9996096395 0.2429411603 0.1081944036
1204 0.9996096395 0.2755347929 0.1205598342
1205 0.9996096395 0.2799973683 0.1172650457
1206 0.9996096395 0.2449070645 0.1035510452
1207 0.9996096395 0.2425047544 0.1001870518
1208 0.9996096395 0.279301246 0.1051620323
1209 0.9996096395 0.2660293886 0.105180737
1210 0.9996096395 0.219251179 0.09716439237
1211 0.9996096395 0.1971970983 0.08419556251
1212 0.9996096395 0.2220609567 0.09446474767
1213 0.9996096395 0.1761774971 0.07762260243
1214 0.9996096395 0.2036833954 0.08682260424
1215 0.9996096395 0.2191831609 0.09315957765
1216 0.9996096395 0.2341987095 0.1005894979
1217 0.9996096395 0.2189508712 0.09485370743
1218 0.9996096395 0.2587804472 0.1005536126
1219 0.9996096395 0.2301826736 0.1022002895
1220 0.9996096395 0.2654106547 0.1053546166
1221 0.9996096395 0.2513545796 0.1045348502
1222 0.9996096395 0.2608839336 0.09915046098
1223 0.9996096395 0.2942672668 0.1117833289
1224 0.9996096395 0.2751479877 0.1091063569
1225 0.9996096395 0.2554500952 0.1083731438
1226 0.9996096395 0.2576751078 0.1173055342
1227 0.9996096395 0.2741397162 0.1179457957
1228 0.9996096395 0.3065268094 0.1200771747
1229 0.9996096395 0.3200151913 0.1138493281
1230 0.9996096395 0.3283536597 0.1068309237
1231 0.9996096395 0.2637262295 0.09125120767
1232 0.9996096395 0.2628398564 0.09914480436
1233 0.9996096395 0.2616199573 0.09177449842
1234 0.9996096395 0.2601921995 0.09174574627
1235 0.9996096395 0.2876917769 0.1062599222
1236 0.9996096395 0.2773366381 0.1044429994
1237 0.9996096395 0.2835513637 0.1069151054
1238 0.9996096395 0.3142525057 0.1202321602
1239 0.9996096395 0.3117934253 0.1125003237
1240 0.9996096395 0.3483201355 0.1102213753
1241 0.9996096395 0.3500211954 0.1102100769
1242 0.9996096395 0.3043839032 0.09597668409
1243 0.9996096395 0.3312634799 0.1209625579
1244 0.9996096395 0.2715457711 0.09656482439
1245 0.9996096395 0.283563084 0.1031639761
1246 0.9996096395 0.2750941292 0.1015902216
1247 0.9996096395 0.2680506807 0.09802400376
1248 0.9996096395 0.2384159992 0.08962999778
1249 0.9996096395 0.2394682037 0.0894641058
1250 0.9996096395 0.2360040104 0.1026962254
1251 0.9996096395 0.2647986382 0.1027447847
1252 0.9996096395 0.2645562577 0.1051169594
1253 0.9996096395 0.2768300885 0.1012261723
1254 0.9996096395 0.2966454021 0.1020534134
1255 0.9996096395 0.3483314028 0.1025252755
1256 0.9996096395 0.3372269819 0.1020518141
1257 0.9996096395 0.3166402041 0.1101671386
1258 0.9996096395 0.2995052749 0.1109854339
1259 0.9996096395 0.3187768083 0.1196548612
1260 0.9996096395 0.3187589895 0.1041612893
1261 0.9996096395 0.3012349194 0.09597512023
1262 0.9996096395 0.2781042946 0.09818056229
1263 0.9996096395 0.26332162 0.1045004092
1264 0.9996096395 0.2647428635 0.1047596736
1265 0.9996096395 0.2643477384 0.1144624819
1266 0.9996096395 0.2811497563 0.1125170379
1267 0.9996096395 0.2668397748 0.1086460493
1268 0.9996096395 0.243655131 0.103168915
1269 0.9996096395 0.2694354054 0.1037708464
1270 0.9996096395 0.3038563378 0.09850071527
1271 0.9996096395 0.2819889901 0.09877235538
1272 0.9996096395 0.2249242546 0.09436434648
1273 0.9996096395 0.2020231109 0.08786371096
1274 0.9996096395 0.2479876223 0.1139971168
1275 0.9996096395 0.2428807292 0.09818446063
1276 0.9996096395 0.2273777253 0.09671010452
1277 0.9996096395 0.2193853081 0.1014645574
1278 0.9996096395 0.1761812495 0.0822342304
1279 0.9996096395 0.2046035798 0.09271851043
1280 0.9996096395 0.203855789 0.08371256798
1281 0.9996096395 0.2072273195 0.09450146382
1282 0.9996096395 0.2173691878 0.09746487215
1283 0.9996096395 0.2237055518 0.08942819301
1284 0.9996096395 0.2041392012 0.08290732908
1285 0.9996096395 0.2334449642 0.08063601928
1286 0.9996096395 0.234457179 0.09882356171
1287 0.9996096395 0.2539660146 0.1011794112
1288 0.9996096395 0.2499593529 0.08947649553
1289 0.9996096395 0.2233473515 0.07768306697
1290 0.9996096395 0.2553702152 0.09672210647
1291 0.9996096395 0.2502407001 0.08856657982
1292 0.9996096395 0.242349906 0.1007460654
1293 0.9996096395 0.2501307073 0.08960142968
1294 0.9996096395 0.2377904997 0.09572023875
1295 0.9996096395 0.223426834 0.08165086859
1296 0.9996096395 0.2538205018 0.08701940249
1297 0.9996096395 0.2406118054 0.0925220424
1298 0.9996096395 0.2645196324 0.1063381673
1299 0.9996096395 0.2603952806 0.1038675031
1300 0.9996096395 0.2619988622 0.1090265207
1301 0.9996096395 0.2157862439 0.08581454923
1302 0.9996096395 0.1968966729 0.07782929057
1303 0.9996096395 0.2135803854 0.08089406074
1304 0.9996096395 0.211627715 0.0892560109
1305 0.9996096395 0.2025726643 0.09120716645
1306 0.9996096395 0.209728733 0.09619600155
1307 0.9996096395 0.1996393477 0.08787209915
1308 0.9996096395 0.2389425576 0.1057894436
1309 0.9996096395 0.1909963903 0.08572612017
1310 0.9996096395 0.2088440137 0.09182678497
1311 0.9996096395 0.223015398 0.08645192916
1312 0.9996096395 0.2189880239 0.07600487642
1313 0.9996096395 0.208750371 0.08646396392
1314 0.9996096395 0.2007410712 0.08845747633
1315 0.9996096395 0.2062194597 0.08208511143
1316 0.9996096395 0.1982656765 0.07740475805
1317 0.9996096395 0.1559775559 0.06598287127
1318 0.9996096395 0.170581689 0.08041818175
1319 0.9996096395 0.1673908088 0.07922436316
1320 0.9996096395 0.1932465755 0.09211863251
1321 0.9996096395 0.2290905259 0.09634521124
1322 0.9996096395 0.2394699855 0.09817496056
1323 0.9996096395 0.2247980109 0.09883585763
1324 0.9996096395 0.2351071059 0.1003933977
1325 0.9996096395 0.2264510392 0.08494958306
1326 0.9996096395 0.2399360671 0.08260842461
1327 0.9996096395 0.238334086 0.07349289459
1328 0.9996096395 0.2466445471 0.08279083341
1329 0.9996096395 0.222493744 0.08473258218
1330 0.9996096395 0.1969367467 0.08180371413
1331 0.9996096395 0.2286797565 0.08849578691
1332 0.9996096395 0.2214900946 0.08775448719
1333 0.9996096395 0.2560703594 0.09218690175
1334 0.9996096395 0.2791830113 0.1053082764
1335 0.9996096395 0.2480689491 0.09371884765
1336 0.9996096395 0.223866534 0.08146339519
1337 0.9996096395 0.2402504729 0.08377663116
1338 0.9996096395 0.2323391844 0.08053542775
1339 0.9996096395 0.2533341922 0.09491264872
1340 0.9996096395 0.2350075017 0.09437041691
1341 0.9996096395 0.2421568372 0.09886355487
1342 0.9996096395 0.2312609205 0.09478711886
1343 0.9996096395 0.2272862082 0.08490999346
1344 0.9996096395 0.2529040617 0.09349489124
1345 0.9996096395 0.279558243 0.09084948282
1346 0.9996096395 0.2535107285 0.092317283
1347 0.9996096395 0.2237710375 0.08993114717
1348 0.9996096395 0.2576356168 0.1086197668
1349 0.9996096395 0.2591111051 0.1141312815
1350 0.9996096395 0.2637736124 0.1122677918
1351 0.9996096395 0.2271816796 0.09881156083
1352 0.9996096395 0.2045875754 0.09247842955
1353 0.9996096395 0.2527715776 0.08934348304
1354 0.9996096395 0.2669905082 0.0944834936
1355 0.9996096395 0.2497938828 0.0915420813
1356 0.9996096395 0.2416563216 0.09420265101
1357 0.9996096395 0.2514626361 0.1030813919
1358 0.9996096395 0.2706361319 0.09777984018
1359 0.9996096395 0.2796708794 0.09692753905
1360 0.9996096395 0.2731931094 0.09463012314
1361 0.9996096395 0.2558288483 0.1014179404
1362 0.9996096395 0.2365755032 0.09234515285
1363 0.9996096395 0.2632289395 0.09870090012
1364 0.9996096395 0.3021884592 0.1106631006
1365 0.9996096395 0.3092452716 0.1071512667
1366 0.9996096395 0.3257532963 0.1049618758
1367 0.9996096395 0.2920179143 0.0957816867
1368 0.9996096395 0.3433023271 0.1018093377
1369 0.9996096395 0.3160024992 0.105158855
1370 0.9996096395 0.3051947952 0.09668678531
1371 0.9996096395 0.3068779912 0.1053555681
1372 0.9996096395 0.2950053157 0.1078521669
1373 0.9996096395 0.3078455177 0.1007599408
1374 0.9996096395 0.3115134819 0.08594844986
1375 0.9996096395 0.3509261985 0.09595654508
1376 0.9996096395 0.2963509537 0.08945625032
1377 0.9996096395 0.2938373544 0.08011570438
1378 0.9996096395 0.3091673896 0.09384334115
1379 0.9996096395 0.2908924806 0.09050711426
1380 0.9996096395 0.2680494534 0.09622103329
1381 0.9996096395 0.2880682803 0.101307359
1382 0.9996096395 0.2886057579 0.101293931
1383 0.9996096395 0.2575542257 0.09088620609
1384 0.9996096395 0.2585827323 0.08988529746
1385 0.9996096395 0.2592898524 0.09396547878
1386 0.9996096395 0.3116351994 0.1029630419
1387 0.9996096395 0.287952584 0.09805914287
1388 0.9996096395 0.2363698982 0.09058518606
1389 0.9996096395 0.2269043123 0.07108798467
1390 0.9996096395 0.2758457462 0.09091315931
1391 0.9996096395 0.2770460354 0.09651853435
1392 0.9996096395 0.2490034663 0.09588032737
1393 0.9996096395 0.2316405226 0.08542736541
1394 0.9996096395 0.2458929867 0.09073000377
1395 0.9996096395 0.2413373134 0.09606092414
1396 0.9996096395 0.2265188247 0.08997957691
1397 0.9996096395 0.2237586075 0.09074765431
1398 0.9996096395 0.2591159609 0.1118933306
1399 0.9996096395 0.241913567 0.09877740403
1400 0.9996096395 0.2138286337 0.09229770376
1401 0.9996096395 0.2504456589 0.1016453692
1402 0.9996096395 0.2196988441 0.08872155564
1403 0.9996096395 0.2014332721 0.08906815912
1404 0.9996096395 0.2205669801 0.1004160366
1405 0.9996096395 0.210610436 0.08781176624
1406 0.9996096395 0.2101652087 0.08257481707
1407 0.9996096395 0.2122452455 0.08005031392
1408 0.9996096395 0.2462754472 0.09680181689
1409 0.9996096395 0.2344040918 0.09613618722
1410 0.9996096395 0.2331048174 0.09970849442
1411 0.9996096395 0.2024967714 0.08346886984
1412 0.9996096395 0.2148302516 0.08350172349
1413 0.9996096395 0.2311628132 0.08599860585
1414 0.9996096395 0.2304314298 0.09245591802
1415 0.9996096395 0.2479437111 0.1029993832
1416 0.9996096395 0.2343731933 0.09819897402
1417 0.9996096395 0.2318831026 0.09241903933
1418 0.9996096395 0.2168912807 0.08853166856
1419 0.9996096395 0.2296308743 0.08882824797
1420 0.9996096395 0.2352377975 0.1042959233
1421 0.9996096395 0.260967058 0.1049070548
1422 0.9996096395 0.2371296797 0.09211010502
1423 0.9996096395 0.25352132 0.09441441918
1424 0.9996096395 0.2403376524 0.08199307566
1425 0.9996096395 0.2580922781 0.09258676608
1426 0.9996096395 0.2633986657 0.093060667
1427 0.9996096395 0.2677047492 0.09659766566
1428 0.9996096395 0.3014757253 0.1113154638
1429 0.9996096395 0.2649324101 0.09993759569
1430 0.9996096395 0.2800218327 0.1100760333
1431 0.9996096395 0.2976711491 0.1114077296
1432 0.9996096395 0.2960257081 0.1054948569
1433 0.9996096395 0.2648279815 0.09962859479
1434 0.9996096395 0.3036750602 0.1059645723
1435 0.9996096395 0.3069099934 0.1131553169
1436 0.9996096395 0.2868698625 0.1130478761
1437 0.9996096395 0.299432639 0.1047861866
1438 0.9996096395 0.3216697963 0.1010381332
1439 0.9996096395 0.3125647508 0.106309087
1440 0.9996096395 0.3072073797 0.1023521534
1441 0.9996096395 0.2923699016 0.1153572886
1442 0.9996096395 0.2811221987 0.1030164267
1443 0.9996096395 0.2904775049 0.0928697034
1444 0.9996096395 0.2692901393 0.08768926835
1445 0.9996096395 0.2717865604 0.1024340131
1446 0.9996096395 0.2901785113 0.106617061
1447 0.9996096395 0.2799370398 0.1031702353
1448 0.9996096395 0.2930514719 0.1092500711
1449 0.9996096395 0.2518327509 0.1038707469
1450 0.9996096395 0.264133013 0.09981853177
1451 0.9996096395 0.2134064961 0.08902056901
1452 0.9996096395 0.1965942034 0.09000283883
1453 0.9996096395 0.2088659647 0.08645434543
1454 0.9996096395 0.2090495535 0.09401632815
1455 0.9996096395 0.2358215861 0.1034856525
1456 0.9996096395 0.254980719 0.1136742235
1457 0.9996096395 0.2422470133 0.1023573767
1458 0.9996096395 0.2072116952 0.1007510444
1459 0.9996096395 0.2411110201 0.1038396613
1460 0.9996096395 0.2076067425 0.09480621267
1461 0.9996096395 0.259765391 0.1145627888
1462 0.9996096395 0.2379888226 0.09669569536
1463 0.9996096395 0.2193086623 0.09747797371
1464 0.9996096395 0.205897633 0.08290596325
1465 0.9996096395 0.2041804971 0.07836991764
1466 0.9996096395 0.2615835917 0.09543334649
1467 0.9996096395 0.2362816395 0.09603918267
1468 0.9996096395 0.221933044 0.09111964155
1469 0.9996096395 0.1911215629 0.07740871031
1470 0.9996096395 0.205441442 0.08759421118
1471 0.9996096395 0.2130570943 0.08088112766
1472 0.9996096395 0.2008813582 0.0783110621
1473 0.9996096395 0.2300324363 0.08906513695
1474 0.9996096395 0.2427164948 0.09169800305
1475 0.9996096395 0.2425686191 0.09164559722
1476 0.9996096395 0.2450271503 0.104937903
1477 0.9996096395 0.2412536298 0.1070826173
1478 0.9996096395 0.3058958991 0.1064168553
1479 0.9996096395 0.3234813356 0.1105348724
1480 0.9996096395 0.3512190428 0.1074642189
1481 0.9996096395 0.3293694812 0.1091461429
1482 0.9996096395 0.3121676249 0.09949833388
1483 0.9996096395 0.3254547657 0.1042584971
1484 0.9996096395 0.3403587335 0.114908472
1485 0.9996096395 0.3252737208 0.1129165548
1486 0.9996096395 0.3234234068 0.1099472929
1487 0.9996096395 0.3069659148 0.114172522
1488 0.9996096395 0.3123990478 0.09552224594
1489 0.9996096395 0.3424744072 0.1026604712
1490 0.9996096395 0.3048728536 0.1021475946
1491 0.9996096395 0.3067492524 0.108009065
1492 0.9996096395 0.3281557379 0.1124505314
1493 0.9996096395 0.2576621854 0.09711639383
1494 0.9996096395 0.2704547877 0.1020668726
1495 0.9996096395 0.2892794158 0.1039027318
1496 0.9996096395 0.2869691755 0.1002459681
1497 0.9996096395 0.275273188 0.102409192
1498 0.9996096395 0.2657019803 0.09227830549
1499 0.9996096395 0.2628591435 0.08933334341
1500 0.9996096395 0.2896726397 0.1064101934
1501 0.9996096395 0.2382789931 0.09370425879
1502 0.9996096395 0.2312552734 0.09458149649
1503 0.9996096395 0.2164074548 0.09387150632
1504 0.9996096395 0.2247319171 0.1035990826
1505 0.9996096395 0.2200657555 0.09480557088
1506 0.9996096395 0.2524060095 0.1001933843
1507 0.9996096395 0.2635224289 0.09374684012
1508 0.9996096395 0.2824310346 0.1026926753
1509 0.9996096395 0.3117103238 0.1169812815
1510 0.9996096395 0.3261574553 0.1106909828
1511 0.9996096395 0.3196727192 0.1098682682
1512 0.9996096395 0.3313308742 0.1059994942
1513 0.9996096395 0.2921419459 0.09848287514
1514 0.9996096395 0.3425876163 0.1076120402
1515 0.9996096395 0.3221057411 0.09884748969
1516 0.9996096395 0.3201219049 0.0945851756
1517 0.9996096395 0.2710719731 0.0962179838
1518 0.9996096395 0.2569946704 0.09191201083
1519 0.9996096395 0.2606963457 0.09666062535
1520 0.9996096395 0.2676014016 0.1000677268
1521 0.9996096395 0.2778382993 0.09643312762
1522 0.9996096395 0.2799838972 0.09562406191
1523 0.9996096395 0.2618813723 0.09797100743
1524 0.9996096395 0.2620468196 0.09865945654
1525 0.9996096395 0.2839837504 0.09983893176
1526 0.9996096395 0.297121906 0.1008845583
1527 0.9996096395 0.2632958906 0.08140376259
1528 0.9996096395 0.2542607255 0.09008936373
1529 0.9996096395 0.2346097038 0.08492015747
1530 0.9996096395 0.2775715492 0.09633407722
1531 0.9996096395 0.3042598739 0.1001744728
1532 0.9996096395 0.3242951647 0.1063789911
1533 0.9996096395 0.2888551055 0.1005187879
1534 0.9996096395 0.2910805981 0.09686247975
1535 0.9996096395 0.2834073389 0.09393527422
1536 0.9996096395 0.2548867311 0.09349724479
1537 0.9996096395 0.2684427017 0.09496898506
1538 0.9996096395 0.3092515273 0.1040416052
1539 0.9996096395 0.3095366186 0.1140335912
1540 0.9996096395 0.2938940254 0.1031079581
1541 0.9996096395 0.2994530249 0.1026937949
1542 0.9996096395 0.302149971 0.1149605094
1543 0.9996096395 0.3202348221 0.1042248099
1544 0.9996096395 0.285849552 0.1018431981
1545 0.9996096395 0.290630757 0.1061387173
1546 0.9996096395 0.2967656501 0.09940624157
1547 0.9996096395 0.3006451656 0.1095146687
1548 0.9996096395 0.2449920931 0.09745380972
1549 0.9996096395 0.2886909976 0.1012867042
1550 0.9996096395 0.2887370594 0.1087012094
1551 0.9996096395 0.2710223891 0.1024600281
1552 0.9996096395 0.2481311937 0.1100678517
1553 0.9996096395 0.2355725386 0.1025691783
1554 0.9996096395 0.2458430306 0.1021229962
1555 0.9996096395 0.2360164077 0.09323816664
1556 0.9996096395 0.2391033394 0.09485993179
1557 0.9996096395 0.2571893704 0.09829367269
1558 0.9996096395 0.2928789567 0.1039095554
1559 0.9996096395 0.313496191 0.1090262969
1560 0.9996096395 0.3110412733 0.1117571036
1561 0.9996096395 0.3008888318 0.09983294041
1562 0.9996096395 0.2947170583 0.09647943105
1563 0.9996096395 0.3070594009 0.09457304435
1564 0.9996096395 0.3099199128 0.09984585839
1565 0.9996096395 0.3029665441 0.1031618703
1566 0.9996096395 0.2816115896 0.09993638704
1567 0.9996096395 0.2909052774 0.1024416079
1568 0.9996096395 0.2909172275 0.1017669968
1569 0.9996096395 0.256900952 0.09359712667
1570 0.9996096395 0.2875509639 0.1138902274
1571 0.9996096395 0.2564789734 0.09697107881
1572 0.9996096395 0.2404060329 0.1022998174
1573 0.9996096395 0.2266044918 0.09187048247
1574 0.9996096395 0.2750113127 0.09363472324
1575 0.9996096395 0.2440308288 0.09231724295
1576 0.9996096395 0.2632427538 0.09774488166
1577 0.9996096395 0.2833467584 0.1028901936
1578 0.9996096395 0.2271642986 0.08665393689
1579 0.9996096395 0.2405277087 0.0943776276
1580 0.9996096395 0.2556746176 0.09709725316
1581 0.9996096395 0.2824473023 0.1072022905
1582 0.9996096395 0.2867232138 0.1071936632
1583 0.9996096395 0.2547847117 0.0851261936
1584 0.9996096395 0.215112602 0.07539445543
1585 0.9996096395 0.2462863168 0.09154692637
1586 0.9996096395 0.3252083912 0.1108129872
1587 0.9996096395 0.2954405431 0.1000307323
1588 0.9996096395 0.2531530691 0.09606795712
1589 0.9996096395 0.2462463119 0.08535501034
1590 0.9996096395 0.2600884629 0.09493107726
1591 0.9996096395 0.2342438389 0.09297688596
1592 0.9996096395 0.2307054014 0.08752415946
1593 0.9996096395 0.2360175211 0.1024627596
1594 0.9996096395 0.220857034 0.1046080687
1595 0.9996096395 0.287886406 0.1087885629
1596 0.9996096395 0.2713447049 0.09538908386
1597 0.9996096395 0.2694154132 0.10400917
1598 0.9996096395 0.2752523168 0.09093791689
1599 0.9996096395 0.274202804 0.09732061121
1600 0.9996096395 0.2609383135 0.08391855189
1601 0.9996096395 0.2627395108 0.08170949153
1602 0.9996096395 0.2165703978 0.0833218424
1603 0.9996096395 0.2268039602 0.09837893177
1604 0.9996096395 0.219709895 0.09954549817
1605 0.9996096395 0.2324632232 0.1009311583
1606 0.9996096395 0.2244275546 0.09421835639
1607 0.9996096395 0.2239519498 0.09287258792
1608 0.9996096395 0.2341685821 0.1015674598
1609 0.9996096395 0.2327462824 0.08607383307
1610 0.9996096395 0.216996673 0.08934855265
1611 0.9996096395 0.214412655 0.0894406886
1612 0.9996096395 0.231245445 0.09186994956
1613 0.9996096395 0.2547918137 0.1060073959
1614 0.9996096395 0.2400471765 0.09340219541
1615 0.9996096395 0.2447876295 0.09951191496
1616 0.9996096395 0.2896037358 0.1189134033
1617 0.9996096395 0.2624814902 0.1080774587
1618 0.9996096395 0.2487038809 0.10590972
1619 0.9996096395 0.2571938112 0.1106471326
1620 0.9996096395 0.2885463466 0.1182254842
1621 0.9996096395 0.2669345468 0.103054443
1622 0.9996096395 0.3102082725 0.1146011435
1623 0.9996096395 0.2850253249 0.1030015239
1624 0.9996096395 0.3117436013 0.1137044471
1625 0.9996096395 0.2662232462 0.08979548565
1626 0.9996096395 0.3027113767 0.1102914398
1627 0.9996096395 0.2744317746 0.09661270676
1628 0.9996096395 0.3171044478 0.1070353174
1629 0.9996096395 0.3334813053 0.113554996
1630 0.9996096395 0.3153400153 0.118549958
1631 0.9996096395 0.327761254 0.1155263881
1632 0.9996096395 0.2959326229 0.09818260684
1633 0.9996096395 0.2507037857 0.09107784638
1634 0.9996096395 0.256771741 0.09394708587
1635 0.9996096395 0.2437009078 0.1003260617
1636 0.9996096395 0.2402417476 0.09159406728
1637 0.9996096395 0.1997852719 0.08749582446
1638 0.9996096395 0.2102388831 0.0956696648
1639 0.9996096395 0.178908548 0.07696442141
1640 0.9996096395 0.2194045316 0.0899637371
1641 0.9996096395 0.2383337541 0.1011873127
1642 0.9996096395 0.1807456246 0.08428823934
1643 0.9996096395 0.1643323214 0.07588482957
1644 0.9996096395 0.1620934967 0.07886871214
1645 0.9996096395 0.1637478518 0.08077733046
1646 0.9996096395 0.1998405125 0.08623917121
1647 0.9996096395 0.1953225372 0.09783494254
1648 0.9996096395 0.2368351315 0.1090242527
1649 0.9996096395 0.2129301389 0.09324001397
1650 0.9996096395 0.1874887051 0.08518881105
1651 0.9996096395 0.2123021628 0.09926946496
1652 0.9996096395 0.2046946646 0.09385625534
1653 0.9996096395 0.1830478077 0.08800903158
1654 0.9996096395 0.2196195465 0.1041915191
1655 0.9996096395 0.2024969695 0.0991660701
1656 0.9996096395 0.2100764528 0.1041988289
1657 0.9996096395 0.2121362952 0.09687489514
1658 0.9996096395 0.2017624251 0.08262920686
1659 0.9996096395 0.1912793827 0.08407327774
1660 0.9996096395 0.2055106523 0.0910800548
1661 0.9996096395 0.2160270014 0.08409735492
1662 0.9996096395 0.2296294848 0.0874934926
1663 0.9996096395 0.2291744923 0.09639630129
1664 0.9996096395 0.2209459252 0.1001521061
1665 0.9996096395 0.2146420168 0.09493372688
1666 0.9996096395 0.2098856789 0.09521198873
1667 0.9996096395 0.2167589309 0.0925854991
1668 0.9996096395 0.2380030088 0.1007232743
1669 0.9996096395 0.2429532151 0.09909959025
1670 0.9996096395 0.2622490613 0.09485112036
1671 0.9996096395 0.2644606939 0.1011536313
1672 0.9996096395 0.2610204609 0.09540655971
1673 0.9996096395 0.2818615999 0.1028608145
1674 0.9996096395 0.2773230763 0.103999984
1675 0.9996096395 0.2712950893 0.09901157768
1676 0.9996096395 0.2661093052 0.1095291962
1677 0.9996096395 0.2463089804 0.1012872995
1678 0.9996096395 0.2519850509 0.09760249976
1679 0.9996096395 0.237671285 0.0930421747
1680 0.9996096395 0.2268176726 0.08730055748
1681 0.9996096395 0.232867419 0.08965054294
1682 0.9996096395 0.2509497807 0.09520224157
1683 0.9996096395 0.2436062483 0.09371063754
1684 0.9996096395 0.2040389551 0.09211483163
1685 0.9996096395 0.2021224784 0.08319878376
1686 0.9996096395 0.193005615 0.09159019767
1687 0.9996096395 0.2127278679 0.09058587788
1688 0.9996096395 0.2194296261 0.09097805949
1689 0.9996096395 0.2295083559 0.09932195188
1690 0.9996096395 0.2466863337 0.1096718887
1691 0.9996096395 0.2669113893 0.1121493486
1692 0.9996096395 0.2455716484 0.08650203067
1693 0.9996096395 0.2623920338 0.08813325646
1694 0.9996096395 0.242274443 0.08269567958
1695 0.9996096395 0.2302922363 0.08189537101
1696 0.9996096395 0.2427430476 0.0979646577
1697 0.9996096395 0.2168568624 0.08615495029
1698 0.9996096395 0.2288814234 0.09162831734
1699 0.9996096395 0.1987661798 0.08939141819
1700 0.9996096395 0.213490266 0.09113707585
1701 0.9996096395 0.21069203 0.0889758182
1702 0.9996096395 0.2394457144 0.08735355467
1703 0.9996096395 0.2659069238 0.09665014955
1704 0.9996096395 0.2578945062 0.105306151
1705 0.9996096395 0.278149146 0.1142461544
1706 0.9996096395 0.3059942472 0.1179524658
1707 0.9996096395 0.2805582999 0.1129168489
1708 0.9996096395 0.2660423498 0.1077600926
1709 0.9996096395 0.2827453782 0.121781857
1710 0.9996096395 0.2224706157 0.09593264426
1711 0.9996096395 0.2254208397 0.09587371097
1712 0.9996096395 0.2590727242 0.1004538688
1713 0.9996096395 0.2597334774 0.09855897132
1714 0.9996096395 0.2493979841 0.1149916084
1715 0.9996096395 0.262585472 0.1120708254
1716 0.9996096395 0.2386544987 0.09815764884
1717 0.9996096395 0.2176340802 0.08690378221
1718 0.9996096395 0.2571641067 0.1012616582
1719 0.9996096395 0.2562083437 0.1006393426
1720 0.9996096395 0.2347571241 0.09636157296
1721 0.9996096395 0.2476827073 0.094240151
1722 0.9996096395 0.2842090974 0.1025691517
1723 0.9996096395 0.2668090657 0.09835614569
1724 0.9996096395 0.2102564704 0.08158961436
1725 0.9996096395 0.2186523651 0.08095356405
1726 0.9996096395 0.217311721 0.08174716139
1727 0.9996096395 0.2095591537 0.0884886942
1728 0.9996096395 0.2191760236 0.09454272842
1729 0.9996096395 0.230885137 0.09201139369
1730 0.9996096395 0.2388820271 0.1041253734
1731 0.9996096395 0.2307603886 0.09246422302
1732 0.9996096395 0.2579136281 0.1045167872
1733 0.9996096395 0.2499497593 0.09538523269
1734 0.9996096395 0.2840404209 0.1109880951
1735 0.9996096395 0.2829807549 0.108468641
1736 0.9996096395 0.3067686819 0.107008521
1737 0.9996096395 0.2741011587 0.1050169501
1738 0.9996096395 0.2571292174 0.1014414088
1739 0.9996096395 0.258803034 0.09972841133
1740 0.9996096395 0.2328421809 0.08965981131
1741 0.9996096395 0.2593898401 0.0926035869
1742 0.9996096395 0.2672208248 0.1056365252
1743 0.9996096395 0.28233594 0.09789742659
1744 0.9996096395 0.2301458398 0.08447922357
1745 0.9996096395 0.2456799485 0.08928840884
1746 0.9996096395 0.2232502065 0.08951542451
1747 0.9996096395 0.2274655 0.1059998643
1748 0.9996096395 0.2190602762 0.09564197126
1749 0.9996096395 0.1597227228 0.07372827568
1750 0.9996096395 0.172137892 0.06992456499
1751 0.9996096395 0.2006415289 0.07432189761
1752 0.9996096395 0.2193422481 0.09429909207
1753 0.9996096395 0.1815187752 0.08562786236
1754 0.9996096395 0.1958597366 0.08984063222
1755 0.9996096395 0.1699514256 0.07040594607
1756 0.9996096395 0.1547786423 0.07140452349
1757 0.9996096395 0.2068012474 0.0861099832
1758 0.9996096395 0.2086849402 0.09799698301
1759 0.9996096395 0.2213609302 0.09833080823
1760 0.9996096395 0.1824989706 0.08794309245
1761 0.9996096395 0.1734924854 0.08326138762
1762 0.9996096395 0.1897879769 0.09481388847
1763 0.9996096395 0.2139169264 0.1082516252
1764 0.9996096395 0.2051223344 0.09871404553
1765 0.9996096395 0.1882772589 0.09476547142
1766 0.9996096395 0.1803432733 0.08757916537
1767 0.9996096395 0.2061693235 0.09888478822
1768 0.9996096395 0.2223925355 0.1028969102
1769 0.9996096395 0.1942903641 0.09475100273
1770 0.9996096395 0.2084855429 0.091907831
1771 0.9996096395 0.2114649799 0.09603979208
1772 0.9996096395 0.2246398171 0.1020446386
1773 0.9996096395 0.2145672022 0.08443926836
1774 0.9996096395 0.2294956637 0.08988355887
1775 0.9996096395 0.2239959378 0.08792439872
1776 0.9996096395 0.2438000326 0.08861925686
1777 0.9996096395 0.2304793578 0.08738200621
1778 0.9996096395 0.2276680821 0.0926918817
1779 0.9996096395 0.237855456 0.09402014548
1780 0.9996096395 0.2402897638 0.09992296538
1781 0.9996096395 0.2528397508 0.1039850636
1782 0.9996096395 0.2665739016 0.109024065
1783 0.9996096395 0.224449266 0.08834614507
1784 0.9996096395 0.2211391386 0.09966022885
1785 0.9996096395 0.2037533228 0.08725586539
1786 0.9996096395 0.2485204593 0.09291808191
1787 0.9996096395 0.2320722779 0.08767978174
1788 0.9996096395 0.2721541031 0.09768324397
1789 0.9996096395 0.2693302838 0.1006360856
1790 0.9996096395 0.258450692 0.10227981
1791 0.9996096395 0.2608189399 0.09566122266
1792 0.9996096395 0.2284827728 0.08187741949
1793 0.9996096395 0.2603770705 0.0882953465
1794 0.9996096395 0.2309162413 0.09415756217
1795 0.9996096395 0.2671609593 0.09925246595
1796 0.9996096395 0.2539926681 0.09520234511
1797 0.9996096395 0.2646170356 0.09558979204
1798 0.9996096395 0.2775359079 0.1005079531
1799 0.9996096395 0.2508774531 0.09251469807
1800 0.9996096395 0.2605946166 0.09294168844
1801 0.9996096395 0.2560610894 0.08663446839
1802 0.9996096395 0.2746724764 0.09706821223
1803 0.9996096395 0.2872037387 0.1133556359
1804 0.9996096395 0.2217972165 0.09366315141
1805 0.9996096395 0.2240992333 0.09587060411
1806 0.9996096395 0.2206739839 0.07990406119
1807 0.9996096395 0.2384106282 0.08687081816
1808 0.9996096395 0.2273678014 0.08139604203
1809 0.9996096395 0.2511405303 0.09524723693
1810 0.9996096395 0.2498401397 0.08850870921
1811 0.9996096395 0.2619154371 0.09404713214
1812 0.9996096395 0.2483646701 0.09222861143
1813 0.9996096395 0.2129774799 0.08532196016
1814 0.9996096395 0.2110067276 0.07981389994
1815 0.9996096395 0.22783034 0.09140182996
1816 0.9996096395 0.2662337723 0.1012841685
1817 0.9996096395 0.1973973698 0.08534365717
1818 0.9996096395 0.1989482939 0.08614707053
1819 0.9996096395 0.2050697229 0.09257833234
1820 0.9996096395 0.1745328251 0.07755447888
1821 0.9996096395 0.1568293356 0.07329419322
1822 0.9996096395 0.1611733811 0.08501394456
1823 0.9996096395 0.1431975794 0.07746946718
1824 0.9996096395 0.1774708719 0.08521701273
1825 0.9996096395 0.1788335959 0.08146173768
1826 0.9996096395 0.2046173654 0.1028417495
1827 0.9996096395 0.1721321486 0.08236240763
1828 0.9996096395 0.1984218461 0.09686484132
1829 0.9996096395 0.1708627063 0.09197083288
1830 0.9996096395 0.1958302619 0.09265470289
1831 0.9996096395 0.2120080105 0.09849668893
1832 0.9996096395 0.2146724352 0.09062980099
1833 0.9996096395 0.2573398229 0.1043385921
1834 0.9996096395 0.2109826775 0.09343253195
1835 0.9996096395 0.2298044686 0.1059115295
1836 0.9996096395 0.1784427276 0.08494089626
1837 0.9996096395 0.1918541248 0.08860856949
1838 0.9996096395 0.184934674 0.08219236307
1839 0.9996096395 0.2066083878 0.09391038087
1840 0.9996096395 0.1977549935 0.08915103914
1841 0.9996096395 0.2280989541 0.09727447779
1842 0.9996096395 0.2359534513 0.1081675187
1843 0.9996096395 0.2066967954 0.09211418661
1844 0.9996096395 0.2121324831 0.1072634418
1845 0.9996096395 0.2070901494 0.1000713584
1846 0.9996096395 0.1915948586 0.09202844932
1847 0.9996096395 0.2145273856 0.09978034263
1848 0.9996096395 0.1957710488 0.09978705381
1849 0.9996096395 0.2499742534 0.1114662278
1850 0.9996096395 0.2405109983 0.1111348413
1851 0.9996096395 0.2626134096 0.1065783733
1852 0.9996096395 0.2765076737 0.106428403
1853 0.9996096395 0.2641881804 0.1117772484
1854 0.9996096395 0.2574248058 0.10647908
1855 0.9996096395 0.245219023 0.1022574727
1856 0.9996096395 0.2297943184 0.1002249485
1857 0.9996096395 0.1992254999 0.09240710993
1858 0.9996096395 0.2234719285 0.09647513264
1859 0.9996096395 0.2066770174 0.08714104083
1860 0.9996096395 0.2089436033 0.08848281226
1861 0.9996096395 0.1938581203 0.08920803632
1862 0.9996096395 0.2092067437 0.09944123459
1863 0.9996096395 0.2253324481 0.09871236268
1864 0.9996096395 0.207847245 0.08663518249
1865 0.9996096395 0.2278830535 0.102579511
1866 0.9996096395 0.2280103223 0.09265732211
1867 0.9996096395 0.1835915133 0.07821845689
1868 0.9996096395 0.1972385204 0.07872510751
1869 0.9996096395 0.2269811213 0.08918126022
1870 0.9996096395 0.2376485773 0.09897554538
1871 0.9996096395 0.2370590509 0.09771177343
1872 0.9996096395 0.230072056 0.09609845763
1873 0.9996096395 0.205097371 0.09424694929
1874 0.9996096395 0.2281942776 0.09997681388
1875 0.9996096395 0.2450210105 0.09958096054
1876 0.9996096395 0.2713562548 0.1169302645
1877 0.9996096395 0.2440359626 0.1063891947
1878 0.9996096395 0.2580379265 0.1057774067
1879 0.9996096395 0.2602023438 0.1033890588
1880 0.9996096395 0.2950039813 0.1104449613
1881 0.9996096395 0.3138580937 0.1141468745
1882 0.9996096395 0.2723808762 0.1019164094
1883 0.9996096395 0.2499200691 0.09445025811
1884 0.9996096395 0.2653335464 0.1150131069
1885 0.9996096395 0.2365491115 0.09317346284
1886 0.9996096395 0.2246617884 0.08765002122
1887 0.9996096395 0.24665091 0.09473772281
1888 0.9996096395 0.2531678819 0.09703072964
1889 0.9996096395 0.2501198792 0.09776697315
1890 0.9996096395 0.2591852551 0.09507732411
1891 0.9996096395 0.2667428198 0.09538185156
1892 0.9996096395 0.2694564661 0.121428779
1893 0.9996096395 0.2554331745 0.1128262138
1894 0.9996096395 0.2967172884 0.1179404379
1895 0.9996096395 0.2770692195 0.1005174759
1896 0.9996096395 0.2901985739 0.1047589994
1897 0.9996096395 0.3357105169 0.1196564313
1898 0.9996096395 0.2886824516 0.1039744117
1899 0.9996096395 0.2499306209 0.09320438465
1900 0.9996096395 0.2858696325 0.1014927352
1901 0.9996096395 0.2644780156 0.09785750377
1902 0.9996096395 0.2938903756 0.1054569228
1903 0.9996096395 0.2983422206 0.114766893
1904 0.9996096395 0.2952653962 0.1061017499
1905 0.9996096395 0.276706284 0.1029380568
1906 0.9996096395 0.2729630377 0.1066025606
1907 0.9996096395 0.235867454 0.09651273655
1908 0.9996096395 0.2156670614 0.09094192469
1909 0.9996096395 0.2248091562 0.09565447301
1910 0.9996096395 0.191994514 0.08532580503
1911 0.9996096395 0.2155815854 0.08855104365
1912 0.9996096395 0.2120989102 0.08212797809
1913 0.9996096395 0.2060779542 0.08236890919
1914 0.9996096395 0.2142044948 0.1023862752
1915 0.9996096395 0.2334698633 0.09924759745
1916 0.9996096395 0.2167211511 0.09943063298
1917 0.9996096395 0.2097531668 0.09340962748
1918 0.9996096395 0.2070892158 0.08897150958
1919 0.9996096395 0.2147802794 0.09320249179
1920 0.9996096395 0.2137836485 0.09646915243
1921 0.9996096395 0.2144186769 0.09503399264
1922 0.9996096395 0.23768972 0.09894128208
1923 0.9996096395 0.2372480445 0.09220999909
1924 0.9996096395 0.2745691771 0.1068141081
1925 0.9996096395 0.2749714153 0.107192268
1926 0.9996096395 0.2863164498 0.1095138525
1927 0.9996096395 0.3169689184 0.1215477693
1928 0.9996096395 0.286189652 0.1126912944
1929 0.9996096395 0.2903278662 0.106347254
1930 0.9996096395 0.2815297924 0.1055403392
1931 0.9996096395 0.2835720093 0.09707150376
1932 0.9996096395 0.2389588068 0.08182252374
1933 0.9996096395 0.2570358272 0.09515311879
1934 0.9996096395 0.2397243937 0.09595666984
1935 0.9996096395 0.2603408751 0.09838749195
1936 0.9996096395 0.2321648876 0.08651090636
1937 0.9996096395 0.2344317898 0.08992859514
1938 0.9996096395 0.2226144417 0.09205209339
1939 0.9996096395 0.1969690026 0.07691837015
1940 0.9996096395 0.1951900372 0.08329938032
1941 0.9996096395 0.2014007852 0.08053457771
1942 0.9996096395 0.1939687114 0.08008825387
1943 0.9996096395 0.1992092586 0.09545801037
1944 0.9996096395 0.20916562 0.09269947668
1945 0.9996096395 0.2124608221 0.09711621389
1946 0.9996096395 0.2419356643 0.1041435179
1947 0.9996096395 0.2219748688 0.09394377013
1948 0.9996096395 0.2213866703 0.09127319137
1949 0.9996096395 0.2127714227 0.09214524128
1950 0.9996096395 0.2180054886 0.1044416371
1951 0.9996096395 0.237141302 0.09707261924
1952 0.9996096395 0.2352120214 0.101295499
1953 0.9996096395 0.2569347207 0.1060242082
1954 0.9996096395 0.2205047587 0.1005666021
1955 0.9996096395 0.2285012118 0.1003300852
1956 0.9996096395 0.2468634185 0.1041942549
1957 0.9996096395 0.2556408603 0.1117797606
1958 0.9996096395 0.2723402562 0.1118670983
1959 0.9996096395 0.2748586676 0.09948091035
1960 0.9996096395 0.2554540026 0.09282429014
1961 0.9996096395 0.2703777164 0.09505700578
1962 0.9996096395 0.2335573481 0.09247508669
1963 0.9996096395 0.255687323 0.09449069607
1964 0.9996096395 0.271562948 0.09597987728
1965 0.9996096395 0.2910263174 0.09143291203
1966 0.9996096395 0.2753859887 0.09491932405
1967 0.9996096395 0.2655454407 0.1001532811
1968 0.9996096395 0.2534004305 0.09620391018
1969 0.9996096395 0.2834591852 0.1005942682
1970 0.9996096395 0.3081530485 0.1071549502
1971 0.9996096395 0.2474681742 0.09274755102
1972 0.9996096395 0.2903578173 0.1003844924
1973 0.9996096395 0.2531462583 0.09397491568
1974 0.9996096395 0.2583626671 0.09810046547
1975 0.9996096395 0.2438153875 0.1022961934
1976 0.9996096395 0.2491225881 0.09506864999
1977 0.9996096395 0.2518741072 0.09886274137
1978 0.9996096395 0.2934584086 0.1004964256
1979 0.9996096395 0.2504280898 0.1061464299
1980 0.9996096395 0.2221249591 0.09364263769
1981 0.9996096395 0.2534506361 0.09657580409
1982 0.9996096395 0.2630163816 0.09752587542
1983 0.9996096395 0.2414333169 0.08825787542
1984 0.9996096395 0.2663953342 0.1034996426
1985 0.9996096395 0.2457557713 0.09639271809
1986 0.9996096395 0.274210921 0.1034320301
1987 0.9996096395 0.265011035 0.108047999
1988 0.9996096395 0.3216751285 0.1038014137
1989 0.9996096395 0.3022905845 0.09940792187
1990 0.9996096395 0.317129105 0.09803658379
1991 0.9996096395 0.3427423613 0.1151748545
1992 0.9996096395 0.2873706442 0.102193177
1993 0.9996096395 0.2783338324 0.1004358345
1994 0.9996096395 0.2943956008 0.1036209724
1995 0.9996096395 0.2755374655 0.09565931225
1996 0.9996096395 0.282154504 0.087710406
1997 0.9996096395 0.2742817327 0.09863837968
1998 0.9996096395 0.2673440594 0.09345615955
1999 0.9996096395 0.2486672273 0.09484792076
2000 0.9996096395 0.2666186493 0.08930937112
