0 0 0 0
1 1.953305172e-09 1.953305172e-11 3.815401095e-20
2 1.953305172e-09 1.953305172e-11 3.815401095e-20
3 1.953305172e-09 2.837721175e-11 4.562693078e-20
4 6.134444611e-09 8.972165786e-11 4.184243016e-19
5 6.134444611e-09 8.972165786e-11 4.184243016e-19
6 6.134444611e-09 8.972165786e-11 4.184243016e-19
7 2.307203487e-08 3.3951864e-10 5.723835203e-18
8 2.307203487e-08 3.515734808e-10 5.751637124e-18
9 6.206407956e-07 6.538904804e-09 3.85350912e-15
10 4.915391552e-05 5.30942532e-07 2.41742602e-11
11 0.004625372238 8.093857588e-05 3.270482041e-07
12 0.004625372238 0.0001150841434 4.382191908e-07
13 0.009470795478 0.0002448948102 1.419249813e-06
14 0.009470795478 0.0002360334601 1.374893902e-06
15 0.009470795478 0.0002597432107 1.419324358e-06
16 0.01025256476 0.0003880697284 2.490935136e-06
17 0.01025256476 0.000379844985 2.525799556e-06
18 0.01025256476 0.0003813195496 2.981821386e-06
19 0.01172838834 0.0005529718018 4.920815972e-06
20 0.01544336411 0.0006924446233 6.944873915e-06
21 0.01897550933 0.0007662115849 9.320442341e-06
22 0.01897550933 0.0007820464575 9.002948968e-06
23 0.04617638221 0.001307431994 3.078918829e-05
24 0.04617638221 0.001129666494 3.018720069e-05
25 0.04617638221 0.001211962397 3.281849689e-05
26 0.04617638221 0.001031940257 3.096717062e-05
27 0.2325238744 0.003828778538 0.0005705227534
28 0.2325238744 0.005913955752 0.001079232825
29 0.2325238744 0.006442371943 0.001154579706
30 0.2325238744 0.007505481054 0.001243612879
31 0.240088325 0.01295239101 0.002045473978
32 0.240088325 0.01688594403 0.00296698769
33 0.3461623906 0.02357685726 0.004894940857
34 0.3461623906 0.01941959325 0.0045493926
35 0.4695574638 0.03252244183 0.008093162136
36 0.5444941449 0.04060455108 0.01242203389
37 0.6057084649 0.04371063386 0.01532947076
38 0.6993008667 0.06273645311 0.02423984755
39 0.6993008667 0.08414650561 0.03143365665
40 0.7401503585 0.08970758423 0.03970017447
41 0.7610478114 0.09653700915 0.04225160137
42 0.7855013782 0.09272280824 0.04319993423
43 0.7855013782 0.09357152265 0.03627082743
44 0.7855013782 0.0982685436 0.03523566123
45 0.7855013782 0.09603858989 0.04045268508
46 0.7855013782 0.09886585692 0.04659387293
47 0.7855013782 0.1179440396 0.05061613805
48 0.8206380324 0.1114845505 0.05277244712
49 0.8361177168 0.132990076 0.05553870324
50 0.8540047184 0.1170783909 0.05370889451
51 0.8770774713 0.1297120728 0.05468246672
52 0.8770774713 0.1523292505 0.06494319442
53 0.9652064308 0.1278756523 0.0638828652
54 0.9652064308 0.1443331718 0.06948735244
55 0.9652064308 0.1622886767 0.07224213926
56 0.9652064308 0.1586949842 0.06783353442
57 0.979908597 0.1718971093 0.0749219616
58 0.979908597 0.1975123677 0.08315752771
59 0.979908597 0.2035805005 0.0878395902
60 0.979908597 0.1723654243 0.08101098449
61 0.979908597 0.2149034693 0.103613525
62 0.979908597 0.2472532631 0.1015643314
63 0.99759856 0.2621049764 0.1071023143
63 0.04349387159 0.002015859535 6.149269094e-05
64 0.06598687298 0.003008754916 0.0001100858431
65 0.06598687298 0.003955375578 0.0001379714198
66 0.06598687298 0.004362754923 0.0001509958549
67 0.2720645439 0.01157731497 0.001355321864
68 0.2720645439 0.01486114256 0.001758721088
69 0.2720645439 0.01468247907 0.001736720474
70 0.385074912 0.0209302832 0.003290893996
71 0.385074912 0.02179336913 0.004022819307
72 0.385074912 0.02372648684 0.004091044673
73 0.385074912 0.02359467462 0.004007463735
74 0.385074912 0.02403355396 0.004761073638
75 0.385074912 0.02452239304 0.004902030739
76 0.385074912 0.02915021712 0.006381858872
77 0.385074912 0.03189748984 0.0060279954
78 0.4168711179 0.03989884811 0.009025994094
79 0.4168711179 0.04849112247 0.01115258126
80 0.4168711179 0.04523787218 0.009463792948
81 0.4168711179 0.0410076826 0.008903503951
82 0.4168711179 0.04899857321 0.01084684555
83 0.4168711179 0.05765109306 0.01351223723
84 0.4290016507 0.05055883165 0.01184907172
85 0.4290016507 0.05383111624 0.0116684481
86 0.4409425236 0.05118960103 0.01206448019
87 0.4409425236 0.04951623255 0.01157233395
88 0.4409425236 0.04317667756 0.01098729745
89 0.4409425236 0.03924500551 0.009208666073
90 0.4409425236 0.03814140981 0.008903982933
91 0.4409425236 0.04787456334 0.01032496516
92 0.4409425236 0.05059443981 0.01307789558
93 0.4409425236 0.04453312073 0.01153289285
94 0.4409425236 0.03745946697 0.01076845254
95 0.4516364819 0.04520895476 0.01268225704
96 0.4516364819 0.03219947308 0.008545624623
97 0.4516364819 0.0438038956 0.01283689509
98 0.4516364819 0.05722171906 0.01568014775
99 0.4516364819 0.04897238312 0.01302138346
100 0.4629594052 0.0459417391 0.0127773032
101 0.4629594052 0.04582667846 0.01221259534
102 0.4629594052 0.04194249368 0.01149416465
103 0.4629594052 0.04019656845 0.009405706756
104 0.5000094679 0.03920220264 0.01139167503
105 0.500208673 0.05992195332 0.0179969791
106 0.551578302 0.05040769782 0.01475342403
107 0.551578302 0.05941669318 0.01585760247
108 0.551578302 0.05373393258 0.01529250793
109 0.551578302 0.0519081263 0.01619156305
110 0.551578302 0.05314307796 0.01503715268
111 0.551578302 0.04487819894 0.01462513016
112 0.551578302 0.04615473713 0.0133877439
113 0.551578302 0.05995539552 0.0175969668
114 0.551578302 0.05560528455 0.01700011139
115 0.551578302 0.04919741825 0.01363187336
116 0.551578302 0.05670457197 0.01644289704
117 0.551578302 0.05349008266 0.01599338804
118 0.551578302 0.03928681888 0.01209121316
119 0.551578302 0.04137536866 0.01429361964
120 0.551578302 0.04149130712 0.01372964241
121 0.551578302 0.04614567444 0.0144870448
122 0.551578302 0.04979237122 0.01284567078
123 0.551578302 0.05163136655 0.01650040612
124 0.5530820783 0.05147852271 0.01594025512
125 0.5530820783 0.05341459889 0.01606240486
126 0.5530820783 0.04953307596 0.01522293954
127 0.5806630694 0.05835877613 0.01813352139
128 0.5806630694 0.0684264099 0.01883064702
129 0.5806630694 0.06594722194 0.01719485341
130 0.6140963821 0.07681058149 0.01990076402
131 0.6140963821 0.06144894955 0.01859765614
132 0.6169452779 0.07490840028 0.02502206323
133 0.6169452779 0.07639749805 0.02386436947
134 0.6169452779 0.06436955159 0.02037160903
135 0.6169452779 0.07397089878 0.02650269258
136 0.6169452779 0.0641542858 0.02067739155
137 0.6169452779 0.08582280877 0.02619676587
138 0.6169452779 0.07625097762 0.02024538392
139 0.6169452779 0.07851088712 0.02009976593
140 0.6169452779 0.0832533901 0.02503173058
141 0.6340551197 0.08597255935 0.0260788616
142 0.6340551197 0.07245013885 0.02303615269
143 0.6340551197 0.08191531039 0.02497864053
144 0.6340551197 0.06733914596 0.02255093283
145 0.6340551197 0.07128748385 0.02227535266
146 0.6340551197 0.06394277869 0.02413954474
147 0.6340551197 0.08282164856 0.02845179807
148 0.6340551197 0.0794623098 0.02749511625
149 0.6914962695 0.07543395972 0.02674649664
150 0.6914962695 0.1002803054 0.03266904144
151 0.6914962695 0.08893474815 0.02891847405
152 0.6914962695 0.1003902348 0.03055180872
153 0.6914962695 0.0867752392 0.02788792952
154 0.6914962695 0.08865700304 0.03101184813
155 0.6914962695 0.08787149002 0.02973963035
156 0.6914962695 0.08990957057 0.03305296146
157 0.6914962695 0.07590988316 0.02964478132
158 0.6914962695 0.07574205862 0.03031856157
159 0.6914962695 0.07675461853 0.02600969824
160 0.6914962695 0.08346042242 0.029802582
161 0.825660414 0.09016839523 0.03158726425
162 0.825660414 0.06536626825 0.02498341352
163 0.825660414 0.07025544736 0.02727093829
164 0.825660414 0.08088732881 0.02847422351
165 0.825660414 0.1037880466 0.03490467314
166 0.825660414 0.09877504385 0.03489260065
167 0.825660414 0.08348293821 0.02987389355
168 0.825660414 0.07048544065 0.02753394962
169 0.825660414 0.07430357748 0.03059489609
170 0.825660414 0.08625035466 0.03790395634
171 0.8473586104 0.09502259655 0.03989207868
172 0.8473586104 0.08480437773 0.03874287548
173 0.8473586104 0.09640911284 0.04014779262
174 0.8473586104 0.08307734909 0.03207923542
175 0.8473586104 0.09255356647 0.03635952302
176 0.8473586104 0.1069347624 0.04512415033
177 0.8499208285 0.09625346736 0.04206136022
178 0.8499208285 0.1244221987 0.05359479337
179 0.8704065115 0.1445558412 0.06760365038
180 0.8704065115 0.1289460488 0.05282598441
181 0.8704065115 0.1113413454 0.05002482271
182 0.8727037389 0.1305003307 0.06355268222
183 0.8727037389 0.1404033121 0.05978963669
184 0.8727037389 0.1311507803 0.05896997331
185 0.8972679793 0.1128500754 0.05369609287
186 0.9458153427 0.1275808131 0.05790706233
187 0.9458153427 0.1145339865 0.04308135298
188 0.9458153427 0.1362187471 0.0569791563
189 0.9458153427 0.1259588625 0.04954022808
190 0.9553638539 0.128694464 0.05669814483
191 0.9553638539 0.1211662454 0.04507586195
192 0.9553638539 0.08868068567 0.04099320259
193 0.9553638539 0.1230475873 0.06267160844
194 0.9553638539 0.1051472693 0.05198454298
195 0.9553638539 0.1186622761 0.0560993633
196 0.9553638539 0.1328011783 0.05804692216
197 0.9553638539 0.1066517726 0.05481354967
198 0.9553638539 0.1203659563 0.05706732167
199 0.9553638539 0.1320836682 0.05842197071
200 0.9553638539 0.1176677727 0.05437916222
201 0.9553638539 0.142874985 0.07012878229
202 0.9553638539 0.1292721879 0.05752277715
203 0.9553638539 0.1301453327 0.05189573099
204 0.9553638539 0.1090081874 0.04909129675
205 0.9553638539 0.1298614135 0.05740203297
206 0.9553638539 0.1328148954 0.0616934193
207 0.9553638539 0.1342542981 0.06489837525
208 0.9553638539 0.1222716966 0.05572126189
209 0.9556451539 0.1308869751 0.06051992564
210 0.9853734179 0.152865941 0.06820863058
211 0.9853734179 0.1612619113 0.06801228106
212 0.9853734179 0.1615501608 0.07003278578
213 0.9853734179 0.1671735443 0.06833436414
214 0.9853734179 0.1412633345 0.0581108596
215 0.9853734179 0.1673855999 0.07901969428
216 0.9853734179 0.1738798555 0.08107751018
217 0.9853734179 0.1374406723 0.06956385347
218 0.9853734179 0.1477958435 0.07531093137
219 0.9853734179 0.1808711162 0.08593282318
220 0.9853734179 0.1882112124 0.07493252118
221 0.9853734179 0.1442745276 0.05784009137
222 0.9853734179 0.1215177695 0.05229563919
223 0.9853734179 0.1395340443 0.06410979882
224 0.9853734179 0.1489377842 0.06487377956
225 0.9853734179 0.1528672608 0.06076836312
226 0.9853734179 0.1799132648 0.06894478063
227 0.9853734179 0.160568673 0.06356758048
228 0.9853734179 0.142524961 0.06188469567
229 0.9853734179 0.1764847065 0.07137350472
230 0.9853734179 0.1871912624 0.07386501208
231 0.9853734179 0.2028778701 0.07212884349
232 0.9853734179 0.1749682317 0.06738924082
233 0.9853734179 0.1920494133 0.07295260717
234 0.9853734179 0.1588365466 0.06665061368
235 0.9853734179 0.1594048132 0.06045024001
236 0.9853734179 0.1567085666 0.0604006768
237 0.9853734179 0.189604791 0.08284179455
238 0.9853734179 0.1701616154 0.07533434132
239 0.9853734179 0.160029229 0.07173292911
240 0.9853734179 0.1809341538 0.07118578766
241 0.9853734179 0.1654841732 0.06272260605
242 0.9853734179 0.1812797557 0.07857458945
243 0.9853734179 0.1800140568 0.07780345363
244 0.9853734179 0.1906359271 0.06698390808
245 0.9853734179 0.2027875861 0.08396612136
246 0.9853734179 0.1745661521 0.07037543078
247 0.9853734179 0.1770405283 0.0804377733
248 0.9853734179 0.1581584855 0.07427746319
249 0.9853734179 0.1583932492 0.0681799106
250 0.9853734179 0.1482257821 0.06573619691
251 0.9853734179 0.1373360545 0.05874114209
252 0.9853734179 0.1639570516 0.07120987266
253 0.9853734179 0.1872193496 0.07823412161
254 0.9853734179 0.1979965317 0.07987669651
255 0.9853734179 0.1909562697 0.07337859514
256 0.9853734179 0.2239464073 0.08944185428
257 0.9853734179 0.1940290559 0.08082218981
258 0.9853734179 0.1657961667 0.06610970273
259 0.9853734179 0.176119036 0.06359013625
260 0.9853734179 0.1747799815 0.06646139636
261 0.9853734179 0.1617682534 0.06360734131
262 0.9853734179 0.1513042893 0.06199423209
263 0.9853734179 0.1788635492 0.0762518748
264 0.9853734179 0.1381291273 0.05731223817
265 0.9853734179 0.1677059978 0.07980700577
266 0.9853734179 0.186458402 0.08357289951
267 0.9853734179 0.1544235536 0.06608505335
268 0.9853734179 0.130726187 0.05993433397
269 0.9853734179 0.1504290297 0.06962132213
270 0.9853734179 0.140108488 0.05987504889
271 0.9853734179 0.1319438864 0.05874643731
272 0.9853734179 0.1394901668 0.06504949342
273 0.9853734179 0.1603072395 0.08132387909
274 0.9853734179 0.147936669 0.06990489346
275 0.9853734179 0.1452802628 0.06077327406
276 0.9853734179 0.1760878156 0.07157407503
277 0.9854946303 0.1878919142 0.07708440605
278 0.9854946303 0.1728485146 0.07632848045
279 0.9854946303 0.1592208269 0.06673738268
280 0.9854946303 0.1921146117 0.07477089069
281 0.9910499856 0.2043129474 0.06925854867
282 0.9910499856 0.2193219354 0.07927501658
283 0.9910499856 0.1991976046 0.0856337974
284 0.9910499856 0.1963385016 0.08371667794
285 0.9910499856 0.1679077625 0.06391120937
286 0.9910499856 0.1998170314 0.06909638568
287 0.9910499856 0.184646553 0.071726031
288 0.9910499856 0.1763329001 0.07748010567
289 0.9910499856 0.1652872252 0.06676831411
290 0.9910499856 0.1673937632 0.06323419615
291 0.9935008081 0.1727177958 0.07826332848
292 0.9935008081 0.1672105317 0.07836255918
293 0.9935008081 0.1783170151 0.07996941576
294 0.9935008081 0.1768131341 0.07782773313
295 0.9935008081 0.1633577501 0.06766753154
296 0.9935008081 0.17287353 0.06903150145
297 0.9935008081 0.1398251329 0.06287472784
298 0.9935008081 0.1429006031 0.0681474291
299 0.9935008081 0.1474819591 0.06414011117
300 0.9935008081 0.1589741037 0.06403564386
301 0.9935008081 0.179031352 0.07645688245
302 0.9935008081 0.1811420256 0.06991558002
303 0.9935008081 0.2197492142 0.08991318799
304 0.9935008081 0.2163013289 0.07756634113
305 0.9935008081 0.1857370322 0.07597199094
306 0.9935008081 0.1663023789 0.08194188514
307 0.9935008081 0.160812439 0.06663523255
308 0.9935008081 0.1809353991 0.079159988
309 0.9935008081 0.1652669053 0.06948207234
310 0.9935008081 0.1772485647 0.07726395602
311 0.9935008081 0.1600280899 0.06397000625
312 0.9935008081 0.1644018483 0.06170640802
313 0.9935008081 0.2101428737 0.07602878486
314 0.9935008081 0.1954185977 0.07998579812
315 0.9935008081 0.1771982612 0.07756409037
316 0.9935008081 0.1594481809 0.06295786891
317 0.9935008081 0.2031387879 0.08785491293
318 0.9935008081 0.1897928407 0.08307201505
319 0.9935008081 0.1773211437 0.06848584533
320 0.9935008081 0.1863082759 0.07895586684
321 0.9935008081 0.1635217107 0.06680912696
322 0.9935008081 0.1912124358 0.07686767411
323 0.9935008081 0.2105920687 0.08114498605
324 0.9935008081 0.1862363495 0.07123043025
325 0.9935008081 0.1817174601 0.07805691437
326 0.9935008081 0.1988030598 0.0825981295
327 0.9935008081 0.1796198941 0.07391688565
328 0.9935008081 0.1488376289 0.06682807026
329 0.9935008081 0.1699868183 0.07643554426
330 0.9935008081 0.2014428077 0.0843494568
331 0.9935008081 0.166122269 0.06899560055
332 0.9935008081 0.1756368532 0.06737256847
333 0.9935008081 0.2082777468 0.07510231835
334 0.9935008081 0.1691184077 0.06630142759
335 0.9935008081 0.1626585341 0.07833482775
336 0.9935008081 0.1722475458 0.08129494312
337 0.9935008081 0.1555761254 0.07320101635
338 0.9935008081 0.1620493327 0.07614483215
339 0.9935008081 0.167010195 0.07001508574
340 0.9935008081 0.1443559864 0.06720543907
341 0.9935008081 0.1362683134 0.06365568262
342 0.9935008081 0.148627737 0.06161355902
343 0.9935008081 0.1606584379 0.06541636198
344 0.9935008081 0.147802961 0.05693568201
345 0.9935008081 0.147732336 0.06733505725
346 0.9951015378 0.1427521065 0.06795191949
347 0.9951015378 0.1619298298 0.07220310935
348 0.9951015378 0.1541572422 0.07079315744
349 0.9951015378 0.1597531398 0.07389485708
350 0.9951015378 0.1609866436 0.08242030979
351 0.9951015378 0.1291652001 0.06614995888
352 0.9951015378 0.1372995022 0.06622032506
353 0.9951015378 0.1612663933 0.06899779696
354 0.9951015378 0.1665505929 0.0716529202
355 0.9951015378 0.1610744637 0.07019029929
356 0.9951015378 0.1583103713 0.06273757649
357 0.9951015378 0.1714702756 0.06891971438
358 0.9951015378 0.1573863169 0.07140022475
359 0.9951015378 0.1372090119 0.05720635901
360 0.9951015378 0.1753665971 0.07372612141
361 0.9951015378 0.1974621188 0.08714917684
362 0.9951015378 0.1935231026 0.08810913996
363 0.9951015378 0.1827148169 0.07788435523
364 0.9951015378 0.1830941447 0.07148210633
365 0.9951015378 0.2098523106 0.08138545974
366 0.9951015378 0.2221150815 0.08384091419
367 0.9951015378 0.2316517617 0.08074597348
368 0.9951015378 0.2133723077 0.08523336043
369 0.9951015378 0.2077143978 0.08047468041
370 0.9951015378 0.2098904781 0.07342296092
371 0.9951015378 0.1975514081 0.07392228613
372 0.9951015378 0.1965591048 0.072205473
373 0.9951015378 0.1728688433 0.07152820918
374 0.9951015378 0.1874860359 0.0812595501
375 0.9951015378 0.201479326 0.07594606724
376 0.9951015378 0.1827006891 0.07287953155
377 0.9951015378 0.1920677932 0.08098018225
378 0.9951015378 0.1755749302 0.06884730645
379 0.9951015378 0.1434906067 0.05830172655
380 0.9951015378 0.157184785 0.06553527569
381 0.9951015378 0.17561213 0.06976532721
382 0.9951015378 0.1800679579 0.07443713669
383 0.9951015378 0.1519635657 0.06326937113
384 0.9951015378 0.1479663133 0.06580614088
385 0.9951015378 0.1415871223 0.05722211537
386 0.9951015378 0.141109635 0.05563754172
387 0.9951015378 0.1362649354 0.06602154652
388 0.9951015378 0.134401069 0.05641387352
389 0.9951015378 0.1514957779 0.07126576132
390 0.9951015378 0.1506533616 0.07030530466
391 0.9951015378 0.1563704238 0.07371186401
392 0.9951015378 0.1624907631 0.06113083959
393 0.9951015378 0.1673424213 0.07197797031
394 0.9951015378 0.1346151374 0.05818111871
395 0.9951015378 0.1389604557 0.06010332421
396 0.9951015378 0.1380084083 0.06053389903
397 0.9951015378 0.161880653 0.06894365579
398 0.9951015378 0.154668972 0.06524888242
399 0.9951015378 0.1415978792 0.06432730925
400 0.9951015378 0.1326661019 0.06767289725
401 0.9951015378 0.1443348866 0.06727800747
402 0.9951015378 0.1539259645 0.06827913882
403 0.9951015378 0.1457596889 0.06925820414
404 0.9951015378 0.148817238 0.07023453862
405 0.9951015378 0.1336628059 0.06362793516
406 0.9951015378 0.1397657845 0.06420746538
407 0.9951015378 0.1318069339 0.07054791519
408 0.9951015378 0.109106848 0.05372021438
409 0.9951015378 0.1172227276 0.05120673538
410 0.9956298868 0.1235231766 0.06100920218
411 0.9956298868 0.1427964831 0.06015838699
412 0.9956298868 0.1495025762 0.06143001962
413 0.9956298868 0.1811776329 0.0774476015
414 0.9956298868 0.1532826714 0.07032743854
415 0.9956298868 0.1363551962 0.06696607329
416 0.9956298868 0.1297402576 0.06125719348
417 0.9956298868 0.1316743532 0.05118159384
418 0.9956298868 0.1156854931 0.05555851501
419 0.9956298868 0.1371645797 0.0657226303
420 0.9956298868 0.141814633 0.07390853147
421 0.9956298868 0.1471433015 0.06860953819
422 0.9956298868 0.1380220312 0.06815849659
423 0.9956298868 0.1384757285 0.0669187139
424 0.9956298868 0.1330181082 0.06688808154
425 0.9956298868 0.1151670293 0.06289837439
426 0.9956298868 0.1545686023 0.0784814942
427 0.9956298868 0.1424564559 0.07195349427
428 0.9956298868 0.1363146024 0.06474159347
429 0.9956298868 0.148166106 0.07057544027
430 0.9956298868 0.1507650156 0.0690218069
431 0.9956298868 0.1368120638 0.07046613367
432 0.9956298868 0.1480328816 0.07464353906
433 0.9956298868 0.1636800868 0.07760889864
434 0.9956298868 0.1704889982 0.07736444844
435 0.9956298868 0.1295015457 0.06114759481
436 0.9956298868 0.1505794607 0.06734020708
437 0.9956298868 0.1587921302 0.06251056334
438 0.9956298868 0.1726880488 0.07680117526
439 0.9956298868 0.1563912641 0.06621746495
440 0.9956298868 0.1443129879 0.06438936514
441 0.9956298868 0.1381556851 0.05817337954
442 0.9956298868 0.1467308016 0.06876902208
443 0.9956298868 0.1333268055 0.05718159437
444 0.9956298868 0.1464713567 0.07942940052
445 0.9956298868 0.1699648622 0.08701323833
446 0.9956298868 0.1679608674 0.08131363877
447 0.9956298868 0.1419982724 0.06679125196
448 0.9965266349 0.1560186389 0.07527215918
449 0.9965266349 0.1796723704 0.07392494245
450 0.9965266349 0.1723107912 0.0741941049
451 0.9965266349 0.1616799477 0.07625706061
452 0.9965266349 0.1330554081 0.05994833627
453 0.9965266349 0.1234720908 0.05170935708
454 0.9965266349 0.1290750717 0.06634479696
455 0.9965266349 0.137694289 0.07036372489
456 0.9965266349 0.1315441256 0.05636640035
457 0.9965266349 0.1133778465 0.04787788129
458 0.9965266349 0.1536945069 0.0657306009
459 0.9965266349 0.1541266196 0.06935754184
460 0.9965266349 0.1506205749 0.0661289196
461 0.9965266349 0.1468427424 0.05618895734
462 0.9989765683 0.1531367224 0.06931052808
463 0.9989765683 0.168801773 0.08037976419
464 0.9989765683 0.1461512914 0.06430944592
465 0.9989765683 0.1531176439 0.06721383277
466 0.9989765683 0.192451055 0.09541849563
467 0.9989765683 0.1711779825 0.07248515507
468 0.9989765683 0.1651949132 0.07763058942
469 0.9989765683 0.1569545386 0.07717488808
470 0.9989765683 0.1601497482 0.07042304901
471 0.9991439883 0.1812361101 0.08289987881
472 0.9991439883 0.1688271889 0.07501854765
473 0.9991439883 0.1646500147 0.08035519614
474 0.9991439883 0.1475834112 0.06650696088
475 0.9991439883 0.1411371242 0.06645553606
476 0.9991439883 0.1362528618 0.07193322747
477 0.9991439883 0.1532791378 0.07716377055
478 0.9991439883 0.1758793002 0.08765907867
479 0.9991439883 0.1732432387 0.08638676059
480 0.9991439883 0.1567138378 0.06652443318
481 0.9991439883 0.1651610517 0.07452667386
482 0.9991439883 0.16084985 0.08010959379
483 0.9991439883 0.1546827935 0.08233240562
484 0.9991439883 0.1248379355 0.07030863371
485 0.9991439883 0.1523276305 0.0795500656
486 0.9991439883 0.1670797915 0.07915887429
487 0.9991439883 0.1760139713 0.07955976366
488 0.9991439883 0.1873399936 0.08533098685
489 0.9991439883 0.2005939445 0.07954933702
490 0.9991439883 0.1915008479 0.07754253422
491 0.9991439883 0.1800828417 0.06854592544
492 0.9991439883 0.1924115535 0.07490868795
493 0.9991439883 0.2024815378 0.08398582456
494 0.9991439883 0.16869032 0.07412261221
495 0.9991439883 0.1579773558 0.06649913943
496 0.9991439883 0.158911066 0.06586935448
497 0.9991439883 0.1611916874 0.06611591834
498 0.9991439883 0.1391332399 0.06103921125
499 0.9991439883 0.1063826453 0.05394589288
500 0.9991439883 0.1157682627 0.05504480008
501 0.9991439883 0.1621412344 0.07948667761
502 0.9991439883 0.1448995379 0.07165491276
503 0.9991439883 0.1492097819 0.07835027712
504 0.9991439883 0.1688211109 0.0836041592
505 0.9991439883 0.1753222018 0.07857548278
506 0.99928265 0.1454845677 0.06544963488
507 0.99928265 0.1681160364 0.07636053862
508 0.99928265 0.1951112879 0.09466211834
509 0.99928265 0.1645198084 0.07480589888
510 0.99928265 0.1835731169 0.08918509426
511 0.99928265 0.151527587 0.07301699044
512 0.99928265 0.1538124513 0.07058766009
513 0.99928265 0.1305943571 0.06765271072
514 0.99928265 0.1401894219 0.07189795788
515 0.99928265 0.1607467184 0.08326827592
516 0.99928265 0.160594839 0.07209423703
517 0.99928265 0.1373893683 0.06482034401
518 0.99928265 0.1270262107 0.05289807092
519 0.99928265 0.1499980218 0.07188474079
520 0.99928265 0.1617909316 0.07454692002
521 0.99928265 0.1492404205 0.06976295641
522 0.99928265 0.1734248449 0.0843903826
523 0.99928265 0.1716307802 0.08319783227
524 0.99928265 0.165601882 0.07764920927
525 0.99928265 0.1711105795 0.07687302164
526 0.99928265 0.1490480665 0.06357443229
527 0.99928265 0.1570586575 0.06466009167
528 0.99928265 0.1513705819 0.06095370398
529 0.99928265 0.1136797902 0.0544548708
530 0.99928265 0.09976899769 0.04825275975
531 0.99928265 0.129220064 0.05903712342
532 0.99928265 0.1570872026 0.07006768495
533 0.99928265 0.1584302909 0.06869141902
534 0.99928265 0.1819464109 0.07922168893
535 0.99928265 0.1571646516 0.05921874098
536 0.99928265 0.1596253338 0.06665772295
537 0.99928265 0.1865754799 0.07496945598
538 0.99928265 0.160611473 0.06305317148
539 0.99928265 0.1887638941 0.08048577994
540 0.99928265 0.1982385757 0.08807402822
541 0.9994599886 0.1773050243 0.07693942826
542 0.9994599886 0.156080397 0.06799165251
543 0.9994599886 0.1344876754 0.05057180541
544 0.9994599886 0.1794230333 0.07677600619
545 0.9994599886 0.1692665396 0.06509682735
546 0.9994599886 0.2119653799 0.08214774591
547 0.9994599886 0.1876321841 0.08185324246
548 0.9994599886 0.1967506354 0.0870611311
549 0.9994599886 0.1897329767 0.08376274787
550 0.9994599886 0.1465442358 0.06238881309
551 0.9994599886 0.1713949034 0.06987188569
552 0.9994599886 0.1634704664 0.06526854502
553 0.9994599886 0.1813671009 0.0782586509
554 0.9994599886 0.1869401057 0.07599416192
555 0.9994599886 0.1679341884 0.07164200833
556 0.9994599886 0.1386864179 0.05900008626
557 0.9994599886 0.1672105979 0.08006973066
558 0.9994599886 0.141177542 0.06980069776
559 0.9994599886 0.1550649934 0.07612557902
560 0.9994599886 0.1391915381 0.0679979433
561 0.9994599886 0.1511959392 0.07796257986
562 0.9994599886 0.1499303489 0.07244185359
563 0.9994599886 0.1467729246 0.06682395835
564 0.9994599886 0.1698132072 0.08400960327
565 0.9994599886 0.1604265589 0.07997626757
566 0.9994599886 0.14593988 0.07781157514
567 0.9994599886 0.1506836974 0.07326863546
568 0.9994599886 0.1233282747 0.06216583958
569 0.9994599886 0.1241416565 0.06322065846
570 0.9994599886 0.1095342337 0.05061618599
571 0.9994599886 0.1415504778 0.07021067896
572 0.9994599886 0.1331613004 0.06132664647
573 0.9994599886 0.1356724624 0.06472146507
574 0.9994599886 0.1196138768 0.05906765312
575 0.9994599886 0.1238181817 0.06767598567
576 0.9994599886 0.1391197201 0.07585882265
577 0.9994599886 0.1444283297 0.07927558862
578 0.9994599886 0.1219525816 0.05889118497
579 0.9994599886 0.1435592383 0.07145600171
580 0.9994599886 0.1369635489 0.06475189134
581 0.9994599886 0.1403984677 0.0673481854
582 0.9994599886 0.1115991811 0.05888686538
583 0.9994599886 0.1340240073 0.06366916163
584 0.9994599886 0.1243266397 0.06792973456
585 0.9994599886 0.126919364 0.05682608803
586 0.9994599886 0.134482568 0.06634807505
587 0.9994599886 0.1609920192 0.07412223655
588 0.9994599886 0.1443727453 0.06940201684
589 0.9994599886 0.16163559 0.07119167774
590 0.9994599886 0.1392102782 0.06390399483
591 0.9994599886 0.1647435641 0.0840061603
592 0.9994599886 0.1432432947 0.07161535978
593 0.9994599886 0.1395699035 0.06540549706
594 0.9994599886 0.1399905647 0.06608137711
595 0.9994599886 0.1429337294 0.07444703044
596 0.9994599886 0.139648124 0.07345743404
597 0.9994599886 0.1351115027 0.06700571
598 0.9994599886 0.1223670107 0.06064311666
599 0.9994599886 0.1302763945 0.06143956021
600 0.9994599886 0.1449544283 0.07325745824
601 0.9994599886 0.1551827922 0.07164347351
602 0.9994599886 0.1361644191 0.06600492444
603 0.9994599886 0.1400798122 0.07307526794
604 0.9994599886 0.161272513 0.07301207565
605 0.9994599886 0.1781606539 0.08674116745
606 0.9994599886 0.1859914116 0.07809483949
607 0.9994599886 0.1833118088 0.08244002465
608 0.9994599886 0.1627703339 0.07208695244
609 0.9994599886 0.1670970656 0.07784785188
610 0.9994599886 0.1739797038 0.08306732846
611 0.9994599886 0.1613417965 0.08233632614
612 0.9994599886 0.1613696947 0.08059446952
613 0.9994599886 0.165749853 0.07366514666
614 0.9994599886 0.1709337864 0.0707989995
615 0.9994599886 0.163396887 0.07892444187
616 0.9994599886 0.1570928304 0.06266376034
617 0.9994599886 0.1703755011 0.0787422462
618 0.9994599886 0.1410505043 0.06592643217
619 0.9994599886 0.1596909841 0.07590237607
620 0.9994599886 0.1608670758 0.07368251214
621 0.9994599886 0.1675693924 0.0821113935
622 0.9994599886 0.2012500714 0.09850561552
623 0.9994599886 0.1747289683 0.08225069032
624 0.9994599886 0.1759358323 0.07001714593
625 0.9994599886 0.1734566857 0.08227033109
626 0.9994599886 0.159776473 0.07933394703
627 0.9994599886 0.1443926389 0.07322898453
628 0.9994599886 0.1665756746 0.07903397899
629 0.9994599886 0.1449073369 0.07237843321
630 0.9994599886 0.1416000351 0.06664194611
631 0.9994599886 0.1513432555 0.07442778352
632 0.9994599886 0.150282107 0.07146295681
633 0.9994599886 0.1131580973 0.05834998172
634 0.9994599886 0.1293410258 0.06515062532
635 0.9994599886 0.1374172114 0.06825568774
636 0.9994599886 0.1340407832 0.07081563189
637 0.9994599886 0.1404012668 0.07838045468
638 0.9994599886 0.1342631926 0.06807609273
639 0.9994599886 0.1448884786 0.0654406536
640 0.9994599886 0.15867807 0.07490467574
641 0.9994599886 0.1704199993 0.08242414355
642 0.9994599886 0.153444809 0.07513744143
643 0.9994599886 0.1466614453 0.06399121878
644 0.9994599886 0.1454803076 0.06431059644
645 0.9994599886 0.1475008325 0.0716581394
646 0.9994599886 0.1195877353 0.06473238735
647 0.9994599886 0.124840042 0.06652020092
648 0.9994599886 0.1384756224 0.06609323849
649 0.9994599886 0.1183704627 0.06126044227
650 0.9994599886 0.1458850863 0.07190963071
651 0.9994599886 0.1388253794 0.07435273038
652 0.9994599886 0.1694660575 0.08237989914
653 0.9994599886 0.1384021308 0.06692201833
654 0.9994599886 0.1478759307 0.0603831978
655 0.9994599886 0.1364250504 0.06215022439
656 0.9994599886 0.137915053 0.05844812237
657 0.9994599886 0.1518011845 0.06898779367
658 0.9994599886 0.1256380552 0.05597863582
659 0.9994599886 0.1441783606 0.06695800125
660 0.9994599886 0.164734485 0.08323084192
661 0.9994599886 0.1552535228 0.07178698732
662 0.9994599886 0.1852343006 0.08277540922
663 0.9994599886 0.1835940604 0.08268251787
664 0.9994599886 0.1751067453 0.07631099598
665 0.9994599886 0.1692161585 0.08080855851
666 0.9994599886 0.1658401539 0.07963701293
667 0.9994599886 0.1420093368 0.07019793963
668 0.9994599886 0.1434260603 0.07574890443
669 0.9994599886 0.1201446025 0.05629840151
670 0.9994599886 0.133885341 0.0591702495
671 0.9994599886 0.1575505806 0.07389229511
672 0.9994599886 0.1470613772 0.07483657617
673 0.9994599886 0.1406398843 0.06159831753
674 0.9994599886 0.1414444447 0.06461380676
675 0.9994599886 0.144684367 0.07746216129
676 0.9994599886 0.1319861265 0.07359741226
677 0.9994599886 0.1425505568 0.06403289241
678 0.9994599886 0.1524064758 0.06650881616
679 0.9994599886 0.1555889872 0.07340481775
680 0.9994599886 0.1643221492 0.07602365305
681 0.9994599886 0.1976177396 0.08189654457
682 0.9994599886 0.205536531 0.08168366604
683 0.9994599886 0.1945411386 0.08981022764
684 0.9994599886 0.1928499487 0.08493270318
685 0.9994599886 0.1743677923 0.07796849813
686 0.9994599886 0.1523977924 0.06529267155
687 0.9994599886 0.1488537712 0.06661782791
688 0.9994599886 0.151058866 0.06525546526
689 0.9994599886 0.1678350948 0.07746309354
690 0.9994599886 0.161025705 0.06398550769
691 0.9994599886 0.1876166429 0.07666729703
692 0.9994599886 0.1776511614 0.07215846504
693 0.9994599886 0.2086411929 0.08649017964
694 0.9994599886 0.1934226974 0.07777800965
695 0.9994599886 0.1993150681 0.08539220797
696 0.9994599886 0.187765719 0.08047041588
697 0.9994599886 0.2051158422 0.07981471877
698 0.9994599886 0.1987507168 0.08103865471
699 0.9994599886 0.1790076561 0.06447824355
700 0.9994599886 0.1746110887 0.06152973201
701 0.9994599886 0.2045643168 0.07397316695
702 0.9994599886 0.1851471872 0.07661128414
703 0.9994599886 0.1725004249 0.07461676638
704 0.9994599886 0.1706171865 0.07248765019
705 0.9994599886 0.1519326986 0.06821364411
706 0.9994599886 0.1558481995 0.06655697107
707 0.9994599886 0.1845127241 0.07600110998
708 0.9994599886 0.2052413239 0.07888491954
709 0.9994599886 0.1921224809 0.07785315667
710 0.9994599886 0.1729238042 0.0739905383
711 0.9994599886 0.1892391246 0.08022145976
712 0.9994599886 0.1691000713 0.07234776241
713 0.9994599886 0.1574723272 0.07033500539
714 0.9994599886 0.1596465138 0.0707450072
715 0.9994599886 0.1687835259 0.07309060518
716 0.9994599886 0.1923747707 0.07346092053
717 0.9994599886 0.1951139545 0.08180091108
718 0.9994599886 0.2245001485 0.08343556844
719 0.9994599886 0.176457285 0.07764552238
720 0.9994599886 0.1661207167 0.07730154686
721 0.9994599886 0.1271634973 0.0545526362
722 0.9994599886 0.1474788789 0.05782470329
723 0.9994599886 0.1450690436 0.0659589207
724 0.9994599886 0.1468220393 0.06725596143
725 0.9994599886 0.1244246523 0.05696172305
726 0.9994599886 0.1454729976 0.06012787628
727 0.9994599886 0.1478754889 0.06702852552
728 0.9994599886 0.1692264752 0.06828766439
729 0.9994599886 0.1959863892 0.08300493174
730 0.9994599886 0.1704500776 0.06814833937
731 0.9994599886 0.1798452751 0.0691768079
732 0.9994599886 0.133692494 0.0606396954
733 0.9994599886 0.1299481556 0.05432293977
734 0.9994599886 0.1384108304 0.06086947877
735 0.9994599886 0.161322696 0.07285561508
736 0.9994599886 0.1691737299 0.08080755106
737 0.9994599886 0.1533381291 0.07183974134
738 0.9994599886 0.1518910787 0.06590164379
739 0.9994599886 0.1388133684 0.06620521935
740 0.9994599886 0.1495628598 0.06207916294
741 0.9994599886 0.1342738228 0.05967826725
742 0.9994599886 0.1316602045 0.06256622171
743 0.9994599886 0.1443531501 0.06739183669
744 0.9994599886 0.1424468856 0.06197023632
745 0.9994599886 0.142931566 0.06160903105
746 0.9994599886 0.1021727618 0.04889500458
747 0.9994599886 0.1259335641 0.06370892471
748 0.9994599886 0.1279628664 0.05693120014
749 0.9994599886 0.1653016919 0.06340453195
750 0.9994599886 0.1638714509 0.06410376796
751 0.9994599886 0.1538960334 0.0587065516
752 0.9994599886 0.1500029661 0.06416362155
753 0.9994599886 0.1424290655 0.05870616604
754 0.9994599886 0.1559798431 0.06356971336
755 0.9994599886 0.1689676369 0.06695848596
756 0.9994599886 0.1834338915 0.07292711922
757 0.9994599886 0.1465102379 0.05837564734
758 0.9994599886 0.1544121393 0.06773667944
759 0.9994599886 0.1721710594 0.06973851091
760 0.9994599886 0.1562504664 0.0715118474
761 0.9994599886 0.1332020148 0.05827286448
762 0.9994599886 0.149154445 0.07192767243
763 0.9994599886 0.1479641711 0.07601152115
764 0.9994599886 0.1301974839 0.06132437526
765 0.9994599886 0.119018097 0.05488987515
766 0.9994599886 0.1371510271 0.06254670674
767 0.9994599886 0.1365631674 0.05901182583
768 0.9994599886 0.1425365224 0.06959920897
769 0.9994599886 0.1294762094 0.0668801266
770 0.9994599886 0.1312330337 0.06345381556
771 0.9994599886 0.1444073833 0.06692177922
772 0.9994599886 0.1671417143 0.07971832969
773 0.9994599886 0.1928692879 0.08399687712
774 0.9994599886 0.1633406729 0.07728840049
775 0.9994599886 0.1455868628 0.0625816678
776 0.9994599886 0.1642569424 0.07940796534
777 0.9994599886 0.1637093092 0.07840335604
778 0.9994599886 0.1301983951 0.06430794309
779 0.9994599886 0.1403424303 0.06720750945
780 0.9994599886 0.1405272118 0.06372379723
781 0.9994599886 0.1230718017 0.06089749705
782 0.9994599886 0.1516885609 0.06609269741
783 0.9994599886 0.1503344707 0.06857293899
784 0.9994599886 0.1611839441 0.08675879456
785 0.9994599886 0.1432227775 0.0756685952
786 0.9994599886 0.1427069397 0.0748586
787 0.9994599886 0.1357603709 0.06846654628
788 0.9994599886 0.1360522877 0.06462458242
789 0.9994599886 0.1364349924 0.05597189985
790 0.9994599886 0.1402661712 0.06195102911
791 0.9994599886 0.1542119069 0.07147696747
792 0.9994599886 0.1302936243 0.06070378447
793 0.9994599886 0.1244000123 0.06072682615
794 0.9994599886 0.1358989122 0.07031772286
795 0.9994599886 0.1417671244 0.06413276968
796 0.9994599886 0.1242413774 0.06332287256
797 0.9994599886 0.1212092508 0.05948414447
798 0.9994599886 0.129664863 0.0594833806
799 0.9996129978 0.1413583935 0.07017201589
800 0.9996129978 0.1594183764 0.08076695022
801 0.9996129978 0.1523611054 0.06652401965
802 0.9996129978 0.1454487464 0.06995447442
803 0.9996129978 0.1495677195 0.06372911138
804 0.9996129978 0.1550820083 0.07165038014
805 0.9996129978 0.1296794645 0.0600656689
806 0.9996129978 0.1438047753 0.07867109737
807 0.9996129978 0.1419425612 0.06803491568
808 0.9996129978 0.1517862392 0.07605833593
809 0.9996593406 0.1669313329 0.08257694656
810 0.9996593406 0.1453925126 0.06722258217
811 0.9996593406 0.1408580376 0.06553279585
812 0.9996593406 0.1399694325 0.06445721359
813 0.9996593406 0.1335661275 0.06964322292
814 0.9996593406 0.1426863068 0.06950224722
815 0.9996593406 0.1607631428 0.07182223484
816 0.9996593406 0.1313875902 0.0605193166
817 0.9996593406 0.1383546445 0.07129124017
818 0.9996593406 0.1437865694 0.07184852974
819 0.9996593406 0.1338213867 0.05846775191
820 0.9996593406 0.1476530826 0.06905460835
821 0.9996593406 0.1558922778 0.07913260262
822 0.9996593406 0.1558808251 0.07455986525
823 0.9996593406 0.1548351093 0.06485283819
824 0.9996593406 0.1317585283 0.06199021472
825 0.9996593406 0.1217111488 0.05776558765
826 0.9996593406 0.135998129 0.08027969955
827 0.9996593406 0.1414438017 0.07252717839
828 0.9996593406 0.126101123 0.05967131832
829 0.9996593406 0.1212430074 0.0576396792
830 0.9996593406 0.1402824883 0.06443808453
831 0.9996593406 0.151366269 0.0692389294
832 0.9996593406 0.1349809686 0.05908987319
833 0.9996593406 0.1346409897 0.07522493613
834 0.9996593406 0.129603056 0.06132554219
835 0.9996593406 0.1549791709 0.07212704355
836 0.9996593406 0.1452852974 0.06633877779
837 0.9996593406 0.1692909818 0.07438999488
838 0.9996593406 0.1422276858 0.05743642098
839 0.9996593406 0.1465966752 0.06218895167
840 0.9996593406 0.1516658703 0.06424962752
841 0.9996593406 0.1511141209 0.06976915527
842 0.9996593406 0.1583005036 0.06956945446
843 0.9996593406 0.1806957142 0.06942110125
844 0.9996593406 0.179685439 0.07803517558
845 0.9996593406 0.1717931697 0.06949103985
846 0.9996593406 0.1632632586 0.06799973742
847 0.9996593406 0.1328411268 0.06224840474
848 0.9996593406 0.1495083991 0.05870774522
849 0.9996593406 0.1600861824 0.06221637413
850 0.9996593406 0.1788039584 0.07184178281
851 0.9996593406 0.1702000608 0.06871891334
852 0.9996593406 0.1775060458 0.06952484199
853 0.9996593406 0.1820443058 0.06763672318
854 0.9996593406 0.1880755819 0.07328160201
855 0.9996593406 0.1587780181 0.06388641696
856 0.9996593406 0.1868778075 0.07801025006
857 0.9996593406 0.1964026375 0.07951154607
858 0.9996593406 0.1593929325 0.06412505668
859 0.9996593406 0.1508070528 0.06145807198
860 0.9996593406 0.1510718418 0.06827697179
861 0.9996593406 0.1742833057 0.0766169185
862 0.9996593406 0.155307885 0.06546032748
863 0.9996593406 0.1590805615 0.07807495721
864 0.9996593406 0.1668080952 0.08296303367
865 0.9996593406 0.1818096665 0.08996751682
866 0.9996593406 0.1616853985 0.07029694452
867 0.9996593406 0.1748520557 0.07292500486
868 0.9996593406 0.1607914938 0.07288067158
869 0.9996593406 0.1711352502 0.08337310795
870 0.9996593406 0.1947188325 0.07869550196
871 0.9996593406 0.186338832 0.08366890326
872 0.9996593406 0.1796935962 0.07917577934
873 0.9996593406 0.189880056 0.08610008387
874 0.9996593406 0.155238016 0.05854766077
875 0.9996593406 0.2005098155 0.07516211971
876 0.9996593406 0.1631329867 0.07062315385
877 0.9996593406 0.1576144171 0.07116657843
878 0.9996593406 0.1613640964 0.07344402853
879 0.9996593406 0.1665475702 0.08214055929
880 0.9996593406 0.1571875641 0.07536740434
881 0.9996593406 0.1817398273 0.08156366232
882 0.9996593406 0.170994436 0.07654905863
883 0.9996593406 0.1528272198 0.07003612437
884 0.9996593406 0.1726939923 0.08148097039
885 0.9996593406 0.1946422719 0.09087852056
886 0.9996593406 0.1988585689 0.08360890576
887 0.9996593406 0.1824378028 0.08656551912
888 0.9996593406 0.1607668471 0.0719007107
889 0.9996593406 0.1733902497 0.08115808263
890 0.9996593406 0.1909492632 0.09200598531
891 0.9996593406 0.1734804759 0.07837506989
892 0.9996593406 0.1735349477 0.07850730475
893 0.9996593406 0.1796894182 0.09174400708
894 0.9996593406 0.1764944436 0.06998200232
895 0.9996593406 0.1619797698 0.06487563909
896 0.9996593406 0.1630840367 0.07341826678
897 0.9996593406 0.1629038414 0.06495039448
898 0.9996593406 0.1600605625 0.06777951645
899 0.9996593406 0.176259275 0.08323767702
900 0.9996593406 0.1566984613 0.07804716071
901 0.9996593406 0.166443034 0.07212667013
902 0.9996593406 0.1807316232 0.07694109097
903 0.9996593406 0.1516785223 0.06326844607
904 0.9996593406 0.1450215542 0.05952337809
905 0.9996593406 0.1420511548 0.06488517097
906 0.9996593406 0.1282696058 0.05190881416
907 0.9996593406 0.1418083034 0.06640624995
908 0.9996593406 0.1382890179 0.06549552317
909 0.9996593406 0.1519324134 0.07712642933
910 0.9996593406 0.1687984412 0.08194429955
911 0.9996593406 0.1624176556 0.06603185972
912 0.9996593406 0.1450376171 0.05921011933
913 0.9996593406 0.1556112519 0.06946701497
914 0.9996593406 0.1430466261 0.06275450076
915 0.9996593406 0.1393551624 0.06165594376
916 0.9996593406 0.1561047147 0.0715081214
917 0.9996593406 0.1729414334 0.07969800376
918 0.9996593406 0.1651950947 0.06746964407
919 0.9996593406 0.1924656014 0.07696187093
920 0.9996593406 0.1850108442 0.07683760809
921 0.9996593406 0.2022479867 0.08347829259
922 0.9996593406 0.1824681887 0.07375475849
923 0.9996593406 0.1908799124 0.08212591102
924 0.9996593406 0.1846241073 0.06912192808
925 0.9996593406 0.1893759721 0.07279789582
926 0.9996593406 0.1840321951 0.08138423905
927 0.9996593406 0.2010535483 0.08552326459
928 0.9996593406 0.2068096364 0.08870984253
929 0.9996593406 0.169963552 0.07548345767
930 0.9996593406 0.1832357807 0.08062166539
931 0.9996593406 0.215307335 0.09962880007
932 0.9996593406 0.206204712 0.08456510777
933 0.9996593406 0.1859296044 0.0756845787
934 0.9996593406 0.1916618888 0.07314440424
935 0.9996593406 0.1963524598 0.07695144625
936 0.9996593406 0.1984682954 0.07711515645
937 0.9996593406 0.1831529584 0.08070501958
938 0.9996593406 0.1492945681 0.06290758897
939 0.9996593406 0.1535803065 0.07198744621
940 0.9996593406 0.1508489935 0.07427757067
941 0.9996593406 0.1324699343 0.06617211908
942 0.9996593406 0.1588735789 0.07008130032
943 0.9996593406 0.1609262467 0.06446622703
944 0.9996593406 0.1660922547 0.07617632419
945 0.9996593406 0.1465760355 0.0608223012
946 0.9996593406 0.1289261863 0.05730396797
947 0.9996593406 0.1510987262 0.0693885232
948 0.9996593406 0.1553297599 0.07050497857
949 0.9996593406 0.1498104753 0.06709386242
950 0.9996593406 0.1481507083 0.07223372086
951 0.9996593406 0.1446938181 0.07086926793
952 0.9996593406 0.1318917797 0.06153672379
953 0.9996593406 0.1409563281 0.06261209998
954 0.9996593406 0.1283915542 0.05644302865
955 0.9996593406 0.1284992536 0.06595449754
956 0.9996593406 0.1126281241 0.05211444885
957 0.9996593406 0.1350907491 0.06855543829
958 0.9996593406 0.1042154282 0.05150138085
959 0.9996593406 0.1088836433 0.05669456646
960 0.9996593406 0.1206208297 0.06038650186
961 0.9996593406 0.1148629059 0.05792323055
962 0.9996593406 0.1384148748 0.06862027814
963 0.9996593406 0.1443861021 0.07002327676
964 0.9996593406 0.1498370567 0.07500850442
965 0.9996593406 0.1409036238 0.06510324398
966 0.9996593406 0.144773788 0.0689139915
967 0.9996593406 0.1209220439 0.05278983301
968 0.9996593406 0.1336518043 0.05984436117
969 0.9996593406 0.1521878719 0.07030637205
970 0.9996593406 0.1294176098 0.06063365003
971 0.9996593406 0.1388160695 0.06069878901
972 0.9996593406 0.1194158206 0.05542568874
973 0.9996593406 0.1594117678 0.06927891656
974 0.9996593406 0.152047551 0.07701969074
975 0.9996593406 0.1581656927 0.07640059963
976 0.9996593406 0.1635658873 0.07945844537
977 0.9996593406 0.1729582925 0.08074917786
978 0.9996593406 0.1953121349 0.09104992142
979 0.9996593406 0.1907517067 0.08665014731
980 0.9996593406 0.1962613514 0.08787832302
981 0.9996593406 0.1658075165 0.08222617137
982 0.9996593406 0.180890481 0.09373627427
983 0.9996593406 0.1635088009 0.07893644595
984 0.9996593406 0.1731626134 0.08219512265
985 0.9996593406 0.1896119726 0.09553677763
986 0.9996593406 0.1803529464 0.08947138286
987 0.9996593406 0.1791093349 0.08287509416
988 0.9996593406 0.1770793446 0.07657931361
989 0.9996593406 0.1787604063 0.07862245428
990 0.9996593406 0.1633243897 0.07226674729
991 0.9996593406 0.160828787 0.06763341971
992 0.9996593406 0.1730757611 0.07286521182
993 0.9996593406 0.139473616 0.06116947295
994 0.9996593406 0.1604580075 0.07428703981
995 0.9996593406 0.1598210071 0.07008318878
996 0.9996593406 0.1578785444 0.06551599629
997 0.9996593406 0.1511962771 0.06359782577
998 0.9996593406 0.1371975196 0.06470829539
999 0.9996593406 0.1270154473 0.06425578491
1000 0.9996593406 0.1372598539 0.06385181053
1001 0.9996593406 0.1833807683 0.078489921
1002 0.9996593406 0.1953175685 0.09095891017
1003 0.9996593406 0.1833315347 0.07981960144
1004 0.9996593406 0.1561415054 0.06219168066
1005 0.9996593406 0.1815103023 0.08186797205
1006 0.9996593406 0.1409780477 0.05958892006
1007 0.9996593406 0.1144158634 0.05805050388
1008 0.9996593406 0.1266364078 0.05802932184
1009 0.9996593406 0.1324216952 0.05736941032
1010 0.9996593406 0.1265797843 0.06256426707
1011 0.9996593406 0.136390676 0.0684849072
1012 0.9996593406 0.1454046262 0.0751318339
1013 0.9996593406 0.1411982432 0.07119513702
1014 0.9996593406 0.1452796771 0.08158114127
1015 0.9996593406 0.1381661767 0.07396586541
1016 0.9996593406 0.1504877745 0.07745931735
1017 0.9996593406 0.1806807629 0.08183217054
1018 0.9996593406 0.1722709312 0.07749273451
1019 0.9996593406 0.1894835288 0.07721619947
1020 0.9996593406 0.1818986783 0.07846500121
1021 0.9996593406 0.169743419 0.07471484828
1022 0.9996593406 0.1481871615 0.06774655893
1023 0.9996593406 0.1533075201 0.06589741983
1024 0.9996593406 0.1580272275 0.0775443542
1025 0.9996593406 0.1533515161 0.06619019884
1026 0.9996593406 0.1588645914 0.07391802007
1027 0.9996593406 0.1857160952 0.07156846707
1028 0.9996593406 0.1581396414 0.07524669341
1029 0.9996593406 0.1816867105 0.08061814263
1030 0.9996593406 0.185524475 0.07201949092
1031 0.9996593406 0.2051496091 0.08779324892
1032 0.9996593406 0.1770674197 0.07470120334
1033 0.9996593406 0.1721645268 0.07513486494
1034 0.9996593406 0.19360752 0.08837126816
1035 0.9996593406 0.1386162705 0.05450334843
1036 0.9996593406 0.1368290008 0.05787496735
1037 0.9996593406 0.1535495157 0.07105611669
1038 0.9996593406 0.1587914494 0.07955467926
1039 0.9996593406 0.1839551134 0.07786516884
1040 0.9996593406 0.1758936152 0.07429156173
1041 0.9996593406 0.1715298023 0.07708180225
1042 0.9996593406 0.1682036175 0.07182672105
1043 0.9996593406 0.131150325 0.05922326906
1044 0.9996593406 0.1370525979 0.06622590244
1045 0.9996593406 0.1644789038 0.08206625121
1046 0.9996593406 0.1453455233 0.068589697
1047 0.9996593406 0.1470842706 0.07099452562
1048 0.9996593406 0.1554549336 0.07415603966
1049 0.9996593406 0.1560487829 0.06174013892
1050 0.9996593406 0.1312410466 0.06030567006
1051 0.9996593406 0.1458219158 0.07455838005
1052 0.9996593406 0.1626832457 0.06915437751
1053 0.9996593406 0.1522332346 0.06599879938
1054 0.9996593406 0.1683191428 0.07571660171
1055 0.9996593406 0.1445679839 0.07189492769
1056 0.9996593406 0.1510600911 0.06681401048
1057 0.9996593406 0.140562732 0.07013847234
1058 0.9996593406 0.1523522866 0.06845592354
1059 0.9996593406 0.1756542796 0.08447439337
1060 0.9996593406 0.1683278567 0.07364398121
1061 0.9996593406 0.1469006646 0.06778191876
1062 0.9996593406 0.1498676965 0.06882039958
1063 0.9996593406 0.1226260139 0.05385629157
1064 0.9996593406 0.1581956756 0.06716456641
1065 0.9996593406 0.176919817 0.08568912155
1066 0.9996593406 0.180743564 0.0835776028
1067 0.9996593406 0.1754813911 0.07466257946
1068 0.9996593406 0.162198578 0.07502444426
1069 0.9996593406 0.1485157465 0.06420978812
1070 0.9996593406 0.1511182086 0.05896184954
1071 0.9996593406 0.1475440062 0.06479063344
1072 0.9996593406 0.1579622927 0.06662815755
1073 0.9996593406 0.1267543574 0.05806821329
1074 0.9996593406 0.1262755589 0.06054621939
1075 0.9996593406 0.1502084507 0.06712980006
1076 0.9996593406 0.1379267976 0.06258906717
1077 0.9996593406 0.1359544187 0.06046544671
1078 0.9996593406 0.1344447721 0.06822014179
1079 0.9996593406 0.09377886831 0.04485106023
1080 0.9996593406 0.1256329343 0.05895227706
1081 0.9996593406 0.1192365805 0.05598048986
1082 0.9996593406 0.08904870756 0.04765897564
1083 0.9996593406 0.09155108476 0.04660902715
1084 0.9996593406 0.1012477922 0.05510015795
1085 0.9996593406 0.1163198515 0.06818903704
1086 0.9996593406 0.1234672281 0.06809418457
1087 0.9996593406 0.107576072 0.06472581394
1088 0.9996593406 0.1150080634 0.05830670265
1089 0.9996593406 0.1482436806 0.07298789204
1090 0.9996593406 0.1410837821 0.067473893
1091 0.9996593406 0.1366968114 0.07282738132
1092 0.9996593406 0.1562442546 0.08657213764
1093 0.9996593406 0.1370182354 0.06944795725
1094 0.9996593406 0.1224337514 0.0604151728
1095 0.9996593406 0.1686254328 0.08023037855
1096 0.9996593406 0.1550005012 0.0746327425
1097 0.9996593406 0.1469558793 0.07082926087
1098 0.9996593406 0.142683822 0.06616882029
1099 0.9996593406 0.1360764676 0.06534500265
1100 0.9996593406 0.1455886853 0.06736613681
1101 0.9996593406 0.1632975588 0.06430696041
1102 0.9996593406 0.1623496145 0.07110250297
1103 0.9996593406 0.1524628953 0.07208064597
1104 0.9996593406 0.1651779523 0.07883359452
1105 0.9996593406 0.1615585048 0.08010503735
1106 0.9996593406 0.141721894 0.06303979397
1107 0.9996593406 0.1453982643 0.06793983133
1108 0.9996593406 0.1599761258 0.06999857555
1109 0.9996593406 0.1615606711 0.06655919726
1110 0.9996593406 0.1887879972 0.06920571008
1111 0.9996593406 0.1913554881 0.07370491347
1112 0.9996593406 0.2292444951 0.09396548888
1113 0.9996593406 0.1820762815 0.07485903672
1114 0.9996593406 0.1649019115 0.07302360205
1115 0.9996593406 0.1580273489 0.07787851908
1116 0.9996593406 0.1460161266 0.06373489522
1117 0.9996593406 0.1310990723 0.06136443774
1118 0.9996593406 0.1408795225 0.06304926584
1119 0.9996593406 0.1454896952 0.06711843701
1120 0.9996593406 0.1158250427 0.05216794076
1121 0.9996593406 0.1443057987 0.06579111432
1122 0.9996593406 0.171057617 0.06638981699
1123 0.9996593406 0.1838418949 0.07991302826
1124 0.9996593406 0.1791628153 0.0822165752
1125 0.9996593406 0.1451989204 0.06927856491
1126 0.9996593406 0.1524783081 0.07871670366
1127 0.9996593406 0.1613575755 0.08323124946
1128 0.9996593406 0.1311720582 0.07609957103
1129 0.9996593406 0.147776814 0.08231748682
1130 0.9996593406 0.1409916892 0.07131268084
1131 0.9996593406 0.1346717541 0.06808995843
1132 0.9996593406 0.1257071923 0.05904731302
1133 0.9996593406 0.1504369398 0.06472023846
1134 0.9996593406 0.1505092377 0.06678507634
1135 0.9996593406 0.154072273 0.06565529132
1136 0.9996593406 0.1577698073 0.07180400441
1137 0.9996593406 0.1438092805 0.0664389669
1138 0.9996593406 0.1565433382 0.0717806806
1139 0.9996593406 0.1589949011 0.06808476479
1140 0.9996593406 0.1391962422 0.05447136051
1141 0.9996593406 0.1437722861 0.05442676005
1142 0.9996593406 0.1366313591 0.05979072989
1143 0.9996593406 0.1801254546 0.07968281016
1144 0.9996593406 0.1955849305 0.08627472436
1145 0.9996593406 0.1214028637 0.04883360949
1146 0.9996593406 0.1727453126 0.07203852529
1147 0.9996593406 0.1714260788 0.07367024085
1148 0.9996593406 0.1670437549 0.07224677441
1149 0.9996593406 0.1957702088 0.0886208714
1150 0.9996593406 0.1691884637 0.0663434101
1151 0.9996593406 0.1785054838 0.07592081164
1152 0.9996593406 0.1866127131 0.08773042375
1153 0.9996593406 0.179454849 0.08251228729
1154 0.9996593406 0.1789178978 0.08014679525
1155 0.9996593406 0.1437589471 0.06780662551
1156 0.9996593406 0.1427130574 0.07150165873
1157 0.9996593406 0.1334355882 0.0652402829
1158 0.9996593406 0.1237686583 0.05533313266
1159 0.9996593406 0.1447716801 0.06499881284
1160 0.9996593406 0.1635510486 0.07148877576
1161 0.9996593406 0.1694882485 0.07954927299
1162 0.9996593406 0.1849872751 0.07562781114
1163 0.9996593406 0.1654868289 0.06829771365
1164 0.9996593406 0.1761334791 0.07099577577
1165 0.9996593406 0.1714472737 0.06999947597
1166 0.9996593406 0.1798824671 0.07075666026
1167 0.9996593406 0.1554735004 0.0634810149
1168 0.9996593406 0.1581969262 0.0631669839
1169 0.9996593406 0.1716782118 0.08419346057
1170 0.9996593406 0.1763612033 0.06951018015
1171 0.9996593406 0.1702483122 0.07818847278
1172 0.9996593406 0.1543865951 0.06711105308
1173 0.9996593406 0.2173629801 0.08301427042
1174 0.9996593406 0.182061662 0.07911505866
1175 0.9996593406 0.1377745903 0.07297640046
1176 0.9996593406 0.109056761 0.0556876191
1177 0.9996593406 0.1461574222 0.06848348009
1178 0.9996593406 0.1560136738 0.06822741461
1179 0.9996593406 0.1484380997 0.07038863642
1180 0.9996593406 0.1559070771 0.06875950564
1181 0.9996593406 0.1497740264 0.07000210703
1182 0.9996593406 0.1482645059 0.07293500351
1183 0.9996593406 0.1628710813 0.07534981005
1184 0.9996593406 0.1748981534 0.08592167815
1185 0.9996593406 0.1626353409 0.07568003524
1186 0.9996593406 0.1808290552 0.07317260497
1187 0.9996593406 0.1500395841 0.06784682857
1188 0.9996593406 0.1640151161 0.07999654307
1189 0.9996593406 0.1627111366 0.07984671338
1190 0.9996593406 0.1776946792 0.08240264407
1191 0.9996593406 0.1604114878 0.08457990148
1192 0.9996593406 0.1973578007 0.09508764462
1193 0.9996593406 0.1383010265 0.05997241412
1194 0.9996593406 0.1449396754 0.07212925139
1195 0.9996593406 0.1127656438 0.05359875442
1196 0.9996593406 0.1495173706 0.07645851169
1197 0.9996593406 0.1274486244 0.06110006361
1198 0.9996593406 0.1323351663 0.06206047622
1199 0.9996593406 0.1193186915 0.0661465857
1200 0.9996593406 0.1301106041 0.06737465876
1201 0.9996593406 0.1286418117 0.06676430464
1202 0.9996593406 0.1434253882 0.059631522
1203 0.9996593406 0.1592947533 0.07506374802
1204 0.9996593406 0.1603132558 0.08177763676
1205 0.9996593406 0.1538045292 0.0628863869
1206 0.9996593406 0.1858685337 0.08312753725
1207 0.9996593406 0.1779173 0.08195739863
1208 0.9996593406 0.1946697556 0.07864298982
1209 0.9996593406 0.2014571124 0.08812503178
1210 0.9996593406 0.1954117887 0.08084899308
1211 0.9996593406 0.1848493618 0.07505078397
1212 0.9996593406 0.1912774027 0.0750504421
1213 0.9996593406 0.189447902 0.07025785227
1214 0.9996593406 0.1880900042 0.06963880166
1215 0.9996593406 0.2045367836 0.08017796195
1216 0.9996593406 0.1976339263 0.07529670598
1217 0.9996593406 0.1933911379 0.07448621102
1218 0.9996593406 0.179513652 0.06264160908
1219 0.9996593406 0.161906716 0.06449333502
1220 0.9996593406 0.1717799152 0.06036178506
1221 0.9996593406 0.1976041193 0.06897010827
1222 0.9996593406 0.2192729718 0.07581185036
1223 0.9996593406 0.1998757152 0.07224463312
1224 0.9996593406 0.2112194047 0.08366971268
1225 0.9996593406 0.1862420036 0.07096671122
1226 0.9996593406 0.200977132 0.08351921577
1227 0.9996593406 0.174775 0.07657478263
1228 0.9996593406 0.1907037909 0.08776772097
1229 0.9996593406 0.1841454405 0.08440336314
1230 0.9996593406 0.1555883249 0.07530873109
1231 0.9996593406 0.1627718691 0.07360810233
1232 0.9996593406 0.146825844 0.06813156404
1233 0.9996593406 0.1383038968 0.06334866553
1234 0.9996593406 0.1633724229 0.0788565755
1235 0.9996593406 0.1946948381 0.09220188622
1236 0.9996593406 0.1628455791 0.07411334284
1237 0.9996593406 0.1555679558 0.0652363752
1238 0.9996593406 0.1594124344 0.067587683
1239 0.9996593406 0.1641909735 0.07269692551
1240 0.9996593406 0.1471120393 0.06076913001
1241 0.9996593406 0.1679602213 0.07597427884
1242 0.9996593406 0.1569838741 0.07758432346
1243 0.9996593406 0.1921446521 0.08945766707
1244 0.9996593406 0.1568195398 0.07848510997
1245 0.9996593406 0.1546624234 0.0699366761
1246 0.9996593406 0.1707380995 0.06990498415
1247 0.9996593406 0.16657931 0.08144342944
1248 0.9996593406 0.188833874 0.08918031749
1249 0.9996593406 0.2039840351 0.08427656535
1250 0.9996593406 0.1545304711 0.06750334154
1251 0.9996593406 0.1436631664 0.05959215944
1252 0.9996593406 0.1816875293 0.0714179459
1253 0.9996593406 0.196266445 0.08703900657
1254 0.9996593406 0.1939316129 0.0734975153
1255 0.9996593406 0.1629028506 0.06700971294
1256 0.9996593406 0.1762095711 0.07626591058
1257 0.9996593406 0.1539678973 0.0693898243
1258 0.9996593406 0.1682001985 0.06655577948
1259 0.9996593406 0.1666031604 0.06895752702
1260 0.9996593406 0.1961893833 0.07536946088
1261 0.9996593406 0.1959635208 0.06799008626
1262 0.9996593406 0.1747017458 0.06871008922
1263 0.9996593406 0.1923040697 0.07088901273
1264 0.9996593406 0.1915339754 0.0658114395
1265 0.9996593406 0.1753453145 0.05753942927
1266 0.9996593406 0.1669607502 0.06480198509
1267 0.9996593406 0.1750108389 0.07652428138
1268 0.9996593406 0.1597920251 0.06233220435
1269 0.9996593406 0.1469107244 0.07178663681
1270 0.9996593406 0.1351988319 0.05918603697
1271 0.9996593406 0.1586071363 0.07183783185
1272 0.9996593406 0.1611837127 0.0696739116
1273 0.9996593406 0.1635094695 0.07886491317
1274 0.9996593406 0.1629426095 0.07403467528
1275 0.9996593406 0.1758626801 0.0671011807
1276 0.9996593406 0.1849029693 0.08343857434
1277 0.9996593406 0.1709612538 0.08106616028
1278 0.9996593406 0.1579206989 0.07381597002
1279 0.9996593406 0.1736140486 0.07411052433
1280 0.9996593406 0.1440526659 0.06291719411
1281 0.9996593406 0.1314706197 0.06160732326
1282 0.9996593406 0.1176985336 0.06029428118
1283 0.9996593406 0.1523252236 0.08179788844
1284 0.9996593406 0.1587910528 0.08396523138
1285 0.9996593406 0.1272206371 0.05507646164
1286 0.9996593406 0.1553402323 0.07773626566
1287 0.9996593406 0.1709731995 0.07633346147
1288 0.9996593406 0.1639644936 0.08413274179
1289 0.9996593406 0.166577933 0.07522104965
1290 0.9996593406 0.1599006459 0.08312711352
1291 0.9996593406 0.1624932152 0.07955183824
1292 0.9996593406 0.1471223102 0.06540509604
1293 0.9996593406 0.187632988 0.08447937917
1294 0.9996593406 0.1741690732 0.081525148
1295 0.9996593406 0.1551586557 0.0685509725
1296 0.9996593406 0.1577645433 0.07955976861
1297 0.9996593406 0.1789411931 0.07485163616
1298 0.9996593406 0.189726901 0.07827306186
1299 0.9996593406 0.1769479856 0.06537256826
1300 0.9996605475 0.1838365336 0.07632552741
1301 0.9996605475 0.1815775611 0.07585874465
1302 0.9996605475 0.1936841127 0.07172481703
1303 0.9996605475 0.1968628997 0.07154765154
1304 0.9996605475 0.1819535444 0.07025013445
1305 0.9996605475 0.1577719827 0.06489306952
1306 0.9996605475 0.1593247599 0.06373332236
1307 0.9996605475 0.1712569277 0.06577162342
1308 0.9996605475 0.1672579862 0.06684796768
1309 0.9996605475 0.1864893032 0.06822403702
1310 0.9996605475 0.1653788074 0.07042037893
1311 0.9996605475 0.153620542 0.06799965897
1312 0.9996605475 0.1900306981 0.08379696474
1313 0.9996605475 0.1872377993 0.07601655373
1314 0.9996605475 0.1722709282 0.07596205676
1315 0.9996605475 0.1722808853 0.08404229783
1316 0.9996605475 0.1549205601 0.07079070112
1317 0.9996605475 0.166247446 0.07562367541
1318 0.9996605475 0.1872022381 0.07801625034
1319 0.9996605475 0.1510139812 0.07564125754
1320 0.9996605475 0.1739074846 0.08335173797
1321 0.9996605475 0.1798374437 0.08482767097
1322 0.9996605475 0.1589974508 0.06756855518
1323 0.9996605475 0.1685291963 0.07977969068
1324 0.9996605475 0.1296443239 0.06290747568
1325 0.9996605475 0.1419247032 0.06691161446
1326 0.9996605475 0.1600090275 0.0662608881
1327 0.9996605475 0.1706325458 0.0700344979
1328 0.9996605475 0.1485166158 0.05946008228
1329 0.9996605475 0.1708198383 0.08550117198
1330 0.9996605475 0.1440794139 0.07145777606
1331 0.9996605475 0.1604568349 0.087006362
1332 0.9996605475 0.1411302934 0.07017730492
1333 0.9996605475 0.1781380131 0.08395918703
1334 0.9996605475 0.1691290628 0.06609764215
1335 0.9996605475 0.1773995515 0.06885310169
1336 0.9996605475 0.1710699206 0.07542157389
1337 0.9996605475 0.1636554151 0.07002283883
1338 0.9996605475 0.1585704229 0.07909865789
1339 0.9996605475 0.1574934729 0.07557122257
1340 0.9996605475 0.1771553805 0.08292625269
1341 0.9996605475 0.1668307752 0.07827057018
1342 0.9996605475 0.1303709819 0.05826784926
1343 0.9996605475 0.1777727292 0.0860816439
1344 0.9996605475 0.1318012328 0.05840068894
1345 0.9996605475 0.1578389229 0.06993774731
1346 0.9996605475 0.1531825077 0.06540925659
1347 0.9996605475 0.1509433087 0.07469356606
1348 0.9996605475 0.1410612856 0.0570409953
1349 0.9996605475 0.1681891192 0.06793676414
1350 0.9996605475 0.1717752021 0.07403982995
1351 0.9996605475 0.1918297552 0.09072205487
1352 0.9996605475 0.1591810822 0.07330478959
1353 0.9996605475 0.134960904 0.06146235796
1354 0.9996610771 0.1697591261 0.07008856546
1355 0.9996610771 0.1764032684 0.07205217326
1356 0.9996610771 0.1631793793 0.07015095175
1357 0.9996610771 0.1354004708 0.06081577125
1358 0.9996610771 0.1280000619 0.05602754676
1359 0.9996610771 0.1170814277 0.0515357243
1360 0.9996610771 0.1566216751 0.0708451099
1361 0.9996610771 0.181060047 0.07978488208
1362 0.9996610771 0.1598958276 0.06879214135
1363 0.9996610771 0.1570277466 0.06579065164
1364 0.9996610771 0.1499475348 0.06734347779
1365 0.9996610771 0.1619878597 0.07510439746
1366 0.9996610771 0.1709202593 0.07612445288
1367 0.9996610771 0.1539990774 0.06424332084
1368 0.9996610771 0.1672589587 0.07362844147
1369 0.9996610771 0.1668920224 0.07818420908
1370 0.9996610771 0.1536713918 0.07156617472
1371 0.9996610771 0.1586498092 0.06806163878
1372 0.9996610771 0.1793106167 0.08132708325
1373 0.9996610771 0.1794081261 0.07988958685
1374 0.9996610771 0.1628941278 0.07099286696
1375 0.9996610771 0.1585425195 0.07532642709
1376 0.9996610771 0.1677053851 0.07365253506
1377 0.9996610771 0.1662430986 0.07432291329
1378 0.9996610771 0.1577568007 0.06676671549
1379 0.9996610771 0.1528399536 0.07811416582
1380 0.9996610771 0.163594294 0.07724576088
1381 0.9996610771 0.1542506393 0.07455163062
1382 0.9996610771 0.1459935969 0.06529881565
1383 0.9996610771 0.1518662361 0.06594341106
1384 0.9996610771 0.1416034724 0.0677264226
1385 0.9996610771 0.1427163179 0.06697009953
1386 0.9996610771 0.1645737028 0.07255396492
1387 0.9996610771 0.1594229643 0.07804597135
1388 0.9996610771 0.1355331725 0.06760206137
1389 0.9996610771 0.1544069888 0.08024519297
1390 0.9996610771 0.1400278492 0.06360246064
1391 0.9996610771 0.1412342271 0.06779809981
1392 0.9996610771 0.1339098024 0.06721166088
1393 0.9996610771 0.1510411155 0.06860315508
1394 0.9996610771 0.1427180455 0.07097077516
1395 0.9996610771 0.1459180011 0.07281606151
1396 0.9996610771 0.1357759038 0.06583905111
1397 0.9996610771 0.1656164303 0.07384695152
1398 0.9996610771 0.1563384952 0.07584723838
1399 0.9996610771 0.1528232982 0.07611783912
1400 0.9996610771 0.1357143608 0.07164696789
1401 0.9996610771 0.1639085097 0.08857662851
1402 0.9996610771 0.1580909886 0.08608543637
1403 0.9996610771 0.1652167476 0.07771893807
1404 0.9996610771 0.1648038234 0.07925358697
1405 0.9996610771 0.1439844734 0.07147593177
1406 0.9996610771 0.1263879289 0.05823732252
1407 0.9996610771 0.1207729811 0.05634476664
1408 0.9996610771 0.1519654413 0.07738300984
1409 0.9996610771 0.1330190025 0.06594299675
1410 0.9996610771 0.1167979991 0.05994387936
1411 0.9996610771 0.1156545609 0.06339563014
1412 0.9996610771 0.1179618294 0.05939208708
1413 0.9996610771 0.1611572391 0.07304477628
1414 0.9996610771 0.1501774622 0.07597808993
1415 0.9996610771 0.115696328 0.05577185893
1416 0.9996610771 0.1445617419 0.07814601473
1417 0.9996610771 0.1388444655 0.06677097487
1418 0.9996610771 0.154133647 0.08063536041
1419 0.9996610771 0.1440382952 0.07713752298
1420 0.9996610771 0.1489651818 0.08104258529
1421 0.9996610771 0.1352928467 0.0659936746
1422 0.9996610771 0.1655061536 0.07650582095
1423 0.9996610771 0.173590658 0.08745163452
1424 0.9996610771 0.1824700435 0.08295916452
1425 0.9996610771 0.1747505253 0.08267723085
1426 0.9996610771 0.173273777 0.07605758003
1427 0.9996610771 0.1893448169 0.08060960019
1428 0.9996610771 0.1587605152 0.06707257647
1429 0.9996610771 0.1409516208 0.06223699069
1430 0.9996610771 0.1381836347 0.06205582448
1431 0.9996610771 0.1432546406 0.06998221867
1432 0.9996610771 0.1254822879 0.05569875868
1433 0.9996610771 0.139967885 0.064623458
1434 0.9996610771 0.1377827354 0.06770119733
1435 0.9996610771 0.1237116302 0.06338694114
1436 0.9996610771 0.145446167 0.07137778127
1437 0.9996610771 0.1686564773 0.07746818808
1438 0.9996610771 0.150845967 0.06557873725
1439 0.9996610771 0.1609348552 0.07409282778
1440 0.9996610771 0.1631166855 0.07563766847
1441 0.9996610771 0.1534245984 0.06222558026
1442 0.9996610771 0.1566490176 0.06701840788
1443 0.9996610771 0.1796790116 0.08235367926
1444 0.9996610771 0.1847315094 0.08777090626
1445 0.9996610771 0.1452612194 0.05594380486
1446 0.9996610771 0.1464993346 0.06216334458
1447 0.9996610771 0.149924395 0.07199199043
1448 0.9996610771 0.1520851885 0.07145182262
1449 0.9996610771 0.144560559 0.06938518214
1450 0.9996610771 0.1294418511 0.06240583271
1451 0.9996610771 0.1380315006 0.07311964559
1452 0.9996610771 0.1401354598 0.06766117186
1453 0.9996610771 0.1543581709 0.06956897012
1454 0.9996610771 0.1620422857 0.07820981383
1455 0.9996610771 0.1323965816 0.06615383962
1456 0.9996610771 0.1557074764 0.07856499638
1457 0.9996610771 0.1505169808 0.07633138375
1458 0.9996610771 0.1508619633 0.07666821033
1459 0.9996610771 0.1332269277 0.07135714645
1460 0.9996610771 0.160653355 0.07865531451
1461 0.9996610771 0.1694330128 0.07629218882
1462 0.9996610771 0.1793357457 0.08353697385
1463 0.9996610771 0.1798825473 0.09013369707
1464 0.9996610771 0.1815111631 0.08159263132
1465 0.9996610771 0.1772096428 0.07969063265
1466 0.9996610771 0.2137347875 0.09234428892
1467 0.9996610771 0.2057847019 0.09563245714
1468 0.9996610771 0.1816286415 0.08410912929
1469 0.9996610771 0.143042289 0.06876052713
1470 0.9996610771 0.118064527 0.05599717993
1471 0.9996610771 0.1197864683 0.05713773806
1472 0.9996610771 0.1685371102 0.08667903085
1473 0.9996610771 0.1763171912 0.0815594606
1474 0.9996610771 0.165652064 0.0836152473
1475 0.9996610771 0.1553405744 0.08036947976
1476 0.9996610771 0.1627486086 0.08058628578
1477 0.9996610771 0.158022952 0.08204910211
1478 0.9996610771 0.1203567171 0.06671288803
1479 0.9996610771 0.1331332498 0.06480329907
1480 0.9996610771 0.1346470581 0.07147500398
1481 0.9996610771 0.1385648012 0.07293374012
1482 0.9996610771 0.1705036553 0.08788746557
1483 0.9996610771 0.1725200912 0.08213379949
1484 0.9996610771 0.160658775 0.07966061842
1485 0.9996610771 0.1359977675 0.06403815771
1486 0.9996610771 0.121862837 0.06585787295
1487 0.9996610771 0.1612951729 0.07016569579
1488 0.9996610771 0.1398610025 0.06296075336
1489 0.9996610771 0.1493823634 0.07026458836
1490 0.9996610771 0.1560142585 0.07928876081
1491 0.9996610771 0.1456492863 0.07618172556
1492 0.9996610771 0.1313479236 0.06196688159
1493 0.9996610771 0.1466595873 0.06777200392
1494 0.9996610771 0.1550035839 0.06428563853
1495 0.9996610771 0.129781967 0.05940705843
1496 0.9996610771 0.1593113203 0.0738573479
1497 0.9996610771 0.1382010591 0.06651057026
1498 0.9996610771 0.1303420434 0.06263990999
1499 0.9996610771 0.1313799567 0.07077883685
1500 0.9996610771 0.1417498962 0.07307497577
1501 0.9996610771 0.1394606508 0.06583087722
1502 0.9996610771 0.1526332101 0.0734799232
1503 0.9996610771 0.1368567693 0.06284730617
1504 0.9996610771 0.1596724274 0.07302525801
1505 0.9996610771 0.1728170258 0.07091892588
1506 0.9996610771 0.1708136238 0.07829577405
1507 0.9996610771 0.1791577986 0.0769140165
1508 0.9996610771 0.1773272788 0.07147307703
1509 0.9996610771 0.1609238644 0.05727403984
1510 0.9996610771 0.1527446982 0.06790412302
1511 0.9996610771 0.1553008093 0.07067816683
1512 0.9996610771 0.1876688962 0.07790072772
1513 0.9996610771 0.1982991646 0.08225223858
1514 0.9996610771 0.1854912482 0.07222132307
1515 0.9996610771 0.1382128294 0.06167892663
1516 0.9996610771 0.1518627466 0.07467923975
1517 0.9996610771 0.1350589762 0.06295539701
1518 0.9996610771 0.1239775738 0.06056086892
1519 0.9996610771 0.127217615 0.06230112389
1520 0.9996610771 0.1282496962 0.06740945031
1521 0.9996610771 0.1430138172 0.07025184919
1522 0.9996610771 0.156593169 0.07323676217
1523 0.9996610771 0.1482987038 0.05948324826
1524 0.9996610771 0.1243031916 0.06662279499
1525 0.9996610771 0.1380777091 0.07108054191
1526 0.9996610771 0.1283001992 0.06406598592
1527 0.9996610771 0.1503810948 0.07551315229
1528 0.9996610771 0.1652301286 0.07414464522
1529 0.9996610771 0.1503842165 0.07426982839
1530 0.9996610771 0.13012925 0.07250605307
1531 0.9996610771 0.150110434 0.08412613968
1532 0.9996610771 0.1561867374 0.07881112926
1533 0.9996610771 0.134671308 0.06130632164
1534 0.9996610771 0.1409487909 0.05261681139
1535 0.9996610771 0.1462475194 0.06634134928
1536 0.9996610771 0.1385139495 0.05473681505
1537 0.9996610771 0.1300394706 0.06664500922
1538 0.9996610771 0.139820396 0.07269575294
1539 0.9996610771 0.1483171308 0.06886341647
1540 0.9996610771 0.1562352675 0.0684265405
1541 0.9996610771 0.1452706938 0.06968921603
1542 0.9996610771 0.1473527028 0.07149385094
1543 0.9996610771 0.1568517995 0.06753117705
1544 0.9996610771 0.1471828384 0.06987198341
1545 0.9996610771 0.1606611358 0.07800319286
1546 0.9996610771 0.1675856625 0.08147804843
1547 0.9996610771 0.1681322545 0.07483778072
1548 0.9996610771 0.1607605993 0.07253783298
1549 0.9996610771 0.1610613851 0.07117322425
1550 0.9996610771 0.179835531 0.08509110368
1551 0.9996610771 0.1743725697 0.07729549086
1552 0.9996610771 0.1817061175 0.0829796338
1553 0.9996610771 0.1470270793 0.06622323919
1554 0.9996610771 0.1726438096 0.08410241451
1555 0.9996610771 0.1509703875 0.06304381911
1556 0.9996610771 0.1616682703 0.06519004654
1557 0.9996610771 0.1435787034 0.06644809889
1558 0.9996610771 0.1751018182 0.07174189168
1559 0.9996610771 0.1638695626 0.07363600647
1560 0.9996610771 0.1608605832 0.06420136747
1561 0.9996610771 0.177371929 0.07813231976
1562 0.9996610771 0.1659854162 0.06964997576
1563 0.9996610771 0.1913415154 0.07772919806
1564 0.9996610771 0.1729264668 0.07803211396
1565 0.9996610771 0.1924897977 0.08393688459
1566 0.9996610771 0.1974217893 0.08496054668
1567 0.9996610771 0.1971846021 0.07912464972
1568 0.9996610771 0.1840641405 0.06848860911
1569 0.9996610771 0.1772017774 0.07638660361
1570 0.9996610771 0.1728294114 0.08769728287
1571 0.9996610771 0.1624039677 0.08534167889
1572 0.9996610771 0.1747589645 0.08346077588
1573 0.9996610771 0.1612275588 0.07706804897
1574 0.9996610771 0.1599483411 0.06527870652
1575 0.9996610771 0.1361033973 0.06053637693
1576 0.9996610771 0.1607526392 0.06694700397
1577 0.9996610771 0.1464012189 0.06789462397
1578 0.9996610771 0.1476024619 0.07980159732
1579 0.9996610771 0.1595575493 0.07526874472
1580 0.9996610771 0.1401783834 0.06043120063
1581 0.9996610771 0.1509017805 0.07100829593
1582 0.9996610771 0.1388081531 0.05999546704
1583 0.9996610771 0.1380723942 0.05845884249
1584 0.9996610771 0.132690351 0.06970294493
1585 0.9996610771 0.1442009165 0.07709679113
1586 0.9996610771 0.1398960047 0.0639723033
1587 0.9996610771 0.1459508151 0.06606497004
1588 0.9996610771 0.1338197329 0.05507491849
1589 0.9996610771 0.1468711407 0.06072363079
1590 0.9996610771 0.1396887031 0.05934946946
1591 0.9996610771 0.1539043763 0.06927678306
1592 0.9996610771 0.1523100837 0.06981195363
1593 0.9996610771 0.1535702127 0.07077418433
1594 0.9996610771 0.1337101314 0.06267233112
1595 0.9996610771 0.1293747929 0.06003414456
1596 0.9996610771 0.1485911881 0.07747072401
1597 0.9996610771 0.1530165741 0.07790804659
1598 0.9996610771 0.1634233769 0.06769939232
1599 0.9996610771 0.1466669508 0.06786926701
1600 0.9996610771 0.1377183936 0.07147016946
1601 0.9996610771 0.1660768375 0.07403378269
1602 0.9996610771 0.1778198429 0.08724974043
1603 0.9996610771 0.1753803403 0.07572216384
1604 0.9996610771 0.190381874 0.08343643371
1605 0.9996610771 0.18037067 0.07228131717
1606 0.9996610771 0.1699754504 0.07661166724
1607 0.9996610771 0.1354810552 0.06351213641
1608 0.9996610771 0.1423879413 0.06516195758
1609 0.9996610771 0.1309403313 0.05301025721
1610 0.9996610771 0.1504066754 0.06848947362
1611 0.9996610771 0.1440661394 0.06482720882
1612 0.9996610771 0.1419145151 0.06559365346
1613 0.9996610771 0.1490873265 0.06540930675
1614 0.9996610771 0.1430883862 0.0659000908
1615 0.9996610771 0.1351893332 0.06385201261
1616 0.9996610771 0.1495945392 0.06639933558
1617 0.9996610771 0.1384722761 0.05856716396
1618 0.9996610771 0.1227121701 0.06072642837
1619 0.9996610771 0.1369422583 0.06186845283
1620 0.9996610771 0.1829416999 0.07898855627
1621 0.9996610771 0.161176996 0.07206325153
1622 0.9996610771 0.1524144018 0.06207170823
1623 0.9996610771 0.1659031282 0.06972016455
1624 0.9996610771 0.1797686499 0.07164121013
1625 0.9996610771 0.2186034096 0.09075960329
1626 0.9996610771 0.1927771419 0.07514780062
1627 0.9996610771 0.2078058338 0.07843050893
1628 0.9996610771 0.2181485817 0.09345082727
1629 0.9996610771 0.2005348219 0.07704656335
1630 0.9996610771 0.1792077285 0.06511294174
1631 0.9996610771 0.1750783449 0.06427645594
1632 0.9996610771 0.1550911143 0.05986569231
1633 0.9996610771 0.1440029669 0.06279005574
1634 0.9996610771 0.1563307875 0.06180934363
1635 0.9996610771 0.1819284747 0.07626841466
1636 0.9996610771 0.1667069361 0.06320633762
1637 0.9996610771 0.164400431 0.07111546658
1638 0.9996610771 0.1697045512 0.07516643634
1639 0.9996610771 0.1796045778 0.07384318528
1640 0.9996610771 0.1596875982 0.06979795145
1641 0.9996610771 0.1428132838 0.06658165662
1642 0.9996610771 0.1455024517 0.07053880085
1643 0.9996610771 0.1319493747 0.05987592124
1644 0.9996610771 0.1830915356 0.07447558356
1645 0.9996610771 0.1761326127 0.08187647837
1646 0.9996610771 0.1866817983 0.08154907693
1647 0.9996610771 0.1931978376 0.08665282287
1648 0.9996610771 0.1852992762 0.0821921786
1649 0.9996610771 0.1547225413 0.06679927394
1650 0.9996610771 0.160216005 0.07935801259
1651 0.9996610771 0.1562989606 0.07477771945
1652 0.9996610771 0.1406930224 0.06690845513
1653 0.9996610771 0.1653214258 0.0825599804
1654 0.9996610771 0.1497549602 0.07422543874
1655 0.9996610771 0.156217709 0.07799012135
1656 0.9996610771 0.1429808027 0.07628574373
1657 0.9996610771 0.1535144381 0.07197298832
1658 0.9996610771 0.1425040529 0.06892122893
1659 0.9996610771 0.1296190038 0.06493637082
1660 0.9996610771 0.1662543521 0.07258770205
1661 0.9996610771 0.1544420964 0.07202106542
1662 0.9996610771 0.1355339274 0.06277137818
1663 0.9996610771 0.1630419667 0.07863162264
1664 0.9996610771 0.1553167631 0.07788998936
1665 0.9996610771 0.1385132895 0.05954501898
1666 0.9996610771 0.1608384344 0.07572955722
1667 0.9996610771 0.1620194529 0.07738300504
1668 0.9996610771 0.1499872533 0.07250242805
1669 0.9996610771 0.1415866087 0.06253546575
1670 0.9996610771 0.1512277178 0.07961167003
1671 0.9996610771 0.1473056356 0.07203253371
1672 0.9996610771 0.1443852091 0.06314219087
1673 0.9996610771 0.1458460471 0.07180595447
1674 0.9996610771 0.1452564524 0.07001348858
1675 0.9996610771 0.1439464647 0.06058288605
1676 0.9996610771 0.1378026309 0.06015659199
1677 0.9996610771 0.1498226789 0.06822780774
1678 0.9996610771 0.1294214576 0.05782790573
1679 0.9996610771 0.1585402057 0.06642656535
1680 0.9996610771 0.1539117511 0.07605836587
1681 0.9996610771 0.1383312266 0.05880424093
1682 0.9996610771 0.1327378237 0.05638078031
1683 0.9996610771 0.1538652016 0.07190769731
1684 0.9996610771 0.1550338772 0.07510129337
1685 0.9996610771 0.1359797889 0.063173652
1686 0.9996610771 0.1543351582 0.08209433125
1687 0.9996610771 0.1693069882 0.08028425436
1688 0.9996610771 0.1313757627 0.06278964701
1689 0.9996610771 0.1669195835 0.07965889639
1690 0.9996610771 0.1588937226 0.06884325683
1691 0.9996610771 0.1525379856 0.07452312463
1692 0.9996610771 0.1751919357 0.08297216348
1693 0.9996610771 0.1931182479 0.07419129041
1694 0.9996610771 0.1419880811 0.05783448616
1695 0.9996610771 0.155769295 0.07117280477
1696 0.9996610771 0.1942193853 0.08693846155
1697 0.9996610771 0.1664259885 0.07681001487
1698 0.9996610771 0.146658305 0.06219255492
1699 0.9996610771 0.1645589306 0.06719107881
1700 0.9996610771 0.1735974175 0.0678333931
1701 0.9996610771 0.1799050682 0.0704959021
1702 0.9996610771 0.1926410727 0.07438442794
1703 0.9996610771 0.1822619507 0.06999422449
1704 0.9996610771 0.1758146021 0.06828128263
1705 0.9996610771 0.1765772936 0.06047384797
1706 0.9996610771 0.1678666252 0.06482201156
1707 0.9996610771 0.1854448728 0.07717103024
1708 0.9996610771 0.1444269368 0.05527062892
1709 0.9996610771 0.1878433495 0.07635925444
1710 0.9996610771 0.1587003481 0.05883252005
1711 0.9996610771 0.1705466327 0.06549289587
1712 0.9996610771 0.1792615185 0.06956544551
1713 0.9996610771 0.1723545533 0.06279403384
1714 0.9996610771 0.1925081655 0.08176477887
1715 0.9996610771 0.1746213945 0.07383260545
1716 0.9996610771 0.150978539 0.06816876539
1717 0.9996610771 0.1616501646 0.06530829164
1718 0.9996610771 0.1568111685 0.05702860053
1719 0.9996610771 0.151461284 0.06643751316
1720 0.9996610771 0.1380095384 0.05691257974
1721 0.9996610771 0.1642101302 0.06970688231
1722 0.9996610771 0.1890534152 0.08822870714
1723 0.9996610771 0.1600239288 0.06794143311
1724 0.9996610771 0.1601365291 0.06529583171
1725 0.9996610771 0.169399888 0.06831644937
1726 0.9996610771 0.1380286175 0.06023597706
1727 0.9996610771 0.1254735203 0.0595174177
1728 0.9996610771 0.1436075462 0.07467910721
1729 0.9996610771 0.1091970931 0.05416551835
1730 0.9996610771 0.1309862956 0.06974345184
1731 0.9996610771 0.1168421945 0.06159117037
1732 0.9996610771 0.1294734012 0.06389207901
1733 0.9996610771 0.1336481277 0.06820107639
1734 0.9996610771 0.1391330659 0.07059158648
1735 0.9996610771 0.1463292581 0.07145784964
1736 0.9996610771 0.1398387226 0.06247993474
1737 0.9996610771 0.1333750155 0.06097143705
1738 0.9996610771 0.1416321206 0.0676097606
1739 0.9996610771 0.1599400204 0.08315406366
1740 0.9996610771 0.1537859165 0.07250261695
1741 0.9996610771 0.1505427552 0.06570052201
1742 0.9996610771 0.1545781523 0.07103783294
1743 0.9996610771 0.1420718089 0.06304441549
1744 0.9996610771 0.1315357572 0.05685692073
1745 0.9996610771 0.1288698583 0.05865007668
1746 0.9996610771 0.1407058572 0.06447139748
1747 0.9996610771 0.1710118243 0.0787819053
1748 0.9996610771 0.1625366055 0.07046788519
1749 0.9996610771 0.1586581088 0.07281016261
1750 0.9996610771 0.1571404526 0.06587654742
1751 0.9996610771 0.1487549798 0.06327911528
1752 0.9996610771 0.1397940179 0.0638246648
1753 0.9996610771 0.1517201606 0.06709499799
1754 0.9996610771 0.1440608503 0.08012744972
1755 0.9996610771 0.1495448099 0.07485849335
1756 0.9996610771 0.1579500043 0.06942894612
1757 0.9996610771 0.1671378264 0.06898208895
1758 0.9996610771 0.1520382553 0.06905181831
1759 0.9996610771 0.1544134103 0.07478712982
1760 0.9996610771 0.1754087662 0.08613626226
1761 0.9996610771 0.1470879976 0.07141834061
1762 0.9996610771 0.1598515736 0.06782986221
1763 0.9996610771 0.1416220506 0.06672306007
1764 0.9996610771 0.1252846342 0.05650324684
1765 0.9996610771 0.1193872478 0.05519994831
1766 0.9996610771 0.1409450909 0.06454117997
1767 0.9996610771 0.1597222441 0.07640682768
1768 0.9996610771 0.1598673494 0.075606821
1769 0.9996610771 0.1599978189 0.07528193519
1770 0.9996610771 0.1507918802 0.06637034761
1771 0.9996610771 0.165422813 0.07809506294
1772 0.9996610771 0.1490810557 0.06447204013
1773 0.9996610771 0.1741981881 0.07625845033
1774 0.9996610771 0.1993927024 0.08418814516
1775 0.9996610771 0.1938273285 0.0742784308
1776 0.9996610771 0.1934200872 0.080309118
1777 0.9996610771 0.1871576932 0.07589165565
1778 0.9996610771 0.2040126369 0.09218783872
1779 0.9996610771 0.1903153761 0.07831872112
1780 0.9996610771 0.1877324653 0.08021182
1781 0.9996610771 0.1698977565 0.07205417905
1782 0.9996610771 0.1958907572 0.07889179095
1783 0.9996610771 0.2050172997 0.08020457546
1784 0.9996610771 0.2173032742 0.08260546606
1785 0.9996610771 0.1960459259 0.08471938919
1786 0.9996610771 0.1888766618 0.08000009487
1787 0.9996610771 0.1720931718 0.08150819694
1788 0.9996610771 0.1718584604 0.07704612616
1789 0.9996610771 0.1584864699 0.06593836028
1790 0.9996610771 0.1674892634 0.06401701895
1791 0.9996610771 0.1757520281 0.06771870423
1792 0.9996610771 0.1730386126 0.06931294954
1793 0.9996610771 0.1702720407 0.06410799611
1794 0.9996610771 0.1699498177 0.07047655361
1795 0.9996610771 0.1757112678 0.0746940873
1796 0.9996610771 0.1660316494 0.06422442496
1797 0.9996610771 0.1562151586 0.06372036158
1798 0.9996610771 0.1643982782 0.06562959745
1799 0.9996610771 0.1818646378 0.06941401141
1800 0.9996610771 0.1580954604 0.05970930152
1801 0.9996610771 0.1734591632 0.07400069675
1802 0.9996610771 0.1545021628 0.06767285134
1803 0.9996610771 0.1384824605 0.06831784252
1804 0.9996610771 0.1284902351 0.05617941433
1805 0.9996610771 0.1667796732 0.07182558259
1806 0.9996610771 0.1546925894 0.06929832153
1807 0.9996610771 0.1702680983 0.07635689605
1808 0.9996610771 0.1578308546 0.07311815764
1809 0.9996610771 0.1319940773 0.07252765389
1810 0.9996610771 0.1415563264 0.0723779821
1811 0.9996610771 0.1645186288 0.0831510098
1812 0.9996610771 0.1389057469 0.0647247936
1813 0.9996610771 0.1534247289 0.07636436495
1814 0.9996610771 0.1407967042 0.06349982166
1815 0.9996610771 0.1350288842 0.06159868994
1816 0.9996610771 0.1412543343 0.07612171738
1817 0.9996610771 0.1326351136 0.06559902502
1818 0.9996610771 0.1352759504 0.06646301158
1819 0.9996610771 0.1192433728 0.05772408555
1820 0.9996610771 0.1449161711 0.0631650941
1821 0.9996610771 0.1320494648 0.06250631374
1822 0.9996610771 0.1581915521 0.07710610423
1823 0.9996610771 0.1804724949 0.08284682365
1824 0.9996610771 0.2033161511 0.08927695922
1825 0.9996610771 0.1830668832 0.0786845995
1826 0.9996610771 0.1634236964 0.07084990321
1827 0.9996610771 0.1519212 0.07741920479
1828 0.9996610771 0.1765161852 0.08203154542
1829 0.9996610771 0.1606574279 0.07144489015
1830 0.9996610771 0.1678383967 0.08047490919
1831 0.9996610771 0.1980612988 0.08257718795
1832 0.9996610771 0.1739541102 0.08348736107
1833 0.9996610771 0.1674047925 0.06932498841
1834 0.9996610771 0.1632570539 0.0678415509
1835 0.9996610771 0.1596515346 0.07489885937
1836 0.9996610771 0.14205619 0.07346527515
1837 0.9996610771 0.1453304984 0.06875719997
1838 0.9996610771 0.1549276147 0.07514595309
1839 0.9996610771 0.1592834067 0.07572531979
1840 0.9996610771 0.1507753039 0.07569101315
1841 0.9996610771 0.1674773769 0.07258713999
1842 0.9996610771 0.1954349937 0.09505357473
1843 0.9996610771 0.1914686487 0.0778193632
1844 0.9996610771 0.2029478802 0.07699257869
1845 0.9996610771 0.1848465867 0.07407611131
1846 0.9996610771 0.1831729152 0.07469880307
1847 0.9996610771 0.2025968646 0.08561260501
1848 0.9996610771 0.1700508407 0.06831304703
1849 0.9996610771 0.1707635834 0.07390946376
1850 0.9996610771 0.1912192537 0.07868421841
1851 0.9996610771 0.1871979888 0.07367020291
1852 0.9996610771 0.1520304365 0.06828267917
1853 0.9996610771 0.1414054462 0.06801497919
1854 0.9996610771 0.1314325275 0.06874742574
1855 0.9996610771 0.1379202463 0.06703607756
1856 0.9996610771 0.1451652963 0.07910894499
1857 0.9996610771 0.1368471518 0.06543870944
1858 0.9996610771 0.1479809143 0.07100049276
1859 0.9996610771 0.1672608962 0.07030873101
1860 0.9996610771 0.1645668675 0.08319169564
1861 0.9996610771 0.144257578 0.06678938705
1862 0.9996610771 0.152394769 0.07063963012
1863 0.9996610771 0.1443988101 0.07361151383
1864 0.9996610771 0.1613335786 0.07572346912
1865 0.9996610771 0.1533464408 0.06986951116
1866 0.9996610771 0.182609078 0.08290114406
1867 0.9996610771 0.1739372477 0.08294119574
1868 0.9996610771 0.1455633089 0.06317777083
1869 0.9996610771 0.1585603593 0.07284606096
1870 0.9996610771 0.1382868916 0.06002099429
1871 0.9996610771 0.1430316256 0.06172822129
1872 0.9996610771 0.1738140294 0.07995506651
1873 0.9996610771 0.144175786 0.0631054034
1874 0.9996610771 0.1361522865 0.06352949556
1875 0.9996610771 0.1250117115 0.06502961978
1876 0.9996610771 0.1464592604 0.07588668121
1877 0.9996610771 0.1584938604 0.07957877503
1878 0.9996610771 0.1445094934 0.06358936103
1879 0.9996610771 0.1200357473 0.05345852563
1880 0.9996610771 0.1378676408 0.06118092702
1881 0.9996610771 0.186889204 0.07500631252
1882 0.9996610771 0.1938376988 0.08142103316
1883 0.9996610771 0.2116038368 0.07366552396
1884 0.9996610771 0.2099127199 0.08149655393
1885 0.9996610771 0.1705485633 0.06850205421
1886 0.9996610771 0.1690810099 0.07072637378
1887 0.9996610771 0.2035321985 0.09157013488
1888 0.9996610771 0.1676722985 0.05798093349
1889 0.9996610771 0.151173495 0.06792689546
1890 0.9996610771 0.1554727745 0.06985696823
1891 0.9996610771 0.1516571834 0.06272660972
1892 0.9996610771 0.1747847962 0.07191772114
1893 0.9996610771 0.1846489856 0.07800754665
1894 0.9996610771 0.1833073412 0.08751998514
1895 0.9996610771 0.1576082366 0.06605835582
1896 0.9996610771 0.1271624723 0.05218621088
1897 0.9996610771 0.1447812205 0.07260455725
1898 0.9996610771 0.108640846 0.05485410695
1899 0.9996610771 0.1341209544 0.06514854676
1900 0.9996610771 0.1197138831 0.05753232636
1901 0.9996610771 0.1425546741 0.06599559601
1902 0.9996610771 0.1447914581 0.06739505432
1903 0.9996610771 0.1236594789 0.05468959301
1904 0.9996610771 0.1248857848 0.06351266276
1905 0.9996610771 0.114632324 0.06119219299
1906 0.9996610771 0.1587123262 0.08359716718
1907 0.9996610771 0.148899737 0.07391645187
1908 0.9996610771 0.135909478 0.0618380964
1909 0.9996610771 0.1374888935 0.07208409883
1910 0.9996610771 0.1627806438 0.07982403939
1911 0.9996610771 0.1714851226 0.07303633108
1912 0.9996610771 0.1615337677 0.06498058162
1913 0.9996610771 0.1601919874 0.07438584617
1914 0.9996610771 0.1727912985 0.07231959325
1915 0.9996610771 0.1625104355 0.07470022623
1916 0.9996610771 0.1350920816 0.06419656368
1917 0.9996610771 0.1195205641 0.05366881069
1918 0.9996610771 0.1516316578 0.0743616387
1919 0.9996610771 0.1717578225 0.07814343847
1920 0.9996610771 0.21620829 0.08220314973
1921 0.9996610771 0.1994535602 0.08145577287
1922 0.9996610771 0.2184819514 0.0922607785
1923 0.9996610771 0.1698553286 0.07428582302
1924 0.9996610771 0.1781838681 0.07650299069
1925 0.9996610771 0.1746502119 0.07814689776
1926 0.9996610771 0.1882704299 0.08225659867
1927 0.9996610771 0.1526336247 0.06411473758
1928 0.9996610771 0.1544124369 0.07220967959
1929 0.9996610771 0.1733195113 0.08021289869
1930 0.9996610771 0.1528779196 0.07081290989
1931 0.9996610771 0.1422848819 0.06446221086
1932 0.9996610771 0.1545550135 0.07349577411
1933 0.9996610771 0.1757911262 0.06803111112
1934 0.9996610771 0.1461293251 0.06068723569
1935 0.9996610771 0.179031627 0.07306977671
1936 0.9996610771 0.1726599759 0.07890950062
1937 0.9996610771 0.1693833586 0.07912063309
1938 0.9996610771 0.1729980073 0.08213618431
1939 0.9996610771 0.1667706025 0.07344411362
1940 0.9996610771 0.1229154934 0.05676528101
1941 0.9996610771 0.1475435978 0.05996921601
1942 0.9996610771 0.1669663844 0.0752133705
1943 0.9996610771 0.1831204419 0.08004471137
1944 0.9996610771 0.1520843019 0.0656998197
1945 0.9996610771 0.1773975295 0.07843102362
1946 0.9996610771 0.1730889478 0.07434152958
1947 0.9996610771 0.1682972232 0.07218851291
1948 0.9996610771 0.1692597083 0.07959018358
1949 0.9996610771 0.1769886848 0.07804586133
1950 0.9996610771 0.1510441299 0.06875875803
1951 0.9996610771 0.136625389 0.06397662872
1952 0.9996610771 0.128082715 0.06134012076
1953 0.9996610771 0.1600680898 0.08184340576
1954 0.9996610771 0.1578066257 0.07936849773
1955 0.9996610771 0.1479513924 0.07213399737
1956 0.9996610771 0.1634414113 0.07951990197
1957 0.9996610771 0.1429829003 0.06994212001
1958 0.9996610771 0.1441047277 0.07542167583
1959 0.9996610771 0.1759016061 0.09453585012
1960 0.9996610771 0.1693651028 0.0888253164
1961 0.9996610771 0.1332459123 0.06134332254
1962 0.9996610771 0.140388845 0.06247604911
1963 0.9996610771 0.1554414006 0.0797159171
1964 0.9996610771 0.138514569 0.06061561702
1965 0.9996610771 0.1489722109 0.06804152773
1966 0.9996610771 0.1535013065 0.06980519043
1967 0.9996610771 0.1476009035 0.06325353342
1968 0.9996610771 0.1432017434 0.06983333444
1969 0.9996610771 0.137429994 0.06787017689
1970 0.9996610771 0.1301242665 0.06299604515
1971 0.9996610771 0.09902391092 0.05432107575
1972 0.9996610771 0.1033506338 0.05155596697
1973 0.9996610771 0.1342971344 0.06357418379
1974 0.9996610771 0.1402631374 0.06205432954
1975 0.9996610771 0.1361974194 0.06002729429
1976 0.9996610771 0.1352034506 0.06192826427
1977 0.9996610771 0.1353091853 0.06691445452
1978 0.9996610771 0.1518876956 0.06739090358
1979 0.9996610771 0.1260475743 0.06421131701
1980 0.9996610771 0.1241471125 0.06983927652
1981 0.9996610771 0.1566907914 0.08115416844
1982 0.9996610771 0.1346385226 0.07050880134
1983 0.9996610771 0.1489778792 0.07118216334
1984 0.9996610771 0.1363865555 0.06358590197
1985 0.9996610771 0.1336647059 0.05828307734
1986 0.9996610771 0.1405084636 0.06020625055
1987 0.9996610771 0.1315081012 0.06238740367
1988 0.9996610771 0.1338680462 0.05774500734
1989 0.9996610771 0.1437925559 0.06872100756
1990 0.9996610771 0.1730298772 0.06779342747
1991 0.9996610771 0.173555731 0.07491279316
1992 0.9996610771 0.1842260099 0.06918567981
1993 0.9996610771 0.1851490264 0.08487538507
1994 0.9996610771 0.1762816435 0.07279549573
1995 0.9996610771 0.1492535763 0.064701183
1996 0.9996610771 0.1471811813 0.06483189786
1997 0.9996610771 0.1416424069 0.06931846817
1998 0.9996610771 0.1259708289 0.0568842754
1999 0.9996610771 0.1317660779 0.06062347413
2000 0.9996610771 0.1654629215 0.07719647613
