1.203100000000000003e-01 2.426349999999999896e-01 8.288900000000000434e-02 2.034950000000000092e-01 1.657470000000000054e-01 8.372340000000000337e-02 6.684750000000000414e-02 1.271919999999999995e-01
2.324039999999999995e-01 1.298670000000000102e-01 9.638910000000000533e-02 1.639970000000000039e-01 4.493649999999999728e-02 1.143910000000000066e-01 2.319080000000000030e-01 1.418179999999999996e-01
1.622740000000000016e-01 4.035699999999999704e-02 9.688499999999999890e-02 2.000039999999999873e-01 7.325460000000000305e-02 1.614680000000000004e-01 1.799429999999999918e-01 -3.308559999999999886e-03
1.402470000000000105e-01 1.764999999999999902e-01 1.313960000000000128e-01 9.856789999999999996e-02 4.426549999999999929e-02 1.536530000000000118e-01 5.307869999999999949e-02 1.364440000000000097e-01
2.649409999999999960e-02 1.879850000000000132e-01 1.378749999999999941e-02 7.952770000000000672e-02 2.426520000000000066e-01 2.357400000000000120e-02 1.920119999999999882e-01 7.193750000000000144e-02
1.115280000000000021e-01 1.803980000000000028e-01 1.997579999999999911e-01 3.506979999999999820e-02 1.812599999999999975e-02 1.372170000000000056e-01 2.053539999999999879e-02 1.356370000000000076e-01
1.343640000000000112e-01 6.774460000000000204e-02 5.050869999999999665e-02 2.153770000000000129e-01 1.692659999999999998e-01 6.855179999999999607e-02 6.176169999999999924e-03 9.277879999999999461e-02
2.115819999999999923e-01 7.951289999999999747e-02 1.989630000000000010e-01 1.136729999999999963e-01 1.878469999999999862e-01 -3.868369999999999882e-03 7.954469999999999597e-02 1.816389999999999949e-01
9.928220000000000101e-02 1.706399999999999931e-02 5.950310000000000321e-02 1.835439999999999988e-02 1.803410000000000013e-01 1.250600000000000045e-01 9.636659999999999671e-02 9.663820000000000049e-03
8.755430000000000157e-02 1.689680000000000071e-01 8.479710000000000025e-02 4.323180000000000252e-03 1.026409999999999961e-01 3.273940000000000183e-02 1.544389999999999930e-01 1.418389999999999929e-01
2.735020000000000159e-02 1.031920000000000059e-01 1.239330000000000015e-01 1.198030000000000067e-01 2.167000000000000037e-01 1.569389999999999952e-01 5.082219999999999793e-02 1.394990000000000119e-01
3.197110000000000229e-02 1.300659999999999872e-01 2.293769999999999976e-01 3.949860000000000176e-02 1.821250000000000091e-01 1.098149999999999994e-02 8.646569999999999256e-03 6.246310000000000057e-02
1.239839999999999970e-01 1.527119999999999866e-01 1.878330000000000000e-01 1.725150000000000017e-01 8.767099999999999893e-02 2.475180000000000088e-02 1.202929999999999972e-01 1.747720000000000107e-01
2.586269999999999958e-01 3.066030000000000144e-02 1.527270000000000016e-02 3.695339999999999736e-02 9.276230000000000586e-02 2.294180000000000108e-01 4.967719999999999775e-02 8.882889999999999189e-03
4.337950000000000139e-03 1.057270000000000015e-01 9.547659999999999481e-02 5.716849999999999710e-02 2.189949999999999952e-01 1.625780000000000003e-01 2.578980000000000161e-02 5.319000000000000117e-02
-2.380109999999999951e-03 1.159440000000000054e-01 5.727730000000000321e-02 1.722599999999999965e-01 1.939439999999999914e-02 2.113730000000000053e-01 1.517820000000000003e-01 1.396600000000000064e-01
1.016889999999999981e-02 2.087410000000000099e-01 1.704239999999999922e-01 7.008970000000000478e-02 2.098039999999999905e-01 2.328770000000000007e-01 1.620610000000000106e-01 1.674829999999999930e-01
1.303809999999999969e-01 1.813099999999999989e-01 1.418079999999999896e-01 2.990749999999999919e-03 2.176819999999999866e-01 -3.076049999999999878e-03 1.833639999999999992e-01 4.397910000000000014e-02
6.330360000000000154e-02 1.012799999999999950e-01 7.312029999999999919e-02 1.105619999999999936e-01 3.889809999999999796e-02 1.710740000000000038e-01 9.746860000000000246e-02 1.900020000000000042e-01
4.199490000000000167e-02 9.059380000000000210e-02 1.934740000000000071e-01 1.611489999999999867e-01 1.271160000000000068e-01 1.981860000000000011e-01 5.582360000000000100e-02 3.723579999999999945e-02
1.976580000000000004e-01 1.602869999999999989e-02 1.711260000000000003e-01 2.731950000000000003e-02 9.416510000000000158e-02 1.990460000000000007e-01 2.128099999999999992e-01 1.512030000000000041e-01
1.960220000000000018e-01 1.689470000000000138e-01 1.398749999999999993e-01 3.909870000000000012e-02 9.239060000000000328e-02 3.869820000000000204e-02 2.283340000000000092e-01 6.555350000000000066e-02
1.780170000000000086e-01 1.820779999999999899e-01 4.178010000000000057e-02 1.557939999999999880e-01 1.111110000000000014e-01 5.092030000000000167e-02 2.111379999999999924e-01 1.297290000000000110e-01
1.396759999999999946e-01 1.825940000000000063e-01 4.910239999999999744e-03 7.902189999999999909e-03 3.103339999999999987e-01 4.669059999999999877e-02 2.128269999999999884e-01 2.230590000000000073e-01
3.790919999999999707e-02 8.114359999999999282e-03 1.609190000000000065e-01 1.146070000000000005e-01 1.860930000000000084e-01 1.085929999999999951e-01 8.509350000000000247e-02 1.767190000000000080e-02
2.955289999999999861e-01 2.684799999999999964e-01 7.597629999999999661e-02 1.245800000000000032e-02 1.069269999999999943e-01 8.006749999999999978e-02 2.127609999999999918e-02 1.394299999999999984e-01
7.192250000000000032e-02 1.091570000000000040e-01 1.978640000000000121e-01 1.662770000000000081e-01 1.355230000000000046e-01 2.349950000000000094e-01 1.052109999999999990e-01 1.830330000000000013e-01
7.653060000000000418e-02 1.474939999999999862e-01 1.199899999999999994e-01 2.722910000000000053e-01 2.764769999999999728e-01 3.220580000000000109e-01 1.908769999999999911e-01 6.668060000000000653e-02
2.669259999999999966e-01 2.696790000000000020e-01 8.909919999999999559e-04 1.360109999999999930e-01 2.272409999999999985e-01 7.595570000000000099e-02 3.091229999999999811e-01 1.954169999999999865e-02
3.251420000000000005e-02 1.561349999999999960e-01 2.095410000000000050e-01 1.531770000000000076e-01 1.722930000000000017e-01 1.425099999999999978e-01 1.787120000000000097e-01 -4.477609999999999923e-03
1.804090000000000138e-01 9.276570000000000649e-02 1.123340000000000033e-01 2.059719999999999884e-01 6.414300000000000557e-02 1.959889999999999965e-01 2.440529999999999922e-01 2.101449999999999985e-01
8.750189999999999704e-03 1.735879999999999923e-01 2.162920000000000120e-02 2.801100000000000256e-01 1.882729999999999959e-01 1.452170000000000127e-01 1.014660000000000006e-01 1.661640000000000061e-01
1.196340000000000042e-01 1.790229999999999877e-01 2.330669999999999964e-01 6.238119999999999776e-02 1.589280000000000137e-01 9.168759999999999410e-02 1.759590000000000043e-01 8.296320000000000083e-02
1.770760000000000112e-01 1.274240000000000095e-01 1.002139999999999975e-01 3.017239999999999853e-02 2.184139999999999970e-01 8.233459999999999390e-02 6.641940000000000344e-02 5.520250000000000157e-02
2.664090000000000069e-01 6.125370000000000120e-02 1.784969999999999959e-02 4.013599999999999807e-02 3.627670000000000200e-02 2.640680000000000249e-01 7.997060000000000279e-02 2.689559999999999729e-01
7.085919999999999719e-02 4.903020000000000295e-02 2.087249999999999939e-01 1.764620000000000077e-01 3.101220000000000088e-01 6.394160000000000121e-02 2.051030000000000075e-01 1.715139999999999998e-01
2.908649999999999847e-01 7.629740000000000133e-02 2.429290000000000060e-01 2.718209999999999793e-01 7.613309999999999522e-02 1.838839999999999919e-01 2.510899999999999799e-01 3.859320000000000112e-02
2.431359999999999910e-01 3.374830000000000191e-02 1.473409999999999997e-01 2.369860000000000022e-01 2.154429999999999956e-01 1.360639999999999905e-01 6.153349999999999792e-02 9.058660000000000323e-02
2.777109999999999856e-01 1.585529999999999995e-01 2.873389999999999972e-02 2.088810000000000111e-01 4.953820000000000272e-03 1.091489999999999960e-01 1.255469999999999919e-01 3.164709999999999746e-02
1.221860000000000029e-01 4.890629999999999977e-02 5.811220000000000274e-02 1.855179999999999885e-01 3.364389999999999881e-01 1.200259999999999938e-01 5.031580000000000080e-02 2.163660000000000028e-01
3.481589999999999963e-01 1.657420000000000004e-01 2.015569999999999862e-01 1.274389999999999967e-01 -1.689529999999999851e-02 7.408579999999999333e-02 1.220740000000000020e-01 3.194699999999999762e-01
2.601380000000000012e-02 1.664440000000000086e-01 2.161270000000000135e-01 1.970129999999999937e-01 4.708949999999999941e-02 2.611080000000000068e-01 7.257600000000000162e-02 2.013960000000000056e-02
-1.215349999999999937e-02 1.259359999999999924e-01 5.961690000000000045e-02 3.174529999999999852e-01 1.452180000000000137e-01 3.203619999999999801e-01 3.012460000000000138e-01 6.218379999999999741e-02
3.622250000000000192e-01 1.796139999999999959e-01 1.240290000000000004e-01 2.348989999999999967e-01 1.655189999999999995e-01 3.980360000000000009e-01 1.080860000000000015e-01 1.359819999999999952e-02
1.223650000000000015e-01 5.452839999999999770e-02 1.403629999999999982e-02 2.682149999999999812e-01 1.436530000000000029e-01 1.622360000000000121e-02 4.831989999999999896e-02 4.657899999999999818e-01
1.346680000000000099e-01 7.211220000000000130e-02 2.626700000000000146e-01 3.758369999999999767e-01 3.460489999999999955e-01 3.861299999999999732e-01 2.104989999999999917e-01 1.039749999999999980e-01
2.727189999999999892e-01 1.505289999999999961e-01 1.682170000000000054e-01 1.602629999999999888e-01 1.727760000000000129e-01 3.845149999999999957e-01 1.761500000000000010e-01 1.730339999999999934e-01
4.612539999999999696e-02 1.304329999999999934e-01 9.865000000000000158e-02 2.643559999999999799e-01 2.620939999999999936e-01 1.496409999999999962e-01 1.875439999999999885e-01 -1.213999999999999975e-02
2.044050000000000034e-01 1.143330000000000041e-01 1.921760000000000135e-01 1.614780000000000104e-01 4.487240000000000117e-01 3.448579999999999979e-01 3.452609999999999846e-01 1.233559999999999934e-01
5.428190000000000098e-02 2.938160000000000216e-01 4.172319999999999918e-01 5.898389999999999883e-02 3.456519999999999732e-02 1.525420000000000109e-01 3.578560000000000074e-01 1.490219999999999878e-01
2.873600000000000043e-01 1.934790000000000121e-01 1.949089999999999989e-01 2.669659999999999811e-01 3.682449999999999890e-01 2.010649999999999937e-01 2.209639999999999938e-01 2.089199999999999946e-01
1.012969999999999982e-01 4.663120000000000043e-01 1.240789999999999949e-01 3.900819999999999843e-01 2.416129999999999944e-01 1.204339999999999994e-01 4.929059999999999692e-02 5.375869999999999954e-02
2.428939999999999988e-01 4.764360000000000123e-02 2.321979999999999877e-01 2.101300000000000112e-01 2.501200000000000090e-01 3.597250000000000170e-01 4.158990000000000187e-01 2.229180000000000050e-01
1.842910000000000104e-01 5.387809999999999822e-02 3.136849999999999916e-01 8.904230000000000478e-02 1.695550000000000113e-01 1.393800000000000039e-01 1.980010000000000103e-01 2.703720000000000012e-01
3.374469999999999970e-01 3.129440000000000000e-01 1.329879999999999951e-01 3.271649999999999836e-01 1.112759999999999999e-01 3.970300000000000218e-02 9.945729999999999849e-02 3.229670000000000041e-01
2.330790000000000084e-01 2.485719999999999874e-01 1.822340000000000071e-01 2.293240000000000001e-01 9.251360000000000139e-02 4.795359999999999900e-02 1.312669999999999948e-01 2.477559999999999832e-02
1.832660000000000122e-01 4.347979999999999901e-02 2.722990000000000133e-01 3.721229999999999816e-01 1.845960000000000101e-01 3.763580000000000259e-01 3.215230000000000032e-01 1.571110000000000007e-01
2.107850000000000001e-01 4.410290000000000044e-02 9.394230000000000635e-02 7.514049999999999896e-02 2.066340000000000121e-01 3.438559999999999950e-01 1.158239999999999964e-01 1.926100000000000034e-01
1.975530000000000064e-01 6.596849999999999936e-02 1.271650000000000003e-01 4.908589999999999898e-01 2.017089999999999994e-01 4.697950000000000181e-01 3.509140000000000037e-01 2.816660000000000275e-01
3.073029999999999928e-01 1.391390000000000127e-01 1.425119999999999998e-01 8.971160000000000245e-02 1.093810000000000060e-01 8.247400000000000564e-02 4.157529999999999837e-01 8.681410000000000515e-02
2.704050000000000065e-01 2.605100000000000193e-01 -8.249710000000000376e-03 1.812509999999999954e-01 4.647100000000000120e-01 2.599400000000000044e-01 1.356640000000000068e-01 2.724849999999999772e-01
1.320780000000000010e-01 1.517060000000000075e-01 7.470809999999999951e-02 1.927290000000000114e-01 2.905469999999999997e-01 4.124350000000000238e-02 3.135049999999999781e-01 9.168170000000000486e-02
2.641310000000000047e-01 1.209620000000000001e-01 6.797179999999999889e-02 6.557179999999999953e-02 1.009420000000000039e-01 1.740690000000000015e-01 1.543930000000000025e-01 2.173090000000000022e-01
5.338190000000000296e-02 9.451439999999999841e-02 1.062450000000000061e-01 1.477960000000000107e-01 3.376350000000000184e-01 4.466649999999999787e-01 1.446040000000000103e-01 3.490090000000000137e-01
1.275989999999999902e-01 3.889420000000000099e-01 1.673149999999999915e-01 3.826220000000000176e-01 6.754580000000000306e-02 8.011469999999999703e-02 2.184010000000000118e-01 5.101080000000000059e-01
3.541929999999999801e-01 6.529820000000000069e-02 1.166449999999999987e-01 2.701609999999999845e-01 4.439089999999999703e-02 3.969249999999999723e-01 8.220130000000000492e-02 4.096620000000000261e-01
2.052229999999999888e-01 3.344659999999999855e-01 1.582500000000000018e-01 1.429390000000000105e-01 5.954570000000000141e-01 3.100890000000000035e-01 2.814710000000000267e-01 2.104010000000000047e-01
2.966200000000000087e-02 2.372460000000000124e-01 5.158099999999999907e-01 1.812040000000000040e-01 3.449650000000000216e-01 9.165900000000000436e-02 1.838450000000000084e-01 7.240019999999999789e-02
2.805869999999999753e-01 1.627959999999999963e-01 1.143470000000000042e-01 8.791319999999999690e-02 1.202820000000000000e-01 1.837239999999999984e-01 1.594849999999999879e-01 5.156960000000000433e-01
1.345030000000000114e-01 8.581020000000000314e-02 2.510160000000000169e-01 1.071909999999999946e-01 1.620850000000000068e-01 1.381320000000000048e-01 4.647720000000000184e-01 1.006969999999999948e-01
1.230730000000000018e-01 5.296349999999999669e-01 3.698110000000000008e-01 4.424460000000000059e-01 1.126169999999999949e-01 1.367329999999999934e-01 -2.315520000000000078e-02 1.751510000000000011e-01
3.614559999999999995e-02 1.507570000000000021e-01 2.178440000000000099e-01 1.431830000000000047e-01 1.135189999999999949e-01 5.729900000000000271e-02 1.255689999999999862e-01 2.162439999999999918e-01
4.218770000000000020e-01 3.540889999999999871e-01 3.681719999999999993e-01 9.579940000000000677e-02 2.946429999999999882e-01 1.656390000000000085e-01 5.412850000000000300e-02 1.641829999999999956e-01
1.311039999999999983e-01 3.859060000000000268e-01 7.352499999999999314e-02 2.963480000000000003e-01 1.958969999999999878e-01 6.096150000000000180e-02 2.222699999999999954e-01 1.469949999999999868e-01
3.347029999999999728e-01 2.135909999999999892e-02 1.732489999999999863e-01 3.241640000000000077e-01 1.808740000000000070e-01 2.709790000000000254e-01 7.711410000000000486e-02 5.703380000000000116e-01
1.125089999999999979e-01 3.133989999999999831e-01 6.090510000000000090e-01 1.552949999999999886e-01 3.551369999999999805e-01 4.372909999999999853e-01 5.775620000000000198e-01 4.200490000000000057e-01
1.951819999999999944e-01 2.933499999999999996e-01 1.729650000000000076e-01 4.174030000000000240e-01 -1.833299999999999860e-02 2.480999999999999872e-01 3.612239999999999895e-01 1.243289999999999951e-01
2.066870000000000096e-01 5.996429999999999816e-02 1.896420000000000050e-01 4.972980000000000178e-01 7.352150000000000352e-02 5.266339999999999910e-02 1.197460000000000052e-01 3.777659999999999907e-01
1.013180000000000053e-01 4.242250000000000361e-03 2.842720000000000247e-01 3.599910000000000054e-01 2.769869999999999832e-01 1.819320000000000104e-01 4.654670000000000335e-02 2.120769999999999877e-01
4.221409999999999885e-01 6.677729999999999777e-02 5.940619999999999928e-02 2.338729999999999976e-01 5.107880000000000198e-01 3.153690000000000104e-01 5.640490000000000087e-02 1.334059999999999968e-01
4.771529999999999938e-01 9.290139999999999509e-02 9.532770000000000132e-02 1.009720000000000062e-01 1.302270000000000094e-01 1.018270000000000008e-01 4.873370000000000202e-01 2.354330000000000034e-01
4.344859999999999833e-01 4.547490000000000143e-01 5.817819999999999936e-02 9.677090000000000691e-02 1.224340000000000012e-01 1.006370000000000042e-01 2.546559999999999935e-01 1.414769999999999917e-01
1.199879999999999974e-01 3.850939999999999919e-02 2.385140000000000038e-01 1.280260000000000009e-01 1.050880000000000009e-01 -1.841670000000000113e-02 2.814749999999999752e-01 4.302969999999999851e-01
3.166530000000000178e-01 2.060440000000000049e-01 2.354880000000000029e-01 1.484540000000000026e-01 2.783539999999999903e-01 2.506570000000000187e-01 1.263920000000000043e-01 1.904859999999999887e-01
3.016229999999999745e-01 8.967809999999999671e-02 1.291819999999999913e-01 4.050690000000000124e-01 5.068179999999999907e-01 8.966999999999999971e-02 3.382870000000000044e-01 8.234270000000000478e-02
4.529949999999999810e-01 3.705100000000000060e-01 2.175239999999999951e-01 1.887159999999999949e-01 1.144519999999999982e-01 1.036880000000000024e-01 8.549320000000000530e-02 1.872870000000000090e-01
6.761470000000000535e-01 1.585680000000000076e-02 4.037290000000000045e-01 6.579770000000000341e-01 1.567739999999999967e-01 6.053129999999999900e-01 3.133090000000000042e-01 5.133720000000000505e-01
5.264830000000000343e-01 6.830640000000000045e-01 4.013689999999999758e-01 6.948970000000000147e-02 4.100409999999999888e-01 9.245739999999999514e-02 6.413170000000000259e-01 1.014670000000000016e-01
9.876119999999999344e-02 6.088829999999999520e-01 2.267020000000000146e-02 6.462880000000000014e-02 1.317749999999999998e-02 1.404610000000000025e-01 1.955550000000000066e-01 1.791459999999999997e-01
2.364410000000000123e-02 1.271319999999999950e-01 4.821710000000000163e-01 9.799199999999999577e-02 1.627139999999999975e-01 7.941360000000000086e-02 2.020129999999999981e-01 6.821019999999999861e-02
1.389229999999999909e-01 1.145150000000000057e-01 4.757859999999999867e-01 1.668630000000000113e-01 2.538300000000000001e-01 1.274569999999999870e-01 3.795200000000000240e-01 5.442719999999999780e-01
1.409580000000000000e-01 1.558049999999999990e-01 5.302029999999999937e-02 4.463559999999999750e-01 8.236250000000000515e-02 3.120439999999999880e-01 1.294909999999999950e-01 4.779269999999999907e-01
1.976449999999999874e-01 4.230099999999999971e-01 1.578489999999999893e-01 1.212720000000000048e-01 1.192349999999999938e-01 6.126890000000000114e-02 3.168880000000000030e-01 3.466389999999999749e-01
2.294970000000000065e-01 1.511409999999999976e-01 3.394760000000000000e-01 3.654899999999999816e-01 7.964599999999999458e-02 7.163859999999999673e-01 6.512670000000000403e-01 2.722450000000000148e-01
4.206290000000000029e-02 6.501670000000000504e-01 4.567669999999999786e-01 3.074919999999999876e-01 3.612150000000000083e-01 2.863390000000000102e-01 4.700280000000000014e-01 1.812709999999999877e-01
2.976840000000000128e-03 8.795079999999999565e-02 5.839320000000000066e-01 3.809040000000000203e-01 1.249409999999999965e-01 2.326719999999999899e-01 6.135950000000000015e-01 2.846509999999999874e-01
1.167139999999999983e-01 8.157910000000000161e-02 2.871179999999999843e-01 1.936090000000000033e-01 3.738739999999999841e-01 1.698759999999999992e-01 5.502369999999999761e-01 9.383829999999999949e-02
1.826579999999999870e-01 5.803690000000000238e-01 3.366580000000000128e-01 2.022899999999999976e-01 2.316539999999999988e-01 6.070719999999999450e-01 3.540309999999999846e-01 4.982840000000000047e-01
4.793299999999999783e-01 4.131549999999999945e-01 1.008649999999999998e-02 3.121029999999999985e-02 3.604789999999999939e-01 1.863209999999999866e-01 4.608959999999999724e-01 2.882419999999999982e-01
1.765649999999999997e-01 5.883109999999999729e-02 3.925870000000000193e-01 2.684170000000000167e-01 4.642919999999999825e-01 8.970559999999999645e-02 3.982950000000000101e-01 6.548180000000000112e-01
1.767410000000000092e-01 7.908360000000000389e-02 1.234620000000000023e-01 3.684319999999999817e-01 1.288839999999999986e-01 3.388499999999999845e-01 3.402410000000000156e-01 5.097580000000000444e-01
7.390309999999999935e-01 4.560640000000000249e-01 1.841319999999999901e-01 2.065079999999999971e-01 7.638799999999999757e-02 2.214520000000000099e-01 1.050729999999999997e-01 1.235409999999999980e-01
2.066659999999999886e-01 3.896249999999999991e-01 7.724649999999999572e-01 1.612030000000000129e-01 1.336779999999999913e-01 3.705590000000000273e-01 2.088200000000000056e-01 8.094510000000000594e-02
3.430250000000000243e-01 6.051990000000000147e-02 5.689170000000000060e-01 1.566859999999999919e-01 4.918339999999999934e-01 1.401769999999999960e-01 9.226579999999999504e-02 6.884069999999999911e-01
8.850790000000000046e-02 1.040360000000000035e-01 3.633480000000000043e-01 1.407879999999999965e-01 5.059219999999999828e-01 6.977740000000000054e-01 1.522390000000000132e-01 2.242000000000000104e-01
5.861589999999999856e-01 4.975029999999999730e-01 2.086480000000000001e-01 5.856289999999999552e-01 6.152170000000000138e-01 5.985709999999999642e-01 4.348569999999999935e-01 4.334950000000000192e-01
1.853289999999999937e-01 7.209459999999999757e-01 1.099340000000000039e-01 2.790199999999999902e-01 6.469359999999999555e-01 4.836549999999999877e-02 5.628219999999999751e-02 4.376200000000000090e-01
1.415839999999999876e-01 6.558209999999999873e-01 3.438350000000000017e-01 2.031270000000000020e-01 4.075219999999999954e-01 1.116810000000000025e-01 6.547060000000000102e-01 6.026839999999999975e-01
2.532690000000000219e-01 3.233150000000000190e-01 5.517800000000000482e-01 1.640089999999999881e-01 8.742419999999999636e-01 3.436299999999999910e-01 1.513280000000000094e-03 6.857790000000000274e-01
6.805020000000000513e-01 6.094179999999999736e-02 4.097540000000000071e-01 1.185709999999999958e-01 4.501649999999999818e-01 5.072799999999999532e-01 1.244870000000000004e-01 2.100619999999999987e-01
3.351770000000000027e-01 6.328920000000000101e-01 4.433389999999999831e-01 1.030660000000000048e-01 1.968959999999999877e-01 8.901760000000000228e-02 5.272480000000000222e-02 7.393539999999999557e-01
4.756440000000000112e-01 5.661199999999999566e-01 3.476899999999999991e-01 5.321649999999999991e-01 3.256830000000000003e-01 2.139340000000000130e-01 2.740230000000000166e-01 3.188779999999999948e-01
3.128850000000000242e-01 1.344680000000000042e-01 6.504930000000000434e-02 8.204550000000000454e-01 4.149059999999999970e-01 3.318570000000000131e-01 6.203079999999999705e-01 5.408190000000000497e-01
2.987659999999999760e-01 7.198010000000000241e-01 4.017089999999999828e-01 7.300219999999999487e-01 2.681859999999999800e-01 6.833970000000000322e-01 2.770810000000000217e-01 6.193870000000000209e-01
3.659510000000000263e-01 2.143720000000000070e-01 4.202859999999999929e-01 1.732910000000000006e-01 1.892629999999999868e-01 1.577149999999999941e-01 1.453969999999999985e-01 1.708719999999999961e-01
7.107810000000000517e-02 6.820339999999999736e-02 4.488199999999999967e-01 5.540439999999999948e-02 3.780990000000000184e-01 2.234939999999999982e-01 1.308330000000000048e-01 5.103680000000000022e-02
6.989199999999999857e-01 2.793109999999999760e-01 1.941559999999999953e-01 2.906799999999999939e-01 6.313090000000000090e-01 1.622369999999999923e-01 1.465819999999999901e-01 4.393129999999999952e-02
2.877060000000000173e-01 3.235930000000000195e-01 1.293620000000000048e-01 6.092149999999999510e-01 4.108040000000000025e-01 1.741139999999999910e-01 1.078250000000000042e-01 7.378759999999999764e-01
5.193609999999999616e-01 5.545350000000000001e-01 6.239710000000000534e-01 1.825880000000000003e-01 2.351789999999999992e-01 2.494230000000000058e-01 6.207799999999999985e-01 9.364060000000000439e-02
2.046119999999999883e-01 2.438049999999999939e-01 3.065229999999999899e-01 3.062650000000000095e-01 7.319670000000000343e-01 3.839850000000000207e-01 1.014209999999999973e-01 4.201779999999999959e-01
2.984049999999999758e-01 7.041600000000000081e-01 5.715240000000000320e-01 2.606189999999999896e-01 1.858049999999999979e-01 5.722869999999999902e-01 9.518509999999999471e-02 4.133530000000000260e-01
6.376979999999999871e-01 2.471780000000000088e-01 8.490889999999999826e-01 7.959709999999999841e-01 3.348670000000000258e-01 1.109200000000000047e-01 3.251079999999999942e-02 2.195890000000000064e-01
1.869889999999999886e-01 6.392599999999999671e-02 2.129999999999999949e-01 2.592039999999999900e-01 2.919829999999999925e-01 6.036200000000000454e-01 1.771890000000000132e-01 1.560930000000000095e-01
4.462900000000000200e-01 2.013330000000000120e-01 5.931990000000000318e-01 1.089790000000000064e-01 1.632170000000000010e-01 4.510959999999999970e-01 2.853820000000000245e-01 3.594809999999999950e-01
5.309150000000000258e-01 2.295190000000000008e-01 1.571379999999999999e-01 5.443179999999999685e-01 5.070789999999999464e-01 3.783429999999999849e-01 3.904040000000000288e-02 4.529210000000000180e-01
2.117489999999999928e-01 3.722090000000000121e-01 5.599429999999999685e-01 2.205870000000000053e-01 4.754680000000000017e-01 9.860099999999999421e-02 4.991229999999999833e-01 2.445180000000000131e-01
3.654629999999999823e-01 9.221019999999999772e-01 2.956570000000000031e-01 8.306620000000000670e-02 3.950690000000000035e-01 9.139890000000000514e-01 1.606690000000000063e-01 5.265720000000000400e-01
2.863859999999999739e-01 2.668590000000000129e-01 1.607000000000000095e-01 3.106050000000000200e-01 1.815769999999999884e-02 1.518510000000000137e-01 5.635430000000000161e-01 6.790540000000000465e-01
5.633359999999999757e-02 8.124120000000000230e-01 1.575209999999999944e-01 4.863880000000000287e-02 7.531109999999999749e-01 2.432860000000000023e-01 4.057839999999999780e-01 6.998389999999999889e-01
3.219790000000000152e-01 3.776530000000000165e-01 1.030159999999999965e-01 2.547329999999999872e-01 8.944000000000000561e-02 3.999260000000000037e-01 1.122329999999999994e-01 2.945900000000000185e-01
2.438589999999999855e-02 2.139280000000000070e-01 4.796690000000000120e-01 1.178050000000000069e-01 1.459010000000000029e-01 6.004219999999999696e-02 8.610130000000000561e-02 1.517509999999999970e-01
1.659239999999999882e-01 4.541080000000000116e-01 5.493289999999999562e-01 5.304680000000000506e-01 3.695039999999999991e-01 1.968100000000000127e-01 1.460170000000000079e-01 3.422859999999999792e-01
6.924190000000000067e-01 1.687849999999999906e-01 4.375450000000000172e-01 1.206379999999999952e-01 3.415440000000000142e-01 1.493109999999999993e-01 5.463189999999999991e-01 1.702160000000000062e-01
2.457449999999999912e-01 7.103739999999999499e-01 7.522550000000000070e-01 5.689840000000000453e-01 8.347759999999999625e-01 3.051800000000000068e-01 6.955339999999999856e-01 3.858210000000000250e-01
2.663240000000000052e-01 6.433689999999999687e-01 9.276739999999999986e-02 2.110029999999999961e-01 1.585759999999999947e-01 7.421099999999999919e-02 2.331129999999999869e-01 4.526209999999999956e-01
7.798579999999999401e-02 6.059259999999999646e-01 2.971719999999999917e-01 1.257949999999999902e-01 6.405779999999999808e-01 4.473190000000000222e-01 4.311070000000000180e-01 7.745959999999999512e-01
6.003990000000000160e-01 1.588150000000000117e-01 3.906749999999999945e-01 5.721070000000000322e-01 2.570180000000000242e-01 2.443470000000000086e-01 4.893259999999999832e-01 5.968579999999999997e-01
3.325429999999999775e-01 3.251129999999999853e-01 4.930059999999999998e-01 3.089580000000000104e-01 4.533260000000000067e-01 1.253920000000000035e-01 1.970570000000000099e-01 5.530449999999999949e-02
4.460270000000000068e-01 6.261719999999999509e-01 4.811940000000000106e-01 4.234580000000000011e-01 9.235960000000000003e-02 7.020510000000000639e-02 9.474749999999999561e-01 2.974970000000000114e-01
4.497470000000000079e-01 6.980140000000000233e-01 2.529270000000000129e-01 3.249190000000000134e-01 3.594579999999999997e-01 4.062749999999999972e-01 8.714539999999999509e-01 8.159299999999999886e-02
2.342860000000000081e-02 1.009250000000000008e-01 1.468150000000000011e-01 6.699019999999999975e-02 2.728289999999999882e-01 2.182119999999999893e-01 1.376390000000000079e-02 8.620170000000000332e-01
6.944369999999999710e-01 4.314140000000000197e-01 3.471290000000000209e-01 1.133500000000000063e-01 8.762119999999999909e-01 4.005949999999999789e-01 8.390490000000000448e-02 1.026259999999999950e-01
7.933479999999999699e-02 7.619019999999999682e-01 6.532729999999999926e-01 9.770929999999999893e-02 5.690509999999999735e-01 2.376419999999999921e-01 6.056770000000000209e-01 6.697589999999999932e-01
3.466159999999999797e-01 2.856380000000000030e-01 4.963330000000000242e-01 5.858959999999999724e-01 2.549409999999999732e-01 8.964400000000000146e-02 2.221849999999999936e-01 1.192310000000000036e-01
6.195939999999999781e-01 2.142419999999999880e-01 3.954230000000000245e-01 3.458990000000000120e-01 9.433750000000000469e-02 6.553579999999999961e-01 7.068750000000000033e-02 5.754029999999999978e-01
9.177689999999999459e-02 4.556109999999999882e-01 3.712610000000000077e-01 6.152119999999999811e-01 1.568370000000000042e-01 2.537070000000000158e-01 1.212300000000000044e-01 9.086879999999999957e-02
1.767330000000000012e-01 2.151029999999999887e-01 7.296809999999999408e-02 5.128540000000000321e-01 4.941159999999999997e-01 3.658259999999999845e-01 3.966859999999999831e-01 7.273509999999999698e-01
5.582160000000000455e-01 5.159559999999999702e-01 9.316679999999999406e-02 4.184519999999999906e-01 2.111230000000000051e-01 4.887489999999999890e-01 3.028000000000000136e-01 2.497429999999999928e-01
3.022799999999999931e-01 3.156079999999999997e-02 5.604320000000000412e-01 3.724609999999999865e-01 1.573700000000000099e-01 6.288310000000000288e-01 6.562550000000000328e-01 4.193259999999999765e-01
7.177599999999999536e-01 2.388589999999999880e-01 5.304950000000000498e-01 9.272359999999999491e-01 6.728720000000000256e-01 2.135770000000000030e-02 1.689660000000000051e-01 4.046370000000000244e-01
5.620899999999999785e-01 4.950519999999999921e-01 3.996540000000000092e-01 2.409739999999999938e-01 2.450009999999999966e-01 1.479520000000000002e-01 1.350040000000000129e-01 2.594810000000000172e-01
4.806710000000000149e-01 5.887139999999999734e-02 6.612299999999999844e-01 2.025230000000000086e-01 4.126179999999999848e-01 6.440949999999999731e-01 2.210229999999999972e-01 7.368449999999999722e-01
2.368339999999999890e-01 8.094789999999999486e-01 6.681059999999999777e-01 3.855910000000000171e-01 5.592110000000000136e-01 8.505519999999999747e-01 3.472049999999999859e-01 8.641799999999999482e-01
6.914709999999999468e-01 3.828759999999999941e-01 7.028529999999999500e-01 2.612780000000000102e-01 9.408539999999999681e-01 3.718040000000000234e-01 9.070719999999999894e-01 4.741190000000000127e-01
9.203249999999999487e-01 4.677740000000000231e-01 5.911560000000000148e-01 3.246970000000000134e-01 6.446039999999999548e-01 2.869570000000000176e-01 3.348209999999999797e-01 3.219650000000000012e-01
8.449410000000000531e-01 4.428139999999999854e-01 5.769130000000000091e-01 1.305189999999999961e-01 2.642680000000000029e-01 3.548410000000000175e-01 4.648570000000000202e-01 6.629699999999999482e-01
4.205320000000000169e-01 3.903159999999999963e-01 4.361369999999999969e-01 2.594219999999999859e-01 1.668179999999999941e-01 3.696180000000000021e-01 2.337460000000000093e-01 8.826709999999999834e-01
5.339220000000000077e-01 7.824630000000000196e-01 4.331160000000000010e-01 4.483340000000000103e-01 2.786190000000000055e-01 1.315419999999999923e-01 3.126840000000000175e-01 7.078849999999999865e-01
5.971600000000000241e-01 3.532060000000000199e-01 2.112860000000000016e-01 2.397009999999999974e-01 5.300669999999999549e-01 1.531679999999999986e-01 2.075710000000000055e-01 2.288280000000000036e-01
1.443500000000000061e-01 2.814220000000000055e-01 1.502570000000000017e-01 4.395689999999999875e-01 1.605749999999999955e-01 2.804240000000000066e-01 3.833700000000000302e-02 1.135020000000000057e-01
6.319559999999999622e-01 6.934390000000000276e-01 3.833550000000000013e-01 4.175670000000000215e-01 3.953079999999999927e-01 3.572699999999999765e-01 3.681409999999999960e-01 2.133269999999999889e-01
1.500609999999999999e-01 3.840140000000000220e-01 3.630099999999999993e-01 3.254850000000000243e-01 2.192179999999999962e-01 5.981260000000000465e-01 2.467540000000000011e-01 3.578060000000000129e-01
6.904350000000000209e-01 4.142179999999999751e-01 5.241959999999999953e-01 2.093029999999999891e-01 1.804270000000000040e-01 6.338740000000000485e-01 2.129639999999999866e-01 4.598550000000000137e-01
2.006249999999999978e-01 1.825110000000000066e-01 5.219610000000000083e-01 6.646779999999999911e-01 4.522820000000000173e-01 1.231040000000000051e-01 8.724490000000000300e-01 6.973660000000000414e-01
5.768219999999999459e-01 7.452140000000000430e-01 7.125589999999999702e-02 5.999700000000000033e-01 5.830889999999999684e-01 2.851400000000000046e-01 4.026890000000000192e-01 5.282799999999999718e-01
5.920299999999999452e-01 5.791009999999999769e-01 5.641020000000000062e-02 5.437199999999999811e-01 1.446310000000000096e-01 1.745960000000000012e-01 2.708530000000000104e-01 5.977040000000000131e-01
2.248970000000000136e-01 7.675570000000000448e-01 1.981539999999999968e-01 3.862360000000000237e-01 4.948089999999999988e-01 6.005190000000000250e-01 2.392289999999999972e-01 8.110829999999999429e-02
8.041889999999999455e-03 2.503489999999999882e-01 9.490330000000000155e-01 5.619030000000000413e-01 1.371920000000000084e-01 4.106290000000000218e-01 2.372039999999999982e-01 2.638929999999999887e-01
8.198830000000000284e-01 6.776790000000000591e-02 1.371759999999999924e-01 1.787849999999999995e-01 5.226849999999999552e-01 3.426660000000000261e-01 4.481169999999999876e-01 1.810289999999999955e-01
2.250959999999999905e-01 1.519989999999999952e-01 2.657809999999999895e-01 5.191280000000000339e-01 4.611990000000000256e-01 2.917520000000000113e-01 2.270780000000000021e-01 1.525539999999999952e-01
3.765189999999999926e-01 1.123370000000000063e-01 9.997890000000000388e-01 7.382069999999999466e-01 6.494090000000000140e-01 9.818759999999999710e-01 6.839760000000000284e-01 3.525400000000000200e-01
4.980680000000000107e-01 2.301729999999999887e-01 8.326090000000000435e-01 3.617920000000000025e-01 6.874860000000000415e-01 2.747760000000000202e-01 4.713939999999999797e-01 5.160069999999999935e-01
7.817650000000000432e-01 4.124329999999999941e-01 5.484369999999999523e-01 6.246000000000000441e-01 3.546500000000000208e-01 1.768109999999999959e-01 1.015090000000000020e-01 8.211030000000000273e-01
5.027599999999999847e-01 8.365930000000000311e-01 5.685280000000000195e-02 3.198520000000000252e-01 7.715579999999999661e-01 6.471890000000000143e-01 9.507119999999999460e-02 6.800329999999999986e-01
1.544139999999999957e-01 5.802960000000000340e-01 7.018959999999999644e-01 4.693800000000000194e-01 6.083279999999999799e-01 4.507499999999999840e-01 2.061810000000000032e-01 1.776699999999999946e-01
7.162610000000000365e-01 1.606150000000000078e-01 6.811019999999999852e-01 3.010059999999999958e-01 3.192539999999999822e-01 9.613639999999999963e-01 5.853690000000000282e-01 3.372120000000000117e-01
9.101589999999999681e-02 1.354889999999999983e-01 4.149379999999999735e-01 7.235420000000000185e-01 7.154439999999999689e-01 7.178189999999999849e-01 2.341870000000000063e-01 3.493399999999999839e-01
1.619470000000000076e-01 3.240669999999999940e-01 1.695709999999999995e-01 8.024670000000000414e-01 3.778679999999999817e-01 1.445649999999999991e-01 2.747060000000000057e-01 3.275500000000000078e-01
4.077439999999999953e-01 2.377839999999999954e-01 1.337170000000000025e-01 7.124949999999999894e-01 5.574750000000000538e-01 4.659090000000000176e-01 4.600569999999999937e-01 2.195699999999999874e-01
3.526500000000000190e-01 1.936170000000000113e-01 3.894079999999999764e-01 4.681150000000000033e-01 6.163429999999999742e-01 7.999649999999999817e-02 7.072580000000000533e-01 3.725049999999999750e-01
3.854469999999999841e-01 3.200239999999999752e-01 2.736020000000000119e-01 9.429910000000000236e-01 8.034609999999999808e-01 4.679869999999999863e-01 3.768020000000000258e-01 4.902119999999999811e-01
3.696409999999999973e-01 1.631360000000000032e-01 3.017520000000000202e-01 2.094739999999999935e-01 3.081570000000000142e-01 3.117340000000000111e-01 3.860060000000000158e-01 8.234460000000000113e-01
2.902569999999999872e-01 1.652879999999999905e-01 4.727629999999999888e-01 7.545349999999999557e-01 7.578099999999999836e-01 3.248969999999999914e-01 6.265039999999999498e-01 2.436369999999999925e-01
4.732080000000000175e-01 1.425690000000000013e-01 2.601069999999999771e-01 5.589290000000000092e-01 6.840230000000000476e-01 4.757290000000000130e-01 1.650709999999999955e-01 1.242769999999999986e-01
2.698260000000000103e-01 3.755370000000000097e-01 1.636789999999999912e-01 3.946120000000000183e-01 7.654549999999999965e-01 3.153590000000000004e-01 6.276720000000000077e-01 8.561469999999999914e-01
6.551270000000000149e-01 8.183160000000000434e-01 6.898339999999999472e-01 3.257579999999999920e-01 9.235780000000000101e-01 6.876430000000000042e-01 1.019540000000000030e-01 7.657220000000000137e-01
1.371090000000000086e-01 2.895139999999999936e-01 1.611920000000000019e-01 5.191120000000000179e-01 5.641159999999999508e-01 4.980689999999999840e-01 3.527609999999999912e-01 5.551279999999999548e-01
1.426489999999999980e-01 1.917379999999999918e-01 5.239390000000000436e-01 9.524169999999999581e-01 1.284800000000000109e-01 1.430859999999999910e-01 9.378290000000000237e-01 8.909169999999999590e-02
2.036860000000000059e-01 5.549760000000000248e-01 9.978139999999999787e-01 7.317379999999999995e-01 6.022070000000000478e-01 3.799060000000000215e-01 3.410090000000000066e-01 2.975130000000000274e-01
5.717629999999999935e-02 8.784619999999999651e-01 2.518739999999999868e-01 5.964180000000000037e-01 5.090959999999999930e-01 7.570019999999999527e-01 1.459239999999999982e-01 5.458830000000000071e-01
7.062190000000000412e-01 6.993460000000000232e-01 1.884560000000000124e-01 5.981959999999999500e-01 9.672830000000000039e-01 5.909379999999999633e-01 3.685069999999999735e-01 7.874290000000000456e-01
6.561909999999999688e-01 3.563879999999999826e-01 6.108400000000000496e-01 2.239770000000000094e-01 7.656389999999999585e-01 3.965969999999999773e-01 9.546149999999999913e-01 7.037189999999999834e-01
9.955020000000000535e-02 1.397180000000000089e-01 1.105840000000000017e-01 2.415750000000000119e-01 3.738099999999999756e-01 1.298970000000000125e-01 4.224669999999999814e-01 2.632599999999999940e-01
5.016869999999999941e-01 4.318609999999999949e-01 2.652700000000000058e-01 1.840420000000000111e-01 6.114169999999999883e-01 8.258480000000000265e-01 2.635230000000000072e-01 2.798849999999999949e-01
1.474280000000000035e-01 8.075250000000000483e-01 4.091509999999999869e-01 7.808119999999999505e-01 5.046680000000000055e-01 5.749279999999999946e-01 6.880969999999999587e-01 2.467630000000000101e-01
4.623519999999999852e-01 4.622550000000000270e-01 4.745960000000000178e-01 4.019829999999999792e-01 3.111780000000000102e-01 7.456000000000000405e-01 7.199229999999999796e-01 6.623480000000000478e-01
2.901449999999999863e-01 8.960029999999999939e-01 2.075180000000000080e-01 3.225219999999999754e-01 3.654780000000000251e-01 1.524749999999999994e-01 4.634759999999999991e-01 3.226979999999999849e-01
8.881539999999999990e-01 4.192919999999999980e-01 6.714280000000000248e-01 4.811280000000000001e-01 7.285639999999999894e-01 3.999340000000000117e-01 4.194869999999999988e-01 4.031399999999999983e-01
8.338839999999999586e-01 6.549660000000000482e-01 1.406409999999999882e-01 7.590700000000000225e-01 5.831610000000000404e-01 3.460710000000000175e-01 4.147020000000000151e-01 6.848229999999999595e-01
6.465549999999999908e-01 7.417200000000000459e-01 3.969880000000000075e-01 2.681350000000000122e-01 1.308259999999999978e-01 9.684900000000000453e-02 5.839280000000000026e-01 4.060199999999999920e-01
3.335389999999999744e-01 7.303990000000000204e-01 7.550989999999999647e-01 2.227250000000000063e-01 5.613620000000000276e-01 3.573939999999999895e-01 9.575799999999999867e-01 1.303469999999999906e-01
2.459600000000000120e-01 7.903630000000000377e-01 7.271339999999999471e-01 5.875110000000000054e-01 5.483930000000000193e-01 6.156730000000000258e-01 3.467569999999999819e-01 4.589420000000000166e-01
6.860540000000000527e-01 3.105169999999999875e-01 4.299529999999999741e-01 4.172339999999999938e-01 4.750610000000000110e-01 2.732850000000000001e-01 6.112699999999999800e-01 6.079379999999999784e-01
1.852910000000000112e-01 8.751189999999999802e-01 4.738450000000000162e-01 4.540290000000000159e-01 6.506070000000000464e-01 2.372009999999999952e-01 8.007140000000000368e-01 6.325669999999999904e-01
3.576610000000000067e-01 2.456780000000000075e-01 2.264980000000000049e-01 1.250989999999999880e-01 2.891190000000000149e-01 2.331570000000000031e-01 7.600360000000000449e-01 7.831219999999999848e-02
1.918580000000000008e-01 2.173730000000000107e-01 3.941290000000000071e-01 5.122729999999999784e-01 8.614920000000000355e-01 6.259519999999999529e-01 2.347629999999999995e-01 5.166629999999999834e-01
3.928719999999999990e-01 8.555960000000000232e-01 9.056170000000000053e-01 1.179759999999999975e-01 4.351149999999999740e-01 7.569240000000000690e-02 5.177789999999999893e-01 8.516409999999999814e-01
3.649519999999999986e-01 3.337749999999999884e-01 3.719560000000000227e-02 2.239599999999999924e-01 7.115489999999999871e-01 4.188790000000000013e-01 9.539440000000000142e-01 9.060059999999999780e-01
2.126780000000000059e-01 2.503299999999999970e-01 1.104949999999999960e-01 1.848829999999999918e-01 2.339350000000000041e-01 1.735450000000000048e-01 1.975270000000000081e-01 7.496620000000000505e-01
3.621360000000000134e-01 9.100510000000000543e-01 3.430409999999999848e-01 3.062239999999999962e-01 5.731859999999999733e-01 3.999300000000000077e-01 3.358760000000000079e-01 7.886119999999999797e-01
6.193039999999999656e-01 3.527060000000000195e-01 2.184689999999999965e-01 5.175170000000000048e-01 6.405290000000000150e-01 3.815209999999999990e-01 6.378610000000000113e-01 2.190380000000000105e-01
8.460959999999999592e-01 2.463140000000000052e-01 2.785469999999999891e-01 5.361620000000000275e-01 6.168879999999999919e-01 9.773220000000000240e-01 5.012280000000000069e-01 4.350350000000000050e-01
6.158430000000000293e-01 8.753750000000000142e-01 8.437759999999999705e-01 5.007869999999999822e-01 4.226329999999999809e-01 5.949389999999999956e-01 9.256630000000000136e-01 3.669049999999999812e-01
7.405159999999999521e-01 7.841879999999999962e-01 5.747090000000000254e-01 2.275469999999999993e-01 2.271730000000000138e-01 4.679189999999999738e-01 7.806889999999999663e-01 4.420749999999999957e-01
7.553600000000000314e-01 4.079599999999999893e-01 7.273810000000000553e-01 9.770440000000000236e-01 2.628659999999999886e-01 6.036610000000000031e-01 1.092640000000000000e-01 8.480490000000000528e-01
2.291870000000000018e-01 4.122939999999999938e-01 3.568120000000000180e-01 1.257469999999999977e-01 3.351009999999999822e-01 8.186999999999999833e-01 9.969609999999999861e-01 1.320610000000000117e-01
6.572339999999999849e-01 6.897450000000000525e-01 2.020689999999999986e-01 2.427799999999999958e-01 3.018589999999999884e-01 7.189330000000000442e-01 2.443359999999999976e-01 1.568579999999999974e-01
8.351720000000000255e-01 3.524559999999999915e-01 2.168849999999999945e-01 6.240510000000000224e-01 3.193710000000000160e-01 3.656840000000000090e-01 5.004359999999999919e-01 9.807219999999999827e-01
1.715500000000000080e-01 5.847050000000000303e-01 8.869259999999999922e-01 5.483550000000000368e-01 5.128629999999999578e-01 3.819969999999999755e-01 1.938090000000000090e-01 1.518009999999999915e-01
5.576039999999999885e-01 6.756029999999999536e-01 7.269250000000000433e-01 7.763029999999999653e-01 4.212770000000000126e-01 6.089269999999999960e-01 1.315520000000000023e-01 4.083539999999999948e-01
7.430419999999999803e-01 4.330459999999999865e-01 6.561129999999999463e-01 7.093220000000000081e-01 7.976199999999999957e-01 8.706049999999999622e-01 5.658050000000000024e-01 8.831510000000000193e-01
5.393219999999999681e-01 4.453500000000000236e-01 3.072280000000000011e-01 5.524390000000000134e-01 6.971779999999999644e-01 2.701620000000000132e-01 5.692230000000000206e-02 9.741300000000000514e-01
1.427049999999999985e-01 9.466080000000000050e-01 2.650120000000000253e-01 5.523649999999999949e-01 9.419189999999999507e-01 7.974879999999999747e-01 2.691330000000000111e-01 1.413300000000000112e-01
3.515039999999999831e-01 2.259799999999999864e-01 6.253020000000000245e-01 3.293889999999999874e-01 7.697939999999999783e-01 9.466300000000000409e-03 3.332749999999999879e-01 9.217729999999999535e-01
1.510309999999999986e-01 5.747520000000000406e-01 8.912879999999999692e-01 6.153429999999999733e-01 6.641909999999999759e-01 5.324419999999999709e-01 3.063000000000000167e-01 9.607529999999999681e-01
6.323039999999999772e-01 6.520559999999999690e-01 6.763270000000000115e-01 9.335790000000000477e-01 8.114249999999999519e-01 4.842389999999999750e-01 5.341160000000000352e-01 1.280689999999999884e-01
1.308090000000000086e-01 7.137620000000000076e-01 3.167880000000000140e-01 4.528150000000000230e-01 6.590989999999999904e-01 2.480400000000000105e-01 9.478849999999999776e-01 3.229020000000000223e-01
6.761549999999999505e-01 2.958600000000000119e-01 5.763930000000000442e-01 3.733469999999999844e-01 8.187879999999999603e-01 5.423930000000000140e-01 8.428069999999999729e-01 4.964740000000000264e-01
5.869100000000000428e-01 6.069129999999999664e-02 7.374249999999999972e-01 8.832320000000000171e-01 9.704899999999999638e-01 5.429979999999999807e-01 9.241890000000000382e-01 3.921899999999999831e-01
5.087739999999999485e-01 2.011960000000000137e-01 1.558900000000000008e-01 5.818179999999999463e-01 2.266090000000000049e-01 4.430200000000000249e-01 6.208439999999999515e-01 2.591849999999999987e-01
4.934950000000000170e-01 7.894830000000000458e-01 5.861640000000000184e-01 6.596779999999999866e-01 4.619510000000000005e-01 6.387049999999999672e-01 3.410440000000000138e-01 4.675529999999999964e-01
2.015800000000000092e-01 5.819830000000000281e-01 9.009019999999999806e-01 3.038569999999999882e-01 1.682339999999999947e-01 3.111689999999999734e-01 2.208789999999999920e-01 6.571059999999999679e-01
9.058899999999999730e-01 1.433560000000000112e-01 5.781849999999999490e-01 2.278580000000000050e-01 3.221789999999999932e-01 2.755119999999999791e-01 4.608260000000000134e-01 7.673640000000000461e-01
4.029280000000000084e-01 6.645759999999999446e-01 3.986370000000000191e-01 2.062029999999999974e-01 7.961350000000000371e-01 5.941530000000000422e-01 8.720729999999999871e-01 4.896900000000000142e-01
7.440499999999999892e-01 6.369669999999999499e-01 5.423170000000000490e-01 3.336939999999999906e-01 6.062130000000000019e-01 4.346519999999999828e-01 3.710620000000000029e-01 9.195410000000000528e-01
2.926019999999999732e-01 4.702560000000000073e-01 6.651369999999999505e-02 6.697680000000000300e-01 4.106040000000000245e-01 8.245080000000000187e-01 6.136030000000000095e-01 2.657660000000000022e-01
3.204400000000000026e-01 1.604309999999999903e-01 6.574069999999999636e-01 5.855200000000000404e-01 2.225540000000000018e-01 5.955059999999999798e-01 1.101980000000000043e-01 5.991779999999999884e-01
4.500000000000000111e-01 6.708150000000000501e-01 3.433720000000000105e-01 5.027890000000000414e-01 1.916029999999999955e-01 6.960389999999999633e-01 2.141470000000000040e-01 8.420339999999999492e-01
3.486110000000000042e-01 5.335640000000000382e-01 9.358560000000000212e-01 6.630890000000000395e-01 2.283219999999999972e-01 1.730500000000000094e-01 3.222860000000000169e-01 3.429729999999999723e-01
1.771939999999999904e-01 5.048070000000000057e-01 5.219160000000000466e-01 3.731269999999999865e-01 4.494839999999999947e-01 7.556610000000000271e-01 7.985590000000000188e-01 3.693210000000000104e-01
7.929159999999999542e-01 6.638990000000000169e-01 9.445139999999999647e-01 6.988609999999999545e-01 9.149040000000000505e-01 5.806670000000000442e-01 4.969230000000000036e-01 9.565310000000000479e-02
4.140630000000000144e-01 1.718369999999999898e-01 3.751970000000000027e-01 6.330519999999999481e-01 3.963039999999999896e-01 6.786050000000000137e-01 6.207209999999999672e-01 8.064850000000000074e-01
3.048350000000000226e-01 5.686489999999999601e-01 8.293679999999999941e-01 4.620239999999999903e-01 7.859410000000000007e-01 3.626699999999999924e-01 6.558599999999999985e-01 1.397770000000000123e-01
6.785480000000000400e-01 8.147259999999999502e-01 3.662420000000000120e-01 7.917450000000000321e-01 4.061670000000000003e-01 8.180420000000000469e-01 8.220309999999999562e-01 7.750989999999999824e-01
6.683719999999999661e-01 5.841070000000000428e-01 3.391600000000000170e-01 3.617159999999999820e-01 1.313330000000000053e-01 9.659729999999999706e-01 2.928680000000000172e-01 6.449409999999999865e-01
3.964599999999999791e-01 2.746500000000000052e-01 1.975000000000000089e-01 8.590719999999999468e-01 4.835949999999999971e-01 6.922549999999999537e-01 8.062820000000000542e-01 1.581190000000000095e-01
5.598870000000000235e-01 6.067500000000000115e-01 2.725710000000000077e-01 7.018760000000000554e-01 2.473660000000000025e-01 5.465680000000000538e-01 8.857340000000000213e-01 3.467480000000000007e-01
3.738710000000000089e-01 9.743169999999999886e-01 3.717010000000000036e-01 9.312179999999999902e-01 2.486829999999999874e-01 6.597269999999999524e-01 2.752939999999999832e-01 8.234430000000000360e-01
7.226270000000000193e-01 8.391870000000000163e-01 6.757239999999999913e-01 7.910139999999999949e-01 7.107219999999999649e-01 9.395740000000000203e-01 5.941710000000000047e-01 5.212379999999999791e-01
4.177549999999999875e-01 4.550060000000000215e-01 7.729669999999999597e-01 3.399789999999999757e-01 9.051270000000000149e-02 6.320959999999999912e-01 1.484979999999999911e-01 3.531250000000000222e-01
3.579700000000000104e-01 4.013220000000000121e-01 6.822120000000000406e-01 6.042030000000000456e-01 4.350720000000000143e-01 6.611000000000000210e-02 3.439189999999999747e-01 9.397410000000000485e-01
4.373560000000000225e-01 4.166590000000000016e-01 4.191059999999999786e-01 5.694590000000000485e-01 6.411289999999999489e-01 4.938370000000000259e-01 7.670209999999999528e-01 4.104979999999999740e-01
2.980530000000000124e-01 1.931589999999999974e-01 4.534810000000000230e-01 9.112980000000000524e-01 3.149830000000000130e-01 6.805020000000000513e-01 7.207200000000000273e-01 1.776840000000000086e-01
2.502519999999999745e-01 2.936969999999999859e-01 9.587189999999999879e-01 7.316460000000000186e-01 5.342789999999999484e-01 5.557039999999999758e-01 9.074480000000000046e-02 8.847450000000000037e-01
3.255850000000000133e-01 4.921380000000000199e-01 3.520349999999999868e-01 5.472669999999999479e-01 2.684210000000000207e-01 8.214139999999999775e-01 2.415750000000000119e-01 1.084610000000000019e-01
6.547840000000000327e-01 2.067710000000000103e-01 6.276270000000000460e-01 9.617390000000000105e-01 6.388989999999999947e-01 6.408260000000000067e-01 2.845300000000000051e-01 4.377940000000000165e-01
9.932520000000000238e-01 3.936999999999999944e-01 8.735389999999999544e-01 3.253849999999999798e-01 2.580810000000000048e-01 9.146140000000000381e-01 2.937960000000000016e-01 9.083550000000000235e-01
4.157319999999999904e-01 5.846729999999999983e-01 8.046170000000000266e-01 9.665890000000000315e-01 3.039640000000000120e-01 6.233490000000000419e-01 7.171920000000000517e-01 3.313519999999999799e-01
4.811059999999999781e-01 4.557640000000000025e-01 7.007780000000000120e-01 1.640189999999999981e-01 8.245970000000000244e-01 2.408109999999999973e-01 7.714950000000000419e-01 7.565460000000000518e-01
3.950799999999999867e-01 4.476689999999999836e-01 8.947260000000000213e-01 6.196120000000000516e-01 3.145899999999999808e-01 2.928089999999999860e-01 4.794720000000000093e-01 6.677180000000000337e-01
5.381289999999999685e-01 6.071109999999999562e-01 3.133600000000000274e-01 6.478500000000000369e-01 5.103529999999999456e-01 8.616230000000000278e-01 7.750280000000000502e-01 9.696960000000000024e-01
3.082820000000000005e-01 5.835010000000000474e-01 6.903559999999999697e-01 7.094829999999999748e-01 2.497840000000000060e-01 3.253389999999999893e-01 7.207329999999999570e-01 8.762649999999999606e-01
8.482220000000000315e-01 5.997500000000000053e-01 6.553109999999999769e-01 9.777780000000000360e-01 2.009029999999999982e-01 6.475910000000000277e-01 4.218109999999999915e-01 5.106540000000000523e-01
4.501470000000000193e-01 6.959819999999999895e-01 8.334599999999999786e-01 8.612659999999999760e-01 7.540909999999999558e-01 7.738260000000000138e-01 6.548570000000000224e-01 2.790159999999999862e-01
6.957130000000000258e-01 2.882759999999999767e-01 6.580770000000000231e-01 3.363659999999999983e-01 5.340240000000000542e-01 9.080500000000000238e-01 3.057699999999999863e-01 8.721410000000000551e-01
7.004299999999999971e-01 1.840690000000000104e-01 5.966879999999999962e-01 4.242580000000000240e-01 4.775079999999999880e-01 1.289899999999999936e-01 1.169449999999999934e-01 5.774519999999999653e-01
8.776019999999999932e-01 8.504960000000000298e-01 2.295780000000000043e-01 2.334469999999999879e-01 5.163900000000000157e-01 7.666129999999999889e-01 2.297079999999999955e-01 7.784020000000000383e-01
3.645639999999999992e-01 8.462210000000000010e-01 4.337500000000000244e-01 5.607820000000000027e-01 9.705340000000000078e-01 6.919659999999999700e-01 4.089639999999999942e-01 1.271609999999999963e-01
6.199470000000000258e-01 9.339359999999999884e-01 2.395390000000000019e-01 1.301140000000000074e-01 4.468820000000000014e-01 5.665949999999999598e-01 3.791249999999999898e-01 4.908760000000000207e-02
3.390960000000000085e-01 5.503130000000000521e-01 2.766890000000000183e-01 7.542429999999999968e-01 4.712650000000000172e-02 3.272079999999999989e-01 3.922889999999999988e-01 5.090679999999999650e-01
9.769919999999999716e-01 1.454979999999999885e-01 9.245250000000000412e-01 5.774529999999999941e-01 1.730700000000000016e-01 7.792750000000000510e-01 6.484649999999999581e-01 3.790009999999999768e-01
8.005039999999999933e-01 5.831039999999999834e-02 2.494520000000000071e-01 9.537160000000000082e-01 3.489729999999999777e-01 8.291439999999999921e-01 4.294709999999999916e-01 9.578740000000000032e-01
6.378700000000000481e-01 8.601550000000000029e-01 8.410220000000000473e-01 3.813719999999999888e-01 6.340970000000000217e-01 7.651740000000000208e-01 7.171089999999999964e-01 1.967119999999999980e-01
1.921599999999999975e-01 8.921529999999999738e-01 6.112990000000000368e-01 4.474319999999999964e-01 4.285550000000000193e-01 4.643340000000000245e-01 6.899089999999999945e-01 9.617560000000000553e-01
6.394549999999999956e-01 9.910320000000000240e-01 2.692470000000000141e-01 7.368259999999999810e-01 3.979969999999999897e-01 3.834179999999999811e-01 5.819520000000000248e-01 4.467909999999999937e-01
6.699859999999999705e-01 4.001129999999999964e-01 5.861889999999999601e-01 1.979180000000000106e-01 4.995490000000000347e-02 1.826570000000000138e-01 4.644139999999999935e-01 8.836899999999999755e-01
2.081199999999999994e-01 4.444190000000000085e-01 2.846179999999999821e-01 4.187400000000000011e-01 1.706340000000000079e-01 3.730299999999999727e-01 4.449940000000000007e-01 1.654819999999999902e-01
9.134879999999999667e-01 8.113339999999999996e-01 1.383929999999999882e-01 9.000609999999999999e-01 9.156870000000000287e-01 5.260660000000000336e-01 2.114409999999999901e-01 3.091720000000000024e-01
8.270079999999999654e-01 3.458609999999999740e-01 2.958410000000000206e-01 4.739869999999999917e-01 9.899149999999999894e-01 3.319099999999999828e-01 5.274489999999999457e-01 8.158910000000000329e-01
8.392460000000000475e-01 7.990270000000000428e-01 5.192550000000000221e-01 2.663070000000000159e-01 3.616119999999999890e-01 8.696970000000000534e-01 7.884180000000000355e-02 4.261599999999999833e-01
3.238759999999999972e-01 8.021519999999999762e-01 8.318860000000000143e-01 4.299290000000000056e-01 4.149700000000000055e-01 9.827099999999999724e-01 2.885820000000000052e-01 8.258210000000000273e-01
6.433950000000000502e-01 7.383239999999999803e-01 9.446870000000000545e-01 8.931820000000000037e-02 1.996539999999999981e-01 5.645350000000000090e-01 4.627689999999999859e-01 2.966139999999999888e-01
5.721950000000000092e-01 5.982979999999999965e-01 3.743870000000000253e-01 2.644679999999999809e-01 4.822319999999999940e-01 6.378399999999999626e-01 6.486180000000000279e-01 8.210509999999999753e-01
8.104379999999999917e-01 4.298040000000000194e-01 6.786990000000000522e-01 5.139169999999999572e-01 3.600579999999999892e-01 8.361480000000000024e-01 4.791790000000000216e-01 3.143500000000000183e-01
3.778940000000000077e-01 6.037780000000000369e-01 4.146929999999999783e-01 8.281690000000000440e-01 8.599949999999999539e-01 2.027920000000000000e-01 7.611750000000000460e-01 6.864529999999999799e-01
5.648339999999999472e-01 2.631229999999999958e-01 1.395359999999999934e-01 7.733529999999999571e-01 9.950649999999999773e-01 3.571289999999999742e-01 3.565780000000000061e-01 7.515800000000000258e-01
4.102709999999999968e-01 2.404000000000000026e-01 3.339329999999999798e-01 5.751420000000000421e-01 4.856989999999999919e-01 6.576119999999999743e-01 6.958220000000000516e-01 5.771509999999999696e-01
6.542339999999999822e-01 7.207170000000000520e-01 2.588349999999999818e-01 6.612320000000000420e-01 6.087609999999999966e-01 7.054489999999999927e-01 3.874079999999999746e-01 1.328870000000000051e-01
5.126439999999999886e-01 2.875389999999999890e-01 6.790920000000000289e-01 1.726250000000000007e-01 6.520629999999999482e-01 4.055360000000000076e-01 3.864679999999999782e-01 2.282349999999999934e-01
4.731940000000000035e-01 1.727120000000000044e-01 4.252040000000000264e-01 4.846050000000000080e-01 8.166020000000000501e-01 7.816130000000000022e-01 2.240900000000000114e-01 5.802380000000000315e-01
4.531399999999999872e-01 3.012029999999999985e-01 1.537699999999999900e-01 5.948459999999999859e-01 9.630250000000000199e-01 1.543769999999999865e-01 9.433259999999999978e-01 3.692500000000000226e-01
1.594420000000000004e-01 2.348790000000000044e-01 4.643329999999999957e-01 2.802680000000000171e-01 9.849630000000000329e-01 9.177239999999999842e-01 5.611960000000000282e-01 3.237439999999999762e-01
5.185349999999999682e-01 1.694720000000000115e-01 7.304540000000000477e-01 2.593489999999999962e-01 7.393950000000000244e-01 6.377930000000000543e-01 8.880360000000000475e-01 1.955210000000000004e-01
8.127090000000000147e-01 9.247619999999999729e-01 2.090049999999999963e-01 1.975300000000000111e-01 6.841749999999999776e-01 4.105340000000000100e-01 8.079659999999999620e-01 5.201829999999999510e-01
2.868180000000000174e-01 8.042219999999999924e-01 4.242060000000000275e-01 9.078800000000000203e-01 2.386409999999999920e-01 3.340940000000000021e-01 7.637800000000000145e-01 2.952940000000000009e-01
2.688019999999999854e-01 1.044970000000000065e-01 1.232260000000000022e-01 1.835019999999999984e-01 4.677239999999999731e-01 4.039090000000000180e-01 2.701459999999999972e-01 9.579140000000000432e-01
8.466059999999999697e-01 7.468479999999999563e-01 2.067650000000000043e-01 7.340389999999999415e-02 1.267149999999999943e-01 4.739920000000000244e-01 2.813019999999999965e-01 4.235949999999999993e-01
4.740329999999999822e-01 1.826780000000000070e-01 5.639440000000000008e-01 9.113099999999999534e-01 5.897069999999999812e-01 5.826879999999999837e-01 3.193139999999999867e-01 2.512280000000000069e-01
4.872960000000000069e-01 6.319369999999999710e-01 4.379629999999999912e-01 3.468370000000000064e-01 9.583639999999999937e-01 2.013320000000000110e-01 5.235509999999999886e-01 4.514099999999999779e-01
4.613929999999999976e-01 6.225500000000000478e-01 4.432389999999999941e-01 8.664619999999999544e-01 5.308610000000000273e-01 2.533429999999999849e-01 4.515179999999999749e-01 1.919919999999999960e-01
5.445179999999999465e-01 4.985419999999999852e-01 7.440059999999999452e-01 4.725389999999999868e-01 9.684329999999999883e-01 2.388059999999999905e-01 8.073900000000000521e-01 9.545569999999999888e-01
6.189480000000000537e-01 5.176939999999999875e-01 4.571490000000000276e-01 7.974949999999999539e-01 7.828479999999999883e-01 4.233720000000000261e-01 4.322790000000000243e-01 5.928029999999999688e-01
6.347890000000000477e-01 9.734760000000000080e-01 9.415189999999999948e-01 5.405229999999999757e-01 5.095100000000000184e-01 5.859809999999999741e-01 1.713320000000000121e-01 1.313360000000000083e-01
9.474660000000000304e-01 6.110480000000000356e-01 2.192580000000000084e-01 8.199800000000000422e-01 5.361939999999999484e-01 2.364370000000000083e-01 2.678180000000000005e-01 3.294099999999999806e-01
6.193130000000000024e-01 2.957020000000000204e-01 5.870680000000000343e-01 5.156800000000000272e-01 9.442500000000000338e-01 9.438269999999999715e-01 5.907780000000000253e-01 4.421729999999999827e-01
1.257070000000000132e-01 3.274830000000000241e-01 8.171479999999999855e-01 1.582979999999999943e-01 5.412379999999999969e-01 1.332520000000000093e-01 6.279259999999999842e-01 7.959399999999999809e-01
8.470469999999999944e-01 7.127569999999999739e-01 5.465579999999999883e-01 4.785969999999999946e-01 2.281870000000000009e-01 2.756859999999999866e-01 9.474460000000000104e-01 4.936459999999999737e-01
6.173729999999999496e-01 9.953579999999999373e-02 4.029550000000000076e-01 4.033950000000000036e-01 4.131730000000000125e-01 7.303150000000000475e-01 5.766999999999999904e-01 7.097229999999999928e-01
5.184429999999999872e-01 9.934100000000000152e-01 1.040569999999999967e-01 7.463079999999999714e-01 1.831540000000000112e-01 2.325550000000000117e-01 3.720439999999999858e-01 1.573890000000000011e-01
3.272459999999999813e-01 5.374910000000000521e-01 2.516369999999999996e-01 6.538070000000000270e-01 6.772110000000000074e-01 7.491349999999999953e-01 3.427569999999999784e-01 5.924760000000000026e-01
8.580669999999999964e-02 2.519049999999999900e-01 4.822930000000000272e-01 7.264890000000000514e-01 9.808930000000000149e-01 7.605460000000000553e-01 3.643770000000000064e-01 3.616980000000000195e-01
6.139689999999999870e-01 3.427629999999999844e-01 4.738260000000000249e-01 4.220340000000000202e-01 1.699700000000000100e-01 3.933769999999999767e-01 5.170709999999999473e-01 9.468469999999999942e-01
3.930040000000000200e-01 7.342659999999999743e-01 4.297270000000000256e-01 4.041669999999999985e-01 3.485019999999999785e-01 4.737020000000000119e-01 2.656560000000000032e-01 3.713870000000000227e-01
1.652420000000000000e-01 8.019699999999999607e-01 8.659080000000000110e-01 6.846640000000000503e-01 6.466269999999999518e-01 2.010979999999999990e-01 3.198380000000000112e-01 4.573249999999999815e-01
9.094269999999999854e-01 8.625110000000000277e-01 2.254529999999999867e-01 1.938360000000000083e-01 6.614710000000000312e-01 2.042920000000000014e-01 7.857920000000000460e-01 4.042120000000000157e-01
4.403839999999999977e-01 4.228040000000000131e-01 6.670319999999999583e-01 9.396780000000000133e-01 4.759760000000000102e-01 6.998269999999999769e-01 6.270200000000000218e-01 2.548380000000000090e-01
8.995450000000000668e-02 6.803280000000000438e-01 4.455219999999999736e-01 6.353919999999999568e-01 4.525080000000000213e-01 1.155640000000000001e-01 1.530960000000000099e-01 9.460190000000000543e-01
7.178970000000000073e-01 4.852899999999999991e-01 4.182080000000000242e-01 9.575820000000000443e-01 3.866850000000000009e-01 7.740439999999999543e-01 4.062760000000000260e-01 3.409499999999999753e-01
7.826429999999999776e-01 5.769659999999999789e-01 7.231049999999999978e-01 6.599669999999999703e-01 7.208560000000000523e-01 3.250709999999999988e-01 4.093439999999999857e-01 1.536939999999999973e-01
7.653889999999999860e-01 8.394639999999999880e-01 2.993140000000000245e-01 6.931690000000000351e-01 6.545809999999999684e-01 7.497150000000000203e-01 3.337390000000000079e-01 7.991810000000000302e-01
3.785049999999999804e-01 4.750449999999999950e-01 1.805529999999999913e-01 2.929030000000000244e-01 8.361750000000000016e-01 3.993079999999999963e-01 2.138569999999999915e-01 8.710020000000000540e-01
8.417879999999999807e-01 2.958129999999999926e-01 2.815719999999999890e-01 2.509230000000000071e-01 8.080910000000000037e-01 6.056780000000000497e-01 5.879689999999999639e-01 4.507280000000000175e-01
7.942770000000000108e-01 7.612170000000000325e-01 5.115560000000000107e-01 3.765479999999999938e-01 5.206640000000000157e-01 3.368700000000000028e-01 4.500230000000000063e-01 6.450069999999999415e-02
2.073939999999999950e-01 4.637510000000000243e-01 5.196309999999999540e-01 4.203419999999999934e-01 1.893759999999999888e-01 4.663849999999999940e-01 7.803750000000000409e-01 9.718700000000000117e-01
7.779369999999999896e-01 5.611070000000000224e-01 9.169979999999999798e-01 6.491139999999999688e-01 5.037629999999999608e-01 4.571680000000000188e-01 1.759169999999999900e-01 5.570159999999999556e-01
6.748560000000000114e-01 7.234519999999999840e-01 5.171810000000000018e-01 2.314740000000000131e-01 6.602919999999999900e-01 2.012460000000000082e-01 7.998809999999999532e-01 6.669429999999999525e-01
3.227519999999999833e-01 5.353959999999999830e-01 6.072370000000000267e-01 3.626440000000000219e-01 8.345839999999999925e-01 8.813440000000000163e-01 8.460530000000000550e-01 8.149300000000000432e-01
3.252860000000000196e-01 6.205880000000000285e-01 1.769550000000000012e-01 8.380870000000000264e-01 8.104879999999999862e-01 5.746999999999999886e-01 3.696929999999999938e-01 3.015349999999999975e-01
4.352300000000000058e-01 6.676670000000000105e-01 6.310249999999999471e-01 3.076650000000000218e-01 8.720529999999999671e-01 3.650720000000000076e-01 6.460380000000000011e-01 7.839650000000000230e-01
6.948400000000000132e-01 2.794059999999999877e-01 5.724099999999999744e-01 3.395360000000000045e-01 1.639970000000000039e-01 2.892750000000000044e-01 2.367430000000000090e-01 8.723189999999999555e-01
3.870859999999999856e-01 2.723140000000000005e-01 1.606360000000000010e-01 6.788140000000000285e-01 2.953999999999999959e-01 6.534489999999999466e-01 4.251929999999999876e-01 8.675129999999999786e-01
1.886269999999999891e-01 3.698319999999999941e-01 3.303699999999999970e-01 2.276759999999999895e-01 7.769660000000000455e-01 4.932199999999999918e-01 2.112410000000000121e-01 7.930350000000000454e-01
2.027599999999999958e-01 9.453920000000000101e-01 2.861090000000000022e-01 6.591510000000000424e-01 7.303840000000000332e-01 7.919079999999999453e-01 4.323270000000000168e-01 6.413529999999999509e-01
3.406799999999999828e-01 2.962339999999999973e-01 4.841739999999999933e-01 9.744540000000000424e-01 4.244640000000000080e-01 9.026429999999999731e-01 4.132330000000000170e-01 6.550319999999999476e-01
9.651680000000000259e-01 6.530839999999999979e-01 1.435460000000000069e-01 5.648689999999999545e-01 1.671060000000000045e-01 9.299389999999999601e-01 3.346709999999999963e-01 7.074470000000000480e-01
4.328259999999999885e-01 9.039230000000000320e-01 7.499160000000000270e-01 9.548010000000000108e-01 4.760110000000000174e-01 5.926390000000000269e-01 2.316960000000000131e-01 5.609229999999999494e-01
3.052059999999999773e-01 4.603450000000000042e-01 3.733920000000000017e-01 6.150940000000000296e-01 3.071810000000000165e-02 4.818069999999999853e-01 8.758610000000000007e-01 1.155820000000000042e-01
2.173809999999999909e-01 1.807999999999999885e-01 8.379299999999999526e-01 8.025619999999999976e-01 3.057659999999999823e-01 6.025249999999999773e-01 2.988930000000000198e-01 5.133259999999999490e-01
2.675939999999999985e-01 8.066339999999999621e-01 3.939139999999999864e-01 2.757999999999999896e-01 9.822629999999999972e-01 6.216979999999999729e-01 9.840100000000000235e-02 4.219870000000000010e-01
2.124689999999999912e-01 8.929179999999999895e-01 3.815919999999999868e-01 5.491470000000000518e-01 1.780110000000000026e-01 5.006770000000000387e-01 7.092150000000000398e-01 9.853429999999999689e-01
6.113030000000000408e-01 7.565699999999999648e-01 4.833359999999999879e-01 7.509940000000000504e-01 3.918380000000000196e-01 9.773549999999999738e-01 2.379229999999999956e-01 9.172240000000000393e-01
2.915110000000000201e-01 2.226609999999999978e-01 9.732169999999999987e-01 1.699789999999999912e-01 8.915950000000000264e-01 3.474030000000000173e-01 7.823590000000000266e-01 1.395150000000000001e-01
8.170009999999999772e-01 3.299730000000000163e-01 6.239259999999999806e-01 5.821140000000000203e-01 4.202170000000000072e-01 4.186409999999999854e-01 6.238380000000000036e-01 8.103580000000000227e-01
1.921930000000000027e-01 8.166919999999999735e-01 3.065450000000000119e-01 5.891530000000000378e-01 9.673429999999999529e-01 1.244090000000000057e-01 7.964229999999999920e-01 4.214620000000000033e-01
8.434660000000000490e-01 2.451800000000000090e-01 1.291029999999999955e-01 7.429230000000000556e-02 1.769020000000000037e-01 3.084629999999999872e-01 5.019519999999999538e-01 6.495710000000000095e-01
7.416920000000000179e-01 8.015889999999999960e-01 3.031340000000000146e-01 8.742130000000000178e-01 8.161239999999999606e-01 7.298740000000000228e-01 2.177659999999999874e-01 4.546850000000000058e-01
1.775220000000000131e-01 5.956430000000000335e-01 8.892060000000000519e-01 4.667370000000000130e-01 3.778500000000000192e-01 2.141290000000000138e-01 9.241230000000000278e-01 5.301259999999999861e-01
8.982379999999999809e-01 6.504370000000000429e-01 7.082859999999999712e-01 5.293879999999999697e-01 3.210950000000000193e-01 6.209379999999999900e-01 6.619150000000000311e-01 5.865200000000000413e-01
9.261030000000000095e-01 3.610229999999999828e-01 4.601399999999999935e-01 7.258000000000000007e-01 5.474890000000000034e-01 2.875150000000000206e-01 3.345489999999999853e-01 7.223749999999999893e-01
6.069579999999999975e-01 5.463580000000000103e-01 2.365339999999999943e-01 7.393319999999999892e-01 6.883580000000000254e-01 1.740740000000000065e-01 4.566810000000000036e-01 5.039320000000000466e-01
5.240960000000000063e-01 7.930939999999999657e-01 7.517509999999999470e-01 2.285790000000000044e-01 2.859369999999999967e-01 6.773869999999999614e-01 1.420909999999999951e-01 8.856530000000000236e-01
3.016119999999999912e-01 2.083480000000000054e-01 3.053679999999999728e-01 9.232200000000000406e-01 2.371139999999999914e-01 2.665649999999999964e-01 8.198779999999999957e-01 4.406249999999999889e-01
8.227470000000000061e-01 6.373929999999999874e-01 1.784080000000000110e-01 7.257890000000000175e-01 8.519670000000000298e-01 3.572739999999999805e-01 5.115330000000000155e-01 6.348040000000000349e-01
3.427979999999999916e-01 3.221229999999999927e-01 6.198820000000000441e-01 9.050240000000000506e-01 7.626589999999999758e-01 4.616020000000000123e-01 4.497769999999999824e-01 3.996120000000000227e-01
4.490239999999999787e-01 5.453170000000000517e-01 2.687720000000000109e-01 4.021549999999999847e-01 9.425050000000000372e-01 6.283309999999999729e-01 9.883779999999999788e-01 3.233539999999999748e-01
9.331949999999999967e-01 7.001119999999999566e-01 2.078019999999999867e-01 9.124020000000000463e-01 7.284950000000000037e-01 4.933670000000000000e-01 7.722799999999999665e-01 3.371379999999999932e-01
5.197209999999999885e-01 7.884079999999999977e-01 9.013860000000000205e-01 1.846820000000000128e-01 9.918639999999999679e-01 5.700809999999999489e-01 8.544000000000000483e-01 5.195720000000000338e-01
4.868009999999999837e-01 7.504699999999999704e-01 7.431510000000000060e-01 5.039439999999999475e-01 8.143939999999999513e-01 7.068229999999999791e-01 1.857199999999999962e-01 4.169089999999999741e-01
4.616350000000000176e-01 4.710070000000000090e-01 1.131349999999999995e-01 8.114529999999999799e-01 2.509170000000000011e-01 4.140789999999999749e-01 3.257820000000000160e-01 6.913890000000000313e-01
1.919220000000000093e-01 6.400630000000000486e-01 5.427549999999999875e-01 7.041619999999999546e-01 9.625580000000000247e-01 2.323129999999999917e-01 8.237860000000000182e-01 2.950349999999999917e-01
6.782169999999999588e-01 2.299549999999999927e-01 9.348910000000000275e-01 5.716700000000000115e-01 2.755449999999999844e-01 2.648679999999999923e-01 2.068909999999999916e-01 1.653550000000000020e-01
4.947420000000000151e-01 1.603990000000000138e-01 9.945420000000000371e-01 4.025889999999999747e-01 8.420239999999999947e-01 2.865400000000000169e-01 2.060710000000000042e-01 2.409900000000000098e-01
6.170430000000000081e-01 4.110690000000000177e-01 7.169280000000000097e-01 1.781739999999999990e-01 6.928039999999999754e-01 6.671129999999999560e-01 6.414290000000000269e-01 3.429119999999999946e-01
2.701439999999999952e-01 1.618370000000000086e-01 5.283550000000000191e-01 3.114540000000000086e-01 2.656810000000000005e-01 6.029780000000000140e-01 2.312379999999999991e-01 3.448410000000000086e-01
8.446569999999999911e-01 6.560660000000000380e-01 3.942439999999999833e-01 7.106719999999999704e-01 2.456579999999999875e-01 4.858680000000000221e-01 5.996310000000000251e-01 1.562399999999999900e-01
3.421399999999999997e-01 6.967630000000000212e-01 5.688250000000000250e-01 3.331720000000000237e-01 5.357410000000000228e-01 4.869299999999999740e-01 8.447580000000000089e-01 3.801869999999999972e-01
8.186729999999999841e-01 5.214969999999999883e-01 5.586759999999999504e-01 2.123659999999999992e-01 7.629930000000000323e-01 2.019350000000000034e-01 4.159059999999999979e-01 9.712370000000000170e-01
6.982679999999999998e-01 5.659710000000000019e-01 6.331620000000000026e-01 2.665080000000000227e-01 8.503150000000000430e-01 3.957899999999999752e-01 6.041710000000000136e-01 2.180600000000000038e-01
2.167419999999999902e-01 4.703890000000000016e-01 9.919210000000000527e-01 1.809910000000000130e-01 5.498669999999999947e-01 6.128590000000000426e-01 6.858109999999999484e-01 4.873819999999999819e-01
2.632700000000000040e-01 5.494639999999999525e-01 3.940560000000000174e-01 9.632950000000000124e-01 1.785529999999999895e-01 7.604370000000000296e-01 3.953820000000000112e-01 4.474790000000000156e-01
5.247600000000000042e-01 8.062110000000000110e-01 1.815940000000000054e-01 8.817869999999999875e-01 3.039259999999999740e-01 5.402299999999999880e-01 8.151450000000000085e-01 4.959990000000000232e-01
3.032770000000000188e-01 9.802969999999999740e-01 5.966489999999999849e-01 5.193140000000000533e-01 6.341240000000000210e-01 9.718620000000000037e-01 3.052590000000000026e-01 6.520000000000000240e-01
4.496319999999999761e-01 1.099770000000000053e-01 6.341179999999999595e-01 7.692160000000000108e-01 5.549549999999999761e-01 8.361819999999999808e-01 4.123539999999999983e-01 8.066140000000000532e-01
6.872030000000000083e-01 5.372149999999999981e-01 5.735170000000000545e-01 2.415640000000000009e-01 3.294190000000000174e-01 2.982339999999999991e-01 4.906090000000000173e-01 2.229849999999999888e-01
4.143060000000000076e-01 6.802869999999999751e-01 4.589420000000000166e-01 5.997879999999999878e-01 7.229619999999999935e-01 3.130850000000000022e-01 7.264169999999999794e-01 3.057509999999999950e-01
2.987639999999999740e-01 4.963870000000000227e-01 1.574019999999999864e-01 4.931840000000000113e-01 1.649339999999999973e-01 2.938999999999999946e-01 2.157650000000000123e-01 2.780630000000000046e-01
8.297149999999999803e-01 4.793049999999999811e-01 6.761669999999999625e-01 4.988609999999999989e-01 2.973970000000000224e-01 3.885419999999999985e-01 4.472360000000000224e-01 7.015890000000000182e-01
6.953240000000000531e-01 5.533900000000000485e-01 3.788619999999999766e-01 9.807249999999999579e-01 2.194589999999999874e-01 3.600249999999999839e-01 8.517689999999999984e-01 6.342309999999999892e-01
5.739729999999999555e-01 3.799409999999999732e-01 5.102200000000000069e-01 8.095210000000000461e-01 8.958129999999999704e-01 1.154619999999999952e-01 9.700839999999999463e-02 3.064709999999999934e-01
9.188539999999999486e-01 1.897570000000000090e-01 1.575239999999999974e-01 7.821770000000000111e-01 3.368340000000000223e-01 2.534429999999999739e-01 2.125140000000000085e-01 4.082919999999999883e-01
2.268370000000000108e-01 6.887389999999999901e-01 8.395710000000000672e-02 9.137779999999999792e-01 3.915069999999999939e-01 7.135629999999999473e-01 5.391629999999999479e-01 7.285059999999999869e-01
2.935220000000000051e-01 3.001300000000000079e-01 5.351909999999999723e-01 5.889389999999999903e-01 1.288090000000000068e-01 1.739829999999999988e-01 1.313789999999999958e-01 1.566150000000000042e-01
1.213700000000000057e-01 3.322330000000000005e-01 8.850130000000000496e-01 6.457279999999999687e-01 4.723539999999999961e-01 2.154250000000000054e-01 7.269569999999999643e-01 7.542060000000000430e-01
1.067680000000000018e-01 9.296360000000000179e-01 2.697419999999999818e-01 8.804499999999999549e-01 7.868070000000000341e-01 5.828149999999999720e-01 2.516689999999999761e-01 6.600660000000000416e-01
2.343010000000000093e-01 1.655210000000000015e-01 2.038439999999999974e-01 4.538119999999999932e-01 1.951299999999999979e-01 6.949490000000000389e-01 4.460779999999999745e-01 5.829060000000000352e-01
3.190600000000000103e-01 2.780699999999999839e-01 6.464659999999999851e-01 2.858459999999999890e-01 5.930069999999999508e-01 3.930850000000000177e-01 3.146999999999999797e-01 2.902819999999999845e-01
9.161139999999999839e-01 1.814850000000000074e-01 9.154499999999999860e-01 5.314410000000000522e-01 2.243600000000000039e-01 4.484259999999999913e-01 8.231540000000000523e-01 2.890670000000000184e-01
5.595660000000000078e-01 4.066719999999999779e-01 2.512440000000000229e-01 1.881829999999999892e-01 5.273309999999999942e-01 7.825919999999999543e-01 8.427049999999999819e-02 4.984069999999999889e-01
6.627359999999999918e-01 2.415799999999999892e-01 3.071249999999999813e-01 7.038450000000000539e-01 1.326430000000000109e-01 4.251369999999999871e-01 4.035340000000000038e-01 6.951969999999999539e-01
8.075050000000000283e-01 4.467510000000000092e-01 3.665059999999999985e-01 2.969029999999999725e-01 2.881630000000000025e-01 6.976909999999999501e-01 3.168380000000000085e-01 4.302170000000000161e-01
2.343760000000000010e-01 4.347590000000000066e-01 3.118250000000000188e-01 4.621850000000000125e-01 5.537440000000000140e-01 5.427020000000000177e-01 3.394289999999999807e-01 5.176030000000000353e-01
4.694269999999999832e-01 3.889750000000000152e-01 4.844600000000000017e-01 4.085659999999999847e-01 5.704529999999999879e-01 3.674939999999999873e-01 1.792519999999999947e-01 3.767670000000000186e-01
3.309719999999999884e-01 3.636980000000000213e-01 2.957130000000000036e-01 9.125189999999999690e-01 8.470959999999999601e-01 5.286459999999999493e-01 2.609949999999999770e-01 2.186299999999999910e-01
2.149830000000000074e-01 1.051369999999999943e-01 2.999760000000000204e-01 2.434089999999999865e-01 9.213000000000000078e-01 1.734950000000000103e-01 2.533299999999999996e-01 6.238249999999999629e-01
5.837489999999999624e-01 1.526450000000000029e-01 2.279980000000000062e-01 9.353340000000000265e-02 7.223640000000000061e-01 4.295519999999999894e-01 5.605660000000000087e-01 2.549609999999999932e-01
5.417239999999999833e-01 9.181359999999999522e-01 9.231390000000000429e-01 6.166939999999999644e-01 2.387539999999999940e-01 3.033950000000000258e-01 2.214939999999999964e-01 2.556089999999999751e-01
3.367820000000000258e-01 8.267250000000000432e-01 8.715969999999999551e-01 5.628969999999999807e-01 6.464389999999999858e-01 5.965009999999999479e-01 1.714559999999999973e-01 1.346299999999999997e-01
1.926390000000000047e-01 2.074850000000000028e-01 9.114529999999999577e-01 7.204209999999999781e-01 9.304219999999999713e-01 6.690329999999999888e-02 1.935489999999999988e-01 5.774110000000000076e-01
4.694320000000000159e-01 5.228329999999999922e-01 8.218199999999999950e-01 3.637079999999999758e-01 4.428289999999999726e-01 4.694760000000000044e-01 2.044539999999999969e-01 6.997740000000000071e-01
7.359339999999999771e-01 8.856490000000000196e-01 3.703350000000000253e-01 3.622989999999999822e-01 3.900580000000000158e-01 3.481110000000000038e-01 2.506559999999999899e-01 3.626789999999999736e-01
6.574520000000000364e-01 8.528679999999999595e-01 8.515610000000000124e-01 4.109659999999999980e-01 3.852670000000000261e-01 8.111930000000000529e-01 3.839879999999999960e-01 3.066840000000000122e-01
5.279509999999999481e-01 2.537739999999999996e-01 7.634919999999999485e-01 5.203590000000000160e-01 5.283999999999999808e-01 1.706050000000000066e-01 8.065160000000000107e-01 2.272780000000000078e-01
1.962750000000000050e-01 3.380360000000000031e-01 9.256450000000000511e-01 5.197220000000000173e-01 2.005969999999999975e-01 1.675310000000000132e-01 7.832160000000000233e-01 2.292800000000000116e-01
1.901190000000000102e-01 2.601310000000000011e-01 8.767939999999999623e-01 3.314770000000000216e-01 3.461179999999999812e-01 5.205790000000000139e-01 2.811270000000000158e-01 2.263689999999999869e-01
3.950290000000000190e-01 3.758739999999999859e-01 7.531790000000000429e-01 4.494489999999999874e-01 2.308000000000000052e-01 2.179969999999999963e-01 6.132600000000000273e-01 4.054619999999999891e-01
2.057879999999999987e-01 4.913190000000000057e-01 5.707100000000000506e-01 4.830840000000000134e-01 7.195850000000000302e-01 6.229649999999999910e-01 1.474769999999999970e-01 3.773619999999999752e-01
7.721160000000000245e-01 1.791659999999999919e-01 6.304260000000000419e-01 2.833359999999999768e-01 9.084360000000000213e-01 4.250090000000000257e-01 6.627349999999999630e-01 5.598250000000000171e-01
4.875249999999999861e-01 6.284889999999999644e-01 1.820529999999999926e-01 4.717219999999999747e-01 6.101020000000000332e-01 8.803039999999999754e-01 5.365910000000000402e-01 1.685589999999999866e-01
5.969379999999999686e-01 5.332029999999999825e-01 3.240919999999999912e-01 5.564459999999999962e-01 8.496850000000000236e-01 3.385600000000000276e-01 9.291350000000000442e-01 6.901329999999999965e-01
2.798329999999999984e-01 7.358059999999999601e-01 2.805259999999999976e-01 3.325980000000000047e-01 6.145620000000000527e-01 5.936719999999999775e-01 4.587760000000000171e-01 2.050260000000000138e-01
7.066780000000000284e-01 3.754210000000000047e-01 6.673270000000000035e-01 1.776520000000000044e-01 2.611600000000000033e-01 1.710329999999999906e-01 6.766529999999999490e-01 6.387800000000000145e-01
3.829830000000000179e-01 7.636110000000000397e-01 6.991680000000000117e-01 3.836289999999999978e-01 4.711929999999999730e-01 5.953580000000000538e-01 4.817629999999999968e-01 6.028860000000000330e-01
6.124159999999999604e-01 8.942050000000000276e-01 3.823810000000000264e-01 8.638299999999999867e-01 7.080610000000000515e-01 2.497949999999999893e-01 4.026009999999999867e-01 3.110249999999999959e-01
3.618640000000000190e-01 4.727080000000000171e-01 4.168540000000000023e-01 3.025740000000000096e-01 5.348920000000000341e-01 1.711249999999999993e-01 1.873809999999999920e-01 3.531039999999999734e-01
6.972840000000000149e-01 4.920320000000000249e-01 4.834370000000000056e-01 7.325970000000000537e-01 4.395009999999999750e-01 5.287519999999999998e-01 1.876200000000000090e-01 2.933200000000000252e-01
2.921270000000000255e-01 7.358550000000000368e-01 7.197280000000000344e-01 4.874649999999999817e-01 3.572100000000000275e-01 2.487439999999999929e-01 5.337330000000000130e-01 9.022099999999999564e-01
1.761590000000000100e-01 8.558390000000000164e-01 6.462010000000000254e-01 7.812519999999999465e-01 5.386330000000000284e-01 3.042230000000000212e-01 2.091590000000000116e-01 7.048020000000000396e-01
8.492669999999999941e-01 9.537020000000000219e-02 5.428950000000000164e-01 5.845259999999999900e-01 1.807449999999999890e-01 6.425929999999999698e-01 3.163190000000000168e-01 8.979230000000000267e-01
3.563209999999999988e-01 3.092949999999999866e-01 2.411000000000000087e-01 3.229400000000000048e-01 3.939860000000000029e-01 2.039219999999999922e-01 8.325679999999999747e-01 8.546230000000000215e-01
2.343290000000000095e-01 5.086580000000000545e-01 1.924369999999999969e-01 2.927770000000000095e-01 2.354719999999999869e-01 6.667710000000000026e-01 8.940390000000000281e-01 6.817640000000000366e-01
1.469320000000000070e-01 6.368460000000000232e-01 2.438130000000000019e-01 7.155040000000000289e-01 4.967389999999999861e-01 3.027420000000000111e-01 8.603730000000000544e-01 2.808680000000000065e-01
5.158249999999999780e-01 5.050510000000000277e-01 2.771049999999999902e-01 3.614379999999999815e-01 3.912349999999999994e-01 5.075579999999999536e-01 2.376860000000000084e-01 7.514129999999999976e-01
7.529879999999999907e-01 8.380109999999999504e-01 6.635790000000000299e-01 1.849679999999999935e-01 1.285179999999999934e-01 2.611820000000000253e-01 3.423519999999999897e-01 7.933679999999999621e-01
5.384259999999999602e-01 2.515530000000000266e-01 2.649790000000000201e-01 4.199869999999999992e-01 5.838240000000000096e-01 3.699830000000000063e-01 2.415490000000000137e-01 3.153520000000000212e-01
2.868959999999999844e-01 6.945029999999999815e-01 7.690700000000000314e-01 4.375519999999999965e-01 4.195240000000000080e-01 2.734389999999999876e-01 3.215049999999999852e-01 8.978739999999999499e-01
2.382660000000000056e-01 3.660909999999999997e-01 1.738639999999999908e-01 5.269519999999999760e-01 3.175259999999999749e-01 5.514850000000000030e-01 2.816589999999999927e-01 1.639879999999999949e-01
3.654000000000000026e-01 5.193170000000000286e-01 7.363939999999999930e-01 1.339150000000000063e-01 2.576039999999999996e-01 6.045089999999999630e-01 2.182979999999999920e-01 7.375570000000000181e-01
3.035680000000000045e-01 8.801999999999999824e-01 5.769360000000000044e-01 3.500710000000000210e-01 5.656409999999999494e-01 5.848769999999999802e-01 1.951799999999999924e-01 3.462500000000000022e-01
8.657070000000000043e-01 5.995650000000000146e-01 8.471729999999999539e-01 2.376709999999999934e-01 2.237470000000000014e-01 7.759449999999999958e-01 2.300510000000000055e-01 3.106809999999999850e-01
3.819529999999999870e-01 4.694639999999999924e-01 7.275300000000000100e-01 1.200930000000000053e-01 1.560779999999999945e-01 4.215360000000000218e-01 5.019500000000000073e-01 2.195439999999999892e-01
2.764550000000000063e-01 7.717450000000000143e-01 3.338099999999999956e-01 2.915969999999999951e-01 6.788520000000000110e-01 2.110589999999999966e-01 7.627540000000000431e-01 1.533480000000000121e-01
4.087970000000000215e-01 1.241529999999999995e-01 7.682029999999999692e-01 6.367359999999999687e-01 2.362219999999999875e-01 1.771159999999999957e-01 3.667190000000000172e-01 7.158820000000000183e-01
6.620530000000000026e-01 6.243210000000000148e-01 6.801650000000000196e-01 6.833420000000000050e-01 2.121580000000000132e-01 2.606740000000000168e-01 7.019729999999999581e-01 4.263770000000000060e-01
3.347010000000000263e-01 1.070500000000000063e-01 6.265950000000000131e-01 2.125219999999999887e-01 2.557590000000000141e-01 6.808239999999999847e-01 7.974109999999999809e-01 7.360229999999999828e-01
3.567859999999999920e-01 1.204419999999999935e-01 5.265210000000000168e-01 7.518569999999999975e-01 1.879260000000000097e-01 6.326910000000000034e-01 5.313630000000000297e-01 6.268979999999999553e-01
2.048570000000000113e-01 2.323399999999999910e-01 2.303260000000000030e-01 3.718730000000000091e-01 4.360160000000000147e-01 6.785039999999999960e-01 5.701979999999999826e-01 1.654400000000000037e-01
2.513730000000000131e-01 3.484539999999999860e-01 2.058020000000000127e-01 8.362270000000000536e-01 5.890520000000000200e-01 4.922489999999999921e-01 6.620460000000000234e-01 3.191840000000000233e-01
1.860509999999999942e-01 5.861380000000000479e-01 3.661530000000000062e-01 4.163870000000000071e-01 5.652110000000000190e-01 1.005599999999999966e-01 4.805710000000000259e-01 2.600529999999999786e-01
4.296860000000000124e-01 8.815230000000000288e-02 2.881619999999999737e-01 5.754340000000000011e-01 7.111849999999999561e-01 2.356610000000000094e-01 2.000029999999999863e-01 2.327130000000000032e-01
2.565760000000000263e-01 4.295140000000000069e-01 7.564610000000000500e-01 2.295339999999999880e-01 7.097259999999999680e-01 1.158010000000000012e-01 2.275200000000000000e-01 6.396439999999999904e-01
4.207620000000000249e-01 7.747779999999999667e-01 4.246420000000000194e-01 2.473329999999999973e-01 7.000979999999999981e-01 7.340459999999999763e-01 2.709409999999999874e-01 1.090139999999999998e-01
