9.394139999999999713e-01 9.949639999999999596e-01 9.593220000000000081e-01 9.491009999999999724e-01 9.687989999999999657e-01 9.891440000000000232e-01 9.921189999999999731e-01 9.846449999999999925e-01
9.934669999999999890e-01 9.657689999999999886e-01 9.647529999999999717e-01 9.045769999999999644e-01 9.693110000000000337e-01 9.980480000000000462e-01 9.418020000000000280e-01 6.148329999999999629e-01
9.570650000000000546e-01 9.541049999999999809e-01 9.503779999999999450e-01 7.656899999999999817e-01 9.617080000000000073e-01 9.438640000000000363e-01 9.470220000000000304e-01 9.949360000000000426e-01
9.853220000000000312e-01 9.917589999999999462e-01 9.932149999999999590e-01 9.856519999999999726e-01 9.389729999999999466e-01 9.555810000000000137e-01 9.829259999999999664e-01 9.441150000000000375e-01
9.640050000000000008e-01 9.777630000000000488e-01 9.564160000000000439e-01 9.973880000000000523e-01 9.771050000000000013e-01 9.584840000000000027e-01 9.744770000000000376e-01 9.998190000000000133e-01
9.813079999999999581e-01 9.513949999999999907e-01 9.851100000000000412e-01 9.934370000000000145e-01 9.583559999999999857e-01 9.388619999999999743e-01 9.852079999999999727e-01 9.283949999999999703e-01
9.514230000000000187e-01 9.440600000000000103e-01 9.689659999999999940e-01 9.482059999999999933e-01 9.701539999999999608e-01 9.640360000000000040e-01 9.660239999999999938e-01 9.931130000000000235e-01
9.826110000000000122e-01 9.757289999999999575e-01 9.563629999999999631e-01 9.882849999999999691e-01 9.909550000000000303e-01 9.479039999999999688e-01 9.954110000000000458e-01 9.652640000000000109e-01
9.741269999999999651e-01 9.593040000000000456e-01 9.744869999999999921e-01 9.638750000000000373e-01 9.839280000000000248e-01 9.672849999999999504e-01 9.929069999999999840e-01 9.444160000000000332e-01
9.917049999999999477e-01 9.455299999999999816e-01 9.835220000000000073e-01 9.551199999999999690e-01 9.588020000000000431e-01 9.684690000000000243e-01 9.604500000000000259e-01 9.687850000000000072e-01
9.824119999999999520e-01 9.712589999999999835e-01 9.971050000000000191e-01 9.906009999999999538e-01 9.699170000000000291e-01 9.834260000000000224e-01 9.478010000000000046e-01 9.749820000000000153e-01
9.935640000000000027e-01 9.673079999999999457e-01 9.636299999999999866e-01 9.996739999999999515e-01 9.905289999999999928e-01 9.610959999999999503e-01 9.969540000000000068e-01 9.826920000000000099e-01
9.671210000000000084e-01 9.724819999999999576e-01 9.883250000000000091e-01 9.570109999999999451e-01 9.624700000000000477e-01 9.943560000000000176e-01 9.967270000000000296e-01 9.912440000000000140e-01
9.673479999999999857e-01 9.655550000000000521e-01 9.940679999999999517e-01 9.672110000000000429e-01 9.794519999999999893e-01 9.602519999999999945e-01 9.777439999999999465e-01 9.619349999999999845e-01
9.389779999999999793e-01 9.964420000000000499e-01 9.718299999999999716e-01 9.710339999999999527e-01 9.648139999999999494e-01 9.342570000000000041e-01 9.930809999999999915e-01 9.634439999999999671e-01
9.644230000000000302e-01 7.844430000000000014e-01 9.628740000000000077e-01 9.816820000000000546e-01 9.736669999999999492e-01 2.377120000000000066e-01 9.518370000000000442e-01 9.955760000000000165e-01
9.801299999999999457e-01 9.935399999999999787e-01 9.802889999999999660e-01 3.993470000000000075e-01 9.884739999999999638e-01 9.283420000000000005e-01 9.604000000000000314e-01 9.855019999999999891e-01
8.381030000000000424e-01 9.536740000000000217e-01 9.859480000000000466e-01 9.806880000000000042e-01 9.543909999999999894e-01 9.601880000000000415e-01 9.552169999999999828e-01 9.572049999999999725e-01
9.778550000000000297e-01 9.844000000000000528e-01 9.415409999999999613e-01 9.735869999999999802e-01 9.412249999999999783e-01 9.340530000000000221e-01 9.400290000000000035e-01 9.557919999999999749e-01
9.884279999999999733e-01 9.796759999999999913e-01 9.604669999999999597e-01 9.560980000000000034e-01 9.932079999999999798e-01 9.994570000000000398e-01 9.601520000000000055e-01 9.801069999999999505e-01
9.635190000000000143e-01 8.977559999999999985e-01 9.242540000000000200e-01 9.705049999999999510e-01 9.451140000000000096e-01 4.953110000000000013e-01 9.671370000000000244e-01 8.996760000000000312e-01
9.928169999999999495e-01 9.587369999999999504e-01 9.613479999999999803e-01 9.830910000000000482e-01 9.534319999999999462e-01 9.987660000000000426e-01 9.756730000000000125e-01 9.537529999999999619e-01
9.874110000000000387e-01 9.547069999999999723e-01 9.390239999999999698e-01 9.480579999999999563e-01 9.618679999999999453e-01 9.831720000000000459e-01 9.288129999999999997e-01 8.981710000000000527e-01
9.442620000000000458e-01 9.982020000000000337e-01 9.984399999999999942e-01 9.934399999999999897e-01 9.429089999999999971e-01 9.788149999999999906e-01 9.858500000000000041e-01 9.587200000000000166e-01
9.381620000000000514e-01 9.580670000000000019e-01 9.912950000000000372e-01 9.386660000000000004e-01 9.791860000000000008e-01 9.680100000000000371e-01 9.762669999999999959e-01 9.852899999999999991e-01
9.609529999999999461e-01 9.790210000000000301e-01 9.786479999999999624e-01 9.441310000000000535e-01 9.345569999999999711e-01 9.781290000000000262e-01 9.767350000000000199e-01 9.412880000000000136e-01
9.083529999999999660e-01 9.557970000000000077e-01 9.819700000000000095e-01 9.906760000000000010e-01 9.849639999999999507e-01 9.632619999999999516e-01 9.739339999999999664e-01 9.862959999999999505e-01
9.928970000000000296e-01 9.496489999999999654e-01 9.293749999999999512e-01 9.416330000000000533e-01 9.501579999999999471e-01 9.467100000000000515e-01 9.743220000000000214e-01 9.930010000000000225e-01
9.931689999999999685e-01 8.751919999999999700e-01 9.747280000000000388e-01 9.570720000000000338e-01 9.458779999999999966e-01 9.384099999999999664e-01 9.188239999999999741e-01 9.544869999999999743e-01
9.248370000000000202e-01 9.749980000000000313e-01 9.548100000000000476e-01 9.533399999999999652e-01 9.977380000000000138e-01 9.629799999999999471e-01 9.782110000000000527e-01 9.635629999999999473e-01
9.581079999999999597e-01 9.394080000000000208e-01 9.713330000000000020e-01 9.680689999999999573e-01 9.500229999999999508e-01 9.640180000000000415e-01 9.973009999999999931e-01 9.547480000000000411e-01
9.602039999999999464e-01 9.984039999999999582e-01 9.937770000000000215e-01 9.521039999999999504e-01 9.694599999999999884e-01 9.514070000000000027e-01 9.784589999999999677e-01 9.204320000000000279e-01
9.816510000000000513e-01 9.713619999999999477e-01 9.735439999999999650e-01 9.447020000000000417e-01 9.517280000000000184e-01 9.901229999999999754e-01 9.312799999999999967e-01 9.664399999999999658e-01
9.878770000000000051e-01 9.977599999999999802e-01 9.726939999999999475e-01 9.237239999999999895e-01 9.866850000000000342e-01 9.744350000000000511e-01 9.677210000000000534e-01 9.531920000000000393e-01
9.630809999999999649e-01 9.671100000000000252e-01 9.566980000000000484e-01 9.805169999999999719e-01 9.667240000000000277e-01 9.837829999999999631e-01 9.565679999999999739e-01 9.995319999999999760e-01
9.788559999999999484e-01 9.831729999999999636e-01 9.856420000000000181e-01 9.580899999999999972e-01 9.865840000000000165e-01 9.750389999999999890e-01 9.439720000000000333e-01 9.831149999999999611e-01
9.552030000000000243e-01 9.999930000000000208e-01 9.949770000000000003e-01 9.684040000000000425e-01 9.674930000000000474e-01 9.488490000000000535e-01 9.881820000000000048e-01 9.667299999999999782e-01
9.818149999999999933e-01 9.793269999999999476e-01 9.656850000000000156e-01 9.985460000000000447e-01 9.910579999999999945e-01 9.526229999999999976e-01 9.390789999999999971e-01 9.903899999999999926e-01
9.949780000000000291e-01 9.889419999999999877e-01 9.578020000000000422e-01 9.752359999999999918e-01 9.617809999999999970e-01 9.718869999999999454e-01 9.516670000000000407e-01 9.669069999999999609e-01
9.577529999999999655e-01 9.807770000000000099e-01 9.606090000000000462e-01 9.581150000000000500e-01 9.788120000000000154e-01 9.874049999999999772e-01 9.977369999999999850e-01 9.757069999999999910e-01
9.618240000000000123e-01 9.563220000000000054e-01 9.701290000000000191e-01 9.481399999999999828e-01 9.916890000000000427e-01 9.463819999999999455e-01 9.476320000000000299e-01 9.838430000000000231e-01
9.805660000000000487e-01 9.923750000000000071e-01 9.920550000000000201e-01 9.997690000000000188e-01 9.742579999999999574e-01 9.393669999999999520e-01 9.986249999999999849e-01 9.579450000000000465e-01
9.260260000000000158e-01 9.816350000000000353e-01 9.610499999999999599e-01 9.562490000000000157e-01 9.573810000000000375e-01 9.742729999999999446e-01 9.827719999999999789e-01 9.468800000000000550e-01
9.983929999999999749e-01 9.634669999999999623e-01 9.900780000000000136e-01 9.718470000000000164e-01 9.150220000000000020e-01 9.506639999999999535e-01 9.728489999999999638e-01 9.893429999999999724e-01
9.961240000000000094e-01 9.784629999999999717e-01 9.778409999999999602e-01 9.964439999999999964e-01 9.479480000000000128e-01 9.446290000000000520e-01 9.607400000000000384e-01 9.859400000000000386e-01
9.629969999999999919e-01 9.860229999999999828e-01 9.949210000000000553e-01 9.812629999999999963e-01 9.750969999999999915e-01 9.708710000000000395e-01 9.995889999999999498e-01 9.636980000000000546e-01
9.482460000000000333e-01 9.490159999999999707e-01 9.656449999999999756e-01 9.984060000000000157e-01 9.655839999999999979e-01 9.596930000000000183e-01 9.813650000000000428e-01 9.612340000000000328e-01
9.774829999999999908e-01 9.853460000000000552e-01 9.932400000000000118e-01 9.420969999999999622e-01 9.805449999999999999e-01 9.519520000000000204e-01 9.735740000000000505e-01 9.738299999999999734e-01
9.688350000000000017e-01 9.756690000000000085e-01 9.790520000000000334e-01 9.752380000000000493e-01 9.611809999999999521e-01 9.686529999999999863e-01 9.656620000000000203e-01 9.731300000000000505e-01
9.661560000000000148e-01 9.853809999999999514e-01 7.867690000000000516e-01 9.420290000000000052e-01 9.875279999999999614e-01 9.521870000000000056e-01 9.904349999999999543e-01 9.920240000000000169e-01
9.961069999999999647e-01 9.505820000000000380e-01 9.601769999999999472e-01 6.204730000000000523e-01 9.639050000000000118e-01 9.443129999999999580e-01 9.433629999999999516e-01 9.752600000000000158e-01
9.903990000000000293e-01 9.595089999999999453e-01 9.510929999999999662e-01 9.794469999999999565e-01 9.982499999999999707e-01 9.993360000000000021e-01 9.500699999999999701e-01 9.494230000000000169e-01
9.586139999999999661e-01 9.566519999999999468e-01 9.867430000000000367e-01 9.846230000000000260e-01 9.648090000000000277e-01 9.585709999999999509e-01 9.626959999999999962e-01 9.644580000000000375e-01
9.156090000000000062e-01 9.405099999999999572e-01 9.803619999999999557e-01 9.653739999999999544e-01 9.646949999999999692e-01 9.791320000000000023e-01 9.660590000000000011e-01 9.538579999999999837e-01
9.668210000000000415e-01 9.533460000000000267e-01 9.705580000000000318e-01 9.692880000000000384e-01 9.521009999999999751e-01 9.412340000000000151e-01 9.564550000000000551e-01 9.864920000000000355e-01
9.550710000000000033e-01 9.876669999999999616e-01 9.592249999999999943e-01 9.754209999999999825e-01 9.498950000000000449e-01 9.556489999999999707e-01 9.912919999999999510e-01 9.736249999999999627e-01
9.719719999999999471e-01 9.900330000000000519e-01 9.818890000000000118e-01 9.960240000000000204e-01 9.932640000000000358e-01 9.283190000000000053e-01 9.936540000000000372e-01 8.240560000000000107e-01
9.748259999999999703e-01 9.992910000000000403e-01 9.784789999999999877e-01 9.711119999999999752e-01 9.517879999999999674e-01 9.704970000000000541e-01 9.933089999999999975e-01 9.792349999999999666e-01
9.923199999999999799e-01 9.696860000000000479e-01 9.562570000000000237e-01 9.822229999999999572e-01 8.823520000000000252e-01 9.941119999999999957e-01 9.625029999999999974e-01 9.584120000000000417e-01
9.775749999999999718e-01 9.997779999999999445e-01 9.705930000000000391e-01 9.419170000000000043e-01 9.612249999999999961e-01 9.780579999999999830e-01 9.772910000000000208e-01 9.485099999999999643e-01
9.606470000000000287e-01 9.354069999999999885e-01 9.614589999999999526e-01 9.542249999999999899e-01 9.601460000000000550e-01 9.596489999999999743e-01 9.940719999999999557e-01 9.956009999999999582e-01
9.856409999999999894e-01 9.665930000000000355e-01 9.611790000000000056e-01 9.734270000000000422e-01 7.179419999999999691e-01 9.979949999999999655e-01 9.651380000000000514e-01 9.861140000000000461e-01
9.577710000000000390e-01 9.798390000000000155e-01 9.762979999999999992e-01 9.893939999999999957e-01 9.750630000000000130e-01 9.199220000000000175e-01 5.147669999999999746e-01 9.745899999999999563e-01
9.482319999999999638e-01 9.951590000000000158e-01 9.671870000000000189e-01 9.527349999999999985e-01 9.512439999999999785e-01 9.825890000000000457e-01 9.668550000000000200e-01 9.622439999999999882e-01
9.483700000000000463e-01 9.915509999999999602e-01 9.648470000000000102e-01 9.788139999999999619e-01 9.449009999999999909e-01 9.551340000000000385e-01 9.574470000000000480e-01 9.948270000000000168e-01
9.573970000000000535e-01 9.599539999999999740e-01 9.795279999999999543e-01 9.866840000000000055e-01 9.944450000000000234e-01 9.903570000000000428e-01 9.714620000000000477e-01 9.843899999999999872e-01
9.913969999999999727e-01 9.949879999999999836e-01 9.945310000000000539e-01 9.758569999999999744e-01 9.529739999999999878e-01 9.932659999999999823e-01 9.855390000000000539e-01 9.412009999999999543e-01
9.815369999999999928e-01 9.810400000000000231e-01 9.493460000000000232e-01 9.894119999999999582e-01 9.860539999999999861e-01 9.732100000000000195e-01 9.326109999999999678e-01 9.476660000000000084e-01
9.957949999999999857e-01 9.785049999999999581e-01 9.510049999999999892e-01 9.782030000000000447e-01 9.337950000000000417e-01 9.152860000000000440e-01 9.903319999999999901e-01 9.705139999999999878e-01
9.603300000000000169e-01 9.975100000000000078e-01 9.570800000000000418e-01 9.720760000000000511e-01 9.884960000000000413e-01 9.763549999999999729e-01 9.514899999999999469e-01 9.522629999999999706e-01
9.969820000000000348e-01 9.932309999999999750e-01 9.857439999999999536e-01 9.846390000000000420e-01 9.712420000000000497e-01 9.523789999999999756e-01 9.567059999999999453e-01 9.107119999999999660e-01
9.496559999999999446e-01 9.832950000000000301e-01 9.679130000000000233e-01 9.839090000000000336e-01 9.308720000000000327e-01 9.599020000000000330e-01 9.578719999999999457e-01 9.852760000000000407e-01
9.356959999999999722e-01 9.525540000000000118e-01 9.880700000000000038e-01 9.769879999999999676e-01 9.455289999999999528e-01 9.862279999999999935e-01 9.802030000000000465e-01 9.823359999999999870e-01
9.520490000000000341e-01 9.381760000000000099e-01 9.781919999999999504e-01 9.679550000000000098e-01 9.544909999999999783e-01 9.932480000000000198e-01 9.803619999999999557e-01 9.592159999999999576e-01
9.844749999999999890e-01 9.597630000000000328e-01 8.291199999999999681e-01 9.671819999999999862e-01 9.687689999999999912e-01 9.461899999999999755e-01 9.606209999999999471e-01 9.808700000000000196e-01
9.687789999999999457e-01 9.755920000000000147e-01 9.475390000000000201e-01 9.845599999999999907e-01 9.668689999999999785e-01 9.407480000000000286e-01 9.886139999999999928e-01 9.585660000000000291e-01
9.971109999999999696e-01 9.839820000000000233e-01 9.568229999999999791e-01 9.642749999999999932e-01 8.955379999999999452e-01 9.996950000000000003e-01 9.729989999999999473e-01 8.802529999999999522e-01
9.641020000000000145e-01 9.626160000000000272e-01 9.748700000000000143e-01 9.731400000000000050e-01 9.605529999999999902e-01 9.419920000000000515e-01 9.635789999999999633e-01 9.946199999999999486e-01
9.983790000000000164e-01 9.983929999999999749e-01 9.588809999999999834e-01 9.898979999999999446e-01 9.481859999999999733e-01 9.669339999999999602e-01 9.962990000000000457e-01 9.631870000000000154e-01
9.502249999999999863e-01 9.597860000000000280e-01 9.924140000000000184e-01 9.899809999999999999e-01 9.897129999999999539e-01 9.867869999999999697e-01 9.680189999999999628e-01 9.853300000000000392e-01
9.821410000000000418e-01 9.553850000000000398e-01 9.870989999999999487e-01 9.486790000000000500e-01 9.246309999999999807e-01 9.599130000000000162e-01 9.693389999999999507e-01 9.895559999999999912e-01
8.990829999999999655e-01 9.556879999999999820e-01 9.612880000000000313e-01 7.261339999999999462e-01 9.503139999999999921e-01 9.631349999999999634e-01 9.483510000000000550e-01 9.896989999999999954e-01
9.630180000000000407e-01 9.525050000000000461e-01 9.995119999999999560e-01 9.744140000000000024e-01 9.990729999999999889e-01 9.258549999999999836e-01 9.809590000000000254e-01 9.475989999999999691e-01
9.613819999999999588e-01 9.896110000000000184e-01 9.728409999999999558e-01 9.865059999999999940e-01 9.753169999999999895e-01 9.956239999999999535e-01 9.804169999999999829e-01 9.996270000000000433e-01
9.959670000000000467e-01 9.717630000000000434e-01 9.774460000000000370e-01 9.541709999999999914e-01 9.137269999999999559e-01 9.888430000000000275e-01 9.710550000000000015e-01 9.963269999999999627e-01
9.614390000000000436e-01 9.928979999999999473e-01 9.460899999999999865e-01 9.447839999999999572e-01 9.573920000000000208e-01 9.842159999999999798e-01 9.719259999999999566e-01 9.549339999999999495e-01
9.528670000000000195e-01 9.860219999999999541e-01 9.997310000000000363e-01 9.683129999999999793e-01 9.693490000000000162e-01 9.640689999999999538e-01 9.758210000000000495e-01 9.846449999999999925e-01
9.379420000000000535e-01 9.481509999999999661e-01 9.990919999999999801e-01 9.619910000000000405e-01 9.942729999999999624e-01 9.758240000000000247e-01 9.783089999999999842e-01 9.490669999999999940e-01
9.815239999999999521e-01 9.675150000000000139e-01 9.718099999999999516e-01 8.192549999999999555e-01 9.477830000000000421e-01 9.620149999999999535e-01 8.468160000000000132e-01 9.741549999999999931e-01
9.802180000000000337e-01 9.268290000000000139e-01 9.665289999999999715e-01 9.103120000000000100e-01 9.788459999999999939e-01 9.555029999999999912e-01 9.650459999999999594e-01 9.850590000000000179e-01
9.954730000000000523e-01 9.422730000000000272e-01 9.649870000000000392e-01 5.327100000000000168e-01 9.886639999999999873e-01 9.791410000000000391e-01 9.972060000000000368e-01 9.728099999999999525e-01
9.440399999999999903e-01 9.514350000000000307e-01 9.537050000000000249e-01 9.985100000000000087e-01 9.408750000000000169e-01 9.359619999999999607e-01 9.818320000000000380e-01 9.999099999999999655e-01
9.836040000000000338e-01 9.799649999999999750e-01 9.933939999999999992e-01 9.690419999999999590e-01 9.387590000000000101e-01 9.544040000000000301e-01 9.553209999999999757e-01 9.404130000000000544e-01
9.919980000000000464e-01 9.828109999999999902e-01 9.945800000000000196e-01 9.559720000000000439e-01 9.772429999999999728e-01 9.787780000000000369e-01 9.454869999999999663e-01 9.268499999999999517e-01
9.694000000000000394e-01 8.571320000000000050e-01 9.579839999999999467e-01 9.684639999999999915e-01 9.599649999999999572e-01 9.972560000000000313e-01 9.715629999999999544e-01 9.750349999999999850e-01
9.549170000000000158e-01 9.552559999999999940e-01 9.541680000000000161e-01 9.711389999999999745e-01 9.816249999999999698e-01 9.747289999999999566e-01 9.618679999999999453e-01 9.897319999999999451e-01
9.995500000000000496e-01 9.811370000000000369e-01 9.434709999999999486e-01 9.923920000000000519e-01 9.539189999999999614e-01 9.838310000000000111e-01 9.863750000000000018e-01 9.978590000000000515e-01
9.484169999999999545e-01 9.922929999999999806e-01 9.686869999999999647e-01 9.377649999999999597e-01 9.494749999999999579e-01 9.637850000000000028e-01 9.915310000000000512e-01 9.934079999999999577e-01
9.707369999999999610e-01 9.872729999999999562e-01 9.605960000000000054e-01 9.541629999999999834e-01 9.837630000000000541e-01 9.985460000000000447e-01 9.885770000000000390e-01 9.510239999999999805e-01
9.681309999999999638e-01 9.461969999999999548e-01 9.713699999999999557e-01 9.995840000000000281e-01 9.347140000000000448e-01 9.859390000000000098e-01 9.955869999999999997e-01 9.621979999999999977e-01
9.859940000000000371e-01 9.795270000000000366e-01 9.452899999999999636e-01 8.831320000000000281e-01 9.653709999999999791e-01 9.668689999999999785e-01 9.968989999999999796e-01 9.590899999999999981e-01
9.716860000000000497e-01 9.531009999999999760e-01 9.602650000000000352e-01 9.743049999999999766e-01 9.089679999999999982e-01 9.640739999999999865e-01 9.892950000000000355e-01 9.452260000000000106e-01
9.609490000000000531e-01 9.958789999999999587e-01 9.757719999999999727e-01 9.745650000000000146e-01 9.606710000000000527e-01 9.695810000000000262e-01 9.591450000000000253e-01 9.950729999999999853e-01
9.524839999999999973e-01 9.744819999999999593e-01 9.915479999999999849e-01 9.740999999999999659e-01 9.536649999999999849e-01 9.856589999999999518e-01 9.819949999999999513e-01 9.887120000000000353e-01
9.404590000000000449e-01 9.764960000000000306e-01 9.495130000000000514e-01 9.746369999999999756e-01 9.703699999999999548e-01 9.943880000000000496e-01 9.462110000000000243e-01 9.813589999999999813e-01
9.667489999999999695e-01 9.882689999999999531e-01 9.500220000000000331e-01 9.975370000000000070e-01 9.921929999999999916e-01 9.951710000000000278e-01 9.945129999999999804e-01 9.815430000000000543e-01
9.204120000000000079e-01 1.158450000000000035e-01 9.771060000000000301e-01 9.961470000000000047e-01 9.935629999999999740e-01 9.632399999999999851e-01 9.929839999999999778e-01 9.820550000000000113e-01
9.765019999999999811e-01 9.707620000000000138e-01 9.997359999999999580e-01 9.759689999999999754e-01 9.644420000000000215e-01 9.713600000000000012e-01 9.745549999999999491e-01 9.994399999999999951e-01
9.570039999999999658e-01 9.677799999999999736e-01 9.933950000000000280e-01 9.850370000000000514e-01 9.739900000000000224e-01 9.411589999999999678e-01 9.827339999999999964e-01 9.338269999999999627e-01
9.733880000000000310e-01 9.612209999999999921e-01 8.948490000000000055e-01 9.914070000000000382e-01 9.572040000000000548e-01 9.421659999999999480e-01 9.677689999999999904e-01 9.460809999999999498e-01
9.517759999999999554e-01 9.649069999999999592e-01 9.928259999999999863e-01 9.684620000000000450e-01 9.619539999999999758e-01 9.732009999999999827e-01 9.765620000000000411e-01 9.856930000000000414e-01
9.697529999999999761e-01 9.513880000000000114e-01 9.798890000000000100e-01 9.705200000000000493e-01 9.670039999999999747e-01 9.812269999999999603e-01 9.732279999999999820e-01 9.896080000000000432e-01
9.785570000000000102e-01 9.779609999999999692e-01 9.763190000000000479e-01 9.528600000000000403e-01 9.992929999999999868e-01 9.575099999999999723e-01 9.481399999999999828e-01 9.569109999999999561e-01
9.450950000000000184e-01 9.524730000000000141e-01 9.585209999999999564e-01 9.602309999999999457e-01 9.992189999999999683e-01 8.705370000000000053e-01 9.372570000000000068e-01 9.443049999999999500e-01
9.923530000000000406e-01 9.750879999999999548e-01 9.619130000000000180e-01 9.606559999999999544e-01 9.766059999999999741e-01 9.811349999999999794e-01 9.559569999999999457e-01 9.938399999999999457e-01
9.766409999999999814e-01 9.846549999999999470e-01 8.862149999999999750e-01 9.884570000000000300e-01 9.303449999999999775e-01 9.867209999999999592e-01 9.391190000000000371e-01 9.839360000000000328e-01
9.943429999999999769e-01 9.771549999999999958e-01 9.861039999999999806e-01 9.436330000000000551e-01 9.703260000000000218e-01 8.913360000000000172e-01 9.562019999999999964e-01 9.438060000000000338e-01
9.537839999999999652e-01 9.702629999999999866e-01 9.498699999999999921e-01 9.341920000000000224e-01 9.777299999999999880e-01 9.869499999999999940e-01 9.706430000000000335e-01 9.753359999999999808e-01
9.956970000000000542e-01 9.968690000000000051e-01 9.995439999999999880e-01 9.935300000000000242e-01 9.783570000000000322e-01 9.648489999999999567e-01 9.687149999999999928e-01 9.721779999999999866e-01
9.718189999999999884e-01 9.927049999999999486e-01 9.647409999999999597e-01 9.543660000000000476e-01 9.895720000000000072e-01 9.403340000000000032e-01 9.640840000000000520e-01 9.929590000000000360e-01
9.599039999999999795e-01 9.671680000000000277e-01 9.809649999999999759e-01 9.709759999999999502e-01 9.805580000000000407e-01 9.489499999999999602e-01 9.891480000000000272e-01 9.685009999999999453e-01
9.759839999999999627e-01 9.862910000000000288e-01 9.530779999999999808e-01 9.618970000000000020e-01 9.988359999999999461e-01 8.751120000000000010e-01 9.773950000000000138e-01 9.700839999999999463e-01
9.878959999999999964e-01 9.986810000000000409e-01 9.539809999999999679e-01 9.461019999999999985e-01 9.585219999999999851e-01 9.908019999999999605e-01 9.851029999999999509e-01 9.420100000000000140e-01
9.648109999999999742e-01 9.693009999999999682e-01 9.596500000000000030e-01 9.510129999999999972e-01 9.991510000000000113e-01 9.837150000000000061e-01 9.710870000000000335e-01 9.744599999999999929e-01
9.725899999999999546e-01 9.582380000000000342e-01 9.955749999999999877e-01 9.761069999999999469e-01 9.467430000000000012e-01 9.408389999999999809e-01 9.998249999999999638e-01 9.604960000000000164e-01
9.663439999999999808e-01 9.689929999999999932e-01 9.709609999999999630e-01 9.629159999999999942e-01 6.773069999999999924e-01 9.703129999999999811e-01 9.674420000000000242e-01 9.881379999999999608e-01
9.315350000000000019e-01 9.441659999999999497e-01 9.825099999999999945e-01 9.788989999999999636e-01 9.816449999999999898e-01 9.611410000000000231e-01 9.911600000000000410e-01 9.880419999999999758e-01
9.702370000000000161e-01 9.772710000000000008e-01 9.853910000000000169e-01 9.685930000000000373e-01 9.860100000000000531e-01 9.092550000000000354e-01 9.962010000000000032e-01 9.663979999999999793e-01
9.441889999999999450e-01 9.997460000000000235e-01 9.745740000000000514e-01 9.287400000000000100e-01 9.869229999999999947e-01 9.459089999999999998e-01 9.904990000000000183e-01 9.891510000000000025e-01
9.078079999999999483e-01 9.917770000000000197e-01 9.978249999999999620e-01 9.869320000000000315e-01 9.647710000000000452e-01 9.906800000000000050e-01 9.703150000000000386e-01 9.849839999999999707e-01
8.859139999999999793e-01 9.729659999999999975e-01 9.510349999999999637e-01 9.779689999999999772e-01 9.851330000000000364e-01 9.573669999999999680e-01 9.936350000000000460e-01 9.687379999999999880e-01
9.263409999999999700e-01 9.743389999999999551e-01 9.756780000000000452e-01 9.772589999999999888e-01 9.676510000000000389e-01 9.958200000000000385e-01 9.727749999999999453e-01 9.860809999999999853e-01
9.051770000000000094e-01 9.875570000000000181e-01 9.613969999999999461e-01 9.662110000000000420e-01 9.741549999999999931e-01 9.682209999999999983e-01 9.717289999999999539e-01 9.099279999999999591e-01
9.242050000000000542e-01 9.739269999999999872e-01 9.733819999999999695e-01 9.553270000000000373e-01 9.827120000000000299e-01 9.867390000000000327e-01 9.747609999999999886e-01 8.897370000000000001e-01
9.705559999999999743e-01 9.731710000000000083e-01 9.568839999999999568e-01 9.776589999999999447e-01 9.711300000000000487e-01 9.986059999999999937e-01 9.769609999999999683e-01 9.973539999999999628e-01
9.868000000000000105e-01 9.647179999999999644e-01 9.682199999999999696e-01 9.638029999999999653e-01 9.769649999999999723e-01 9.705559999999999743e-01 9.419060000000000210e-01 9.980900000000000327e-01
9.554749999999999632e-01 9.611180000000000279e-01 9.884439999999999893e-01 9.654120000000000479e-01 9.719980000000000286e-01 9.920689999999999786e-01 9.766829999999999679e-01 9.847169999999999535e-01
9.830529999999999546e-01 9.868259999999999810e-01 9.401490000000000125e-01 9.290749999999999842e-01 8.774840000000000417e-01 9.663629999999999720e-01 9.824549999999999672e-01 9.857690000000000063e-01
9.719419999999999726e-01 9.768850000000000033e-01 9.796719999999999873e-01 9.647409999999999597e-01 9.583080000000000487e-01 9.880640000000000533e-01 9.547879999999999701e-01 9.794880000000000253e-01
9.793960000000000443e-01 9.679849999999999843e-01 9.890029999999999655e-01 9.995659999999999545e-01 9.552640000000000020e-01 9.485949999999999660e-01 9.663979999999999793e-01 9.625070000000000014e-01
9.879839999999999733e-01 9.823450000000000237e-01 9.178849999999999509e-01 9.936909999999999910e-01 9.518520000000000314e-01 9.606069999999999887e-01 9.958529999999999882e-01 9.537839999999999652e-01
9.876420000000000199e-01 9.853210000000000024e-01 9.952250000000000263e-01 9.937859999999999472e-01 9.988890000000000269e-01 9.822729999999999517e-01 9.750560000000000338e-01 9.914180000000000215e-01
9.391929999999999445e-01 9.928960000000000008e-01 9.829200000000000159e-01 9.912600000000000300e-01 9.448879999999999502e-01 9.395959999999999868e-01 9.961820000000000119e-01 9.554960000000000120e-01
9.461110000000000353e-01 9.558780000000000054e-01 9.630570000000000519e-01 9.484019999999999673e-01 9.991389999999999993e-01 9.593500000000000361e-01 9.571239999999999748e-01 9.705909999999999815e-01
9.982280000000000042e-01 6.075390000000000512e-01 9.791840000000000543e-01 9.815819999999999546e-01 9.958409999999999762e-01 9.723000000000000531e-01 9.444059999999999677e-01 9.967240000000000544e-01
9.703960000000000363e-01 9.734969999999999457e-01 9.736620000000000275e-01 9.412289999999999823e-01 9.884960000000000413e-01 9.494599999999999707e-01 9.911640000000000450e-01 9.691079999999999695e-01
9.878959999999999964e-01 9.648339999999999694e-01 9.595280000000000475e-01 9.707299999999999818e-01 9.786810000000000231e-01 9.996880000000000210e-01 9.993760000000000421e-01 9.382220000000000004e-01
7.288550000000000306e-01 9.723410000000000108e-01 9.757120000000000237e-01 9.976840000000000153e-01 9.775599999999999845e-01 9.933880000000000488e-01 9.873220000000000329e-01 9.613110000000000266e-01
9.550920000000000520e-01 9.393200000000000438e-01 9.780440000000000245e-01 9.832509999999999861e-01 9.663239999999999608e-01 9.141340000000000021e-01 9.965850000000000541e-01 9.847089999999999455e-01
9.923279999999999879e-01 9.735829999999999762e-01 9.564909999999999801e-01 8.697899999999999521e-01 9.474759999999999849e-01 9.593239999999999545e-01 9.787329999999999641e-01 9.485689999999999955e-01
9.188049999999999828e-01 9.891419999999999657e-01 9.240199999999999525e-01 9.855829999999999869e-01 9.558609999999999607e-01 9.965220000000000189e-01 9.611690000000000511e-01 9.648930000000000007e-01
9.376480000000000370e-01 9.494899999999999451e-01 9.548159999999999981e-01 9.695939999999999559e-01 9.891529999999999490e-01 9.738909999999999512e-01 9.422620000000000440e-01 9.910109999999999753e-01
9.816420000000000146e-01 9.908069999999999933e-01 9.566890000000000116e-01 9.504110000000000058e-01 9.510790000000000077e-01 2.298260000000000025e-01 9.876519999999999744e-01 9.890419999999999767e-01
9.660379999999999523e-01 9.814329999999999998e-01 9.520750000000000046e-01 9.635780000000000456e-01 9.609879999999999534e-01 9.559469999999999912e-01 9.782929999999999682e-01 9.972029999999999506e-01
9.907340000000000035e-01 9.525580000000000158e-01 9.923110000000000541e-01 9.822220000000000395e-01 9.799839999999999662e-01 9.571030000000000371e-01 9.491020000000000012e-01 9.788050000000000361e-01
1.166819999999999941e-01 9.761410000000000364e-01 9.611330000000000151e-01 9.900290000000000479e-01 9.624669999999999614e-01 9.747059999999999613e-01 9.874680000000000124e-01 9.917319999999999469e-01
9.947869999999999768e-01 9.713870000000000005e-01 9.983910000000000284e-01 9.620269999999999655e-01 9.785300000000000109e-01 9.904910000000000103e-01 9.988519999999999621e-01 9.550640000000000240e-01
9.829839999999999689e-01 9.626460000000000017e-01 9.749200000000000088e-01 9.698130000000000361e-01 9.595900000000000540e-01 9.930480000000000418e-01 9.840400000000000258e-01 9.860109999999999708e-01
9.522580000000000489e-01 9.416250000000000453e-01 9.281089999999999618e-01 9.927200000000000468e-01 9.116389999999999771e-01 9.531100000000000128e-01 9.356680000000000552e-01 9.962959999999999594e-01
9.595320000000000515e-01 9.597170000000000423e-01 9.885950000000000015e-01 9.791339999999999488e-01 9.622549999999999715e-01 9.684209999999999763e-01 9.895239999999999592e-01 9.835260000000000113e-01
9.559889999999999777e-01 9.716040000000000232e-01 9.904770000000000518e-01 9.502450000000000063e-01 9.458990000000000453e-01 9.676970000000000294e-01 9.763159999999999616e-01 8.966279999999999806e-01
9.585869999999999669e-01 9.823560000000000070e-01 9.619320000000000093e-01 9.604770000000000252e-01 9.766949999999999799e-01 9.565690000000000026e-01 9.436179999999999568e-01 9.993069999999999453e-01
6.898100000000000342e-01 9.972919999999999563e-01 9.995239999999999680e-01 9.491030000000000300e-01 9.837080000000000268e-01 9.792689999999999451e-01 9.943340000000000511e-01 9.703720000000000123e-01
9.692220000000000280e-01 9.522650000000000281e-01 9.713979999999999837e-01 9.634249999999999758e-01 9.887780000000000458e-01 9.719290000000000429e-01 9.974199999999999733e-01 9.494709999999999539e-01
9.728229999999999933e-01 9.459859999999999935e-01 9.850700000000000012e-01 9.741619999999999724e-01 9.622209999999999930e-01 8.628460000000000019e-01 9.680760000000000476e-01 9.990419999999999856e-01
9.651939999999999964e-01 9.801689999999999570e-01 9.608250000000000401e-01 9.596090000000000453e-01 9.523989999999999956e-01 9.504559999999999675e-01 9.850609999999999644e-01 9.640159999999999840e-01
9.747740000000000293e-01 9.963459999999999539e-01 9.417929999999999913e-01 9.661359999999999948e-01 9.897939999999999516e-01 7.713219999999999521e-01 9.824889999999999457e-01 9.942229999999999679e-01
9.275999999999999801e-01 9.994030000000000413e-01 9.408189999999999609e-01 9.490370000000000195e-01 9.905279999999999641e-01 9.465949999999999642e-01 9.906580000000000386e-01 9.665949999999999820e-01
9.643789999999999862e-01 9.522239999999999593e-01 9.403470000000000439e-01 9.503390000000000448e-01 9.630180000000000407e-01 9.722380000000000466e-01 9.986639999999999961e-01 9.473279999999999479e-01
9.716639999999999722e-01 9.599499999999999700e-01 9.677099999999999591e-01 9.569299999999999473e-01 9.808409999999999629e-01 9.616339999999999888e-01 9.472660000000000524e-01 9.805120000000000502e-01
9.685989999999999878e-01 9.407039999999999846e-01 9.975810000000000510e-01 9.906409999999999938e-01 9.999489999999999768e-01 9.639689999999999648e-01 9.549199999999999910e-01 9.987200000000000522e-01
9.866260000000000030e-01 9.110000000000000320e-01 9.614420000000000188e-01 9.577679999999999527e-01 9.486750000000000460e-01 9.746240000000000459e-01 9.625230000000000175e-01 9.107060000000000155e-01
9.756890000000000285e-01 9.898190000000000044e-01 9.455170000000000519e-01 9.753969999999999585e-01 9.926829999999999821e-01 9.908310000000000173e-01 9.898489999999999789e-01 9.540980000000000016e-01
9.994239999999999791e-01 9.899590000000000334e-01 9.911440000000000250e-01 9.796949999999999825e-01 9.631119999999999681e-01 9.181740000000000457e-01 9.580480000000000107e-01 9.568940000000000223e-01
9.843640000000000168e-01 9.445700000000000207e-01 9.836500000000000243e-01 9.473650000000000126e-01 9.522289999999999921e-01 9.745939999999999603e-01 9.968639999999999723e-01 9.741429999999999811e-01
9.501450000000000173e-01 9.972379999999999578e-01 9.839670000000000361e-01 9.950250000000000483e-01 9.523519999999999763e-01 9.578489999999999505e-01 9.702340000000000408e-01 9.494960000000000067e-01
9.872450000000000392e-01 9.511150000000000437e-01 9.513810000000000322e-01 9.560349999999999682e-01 9.228429999999999689e-01 9.508339999999999570e-01 8.519280000000000186e-01 9.543770000000000309e-01
9.796380000000000088e-01 5.060240000000000293e-01 9.924819999999999753e-01 9.847280000000000477e-01 9.636069999999999913e-01 9.958799999999999875e-01 9.518109999999999626e-01 9.952600000000000335e-01
9.494799999999999907e-01 9.752790000000000070e-01 9.748670000000000391e-01 9.986319999999999641e-01 9.548069999999999613e-01 9.119040000000000479e-01 9.615200000000000413e-01 9.463200000000000500e-01
9.832819999999999894e-01 9.902159999999999851e-01 9.458299999999999486e-01 9.663129999999999775e-01 9.653680000000000039e-01 9.582089999999999774e-01 9.642230000000000523e-01 9.795570000000000110e-01
9.818639999999999590e-01 9.983560000000000212e-01 9.618330000000000490e-01 9.850870000000000459e-01 9.945659999999999501e-01 9.877920000000000034e-01 9.175560000000000382e-01 9.665030000000000010e-01
9.834169999999999856e-01 9.785300000000000109e-01 9.655989999999999851e-01 8.448229999999999906e-01 9.810999999999999721e-01 9.541629999999999834e-01 9.917179999999999884e-01 9.634319999999999551e-01
9.782769999999999522e-01 9.594669999999999588e-01 9.714760000000000062e-01 9.556120000000000170e-01 9.941520000000000357e-01 9.533629999999999605e-01 9.647010000000000307e-01 9.842600000000000238e-01
9.396440000000000348e-01 9.714639999999999942e-01 9.504390000000000338e-01 9.056450000000000333e-01 9.575449999999999795e-01 9.495190000000000019e-01 9.966409999999999991e-01 9.856390000000000429e-01
9.795819999999999528e-01 9.452310000000000434e-01 9.532300000000000217e-01 9.986509999999999554e-01 9.648050000000000237e-01 9.390500000000000513e-01 9.543500000000000316e-01 9.731980000000000075e-01
9.832610000000000516e-01 9.625399999999999512e-01 9.771790000000000198e-01 9.816669999999999563e-01 9.727350000000000163e-01 9.448309999999999764e-01 9.906620000000000426e-01 9.584899999999999531e-01
9.548940000000000206e-01 5.845850000000000213e-01 9.833739999999999704e-01 9.937740000000000462e-01 9.517050000000000232e-01 9.626209999999999489e-01 9.671419999999999462e-01 9.821349999999999802e-01
9.570800000000000418e-01 9.965770000000000461e-01 9.612089999999999801e-01 9.065889999999999782e-01 9.852279999999999927e-01 9.408800000000000496e-01 9.436259999999999648e-01 9.672669999999999879e-01
9.650760000000000449e-01 9.915570000000000217e-01 9.513660000000000450e-01 9.960109999999999797e-01 8.714739999999999709e-01 9.639360000000000150e-01 9.487950000000000550e-01 8.821090000000000320e-01
9.736120000000000330e-01 9.948460000000000081e-01 9.547870000000000523e-01 9.177359999999999962e-01 9.698590000000000266e-01 9.602049999999999752e-01 9.664730000000000265e-01 9.958339999999999970e-01
9.872680000000000344e-01 9.909419999999999895e-01 9.981809999999999850e-01 9.786439999999999584e-01 9.838810000000000056e-01 9.744129999999999736e-01 9.897770000000000179e-01 9.635120000000000351e-01
9.730630000000000113e-01 8.481689999999999507e-01 9.993020000000000236e-01 9.995880000000000321e-01 9.484860000000000513e-01 9.813830000000000053e-01 9.717230000000000034e-01 9.922549999999999981e-01
9.855949999999999989e-01 9.529999999999999583e-01 9.980980000000000407e-01 9.772030000000000438e-01 9.924589999999999801e-01 9.692089999999999872e-01 9.630220000000000447e-01 9.564580000000000304e-01
9.503740000000000521e-01 9.725489999999999968e-01 8.966319999999999846e-01 9.445160000000000222e-01 9.381209999999999827e-01 9.999529999999999808e-01 8.755190000000000472e-01 9.850229999999999819e-01
9.255839999999999623e-01 9.946059999999999901e-01 9.823410000000000197e-01 9.806300000000000017e-01 9.492890000000000494e-01 9.463249999999999718e-01 9.704899999999999638e-01 9.659259999999999513e-01
9.147640000000000216e-01 9.933440000000000047e-01 9.817529999999999868e-01 9.698780000000000179e-01 9.603490000000000082e-01 9.547499999999999876e-01 9.780539999999999790e-01 9.966279999999999584e-01
9.962280000000000024e-01 9.775110000000000188e-01 9.910379999999999745e-01 9.868839999999999835e-01 9.815589999999999593e-01 9.792739999999999778e-01 9.837259999999999893e-01 9.820100000000000495e-01
9.523080000000000434e-01 9.786989999999999856e-01 9.514219999999999899e-01 9.792560000000000153e-01 9.826359999999999539e-01 9.839529999999999665e-01 9.906890000000000418e-01 9.570880000000000498e-01
9.714909999999999934e-01 9.938259999999999872e-01 9.499800000000000466e-01 9.899329999999999519e-01 9.365139999999999576e-01 9.792699999999999738e-01 9.742709999999999981e-01 9.756899999999999462e-01
9.700239999999999974e-01 9.724509999999999543e-01 9.966709999999999736e-01 9.708759999999999613e-01 9.435329999999999551e-01 9.836549999999999461e-01 9.488010000000000055e-01 9.687480000000000535e-01
9.725059999999999816e-01 9.409800000000000386e-01 9.585420000000000051e-01 9.905110000000000303e-01 9.811159999999999881e-01 9.992330000000000378e-01 9.930550000000000210e-01 9.419549999999999867e-01
9.493329999999999824e-01 9.774209999999999843e-01 9.724439999999999751e-01 8.412399999999999878e-01 9.516729999999999912e-01 9.682680000000000176e-01 9.619220000000000548e-01 9.550089999999999968e-01
9.819970000000000088e-01 9.701030000000000486e-01 9.452169999999999739e-01 9.885070000000000245e-01 9.474869999999999681e-01 9.777259999999999840e-01 9.807709999999999484e-01 9.900029999999999664e-01
7.566789999999999905e-01 9.814040000000000541e-01 9.955030000000000268e-01 9.523800000000000043e-01 9.265870000000000495e-01 9.589429999999999898e-01 9.785080000000000444e-01 9.847050000000000525e-01
9.918979999999999464e-01 9.876350000000000406e-01 9.607409999999999561e-01 9.938700000000000312e-01 9.649469999999999992e-01 9.808299999999999796e-01 9.077920000000000433e-01 9.751419999999999533e-01
9.673230000000000439e-01 9.965180000000000149e-01 9.539090000000000069e-01 9.918540000000000134e-01 9.713110000000000355e-01 9.603720000000000034e-01 9.489349999999999730e-01 9.836989999999999901e-01
9.841689999999999605e-01 9.807360000000000522e-01 9.859900000000000331e-01 9.566090000000000426e-01 9.796749999999999625e-01 6.613310000000000022e-01 9.826749999999999652e-01 9.847510000000000430e-01
9.864680000000000115e-01 9.934129999999999905e-01 9.526310000000000056e-01 9.568109999999999671e-01 9.687649999999999872e-01 9.597029999999999728e-01 9.697900000000000409e-01 9.875979999999999759e-01
9.796040000000000303e-01 9.830029999999999601e-01 9.633369999999999989e-01 9.540920000000000512e-01 9.515500000000000069e-01 9.816200000000000481e-01 9.896970000000000489e-01 9.872889999999999722e-01
9.813969999999999638e-01 9.925439999999999818e-01 9.908019999999999605e-01 4.919979999999999909e-01 9.400290000000000035e-01 9.580049999999999955e-01 9.982509999999999994e-01 9.481760000000000188e-01
9.702899999999999858e-01 9.429269999999999596e-01 9.738069999999999782e-01 9.817559999999999620e-01 9.419619999999999660e-01 9.933880000000000488e-01 9.985770000000000479e-01 9.965589999999999726e-01
9.424799999999999844e-01 9.659699999999999953e-01 9.837240000000000428e-01 9.858320000000000416e-01 4.586430000000000229e-01 9.529389999999999805e-01 9.628529999999999589e-01 9.988519999999999621e-01
9.916019999999999834e-01 9.781199999999999894e-01 9.813439999999999941e-01 9.654970000000000496e-01 9.304480000000000528e-01 9.908160000000000300e-01 9.658400000000000318e-01 9.707500000000000018e-01
9.714629999999999654e-01 9.687000000000000055e-01 9.819179999999999575e-01 9.874969999999999581e-01 9.571319999999999828e-01 9.591589999999999838e-01 9.703969999999999541e-01 7.529390000000000249e-01
9.640619999999999745e-01 9.856909999999999838e-01 9.499269999999999659e-01 9.645120000000000360e-01 9.894690000000000429e-01 9.573450000000000015e-01 9.874490000000000212e-01 9.595639999999999725e-01
8.834009999999999918e-01 9.287579999999999725e-01 9.906530000000000058e-01 9.386619999999999964e-01 9.059099999999999930e-01 9.616219999999999768e-01 9.419459999999999500e-01 9.986479999999999801e-01
9.656919999999999948e-01 9.719269999999999854e-01 9.756399999999999517e-01 9.897709999999999564e-01 9.748149999999999871e-01 9.902800000000000491e-01 9.780750000000000277e-01 9.359070000000000444e-01
9.784509999999999597e-01 9.831590000000000051e-01 9.505869999999999598e-01 9.998799999999999910e-01 9.829679999999999529e-01 9.746730000000000116e-01 9.447119999999999962e-01 9.909130000000000438e-01
9.934169999999999945e-01 9.591659999999999631e-01 9.709719999999999462e-01 9.691109999999999447e-01 9.984300000000000397e-01 9.709969999999999990e-01 9.901889999999999858e-01 9.850219999999999532e-01
4.522490000000000121e-01 9.674869999999999859e-01 9.872339999999999449e-01 9.416520000000000445e-01 9.852499999999999591e-01 9.746460000000000123e-01 9.706789999999999585e-01 9.365400000000000391e-01
9.666179999999999772e-01 9.992619999999999836e-01 9.880780000000000118e-01 9.735500000000000265e-01 9.656679999999999708e-01 8.998920000000000252e-01 9.947439999999999616e-01 9.425540000000000029e-01
9.461439999999999850e-01 9.863260000000000360e-01 9.805160000000000542e-01 9.239810000000000523e-01 9.473730000000000206e-01 9.801419999999999577e-01 9.884279999999999733e-01 9.702910000000000146e-01
9.617590000000000305e-01 9.949369999999999603e-01 9.462930000000000508e-01 9.793530000000000291e-01 9.356550000000000145e-01 9.537189999999999834e-01 9.972929999999999851e-01 9.820740000000000025e-01
9.912520000000000220e-01 9.830459999999999754e-01 9.508189999999999698e-01 9.829989999999999561e-01 9.587090000000000334e-01 9.989930000000000199e-01 9.833880000000000399e-01 9.774159999999999515e-01
9.963400000000000034e-01 9.900600000000000511e-01 9.561910000000000132e-01 9.808980000000000476e-01 9.835329999999999906e-01 9.715300000000000047e-01 9.826259999999999994e-01 9.448670000000000124e-01
9.438699999999999868e-01 9.591769999999999463e-01 9.551079999999999570e-01 9.919019999999999504e-01 9.899750000000000494e-01 9.815989999999999993e-01 9.752459999999999463e-01 9.767510000000000359e-01
9.825180000000000025e-01 9.793760000000000243e-01 8.223960000000000159e-01 9.603720000000000034e-01 9.626069999999999904e-01 9.945749999999999869e-01 9.444759999999999822e-01 9.762250000000000094e-01
9.832549999999999901e-01 9.690809999999999702e-01 9.531169999999999920e-01 9.969170000000000531e-01 9.920459999999999834e-01 9.749820000000000153e-01 9.496179999999999621e-01 9.620260000000000478e-01
9.947059999999999791e-01 9.581100000000000172e-01 9.492859999999999632e-01 9.281150000000000233e-01 9.537809999999999899e-01 9.582009999999999694e-01 9.744180000000000064e-01 9.908909999999999663e-01
9.529370000000000340e-01 9.758539999999999992e-01 9.393059999999999743e-01 6.902270000000000350e-01 8.851059999999999484e-01 9.501460000000000461e-01 9.596069999999999878e-01 9.926939999999999653e-01
9.892889999999999739e-01 9.635709999999999553e-01 9.975559999999999983e-01 9.680419999999999581e-01 9.679240000000000066e-01 9.641729999999999468e-01 9.915059999999999985e-01 9.928709999999999480e-01
9.985300000000000287e-01 9.739790000000000392e-01 9.751480000000000148e-01 9.800929999999999920e-01 9.204360000000000319e-01 9.659879999999999578e-01 9.704669999999999686e-01 9.775120000000000475e-01
9.702690000000000481e-01 9.840659999999999963e-01 9.414430000000000298e-01 9.793169999999999931e-01 9.457950000000000523e-01 9.622549999999999715e-01 9.938559999999999617e-01 9.830179999999999474e-01
9.612650000000000361e-01 9.728090000000000348e-01 9.531870000000000065e-01 8.078279999999999905e-01 9.681859999999999911e-01 9.653779999999999584e-01 9.833020000000000094e-01 9.789710000000000356e-01
9.841849999999999765e-01 9.782149999999999457e-01 9.880120000000000013e-01 8.820299999999999807e-01 9.542950000000000044e-01 9.422629999999999617e-01 9.988059999999999716e-01 9.429899999999999949e-01
9.822619999999999685e-01 9.530870000000000175e-01 9.731319999999999970e-01 9.584690000000000154e-01 9.606700000000000239e-01 9.006250000000000089e-01 9.782939999999999969e-01 9.778240000000000265e-01
9.702950000000000186e-01 9.453150000000000164e-01 9.887249999999999650e-01 9.596559999999999535e-01 9.806660000000000377e-01 9.614279999999999493e-01 9.975889999999999480e-01 9.606980000000000519e-01
9.505810000000000093e-01 9.197689999999999477e-01 9.728820000000000245e-01 9.552819999999999645e-01 9.852090000000000014e-01 8.882409999999999473e-01 9.876249999999999751e-01 9.630159999999999831e-01
9.953790000000000138e-01 9.694720000000000004e-01 9.638349999999999973e-01 8.869439999999999547e-01 9.717879999999999852e-01 9.597830000000000528e-01 9.613230000000000386e-01 9.941590000000000149e-01
9.985370000000000079e-01 9.982100000000000417e-01 9.686139999999999750e-01 9.695080000000000364e-01 9.872499999999999609e-01 9.732340000000000435e-01 9.680659999999999821e-01 9.951799999999999535e-01
9.402620000000000422e-01 9.691779999999999839e-01 9.325489999999999613e-01 9.820990000000000553e-01 9.500629999999999908e-01 9.578849999999999865e-01 9.797299999999999898e-01 9.936469999999999470e-01
9.927749999999999631e-01 8.879669999999999508e-01 9.626540000000000097e-01 9.803380000000000427e-01 9.705089999999999550e-01 9.647299999999999764e-01 9.835930000000000506e-01 9.523430000000000506e-01
9.960130000000000372e-01 9.932220000000000493e-01 9.713070000000000315e-01 9.441610000000000280e-01 9.810729999999999729e-01 9.322869999999999768e-01 9.582150000000000389e-01 9.448320000000000052e-01
9.880550000000000166e-01 9.493800000000000017e-01 9.999310000000000143e-01 9.627790000000000514e-01 9.467149999999999732e-01 9.639450000000000518e-01 9.948399999999999466e-01 9.572869999999999990e-01
9.515839999999999854e-01 9.771309999999999718e-01 9.644559999999999800e-01 7.759080000000000421e-01 9.412479999999999736e-01 9.816059999999999786e-01 9.433009999999999451e-01 9.515160000000000284e-01
9.595080000000000275e-01 9.520180000000000309e-01 9.493300000000000072e-01 9.760309999999999819e-01 9.885199999999999543e-01 9.881750000000000256e-01 9.689780000000000060e-01 9.613019999999999898e-01
9.991090000000000249e-01 9.643610000000000237e-01 9.865049999999999653e-01 9.943539999999999601e-01 9.510659999999999670e-01 9.650419999999999554e-01 9.540459999999999496e-01 9.938209999999999544e-01
9.426390000000000047e-01 9.688029999999999697e-01 9.886960000000000193e-01 9.929130000000000456e-01 9.938120000000000287e-01 9.603730000000000322e-01 9.819029999999999703e-01 9.751389999999999780e-01
9.747999999999999998e-01 9.901879999999999571e-01 9.905779999999999585e-01 9.543420000000000236e-01 9.812370000000000259e-01 9.773640000000000105e-01 9.945709999999999829e-01 9.786839999999999984e-01
9.841269999999999740e-01 9.459910000000000263e-01 9.658060000000000533e-01 9.838580000000000103e-01 9.284529999999999728e-01 9.876800000000000024e-01 9.839849999999999985e-01 9.961360000000000214e-01
9.609309999999999796e-01 9.681389999999999718e-01 9.973779999999999868e-01 9.904469999999999663e-01 9.766669999999999519e-01 9.778080000000000105e-01 9.550659999999999705e-01 9.514789999999999637e-01
9.578280000000000127e-01 9.553270000000000373e-01 9.887249999999999650e-01 9.781140000000000390e-01 9.765470000000000539e-01 9.595559999999999645e-01 9.389950000000000241e-01 9.394930000000000225e-01
9.451119999999999521e-01 9.617229999999999945e-01 9.531349999999999545e-01 9.752659999999999663e-01 9.802149999999999475e-01 9.885129999999999750e-01 9.714099999999999957e-01 9.505379999999999940e-01
9.874969999999999581e-01 9.636559999999999571e-01 9.743349999999999511e-01 9.619180000000000508e-01 8.477120000000000211e-01 9.494310000000000249e-01 9.708769999999999900e-01 9.589640000000000386e-01
8.362479999999999913e-01 9.554589999999999472e-01 9.677449999999999664e-01 9.794509999999999605e-01 9.352350000000000385e-01 9.435430000000000206e-01 9.583779999999999522e-01 9.881379999999999608e-01
9.710889999999999800e-01 9.811490000000000489e-01 9.932659999999999823e-01 9.827879999999999949e-01 9.658489999999999576e-01 9.973959999999999493e-01 9.871450000000000502e-01 9.960449999999999582e-01
9.301350000000000451e-01 8.841350000000000042e-01 9.712699999999999667e-01 9.977219999999999978e-01 9.434289999999999621e-01 9.671899999999999942e-01 9.806390000000000384e-01 9.677999999999999936e-01
9.789769999999999861e-01 9.792130000000000001e-01 9.959869999999999557e-01 9.922980000000000134e-01 9.982490000000000530e-01 9.499560000000000226e-01 6.409759999999999902e-01 9.801630000000000065e-01
9.865450000000000053e-01 9.935850000000000515e-01 9.127650000000000485e-01 9.916329999999999867e-01 9.941410000000000524e-01 9.631420000000000536e-01 9.592600000000000016e-01 9.927009999999999446e-01
9.931520000000000348e-01 9.449319999999999942e-01 9.499309999999999699e-01 9.887310000000000265e-01 9.544599999999999751e-01 9.607670000000000377e-01 9.555019999999999625e-01 9.583829999999999849e-01
9.463810000000000278e-01 9.691149999999999487e-01 9.547569999999999668e-01 9.401049999999999685e-01 9.746059999999999723e-01 9.889109999999999845e-01 9.744859999999999634e-01 9.755479999999999707e-01
9.538039999999999852e-01 9.966800000000000104e-01 9.441650000000000320e-01 9.985650000000000359e-01 9.775409999999999933e-01 9.545660000000000256e-01 9.903710000000000013e-01 9.417640000000000455e-01
9.811710000000000154e-01 9.845359999999999667e-01 9.602720000000000145e-01 9.667360000000000397e-01 9.487560000000000437e-01 9.908799999999999830e-01 9.698510000000000186e-01 9.652560000000000029e-01
9.813960000000000461e-01 9.508900000000000130e-01 9.905789999999999873e-01 9.801220000000000487e-01 9.816679999999999851e-01 9.572530000000000205e-01 9.813110000000000444e-01 9.330270000000000508e-01
9.984560000000000102e-01 9.667430000000000190e-01 9.547480000000000411e-01 9.615690000000000071e-01 9.483789999999999720e-01 9.774420000000000330e-01 9.897329999999999739e-01 9.580840000000000467e-01
9.050439999999999596e-01 8.658299999999999885e-01 9.981910000000000505e-01 9.765899999999999581e-01 9.692319999999999824e-01 9.803060000000000107e-01 9.555609999999999937e-01 9.943570000000000464e-01
9.892649999999999499e-01 9.952919999999999545e-01 9.798719999999999652e-01 9.960200000000000164e-01 9.593310000000000448e-01 9.477590000000000181e-01 9.975880000000000303e-01 8.791499999999999870e-01
9.735850000000000337e-01 9.879040000000000044e-01 9.616460000000000008e-01 9.757409999999999695e-01 9.760539999999999772e-01 9.617329999999999490e-01 9.989470000000000294e-01 9.962400000000000144e-01
9.766110000000000069e-01 9.608569999999999611e-01 9.501049999999999773e-01 9.923939999999999984e-01 9.574430000000000440e-01 9.915960000000000329e-01 9.826970000000000427e-01 9.423850000000000282e-01
9.526999999999999913e-01 9.812659999999999716e-01 9.545559999999999601e-01 9.566000000000000059e-01 9.576109999999999900e-01 9.807129999999999459e-01 9.628139999999999477e-01 9.679499999999999771e-01
9.638290000000000468e-01 7.147249999999999437e-02 9.771050000000000013e-01 9.924709999999999921e-01 9.426409999999999512e-01 9.708419999999999828e-01 9.545329999999999648e-01 9.936530000000000085e-01
9.914739999999999664e-01 9.547590000000000243e-01 9.807660000000000267e-01 9.603580000000000449e-01 9.729160000000000030e-01 9.428220000000000489e-01 9.861579999999999790e-01 9.518299999999999539e-01
9.567729999999999846e-01 9.609130000000000171e-01 9.986850000000000449e-01 9.690400000000000125e-01 9.924819999999999753e-01 9.905460000000000376e-01 9.998960000000000070e-01 9.843159999999999688e-01
9.731539999999999635e-01 9.469790000000000152e-01 9.927460000000000173e-01 9.555320000000000480e-01 9.513650000000000162e-01 9.838510000000000311e-01 9.583439999999999737e-01 9.894300000000000317e-01
9.840539999999999843e-01 9.948909999999999698e-01 9.644070000000000142e-01 8.719440000000000524e-01 9.994570000000000398e-01 9.578349999999999920e-01 9.520309999999999606e-01 9.712769999999999460e-01
9.835610000000000186e-01 9.999719999999999720e-01 9.613180000000000058e-01 9.976960000000000273e-01 9.047020000000000062e-01 9.753990000000000160e-01 9.799080000000000013e-01 9.370349999999999513e-01
9.672039999999999527e-01 9.892760000000000442e-01 9.752180000000000293e-01 9.967730000000000201e-01 9.612519999999999953e-01 9.858149999999999968e-01 9.650729999999999587e-01 9.206520000000000259e-01
9.592460000000000431e-01 9.845800000000000107e-01 9.613859999999999628e-01 9.631629999999999914e-01 9.574880000000000058e-01 9.446649999999999769e-01 9.849250000000000504e-01 9.563129999999999686e-01
9.514120000000000354e-01 9.854439999999999866e-01 9.762859999999999872e-01 9.418400000000000105e-01 9.426769999999999872e-01 9.510809999999999542e-01 9.842940000000000023e-01 9.441079999999999472e-01
9.594989999999999908e-01 9.577630000000000310e-01 9.918759999999999799e-01 7.728869999999999907e-01 9.731790000000000163e-01 9.832920000000000549e-01 9.919999999999999929e-01 9.942619999999999791e-01
9.806880000000000042e-01 9.596050000000000413e-01 9.722809999999999508e-01 9.765740000000000531e-01 9.606240000000000334e-01 9.666439999999999477e-01 9.844289999999999985e-01 9.420479999999999965e-01
9.735200000000000520e-01 9.853800000000000336e-01 9.997200000000000530e-01 9.894910000000000094e-01 9.670809999999999684e-01 9.724049999999999638e-01 9.924039999999999528e-01 9.812920000000000531e-01
9.975420000000000398e-01 9.102209999999999468e-01 9.528469999999999995e-01 9.973509999999999875e-01 9.863779999999999770e-01 9.450800000000000312e-01 9.770569999999999533e-01 9.649440000000000239e-01
9.178910000000000124e-01 9.678609999999999713e-01 9.923229999999999551e-01 9.600379999999999470e-01 8.654269999999999463e-01 9.783119999999999594e-01 9.639250000000000318e-01 9.560340000000000504e-01
9.685240000000000515e-01 9.498400000000000176e-01 9.548010000000000108e-01 9.655460000000000154e-01 9.521810000000000551e-01 9.817289999999999628e-01 9.726920000000000011e-01 9.963009999999999922e-01
9.918799999999999839e-01 9.957030000000000047e-01 9.658409999999999496e-01 9.915000000000000480e-01 9.870379999999999709e-01 9.804659999999999487e-01 9.709039999999999893e-01 9.806089999999999529e-01
9.434749999999999526e-01 9.789649999999999741e-01 9.454719999999999791e-01 9.409910000000000219e-01 9.604679999999999884e-01 9.442810000000000370e-01 9.716960000000000042e-01 9.917340000000000044e-01
9.966859999999999609e-01 9.430809999999999471e-01 9.597550000000000248e-01 9.832539999999999614e-01 9.685749999999999638e-01 9.683199999999999585e-01 9.904169999999999918e-01 9.648210000000000397e-01
9.700680000000000414e-01 9.457189999999999763e-01 9.770739999999999981e-01 9.906650000000000178e-01 9.759480000000000377e-01 9.935810000000000475e-01 9.333249999999999602e-01 9.716329999999999689e-01
9.519459999999999589e-01 9.975019999999999998e-01 9.599370000000000402e-01 9.620549999999999935e-01 9.918040000000000189e-01 9.657759999999999678e-01 9.736700000000000355e-01 9.846070000000000100e-01
9.723589999999999733e-01 9.729860000000000175e-01 9.640539999999999665e-01 9.544259999999999966e-01 9.832899999999999974e-01 9.518959999999999644e-01 9.911400000000000210e-01 9.383730000000000127e-01
9.717209999999999459e-01 9.666160000000000307e-01 9.714129999999999709e-01 9.892729999999999579e-01 9.777320000000000455e-01 9.545679999999999721e-01 9.543099999999999916e-01 9.607539999999999969e-01
9.086670000000000025e-01 9.839470000000000161e-01 9.599079999999999835e-01 9.637229999999999963e-01 9.481819999999999693e-01 9.694949999999999957e-01 9.536520000000000552e-01 9.356060000000000487e-01
9.775869999999999838e-01 9.642629999999999812e-01 9.806719999999999882e-01 9.584059999999999802e-01 9.620969999999999800e-01 9.820539999999999825e-01 9.721009999999999929e-01 9.419710000000000027e-01
9.011609999999999898e-01 9.481659999999999533e-01 9.589330000000000354e-01 9.970369999999999511e-01 9.693500000000000449e-01 9.614749999999999686e-01 9.677989999999999648e-01 9.715829999999999744e-01
9.906660000000000466e-01 8.410849999999999715e-01 9.656130000000000546e-01 9.575770000000000115e-01 9.410749999999999948e-01 9.623500000000000387e-01 9.793509999999999716e-01 9.931140000000000523e-01
9.858059999999999601e-01 9.540089999999999959e-01 9.767820000000000391e-01 9.649710000000000232e-01 9.704859999999999598e-01 9.426799999999999624e-01 9.491180000000000172e-01 9.708369999999999500e-01
9.535529999999999839e-01 9.596630000000000438e-01 9.666810000000000125e-01 9.940130000000000354e-01 9.458290000000000308e-01 9.698219999999999619e-01 9.728539999999999965e-01 9.989909999999999624e-01
9.562019999999999964e-01 9.463359999999999550e-01 9.432840000000000114e-01 9.793760000000000243e-01 9.923720000000000319e-01 9.544049999999999478e-01 9.596280000000000365e-01 9.774680000000000035e-01
9.434160000000000323e-01 9.797439999999999483e-01 9.760940000000000172e-01 9.531039999999999512e-01 9.810720000000000551e-01 9.791220000000000478e-01 9.963950000000000307e-01 9.888390000000000235e-01
9.814469999999999583e-01 9.753939999999999833e-01 9.952659999999999840e-01 9.680819999999999981e-01 9.861750000000000238e-01 9.846949999999999870e-01 9.882870000000000266e-01 8.306299999999999795e-01
9.878550000000000386e-01 8.981930000000000192e-01 9.938930000000000264e-01 9.896220000000000017e-01 9.395890000000000075e-01 9.789499999999999869e-01 9.921579999999999844e-01 9.896709999999999674e-01
8.725880000000000303e-01 9.553089999999999637e-01 9.975840000000000263e-01 9.659849999999999826e-01 9.220030000000000170e-01 9.793199999999999683e-01 9.566909999999999581e-01 9.594329999999999803e-01
9.823889999999999567e-01 9.798010000000000330e-01 9.458029999999999493e-01 9.512629999999999697e-01 9.732119999999999660e-01 9.965079999999999494e-01 9.472209999999999797e-01 9.967369999999999841e-01
9.894770000000000509e-01 9.870569999999999622e-01 9.467820000000000125e-01 9.548539999999999806e-01 9.616820000000000368e-01 9.983790000000000164e-01 9.681490000000000373e-01 9.913440000000000030e-01
9.636839999999999851e-01 9.589980000000000171e-01 9.776529999999999943e-01 9.647400000000000420e-01 9.924399999999999888e-01 9.981700000000000017e-01 9.908879999999999910e-01 9.243350000000000177e-01
9.416729999999999823e-01 9.547820000000000196e-01 9.563840000000000119e-01 9.447429999999999994e-01 9.596660000000000190e-01 9.516109999999999847e-01 9.708059999999999468e-01 9.917559999999999709e-01
9.842880000000000518e-01 9.586510000000000309e-01 9.740490000000000537e-01 9.993859999999999966e-01 9.392059999999999853e-01 9.696569999999999911e-01 9.968449999999999811e-01 9.240690000000000293e-01
9.714549999999999574e-01 9.404059999999999642e-01 9.821509999999999962e-01 9.861419999999999630e-01 9.559410000000000407e-01 9.874429999999999596e-01 9.645070000000000032e-01 9.685160000000000435e-01
9.789250000000000451e-01 9.823749999999999982e-01 9.547360000000000291e-01 9.906850000000000378e-01 9.884260000000000268e-01 9.618160000000000043e-01 9.902349999999999763e-01 9.635939999999999506e-01
9.887120000000000353e-01 9.590130000000000043e-01 9.804260000000000197e-01 9.589100000000000401e-01 9.497970000000000024e-01 9.884579999999999478e-01 9.421500000000000430e-01 9.678109999999999769e-01
9.660560000000000258e-01 8.867720000000000047e-01 9.457470000000000043e-01 9.670450000000000434e-01 9.091409999999999769e-01 9.750910000000000410e-01 9.990850000000000009e-01 9.932830000000000270e-01
9.572349999999999470e-01 9.792159999999999753e-01 9.644230000000000302e-01 9.684500000000000330e-01 9.782300000000000439e-01 9.858080000000000176e-01 9.558529999999999527e-01 9.706580000000000208e-01
9.815599999999999881e-01 9.914990000000000192e-01 9.646839999999999860e-01 9.997530000000000028e-01 9.807000000000000162e-01 9.436050000000000271e-01 9.723420000000000396e-01 9.926909999999999901e-01
9.983140000000000347e-01 9.517750000000000377e-01 9.648290000000000477e-01 9.410549999999999748e-01 9.917839999999999989e-01 9.447759999999999492e-01 9.949740000000000251e-01 9.504700000000000371e-01
9.839740000000000153e-01 9.799409999999999510e-01 9.820999999999999730e-01 9.674310000000000409e-01 9.948479999999999546e-01 9.785549999999999526e-01 9.795629999999999615e-01 9.789710000000000356e-01
9.800689999999999680e-01 9.771320000000000006e-01 9.378279999999999950e-01 9.892149999999999554e-01 9.363500000000000156e-01 9.552049999999999708e-01 9.681880000000000486e-01 9.961699999999999999e-01
9.768419999999999881e-01 9.857510000000000439e-01 9.974399999999999933e-01 9.802359999999999962e-01 9.742610000000000436e-01 9.566700000000000204e-01 9.795230000000000325e-01 9.854070000000000329e-01
9.837160000000000348e-01 9.629490000000000549e-01 9.403059999999999752e-01 9.609389999999999876e-01 9.871889999999999832e-01 9.722389999999999644e-01 9.974830000000000085e-01 9.735500000000000265e-01
9.413310000000000288e-01 9.831140000000000434e-01 9.691290000000000182e-01 9.878080000000000194e-01 9.914239999999999720e-01 9.938439999999999497e-01 9.622319999999999762e-01 9.505820000000000380e-01
9.885819999999999608e-01 9.905810000000000448e-01 9.920240000000000169e-01 9.518079999999999874e-01 9.790839999999999543e-01 9.837110000000000021e-01 9.980189999999999895e-01 9.977570000000000050e-01
9.743209999999999926e-01 9.873549999999999827e-01 9.705540000000000278e-01 9.940449999999999564e-01 9.776329999999999742e-01 9.754460000000000353e-01 9.984499999999999487e-01 9.653899999999999704e-01
9.523859999999999548e-01 9.613190000000000346e-01 9.691419999999999479e-01 9.961330000000000462e-01 9.744220000000000104e-01 9.716169999999999529e-01 9.642060000000000075e-01 9.708959999999999813e-01
9.613460000000000338e-01 9.696399999999999464e-01 9.576780000000000292e-01 9.568179999999999463e-01 9.535919999999999952e-01 9.766780000000000461e-01 9.643859999999999655e-01 9.567160000000000108e-01
9.598950000000000538e-01 9.877770000000000161e-01 9.853779999999999761e-01 9.816890000000000338e-01 9.801349999999999785e-01 9.959160000000000235e-01 9.513150000000000217e-01 9.629849999999999799e-01
9.728170000000000428e-01 9.724380000000000246e-01 9.758459999999999912e-01 9.662509999999999710e-01 9.970080000000000053e-01 9.535350000000000215e-01 8.070680000000000076e-01 9.745089999999999586e-01
9.212160000000000348e-01 9.861440000000000206e-01 9.565240000000000409e-01 9.499090000000000034e-01 9.807500000000000107e-01 9.515540000000000109e-01 9.709910000000000485e-01 9.988000000000000211e-01
9.107859999999999845e-01 9.448609999999999509e-01 9.968289999999999651e-01 9.418849999999999723e-01 9.820919999999999650e-01 9.848799999999999777e-01 9.725570000000000048e-01 9.729170000000000318e-01
9.755779999999999452e-01 9.604059999999999819e-01 9.602589999999999737e-01 9.732690000000000508e-01 9.436900000000000288e-01 9.950780000000000181e-01 9.961330000000000462e-01 9.503610000000000113e-01
9.992480000000000251e-01 9.502049999999999663e-01 9.808649999999999869e-01 9.668870000000000520e-01 9.829290000000000527e-01 9.533740000000000547e-01 9.824249999999999927e-01 9.731419999999999515e-01
9.880919999999999703e-01 9.730720000000000480e-01 9.623180000000000067e-01 9.821199999999999930e-01 9.463350000000000373e-01 9.994199999999999751e-01 9.911060000000000425e-01 9.641260000000000385e-01
9.829489999999999617e-01 9.589410000000000434e-01 8.817789999999999795e-01 9.422340000000000160e-01 9.685789999999999678e-01 9.800450000000000550e-01 9.949480000000000546e-01 9.846960000000000157e-01
9.974450000000000260e-01 9.898559999999999581e-01 9.860579999999999901e-01 9.541009999999999769e-01 9.492300000000000182e-01 9.603319999999999634e-01 9.865909999999999958e-01 9.697430000000000216e-01
9.897820000000000507e-01 9.925500000000000433e-01 9.505940000000000500e-01 9.905690000000000328e-01 9.928129999999999455e-01 9.450840000000000352e-01 9.876270000000000326e-01 9.662180000000000213e-01
9.864669999999999828e-01 9.480579999999999563e-01 9.733950000000000102e-01 8.824880000000000502e-01 9.928219999999999823e-01 9.865270000000000428e-01 9.884990000000000165e-01 9.762359999999999927e-01
9.853849999999999554e-01 9.802110000000000545e-01 9.720800000000000551e-01 9.925819999999999643e-01 8.173160000000000425e-01 9.931759999999999478e-01 9.682539999999999480e-01 9.492490000000000094e-01
9.980299999999999727e-01 9.702730000000000521e-01 9.864159999999999595e-01 9.912220000000000475e-01 9.721940000000000026e-01 9.658130000000000326e-01 9.603380000000000249e-01 9.728590000000000293e-01
9.351890000000000480e-01 9.692979999999999929e-01 9.763640000000000096e-01 9.827369999999999717e-01 9.551560000000000050e-01 9.686470000000000358e-01 9.879259999999999708e-01 9.746700000000000363e-01
9.929609999999999825e-01 9.477539999999999853e-01 9.861290000000000333e-01 9.612720000000000153e-01 9.662519999999999998e-01 9.579999999999999627e-01 9.816399999999999570e-01 9.965739999999999599e-01
9.753129999999999855e-01 9.896089999999999609e-01 9.703399999999999803e-01 6.713059999999999583e-01 9.746019999999999683e-01 9.789879999999999693e-01 9.802100000000000257e-01 9.576139999999999652e-01
9.767660000000000231e-01 9.715679999999999872e-01 9.443359999999999532e-01 9.839219999999999633e-01 9.735540000000000305e-01 9.957859999999999490e-01 9.822899999999999965e-01 9.802180000000000337e-01
9.562049999999999716e-01 9.509530000000000483e-01 9.762030000000000429e-01 9.717930000000000179e-01 9.975359999999999783e-01 7.007520000000000415e-01 9.328849999999999643e-01 8.160100000000000131e-01
9.444190000000000085e-01 9.507940000000000280e-01 9.672819999999999752e-01 9.810410000000000519e-01 9.628790000000000404e-01 9.790849999999999831e-01 9.747419999999999973e-01 4.429150000000000031e-01
9.663779999999999593e-01 9.559940000000000104e-01 9.703779999999999628e-01 9.753129999999999855e-01 9.674040000000000417e-01 9.658510000000000151e-01 9.520269999999999566e-01 8.615019999999999900e-01
9.940489999999999604e-01 9.606099999999999639e-01 9.706700000000000328e-01 9.724399999999999711e-01 9.548889999999999878e-01 9.728890000000000038e-01 9.667689999999999895e-01 9.942999999999999616e-01
9.000430000000000375e-01 9.570610000000000506e-01 9.643699999999999495e-01 9.863199999999999745e-01 9.446569999999999689e-01 9.714260000000000117e-01 9.735639999999999850e-01 9.614800000000000013e-01
9.801149999999999585e-01 9.688930000000000042e-01 9.993490000000000428e-01 9.469009999999999927e-01 9.986749999999999794e-01 9.811039999999999761e-01 9.698830000000000506e-01 9.541460000000000496e-01
9.773929999999999563e-01 9.670360000000000067e-01 9.948700000000000321e-01 9.543530000000000069e-01 9.755460000000000242e-01 9.987300000000000066e-01 9.797230000000000105e-01 9.415339999999999820e-01
9.555150000000000032e-01 9.526580000000000048e-01 9.419809999999999572e-01 9.590760000000000396e-01 9.973790000000000155e-01 9.929040000000000088e-01 8.068180000000000351e-01 9.104299999999999615e-01
9.964899999999999869e-01 9.696799999999999864e-01 9.964960000000000484e-01 9.875380000000000269e-01 9.632920000000000371e-01 9.462350000000000483e-01 9.920790000000000441e-01 9.722119999999999651e-01
9.935840000000000227e-01 9.555770000000000097e-01 9.666569999999999885e-01 9.667940000000000422e-01 9.715589999999999504e-01 9.422909999999999897e-01 9.946500000000000341e-01 9.742779999999999774e-01
9.932879999999999487e-01 9.949770000000000003e-01 9.573180000000000023e-01 9.754270000000000440e-01 9.348049999999999971e-01 9.652859999999999774e-01 9.909350000000000103e-01 9.929609999999999825e-01
9.346219999999999528e-01 9.610779999999999879e-01 9.411119999999999486e-01 9.800689999999999680e-01 9.964669999999999916e-01 9.660349999999999770e-01 9.812910000000000244e-01 9.985239999999999672e-01
9.784680000000000044e-01 9.561209999999999987e-01 9.583030000000000159e-01 9.621119999999999672e-01 9.830250000000000377e-01 9.788149999999999906e-01 9.493200000000000527e-01 9.563789999999999791e-01
9.432420000000000249e-01 9.838069999999999871e-01 9.477900000000000214e-01 9.814519999999999911e-01 9.676569999999999894e-01 9.771180000000000421e-01 9.898200000000000331e-01 9.692509999999999737e-01
9.840929999999999955e-01 9.796179999999999888e-01 9.790450000000000541e-01 9.495719999999999716e-01 9.520340000000000469e-01 9.975169999999999870e-01 9.871290000000000342e-01 9.484460000000000113e-01
8.967239999999999656e-01 9.574019999999999753e-01 9.912389999999999812e-01 9.914849999999999497e-01 9.405010000000000314e-01 9.870079999999999965e-01 9.624570000000000070e-01 9.165259999999999518e-01
9.851100000000000412e-01 9.777059999999999640e-01 9.573720000000000008e-01 9.487579999999999902e-01 9.847399999999999487e-01 9.843840000000000368e-01 9.529039999999999733e-01 9.984840000000000382e-01
9.124640000000000528e-01 9.623030000000000195e-01 9.727670000000000483e-01 9.649600000000000399e-01 9.454529999999999879e-01 9.663819999999999633e-01 9.730339999999999545e-01 9.673840000000000217e-01
9.907500000000000195e-01 9.940219999999999612e-01 9.753279999999999728e-01 9.621509999999999785e-01 9.790919999999999623e-01 9.483169999999999655e-01 9.988789999999999614e-01 9.639969999999999928e-01
9.498149999999999649e-01 9.957850000000000312e-01 9.576609999999999845e-01 9.736740000000000395e-01 9.679280000000000106e-01 9.496259999999999701e-01 9.651680000000000259e-01 8.762459999999999694e-01
9.781560000000000255e-01 9.909369999999999568e-01 9.712210000000000010e-01 9.859059999999999491e-01 9.770619999999999861e-01 9.583439999999999737e-01 9.989249999999999519e-01 9.486269999999999980e-01
9.946239999999999526e-01 6.890880000000000338e-01 9.911079999999999890e-01 9.664669999999999650e-01 9.961229999999999807e-01 9.339220000000000299e-01 9.486409999999999565e-01 9.800860000000000127e-01
9.987449999999999939e-01 9.718200000000000172e-01 9.417360000000000175e-01 9.773249999999999993e-01 9.983910000000000284e-01 9.765040000000000386e-01 9.767949999999999688e-01 9.528370000000000450e-01
9.146360000000000046e-01 9.526850000000000041e-01 9.438029999999999475e-01 9.818740000000000245e-01 9.973769999999999580e-01 9.946979999999999711e-01 9.813880000000000381e-01 9.707989999999999675e-01
9.780280000000000085e-01 9.473869999999999791e-01 9.694059999999999899e-01 9.736979999999999524e-01 9.731859999999999955e-01 9.608160000000000034e-01 9.801879999999999482e-01 9.833469999999999711e-01
9.725829999999999753e-01 9.802380000000000537e-01 9.638600000000000501e-01 9.892250000000000210e-01 9.568100000000000493e-01 9.743150000000000421e-01 9.981520000000000392e-01 9.476219999999999644e-01
9.660360000000000058e-01 9.086699999999999777e-01 9.745099999999999874e-01 8.986750000000000016e-01 9.227619999999999711e-01 9.594949999999999868e-01 9.613530000000000131e-01 9.775700000000000500e-01
6.522890000000000077e-01 9.944530000000000314e-01 9.431979999999999809e-01 9.510150000000000547e-01 9.725800000000000001e-01 9.819620000000000015e-01 9.286670000000000202e-01 9.853730000000000544e-01
9.702340000000000408e-01 9.754690000000000305e-01 9.768419999999999881e-01 9.710699999999999887e-01 9.716139999999999777e-01 9.693730000000000402e-01 9.892900000000000027e-01 9.489060000000000272e-01
9.957439999999999625e-01 9.776749999999999607e-01 9.941600000000000437e-01 9.817000000000000171e-01 9.807700000000000307e-01 9.478010000000000046e-01 9.108840000000000270e-01 9.646080000000000210e-01
9.756190000000000140e-01 9.894990000000000174e-01 9.544890000000000319e-01 9.764899999999999691e-01 9.419640000000000235e-01 9.868019999999999570e-01 9.300690000000000346e-01 8.977500000000000480e-01
9.671570000000000444e-01 9.018570000000000197e-01 9.854610000000000314e-01 9.537759999999999572e-01 9.848280000000000367e-01 9.948540000000000161e-01 9.996599999999999930e-01 9.695780000000000509e-01
9.776869999999999727e-01 9.738710000000000422e-01 9.639539999999999775e-01 9.918320000000000469e-01 9.989700000000000246e-01 9.696479999999999544e-01 9.932670000000000110e-01 9.889499999999999957e-01
9.647179999999999644e-01 9.858689999999999953e-01 9.935850000000000515e-01 9.611260000000000359e-01 9.633049999999999669e-01 9.547809999999999908e-01 9.602300000000000280e-01 9.988280000000000491e-01
9.479560000000000208e-01 9.356379999999999697e-01 9.758480000000000487e-01 9.622540000000000537e-01 9.723270000000000524e-01 9.972480000000000233e-01 9.493110000000000159e-01 9.686900000000000510e-01
9.802020000000000177e-01 9.999780000000000335e-01 9.728900000000000325e-01 9.360929999999999529e-01 9.576810000000000045e-01 9.525810000000000111e-01 9.782229999999999537e-01 9.702570000000000361e-01
9.429689999999999461e-01 9.882370000000000321e-01 9.843509999999999760e-01 9.372639999999999860e-01 9.928379999999999983e-01 9.607160000000000144e-01 9.783880000000000354e-01 9.507280000000000175e-01
9.685960000000000125e-01 9.371350000000000513e-01 9.766120000000000356e-01 9.357450000000000490e-01 9.825270000000000392e-01 9.483789999999999720e-01 9.797900000000000498e-01 9.866080000000000405e-01
9.574629999999999530e-01 9.573359999999999648e-01 9.533840000000000092e-01 9.901459999999999706e-01 9.643380000000000285e-01 9.465949999999999642e-01 9.394259999999999833e-01 9.604960000000000164e-01
9.437259999999999538e-01 9.721079999999999721e-01 9.468429999999999902e-01 9.609360000000000124e-01 9.783789999999999987e-01 9.976209999999999800e-01 9.435459999999999958e-01 9.845150000000000290e-01
9.807679999999999731e-01 9.533789999999999765e-01 9.854110000000000369e-01 9.702410000000000201e-01 8.367050000000000320e-01 9.830330000000000457e-01 9.754059999999999953e-01 9.853279999999999816e-01
9.724760000000000071e-01 9.702520000000000033e-01 9.454500000000000126e-01 9.610429999999999806e-01 9.742790000000000061e-01 9.707529999999999770e-01 9.592049999999999743e-01 9.996690000000000298e-01
9.812539999999999596e-01 9.912539999999999685e-01 9.805810000000000359e-01 9.742260000000000364e-01 8.484620000000000495e-01 9.389889999999999626e-01 9.476919999999999789e-01 9.544610000000000039e-01
9.783180000000000209e-01 9.470129999999999937e-01 9.736650000000000027e-01 9.647919999999999829e-01 9.602469999999999617e-01 9.778559999999999475e-01 9.807099999999999707e-01 9.634200000000000541e-01
9.678919999999999746e-01 9.770100000000000451e-01 9.550089999999999968e-01 9.407689999999999664e-01 9.675669999999999549e-01 9.617649999999999810e-01 9.658700000000000063e-01 8.797570000000000112e-01
9.902119999999999811e-01 9.945840000000000236e-01 9.634489999999999998e-01 9.838259999999999783e-01 9.881809999999999761e-01 9.740379999999999594e-01 9.461519999999999930e-01 9.683249999999999913e-01
9.908599999999999630e-01 9.583089999999999664e-01 9.447440000000000282e-01 9.622460000000000457e-01 9.903070000000000483e-01 9.683030000000000248e-01 9.428260000000000529e-01 7.204960000000000253e-01
9.847380000000000022e-01 9.767989999999999728e-01 8.925049999999999928e-01 9.642899999999999805e-01 9.764279999999999626e-01 9.660670000000000091e-01 9.852870000000000239e-01 9.634909999999999863e-01
9.717970000000000219e-01 9.458820000000000006e-01 9.902840000000000531e-01 9.172099999999999698e-01 9.232799999999999896e-01 9.830830000000000402e-01 9.800640000000000462e-01 9.159080000000000554e-01
9.456520000000000481e-01 9.861929999999999863e-01 9.414569999999999883e-01 9.325470000000000148e-01 9.965049999999999741e-01 9.463559999999999750e-01 9.480939999999999923e-01 9.551250000000000018e-01
9.640699999999999825e-01 9.718930000000000069e-01 9.999010000000000398e-01 9.637989999999999613e-01 9.916789999999999772e-01 9.461249999999999938e-01 9.746249999999999636e-01 9.658619999999999983e-01
9.851100000000000412e-01 9.565519999999999579e-01 9.600769999999999582e-01 9.509370000000000323e-01 9.593660000000000521e-01 9.494169999999999554e-01 9.952050000000000063e-01 9.953629999999999978e-01
9.561399999999999899e-01 9.533289999999999820e-01 9.610170000000000101e-01 9.757980000000000542e-01 9.707360000000000433e-01 9.871320000000000094e-01 9.959179999999999700e-01 9.709929999999999950e-01
9.673490000000000144e-01 9.226480000000000237e-01 9.927380000000000093e-01 9.666620000000000212e-01 9.801560000000000272e-01 9.771680000000000366e-01 9.885549999999999615e-01 9.882520000000000193e-01
9.800990000000000535e-01 9.851640000000000397e-01 9.314289999999999514e-01 9.895850000000000479e-01 9.726890000000000258e-01 9.988489999999999869e-01 9.157729999999999482e-01 9.766479999999999606e-01
9.497679999999999456e-01 9.660210000000000186e-01 9.996490000000000098e-01 9.831029999999999491e-01 9.870189999999999797e-01 9.617820000000000258e-01 9.877810000000000201e-01 9.996840000000000170e-01
9.893079999999999652e-01 9.700159999999999894e-01 9.799170000000000380e-01 8.994400000000000173e-01 9.811509999999999954e-01 9.850160000000000027e-01 9.994640000000000191e-01 9.516489999999999672e-01
9.770020000000000371e-01 9.950980000000000381e-01 9.519279999999999964e-01 9.911459999999999715e-01 9.163660000000000139e-01 9.969130000000000491e-01 9.793979999999999908e-01 9.866470000000000518e-01
9.899440000000000461e-01 9.586799999999999766e-01 9.610600000000000254e-01 9.969799999999999773e-01 9.588700000000000001e-01 9.790839999999999543e-01 9.468790000000000262e-01 9.095189999999999664e-01
9.590070000000000539e-01 9.475339999999999874e-01 9.870449999999999502e-01 9.811879999999999491e-01 9.621039999999999592e-01 9.446839999999999682e-01 9.756110000000000060e-01 9.989200000000000301e-01
9.825629999999999642e-01 9.494350000000000289e-01 9.986439999999999761e-01 9.732690000000000508e-01 9.500150000000000539e-01 9.484070000000000000e-01 9.567329999999999446e-01 9.759889999999999954e-01
9.391840000000000188e-01 9.783920000000000394e-01 9.572230000000000461e-01 9.575439999999999507e-01 9.604850000000000332e-01 9.623209999999999820e-01 9.546280000000000321e-01 9.736430000000000362e-01
9.558600000000000430e-01 9.851739999999999942e-01 9.466719999999999580e-01 9.712490000000000290e-01 9.561250000000000027e-01 9.658489999999999576e-01 9.854490000000000194e-01 9.545770000000000088e-01
9.986230000000000384e-01 9.988970000000000349e-01 9.818339999999999845e-01 9.753290000000000015e-01 9.712199999999999722e-01 9.750360000000000138e-01 9.950039999999999996e-01 9.559649999999999537e-01
9.533880000000000132e-01 9.921759999999999469e-01 9.687200000000000255e-01 9.865880000000000205e-01 9.518219999999999459e-01 9.979909999999999615e-01 9.329060000000000130e-01 9.627869999999999484e-01
9.822779999999999845e-01 9.552810000000000468e-01 9.594740000000000490e-01 9.547419999999999796e-01 9.545000000000000151e-01 9.884309999999999485e-01 9.552340000000000275e-01 9.761609999999999454e-01
9.177600000000000202e-01 9.938040000000000207e-01 9.698400000000000354e-01 9.910219999999999585e-01 9.855669999999999709e-01 9.752889999999999615e-01 9.594679999999999875e-01 9.958759999999999835e-01
9.846139999999999892e-01 9.846030000000000060e-01 9.421370000000000022e-01 9.563279999999999559e-01 9.578560000000000407e-01 9.932450000000000445e-01 9.972180000000000488e-01 9.669489999999999474e-01
9.577449999999999575e-01 9.985089999999999799e-01 9.636780000000000346e-01 9.894960000000000422e-01 9.715890000000000359e-01 9.504430000000000378e-01 9.658619999999999983e-01 9.612079999999999513e-01
9.907319999999999460e-01 9.554559999999999720e-01 9.981240000000000112e-01 9.461289999999999978e-01 9.914469999999999672e-01 9.644909999999999872e-01 9.797400000000000553e-01 9.499990000000000379e-01
9.981640000000000512e-01 9.910280000000000200e-01 9.440169999999999950e-01 9.785749999999999726e-01 9.731309999999999683e-01 9.681450000000000333e-01 9.799379999999999757e-01 9.529279999999999973e-01
9.513639999999999874e-01 9.923079999999999679e-01 9.684239999999999515e-01 9.981870000000000465e-01 9.884570000000000300e-01 9.740900000000000114e-01 9.529530000000000500e-01 9.334700000000000220e-01
7.202539999999999498e-01 9.888099999999999667e-01 9.680360000000000076e-01 9.588250000000000384e-01 9.922539999999999694e-01 9.471319999999999739e-01 9.633279999999999621e-01 9.854779999999999651e-01
9.726019999999999666e-01 9.268990000000000284e-01 9.751830000000000220e-01 9.552490000000000148e-01 9.744639999999999969e-01 9.577170000000000405e-01 9.385729999999999906e-01 9.646310000000000162e-01
9.630779999999999896e-01 9.431260000000000199e-01 9.712790000000000035e-01 9.560899999999999954e-01 9.711359999999999992e-01 9.957150000000000167e-01 9.904260000000000286e-01 9.761900000000000022e-01
9.468640000000000390e-01 9.979980000000000517e-01 9.696649999999999991e-01 9.506609999999999783e-01 9.949289999999999523e-01 9.814349999999999463e-01 9.718639999999999501e-01 9.554749999999999632e-01
9.655639999999999779e-01 9.446069999999999744e-01 9.610100000000000309e-01 9.610990000000000366e-01 9.381460000000000354e-01 9.927730000000000166e-01 9.921780000000000044e-01 9.705420000000000158e-01
9.992699999999999916e-01 9.813990000000000213e-01 9.410060000000000091e-01 9.217269999999999630e-01 9.591950000000000198e-01 9.442080000000000473e-01 9.443529999999999980e-01 9.565219999999999834e-01
9.718809999999999949e-01 9.877789999999999626e-01 9.506930000000000103e-01 8.980000000000000204e-01 9.819299999999999695e-01 9.805599999999999872e-01 7.033859999999999557e-01 9.763530000000000264e-01
9.706460000000000088e-01 9.123940000000000383e-01 9.649640000000000439e-01 9.882400000000000073e-01 9.809630000000000294e-01 9.625070000000000014e-01 9.886390000000000455e-01 9.937820000000000542e-01
9.752459999999999463e-01 9.806139999999999857e-01 9.414799999999999836e-01 9.845359999999999667e-01 9.795610000000000150e-01 9.887770000000000170e-01 9.710539999999999727e-01 9.478370000000000406e-01
9.668109999999999760e-01 9.824330000000000007e-01 9.733330000000000037e-01 9.714460000000000317e-01 9.871320000000000094e-01 9.324590000000000378e-01 8.939200000000000479e-01 9.934500000000000552e-01
9.744209999999999816e-01 9.663699999999999513e-01 9.886179999999999968e-01 9.946399999999999686e-01 9.227389999999999759e-01 9.878219999999999779e-01 9.504920000000000035e-01 9.299079999999999568e-01
9.830179999999999474e-01 9.601979999999999960e-01 9.526219999999999688e-01 9.801299999999999457e-01 9.495109999999999939e-01 9.875460000000000349e-01 9.595160000000000355e-01 9.746930000000000316e-01
9.696040000000000214e-01 9.906800000000000050e-01 9.730069999999999553e-01 9.534369999999999790e-01 9.428720000000000434e-01 9.618970000000000020e-01 9.799060000000000548e-01 9.789630000000000276e-01
9.098399999999999821e-01 9.636930000000000218e-01 9.785620000000000429e-01 9.793509999999999716e-01 9.667839999999999767e-01 9.370720000000000161e-01 9.830459999999999754e-01 9.430159999999999654e-01
9.801159999999999872e-01 9.741940000000000044e-01 9.329070000000000418e-01 9.808890000000000109e-01 9.977390000000000425e-01 9.557259999999999645e-01 9.544770000000000199e-01 9.846829999999999750e-01
9.795679999999999943e-01 9.694850000000000412e-01 9.895850000000000479e-01 9.633650000000000269e-01 9.847169999999999535e-01 9.770349999999999868e-01 9.696690000000000031e-01 9.598689999999999722e-01
9.875220000000000109e-01 9.522450000000000081e-01 9.864969999999999573e-01 9.991299999999999626e-01 9.339690000000000492e-01 9.671089999999999964e-01 9.824819999999999665e-01 9.720560000000000311e-01
9.554489999999999927e-01 9.717299999999999827e-01 9.768529999999999713e-01 9.489600000000000257e-01 9.616749999999999465e-01 9.870320000000000205e-01 9.810299999999999576e-01 6.946849999999999969e-01
9.980860000000000287e-01 9.811140000000000416e-01 9.861769999999999703e-01 7.983409999999999673e-01 9.709889999999999910e-01 9.521199999999999664e-01 9.586700000000000221e-01 9.745219999999999994e-01
9.689499999999999780e-01 9.590349999999999708e-01 9.705620000000000358e-01 9.622629999999999795e-01 9.564610000000000056e-01 9.642530000000000268e-01 9.841330000000000355e-01 9.769740000000000091e-01
9.702659999999999618e-01 9.551340000000000385e-01 9.828980000000000494e-01 9.901069999999999593e-01 9.813110000000000444e-01 9.901879999999999571e-01 9.453380000000000116e-01 9.838740000000000263e-01
9.727099999999999635e-01 9.826719999999999899e-01 9.671809999999999574e-01 9.744509999999999561e-01 9.093520000000000492e-01 9.775120000000000475e-01 9.686399999999999455e-01 9.940750000000000419e-01
9.560670000000000002e-01 9.587069999999999759e-01 9.786270000000000246e-01 9.625780000000000447e-01 9.798360000000000403e-01 9.796820000000000528e-01 9.901499999999999746e-01 9.677710000000000479e-01
9.773490000000000233e-01 9.675559999999999716e-01 9.782269999999999577e-01 9.426039999999999974e-01 9.360420000000000407e-01 9.896390000000000464e-01 9.461270000000000513e-01 9.763669999999999849e-01
9.816909999999999803e-01 9.295740000000000114e-01 9.911860000000000115e-01 9.601769999999999472e-01 9.553800000000000070e-01 9.782650000000000512e-01 9.214179999999999593e-01 9.703810000000000491e-01
9.428039999999999754e-01 9.543559999999999821e-01 9.458050000000000068e-01 9.684439999999999715e-01 9.945279999999999676e-01 9.463129999999999598e-01 9.764249999999999874e-01 9.554289999999999727e-01
9.977049999999999530e-01 9.644200000000000550e-01 9.643939999999999735e-01 9.422559999999999825e-01 9.542030000000000234e-01 9.866239999999999455e-01 9.599779999999999980e-01 9.691030000000000477e-01
9.948519999999999586e-01 9.657419999999999893e-01 9.884910000000000085e-01 9.475580000000000114e-01 9.948019999999999641e-01 9.668400000000000327e-01 9.683009999999999673e-01 9.897850000000000259e-01
