0 0 0 0
1 0 0 0
2 0 0 0
3 0 0 0
4 0 0 0
5 0 0 0
6 0 0 0
7 0 0 0
8 0 0 0
9 0 0 0
10 0 0 0
11 0 0 0
12 0 0 0
13 0 0 0
14 0 0 0
15 0 0 0
16 0 0 0
17 0 0 0
18 0 0 0
19 0 0 0
20 0 0 0
21 0 0 0
22 0 0 0
23 0 0 0
24 0 0 0
25 0 0 0
26 0 0 0
27 0 0 0
28 0 0 0
29 0 0 0
30 0 0 0
31 0 0 0
32 0 0 0
33 0 0 0
34 2.471453974e-07 2.471453974e-09 6.108084744e-16
35 2.471453974e-07 2.471453974e-09 6.108084744e-16
36 2.471453974e-07 2.471453974e-09 6.108084744e-16
37 2.471453974e-07 2.471453974e-09 6.108084744e-16
38 2.471453974e-07 2.471453974e-09 6.108084744e-16
39 2.471453974e-07 2.471453974e-09 6.108084744e-16
40 2.471453974e-07 2.471453974e-09 6.108084744e-16
41 2.569137148e-07 5.040591122e-09 1.258027762e-15
42 2.569137148e-07 5.040591122e-09 1.258027762e-15
43 2.569137148e-07 5.040591122e-09 1.258027762e-15
44 2.569137148e-07 5.040591122e-09 1.258027762e-15
45 2.815762816e-07 7.856353938e-09 2.022206838e-15
46 2.815762816e-07 7.856353938e-09 2.022206838e-15
47 1.595417201e-05 1.67398074e-07 2.544846097e-12
48 1.595417201e-05 1.67398074e-07 2.544846097e-12
49 1.595417201e-05 1.67398074e-07 2.544846097e-12
50 1.595417201e-05 3.096763537e-07 4.521041611e-12
51 1.595417201e-05 3.072048997e-07 4.521964626e-12
52 2.36945848e-05 5.441507477e-07 9.989245738e-12
53 2.36945848e-05 6.80245689e-07 1.17624563e-11
54 4.028819641e-05 1.318133599e-06 3.031539471e-11
55 4.028819641e-05 9.72333004e-07 2.67031305e-11
56 0.009414357232 9.52473652e-05 8.861187861e-07
57 0.009414357232 9.529841093e-05 8.861164145e-07
58 0.009414357232 9.564979412e-05 8.860745421e-07
59 0.009414357232 9.623743485e-05 8.859820948e-07
60 0.009414357232 9.650042488e-05 8.85950227e-07
61 0.009414357232 9.615081023e-05 8.860029387e-07
62 0.04605712754 0.0006180397246 2.23176552e-05
63 0.04605712754 0.0006995480016 2.288942989e-05
64 0.04605712754 0.001158139543 4.335695267e-05
65 0.0600785144 0.002653715568 0.0001122143068
66 0.0844442845 0.003459082545 0.0001847270327
67 0.0844442845 0.003772622354 0.0001937139974
68 0.0844442845 0.004760147077 0.0002599719853
69 0.08725834842 0.006189188884 0.000397212766
70 0.1667991388 0.007397138325 0.00069411202
71 0.1667991388 0.006587489729 0.0006650739416
72 0.1667991388 0.005492819658 0.0005819506426
73 0.1957400236 0.007694654331 0.0009747561595
74 0.4215015817 0.01292294062 0.002794990566
75 0.4215015817 0.009451676619 0.002516296886
76 0.4215015817 0.01334509517 0.003170890473
77 0.4215015817 0.01412643376 0.00347668743
78 0.4305806894 0.02198106676 0.005780518068
79 0.5343598203 0.02196364749 0.007606420803
80 0.5343598203 0.03051642814 0.01134058381
81 0.5343598203 0.02557735433 0.01066062907
82 0.5343598203 0.03131086224 0.01300318537
83 0.5343598203 0.03359227977 0.01365159609
84 0.5343598203 0.03157430635 0.01147354363
85 0.5343598203 0.03472438353 0.01360908232
86 0.5343598203 0.0324579453 0.01339349575
87 0.5343598203 0.02476810271 0.01014578021
88 0.5343598203 0.02354626842 0.009661947783
89 0.5343598203 0.02725155045 0.01055704689
90 0.5343598203 0.03683338875 0.01383112102
91 0.5710796857 0.04706162128 0.01752739881
92 0.5710796857 0.04568914178 0.0178755341
93 0.5936922632 0.06204091222 0.02223880037
94 0.6997455815 0.07137437527 0.02544457497
95 0.6997455815 0.08384895606 0.03185755832
96 0.6997455815 0.07833354709 0.03205983211
97 0.7058540561 0.06630897512 0.02875296926
98 0.7174613658 0.06440787868 0.03131197367
99 0.7891284967 0.08104478774 0.04282877611
100 0.7891284967 0.0898923587 0.04190823571
101 0.8968686153 0.07421776571 0.04230035325
102 0.8968686153 0.0940343251 0.04681644198
103 0.8968686153 0.1161278235 0.0606786226
104 0.9931884401 0.1214737621 0.06418274603
104 7.369968716e-17 9.287723074e-19 5.770868955e-35
105 3.666368613e-16 4.608589073e-18 1.394945532e-33
106 1.440455094e-06 1.820848622e-08 2.208540276e-14
107 1.440455094e-06 1.820848624e-08 2.208540276e-14
108 1.440455094e-06 2.783533245e-08 3.099889776e-14
109 4.186547633e-06 6.970080887e-08 2.039164875e-13
110 4.557783828e-05 5.254791912e-07 2.091313189e-11
111 4.557783828e-05 5.216752565e-07 2.091569383e-11
112 4.557783828e-05 5.364172214e-07 2.092188998e-11
113 4.557783828e-05 5.313200165e-07 2.092009869e-11
114 4.557783828e-05 5.330061385e-07 2.092011609e-11
115 4.557783828e-05 8.556745318e-07 3.137391827e-11
116 0.0001048186222 2.431442232e-06 1.524183415e-10
117 0.0001048186222 3.357952685e-06 1.781546824e-10
118 0.0001048186222 2.262080508e-06 1.559324168e-10
119 0.0001048186222 2.361045381e-06 1.563737832e-10
120 0.0001048186222 2.270475689e-06 1.558980972e-10
121 0.0001048186222 2.670177958e-06 1.636372545e-10
122 0.0001048186222 3.240771519e-06 2.059439037e-10
123 0.0001048186222 3.766212163e-06 2.31113212e-10
124 0.0001048186222 3.402646617e-06 2.423383731e-10
125 0.003072663371 3.384552993e-05 9.444521314e-08
126 0.003072663371 3.439490614e-05 9.442992818e-08
127 0.01167942452 0.0001537460217 1.450636713e-06
128 0.01167942452 0.000151776444 1.451115841e-06
129 0.01167942452 0.0001697432784 1.455064423e-06
130 0.01167942452 0.0001625128604 1.455335897e-06
131 0.01167942452 0.0002550682528 1.721058978e-06
132 0.01415224964 0.0003931085182 3.669779029e-06
133 0.01415224964 0.0003377482181 3.523517151e-06
134 0.01415224964 0.0003377878117 3.520024451e-06
135 0.01415224964 0.0004007674084 3.99547702e-06
136 0.01415224964 0.0003839008786 3.937895512e-06
137 0.01415224964 0.0006160325434 5.182102472e-06
138 0.01415224964 0.000526233196 5.578532701e-06
139 0.01415224964 0.0006405528828 6.856299747e-06
140 0.01579478162 0.0007133651596 8.514705692e-06
141 0.02097949671 0.000802714084 1.146731392e-05
142 0.02097949671 0.0007599185477 1.066769496e-05
143 0.02097949671 0.0007254578297 1.024654589e-05
144 0.02097949671 0.000765449912 1.040353549e-05
145 0.02097949671 0.0007631520766 1.04017878e-05
146 0.02097949671 0.000706962685 1.028600427e-05
147 0.02097949671 0.0009373954943 1.159094638e-05
148 0.02097949671 0.001197598594 1.586362923e-05
149 0.02097949671 0.0008160758341 1.233247225e-05
150 0.02097949671 0.0007444093654 1.16795691e-05
151 0.02097949671 0.0007592970384 1.198136931e-05
152 0.02097949671 0.0008487500141 1.325075698e-05
153 0.02097949671 0.001032184781 1.438607597e-05
154 0.03898853745 0.001462895266 3.008542631e-05
155 0.03898853745 0.001494325917 3.398004393e-05
156 0.03898853745 0.001237632063 3.12262594e-05
157 0.03898853745 0.001375593438 3.343859586e-05
158 0.04144767641 0.001718250813 4.817879297e-05
159 0.04332192447 0.001971390678 6.242519206e-05
160 0.04875603863 0.002124140809 7.845404468e-05
161 0.04875603863 0.002592955445 8.613691093e-05
162 0.04875603863 0.002896104765 0.0001053510899
163 0.05842199065 0.002943079111 0.0001180390466
164 0.06066087261 0.003305169305 0.0001333908713
165 0.06066087261 0.003722729971 0.0001628819932
166 0.06066087261 0.002477924353 0.000120472602
167 0.06066087261 0.003886621381 0.0001783500943
168 0.06066087261 0.00259322419 0.0001208319334
169 0.06784109392 0.00339738277 0.0001751486301
170 0.06784109392 0.002997090131 0.0001448774954
171 0.06784109392 0.003339590332 0.0001530026159
172 0.06784109392 0.002792476123 0.0001414324781
173 0.06784109392 0.003659955314 0.0001883093259
174 0.07475476453 0.005637991998 0.0002964624906
175 0.07475476453 0.004391032789 0.0002450269708
176 0.07475476453 0.003761525966 0.000202514447
177 0.07664786021 0.004525342324 0.0002652287454
178 0.1211609322 0.005035749362 0.0003576748116
179 0.1211609322 0.00492675173 0.00035093867
180 0.1225250021 0.00494919716 0.0004433798518
181 0.1225250021 0.006015874203 0.0005486587657
182 0.1225250021 0.008981088022 0.0007687882889
183 0.1225250021 0.008563878335 0.0007218171848
184 0.1225250021 0.006852095191 0.0006202491996
185 0.1225250021 0.005514996588 0.000564934826
186 0.1225250021 0.006419192331 0.0006296683533
187 0.1225250021 0.006031697959 0.000584813523
188 0.1233493099 0.008091725755 0.0007880365035
189 0.1233493099 0.005540441369 0.0005843190666
190 0.1233493099 0.007261645801 0.0006477934258
191 0.1233493099 0.006233710318 0.0006621335832
192 0.1233493099 0.007287063563 0.0007000922218
193 0.1233493099 0.005123818745 0.000578333518
194 0.1233493099 0.006818099831 0.0006254448562
195 0.1233493099 0.006259753565 0.0005966893185
196 0.1233493099 0.005422914489 0.0005948289889
197 0.1274282512 0.008450984047 0.0008889382707
198 0.1274282512 0.008195018559 0.0007845964539
199 0.1274282512 0.008374293232 0.0008100819184
200 0.1274282512 0.006455851083 0.0006546211524
201 0.1274282512 0.007222426777 0.0007517358986
202 0.1274282512 0.006408562388 0.0006433357484
203 0.1321640002 0.008969011615 0.0009378275514
204 0.1321640002 0.006494232634 0.0006563540933
205 0.1321640002 0.006609708797 0.0007089535578
206 0.1321640002 0.00752701686 0.0007858668786
207 0.1321640002 0.007026263327 0.000718966403
208 0.1321640002 0.007139122762 0.0006848155065
209 0.1321640002 0.007455435194 0.000704471144
210 0.1321640002 0.009002835886 0.0008722006406
211 0.1321640002 0.007669146258 0.0007999287797
212 0.1321640002 0.007983300839 0.0008348662228
213 0.1327627206 0.009564910134 0.0009347035998
214 0.1327627206 0.006824648456 0.0006939337435
215 0.1327627206 0.006753748584 0.0007855886014
216 0.1327627206 0.006681781043 0.0007148097753
217 0.1327627206 0.009793629208 0.001008411581
218 0.1327627206 0.007607814958 0.0007349370639
219 0.1327627206 0.00718014275 0.0008033201297
220 0.1327627206 0.00748992462 0.0007386429277
221 0.1327627206 0.008467421443 0.0008637236462
222 0.1327627206 0.008169484701 0.0008477671613
223 0.1327627206 0.009368516909 0.0009234976473
224 0.1327627206 0.008490262351 0.0007366647229
225 0.1327627206 0.00953183064 0.0007821229514
226 0.1327627206 0.008296171765 0.0008222205157
227 0.1327627206 0.008346991093 0.0007548372812
228 0.1327627206 0.007488418154 0.0006902611651
229 0.1327627206 0.008199176235 0.0008577272888
230 0.1327627206 0.006554694021 0.0006861460675
231 0.1327627206 0.009467204487 0.000921990846
232 0.1327627206 0.006841417179 0.0006957418056
233 0.1327627206 0.008165949445 0.0008108347293
234 0.1327627206 0.008969305821 0.0009239960818
235 0.1327627206 0.009180930428 0.001013773896
236 0.1327627206 0.008322518506 0.00083249963
237 0.1327627206 0.009591194285 0.0008463334598
238 0.133083157 0.008784337272 0.0009958342037
239 0.133083157 0.008033199244 0.0007464463738
240 0.133083157 0.009941436998 0.0009324653727
241 0.133083157 0.009758592703 0.0008600699522
242 0.133083157 0.008376083909 0.0007946337619
243 0.133083157 0.007247177467 0.0007197473123
244 0.133458608 0.007570208471 0.000855626228
245 0.133458608 0.005933465746 0.0006882196422
246 0.133458608 0.007149897458 0.0007970309621
247 0.1367696287 0.009451766894 0.001085080903
248 0.1367696287 0.008523810682 0.0009209588858
249 0.1367696287 0.005961364842 0.0007014436553
250 0.1367696287 0.006523572301 0.0007120330336
251 0.1367696287 0.006464160338 0.0006988474889
252 0.1367696287 0.007352300623 0.0007514112597
253 0.1367696287 0.009592991953 0.000889613363
254 0.1367696287 0.00738487252 0.0007456053802
255 0.1367696287 0.008387053503 0.0009210482191
256 0.1367696287 0.007039098018 0.000733584982
257 0.1367696287 0.008625087818 0.0008846132038
258 0.1367696287 0.008297800984 0.000917925354
259 0.1367696287 0.008126901014 0.0008524604934
260 0.1367696287 0.009346611607 0.000938548432
261 0.1367696287 0.009133937207 0.0008926422318
262 0.1367696287 0.006187562223 0.0007167949027
263 0.1367696287 0.00832183966 0.0007994818309
264 0.1367696287 0.01113863504 0.001139297708
265 0.1367696287 0.009061628482 0.0009158874294
266 0.1367696287 0.009972932158 0.001011775604
267 0.1367696287 0.009170627833 0.0009315870331
268 0.1367696287 0.00667172888 0.0007359061499
269 0.1367696287 0.006804730195 0.0007897866748
270 0.1367696287 0.008133122552 0.0008661676965
271 0.1367696287 0.0083762074 0.0008872392112
272 0.1382437688 0.009144836963 0.001011370033
273 0.1382437688 0.007821474608 0.0007761101227
274 0.1382437688 0.009775527588 0.0009947817928
275 0.1382437688 0.007433330598 0.0008970398071
276 0.1382437688 0.007617204799 0.0008163429684
277 0.1382437688 0.008488592148 0.0009624213294
278 0.1382437688 0.008144618808 0.0008155390167
279 0.1382437688 0.009521780799 0.0008385684158
280 0.1382437688 0.008393583823 0.0008416238471
281 0.1382437688 0.007168941966 0.0007828028817
282 0.1400864151 0.007448220842 0.000906332779
283 0.1400864151 0.009698983866 0.001017217889
284 0.1400864151 0.008735600838 0.0009440703058
285 0.1400864151 0.007879925105 0.0009058895946
286 0.1400864151 0.008159034391 0.0008187744253
287 0.1400864151 0.008057795593 0.0008359028342
288 0.1400864151 0.006734182191 0.0007784232203
289 0.1404133129 0.00854888049 0.0009507932499
290 0.1404133129 0.008987697778 0.0008867237118
291 0.1404133129 0.009483572355 0.000939092881
292 0.1404133129 0.00585162244 0.0007526845663
293 0.1404133129 0.009091317473 0.0009983551706
294 0.142723064 0.008932619353 0.001010628415
295 0.142723064 0.009511913356 0.001072458798
296 0.142723064 0.008169753751 0.0008893666182
297 0.142723064 0.008233962024 0.000916114147
298 0.142723064 0.008850512636 0.0009722524976
299 0.142723064 0.008297693539 0.0009651362316
300 0.142723064 0.008785397636 0.001019077103
301 0.142723064 0.008317495515 0.0008892911703
302 0.142723064 0.009088899493 0.0009266553852
303 0.142723064 0.006917876034 0.0008142701779
304 0.142723064 0.007648458975 0.000965832861
305 0.142723064 0.006754939861 0.0008537411598
306 0.142723064 0.007234363074 0.0008091131211
307 0.142723064 0.007650918185 0.000843972227
308 0.142723064 0.01058468835 0.00117822275
309 0.142723064 0.009460378808 0.0009466042698
310 0.142723064 0.008914078298 0.0009739980916
311 0.142723064 0.009616598383 0.001072845495
312 0.142723064 0.008010783525 0.0008310746464
313 0.142723064 0.009231407132 0.001037326001
314 0.142723064 0.01024369477 0.00109749412
315 0.142723064 0.007148592007 0.0008428372469
316 0.142723064 0.007316623842 0.000839237531
317 0.142723064 0.008456429684 0.0008802931445
318 0.142723064 0.009372390892 0.001011878153
319 0.142723064 0.008181232455 0.0008924981916
320 0.142723064 0.01000827405 0.001180121825
321 0.142723064 0.01138103187 0.001251276455
322 0.142723064 0.007283594357 0.0008656444502
323 0.142723064 0.008033718831 0.0009203588021
324 0.142723064 0.007738900351 0.0008464735845
325 0.142723064 0.008229422451 0.0008369840325
326 0.142723064 0.009679707766 0.001019930824
327 0.142723064 0.01261487775 0.001311435513
328 0.142723064 0.01201831771 0.001219292241
329 0.142723064 0.007817214994 0.0008665726358
330 0.142723064 0.01030428489 0.001111832859
331 0.142723064 0.009947046154 0.00103087036
332 0.142723064 0.008367415465 0.0008856074382
333 0.142723064 0.01158663942 0.001249114264
334 0.142723064 0.01096993645 0.001072675374
335 0.142723064 0.01360167856 0.001286807557
336 0.142723064 0.01235228981 0.001363209144
337 0.142723064 0.009440723007 0.001043830034
338 0.142723064 0.01086588208 0.0010955767
339 0.142723064 0.008320870973 0.0009467184188
340 0.142723064 0.009620485446 0.001000120656
341 0.142723064 0.007529458915 0.0008343366419
342 0.142723064 0.008905613218 0.0009902178957
343 0.142723064 0.008326632361 0.0009533461471
344 0.142723064 0.008137226137 0.0009616535826
345 0.142723064 0.008295094189 0.0009740904192
346 0.142723064 0.008224444875 0.0009966290565
347 0.142723064 0.009198014693 0.001054497004
348 0.142723064 0.008571933914 0.0009885283792
349 0.142723064 0.00731450138 0.0008105500181
350 0.142723064 0.007699572363 0.0008457810036
351 0.142723064 0.01285712272 0.001347362777
352 0.142723064 0.01083225132 0.001093344848
353 0.142723064 0.008907947999 0.0009656674558
354 0.142723064 0.008591099539 0.0009103116222
355 0.142723064 0.008001360073 0.0008838581231
356 0.142723064 0.007244404913 0.0008124176539
357 0.142723064 0.00603146117 0.0007854897861
358 0.142723064 0.006550981132 0.0008282057054
359 0.142723064 0.008350843666 0.0008915198949
360 0.142723064 0.007399224566 0.0008279609605
361 0.142723064 0.006657657313 0.0008367064885
362 0.142723064 0.007933697403 0.0009043182991
363 0.1433385973 0.009662574807 0.00108657328
364 0.1433385973 0.009365179499 0.0009835654224
365 0.1433385973 0.01054831479 0.001143892544
366 0.1433385973 0.01040293836 0.001190109834
367 0.1433385973 0.009878181788 0.0009986673297
368 0.1433385973 0.009081064065 0.0009974565085
369 0.1433385973 0.0115116463 0.001257404494
370 0.1433385973 0.007101993301 0.0008015459495
371 0.1433385973 0.01000140523 0.001012573166
372 0.1433385973 0.008110935831 0.0008755192769
373 0.1433385973 0.008193422246 0.0009056416914
374 0.1433385973 0.007669802332 0.0008299492768
375 0.1433385973 0.007884997659 0.0009097367333
376 0.1433385973 0.008814073357 0.001136889906
377 0.1433385973 0.00706443183 0.0008209773778
378 0.1433385973 0.008265455117 0.0009057167429
379 0.1433385973 0.008036728868 0.0008888314557
380 0.1433385973 0.008299447535 0.0009667958393
381 0.1433385973 0.006302190601 0.0008038346559
382 0.1433385973 0.006704743808 0.000801813787
383 0.1433385973 0.01057488255 0.00127932027
384 0.1433385973 0.00827699464 0.0008797287607
385 0.1433385973 0.008224117137 0.0008670765921
386 0.1433385973 0.01049099613 0.0009661485856
387 0.1433385973 0.008533836224 0.000953425809
388 0.1433385973 0.009184199126 0.0009807939236
389 0.1433385973 0.006350487302 0.0007988860164
390 0.1433385973 0.00698704972 0.0008017965833
391 0.1433385973 0.01050227599 0.001184094905
392 0.1433385973 0.01326431574 0.001365141144
393 0.1433385973 0.01048223975 0.001057020203
394 0.1433385973 0.008800288284 0.0008998457138
395 0.1433385973 0.008844117311 0.0008513751143
396 0.1433385973 0.007924560031 0.000922528712
397 0.1433385973 0.009305958855 0.0009616261051
398 0.1433385973 0.009453024288 0.0009611877716
399 0.1433385973 0.009204090983 0.000883644846
400 0.1433385973 0.01012165403 0.001012079522
401 0.1433385973 0.01109685924 0.001178360016
402 0.1433385973 0.009072842282 0.0009817144696
403 0.1433385973 0.009322926417 0.001014028556
404 0.1433385973 0.009464875305 0.0009511631788
405 0.1433385973 0.00743170233 0.0008523043637
406 0.1433385973 0.01016766332 0.0009342052849
407 0.1433385973 0.009666440422 0.0009592259126
408 0.1433385973 0.009418790788 0.0008669192655
409 0.1433385973 0.00830625927 0.0009134590351
410 0.1433385973 0.00850910164 0.0009855797315
411 0.1433385973 0.009155276655 0.0009248567223
412 0.1433385973 0.009169784862 0.001020107416
413 0.1433385973 0.009695683156 0.0009461562396
414 0.1433385973 0.009497746237 0.0009349868508
415 0.1433385973 0.006979567519 0.0008005316673
416 0.1433385973 0.009804529664 0.001072465759
417 0.1433385973 0.008641991832 0.0008591653466
418 0.1433385973 0.007017167757 0.0008033493698
419 0.1433385973 0.00836057609 0.0008703285141
420 0.1433385973 0.009555764577 0.0009478475506
421 0.1433385973 0.01016882512 0.0008860228847
422 0.1433385973 0.01125351095 0.001011200008
423 0.1433385973 0.01179229744 0.001126872557
424 0.1433385973 0.01054591453 0.001055024952
425 0.1433385973 0.01235662548 0.00114232348
426 0.1433385973 0.007572809449 0.000850099505
427 0.1433385973 0.008252718655 0.0008841444476
428 0.1433385973 0.009645765265 0.0009662316467
429 0.1433385973 0.009761994393 0.0009144483725
430 0.1433385973 0.009564537717 0.0008952502013
431 0.1433385973 0.007246901344 0.0008501026092
432 0.1433385973 0.006891281678 0.0008179418654
433 0.1433385973 0.007996227994 0.0008880241824
434 0.1433385973 0.008702920518 0.00102211582
435 0.1433385973 0.008631469056 0.0008417061194
436 0.1433385973 0.01177113879 0.001260952362
437 0.1433385973 0.009977003363 0.001160625646
438 0.1433385973 0.008401787318 0.0008961497685
439 0.1433385973 0.008225225202 0.0009079745708
440 0.1433385973 0.008577252923 0.0009538459725
441 0.1433385973 0.007673530459 0.0009226807959
442 0.1433385973 0.007493588948 0.0008553702035
443 0.1433385973 0.007175376838 0.0008283510412
444 0.1433385973 0.01026774367 0.001230736701
445 0.1433385973 0.008169385412 0.0009844072236
446 0.1433385973 0.007946504973 0.0009408062213
447 0.1433385973 0.008182742356 0.0009123571511
448 0.1433385973 0.01007586518 0.001117436462
449 0.1433385973 0.006169203158 0.0007984992048
450 0.1433385973 0.006195830925 0.0007944016691
451 0.1433385973 0.008471920028 0.0009159964185
452 0.1433385973 0.009653448133 0.001139433863
453 0.1433385973 0.007843532292 0.0008790719286
454 0.1433385973 0.006081793287 0.0007954564705
455 0.1433385973 0.007607310833 0.0009825937972
456 0.1433385973 0.007324766492 0.0008111265109
457 0.1433385973 0.009806004291 0.001113045492
458 0.1433385973 0.008516753446 0.00104583154
459 0.1433385973 0.007336965191 0.0008662670548
460 0.1433385973 0.006582452848 0.0008189730486
461 0.1433385973 0.007960314644 0.0008637333819
462 0.1433385973 0.007058068055 0.0008160075863
463 0.1433385973 0.007870955158 0.0008649398972
464 0.1433385973 0.006814744306 0.000824600626
465 0.1433385973 0.008034852889 0.0009107235468
466 0.1433385973 0.007352742165 0.0009180129243
467 0.1433385973 0.007449070737 0.0009165976989
468 0.1433385973 0.006698692129 0.0008060861311
469 0.1433483535 0.007652624985 0.0009810186446
470 0.1433483535 0.007305360019 0.0009128936782
471 0.1433483535 0.00819266205 0.0009480674629
472 0.1433483535 0.009179688648 0.000982463807
473 0.1433483535 0.007154405253 0.0008692873083
474 0.1433483535 0.008126201809 0.0008675941476
475 0.1433483535 0.008147995672 0.0008708123987
476 0.1433483535 0.007712760553 0.0008427925325
477 0.1433483535 0.01065749151 0.001248598589
478 0.1433483535 0.009203448052 0.0009484602849
479 0.1433483535 0.007082011478 0.0008289288561
480 0.1433483535 0.006467694327 0.0008124776897
481 0.1433483535 0.007985601436 0.0008759254809
482 0.1438808782 0.008787289409 0.001145889136
483 0.1438808782 0.008447149071 0.0009730418478
484 0.1438808782 0.006728300002 0.0008306268712
485 0.1438808782 0.008350643649 0.0009738320647
486 0.1438808782 0.0079207108 0.0008925089783
487 0.1438808782 0.008350984729 0.000988350885
488 0.1438808782 0.008649816567 0.0008844182115
489 0.1438808782 0.01131382239 0.001261452381
490 0.1438808782 0.01006201376 0.001192785555
491 0.1438808782 0.01075174361 0.001212920628
492 0.1438808782 0.01076470671 0.001249966768
493 0.1438808782 0.008390008844 0.0009508319741
494 0.1438808782 0.007665950107 0.000822294086
495 0.1438808782 0.009390377484 0.001007828311
496 0.1438808782 0.01084078212 0.001046172857
497 0.1440016948 0.01006543868 0.001172812781
498 0.1440016948 0.008131783286 0.0009976998653
499 0.1440016948 0.007859792038 0.0008627031925
500 0.1440016948 0.008693905612 0.001010520779
501 0.1440016948 0.009237031535 0.001138221087
502 0.1440016948 0.008074773606 0.000991173
503 0.1440016948 0.007694649501 0.0008809774374
504 0.1440016948 0.006790892359 0.0008138809606
505 0.1440016948 0.01003571316 0.001051814735
506 0.1440016948 0.00991657763 0.0009876998347
507 0.1440016948 0.0102685467 0.001050638245
508 0.1440016948 0.009646866096 0.0009576357332
509 0.1440016948 0.008298892729 0.0008307505356
510 0.1440016948 0.009861104969 0.0009644388225
511 0.1440016948 0.008376335948 0.001002640692
512 0.1440016948 0.008826677703 0.0009588460729
513 0.1440016948 0.006604751648 0.0008071615663
514 0.1440016948 0.01073465843 0.001115201598
515 0.1440016948 0.009783354938 0.001075550598
516 0.1440016948 0.00963290087 0.001030583232
517 0.1440016948 0.009690714222 0.0009861434782
518 0.1440016948 0.01032133451 0.001115831224
519 0.1440016948 0.009210066229 0.001037332944
520 0.1440016948 0.008139776489 0.0009127323592
521 0.1440016948 0.007148870682 0.0008237024717
522 0.1440016948 0.007350034888 0.0008217235166
523 0.1440016948 0.008996094188 0.0009722281676
524 0.1440016948 0.0109670539 0.001123123967
525 0.1440016948 0.01029042929 0.001071891544
526 0.1440016948 0.01240138057 0.001189644693
527 0.1440016948 0.01117713465 0.001102317044
528 0.1440016948 0.007126694787 0.000814259183
529 0.1440016948 0.008939182336 0.001003961939
530 0.1440016948 0.007970333146 0.0008613341949
531 0.1440016948 0.007999968369 0.0009350061656
532 0.1440016948 0.009465060584 0.001059256968
533 0.1440016948 0.007355488975 0.0008431959239
534 0.1440016948 0.009102631958 0.001016848898
535 0.1440016948 0.007526526837 0.0008886018154
536 0.1440016948 0.0081026885 0.0009828759043
537 0.1440016948 0.00949588007 0.001032999392
538 0.1440016948 0.00833040054 0.0008737332413
539 0.1440016948 0.01144562726 0.001250079797
540 0.1440016948 0.008760544745 0.0009887252875
541 0.1440016948 0.008337044436 0.0009313305657
542 0.1440016948 0.008208056389 0.0009310759662
543 0.1440016948 0.007886118054 0.0008537055428
544 0.1440016948 0.010701187 0.001062876716
545 0.1440016948 0.008562508453 0.001018052024
546 0.1440016948 0.008825246364 0.001063098061
547 0.1440016948 0.007807824883 0.0009257025361
548 0.1440016948 0.0105552539 0.001187555775
549 0.1440016948 0.01170748117 0.001268266372
550 0.1440016948 0.01063411959 0.001171250789
551 0.1440016948 0.0116129775 0.0012207888
552 0.1440016948 0.009460823482 0.001086979673
553 0.1440016948 0.01021623352 0.001085247996
554 0.1440016948 0.0096556179 0.001113834472
555 0.1440016948 0.01054039083 0.001089893515
556 0.1440016948 0.009596951683 0.0009493506828
557 0.1440016948 0.009603506889 0.0009597586941
558 0.1440016948 0.009772409068 0.001062731267
559 0.1440016948 0.007021902784 0.000814610127
560 0.1440016948 0.007045860429 0.0008149313941
561 0.1440016948 0.007595768107 0.0009559476154
562 0.1440016948 0.008852541951 0.000954949152
563 0.1440016948 0.008077331432 0.0008995014519
564 0.1440016948 0.008523119529 0.0009147312175
565 0.1440016948 0.006757762092 0.0008116196794
566 0.1440016948 0.008677237844 0.001008611846
567 0.1440016948 0.006865335942 0.0008253521892
568 0.1440016948 0.006161848709 0.0008031678835
569 0.1440016948 0.009419771169 0.001057438204
570 0.1440016948 0.01025171756 0.00112021396
571 0.1440016948 0.009539104128 0.001084474231
572 0.1440016948 0.009463059705 0.001018037971
573 0.1440016948 0.009198456668 0.001054583008
574 0.1440016948 0.007598936802 0.0008578718495
575 0.1440016948 0.01056448782 0.001096804601
576 0.1440016948 0.01193903692 0.001186063209
577 0.1440016948 0.01040228423 0.0009737593212
578 0.1440016948 0.008229769826 0.0008715599945
579 0.1440016948 0.006258926807 0.0008190236529
580 0.1440016948 0.006926193804 0.0008170343309
581 0.1440016948 0.007809557114 0.0008391399746
582 0.1440016948 0.009934837841 0.001093128432
583 0.1440016948 0.007513674847 0.0009022508431
584 0.1440016948 0.008916946071 0.0009757476786
585 0.1440016948 0.006949775417 0.0008292502962
586 0.1440016948 0.007320140561 0.0008774634136
587 0.1440016948 0.007354399287 0.0008390867309
588 0.1440016948 0.008503408935 0.0009721932275
589 0.1440016948 0.006834990487 0.000815106046
590 0.1440016948 0.007403527144 0.000841290071
591 0.1440016948 0.006296897959 0.0008025367216
592 0.1440016948 0.007055514912 0.0008464340735
593 0.1440016948 0.009515919938 0.001136760705
594 0.1440016948 0.01029887652 0.001092886381
595 0.1440016948 0.007276404436 0.0008621374925
596 0.1440016948 0.009627350682 0.00107489132
597 0.1440016948 0.009346729426 0.00101101782
598 0.1440016948 0.008603249463 0.0009102214362
599 0.1440016948 0.009284865438 0.001007606239
600 0.1440016948 0.00956894514 0.001075927714
601 0.1440016948 0.009759637539 0.001081949349
602 0.1440016948 0.008163131283 0.0009354089769
603 0.1440016948 0.006629399909 0.0008159952192
604 0.1440016948 0.009541971614 0.001034435645
605 0.1440016948 0.009173926071 0.0009440202739
606 0.1440016948 0.009312897247 0.001137530793
607 0.1440016948 0.01130748753 0.001295063172
608 0.1440016948 0.008352943772 0.0008783125459
609 0.1440016948 0.01010606084 0.001074468851
610 0.1440016948 0.01003412862 0.0009689707048
611 0.1440016948 0.01058669359 0.000995533606
612 0.1440016948 0.01084545072 0.001070075976
613 0.1440016948 0.011318895 0.001361638722
614 0.1440016948 0.01144713963 0.001255005842
615 0.1440016948 0.009618680179 0.001030074656
616 0.1440016948 0.01028704603 0.001042588071
617 0.1440016948 0.009539029897 0.001000723638
618 0.1440016948 0.009060753553 0.0008928384951
619 0.1440016948 0.01043115605 0.001084245893
620 0.144049943 0.01155670195 0.001156953445
621 0.144049943 0.008306082196 0.0009275567187
622 0.144049943 0.008685434059 0.0009110615786
623 0.144049943 0.009887971541 0.0009543955279
624 0.144049943 0.01031447312 0.001122641787
625 0.144049943 0.00945939757 0.0009827959598
626 0.144049943 0.009947721966 0.00105886294
627 0.144049943 0.00811589417 0.0009740115923
628 0.144049943 0.006981280782 0.0008120219846
629 0.144049943 0.0079537213 0.0009510622317
630 0.144049943 0.01109053295 0.001177613307
631 0.144049943 0.008468317749 0.0009403547602
632 0.144049943 0.00676371802 0.0008046286591
633 0.144049943 0.007723295092 0.0008271751746
634 0.144049943 0.008637971101 0.0009667735201
635 0.144049943 0.008945214549 0.001000007553
636 0.144049943 0.009317769253 0.001057024754
637 0.144049943 0.01013614335 0.001104557643
638 0.144049943 0.00932901802 0.001037925818
639 0.144049943 0.009532984722 0.001014937139
640 0.144049943 0.007970112004 0.0009943636635
641 0.144049943 0.007068474357 0.0008049799433
642 0.144049943 0.007416212514 0.0009002529541
643 0.144049943 0.007779225656 0.0008168771262
644 0.144049943 0.008497850832 0.0008720057409
645 0.144049943 0.009721896255 0.001032861246
646 0.144049943 0.01153584583 0.001131188068
647 0.144049943 0.009890861532 0.001004791738
648 0.144049943 0.01049347304 0.001053520668
649 0.144049943 0.008398377177 0.0009360045224
650 0.144049943 0.008680650924 0.0008949575719
651 0.144049943 0.007550156078 0.0008370616733
652 0.144049943 0.006451766627 0.0008056300824
653 0.144049943 0.007996139542 0.0009703078998
654 0.144049943 0.007852178233 0.0009390221045
655 0.144049943 0.00800691645 0.0009352809771
656 0.144049943 0.008933518789 0.0009700382759
657 0.144049943 0.008485483848 0.0009568297094
658 0.144049943 0.0111624072 0.001093743687
659 0.144049943 0.007563375899 0.0008846363913
660 0.144049943 0.007525436299 0.0008547205714
661 0.144049943 0.008720119961 0.0009168619324
662 0.144049943 0.008006531063 0.0009338177351
663 0.144049943 0.01011774131 0.001184776104
664 0.144049943 0.007914471804 0.0008790906957
665 0.144049943 0.008020712618 0.0009107021342
666 0.144049943 0.006696429055 0.0008132600695
667 0.144049943 0.009523205257 0.001109968409
668 0.144049943 0.008628255169 0.0009404749081
669 0.144049943 0.008824047512 0.0009441453594
670 0.144049943 0.009406313642 0.000953781959
671 0.144049943 0.009885530393 0.001052547036
672 0.144049943 0.006727202812 0.0008098708886
673 0.144049943 0.008263181462 0.0008569506259
674 0.144049943 0.009327285284 0.0009547285327
675 0.144049943 0.009640077425 0.001030406187
676 0.144049943 0.008725953616 0.0009631073823
677 0.144049943 0.01216082302 0.001345567879
678 0.144049943 0.009676240931 0.00105761068
679 0.144049943 0.008450438991 0.0009528340452
680 0.144049943 0.007102858375 0.0008193758481
681 0.144049943 0.008161992 0.0009791899252
682 0.144049943 0.008168542026 0.001004234978
683 0.144049943 0.007589442983 0.0008343792379
684 0.144049943 0.007173975999 0.0008136462601
685 0.144049943 0.006840620229 0.0008396191183
686 0.144049943 0.007604923783 0.0008726335924
687 0.144049943 0.008908361229 0.001009877931
688 0.144049943 0.008930345257 0.00100761322
689 0.144049943 0.009546032208 0.0009920997667
690 0.144049943 0.009046801396 0.0009407413836
691 0.144049943 0.009773656209 0.000930328439
692 0.144049943 0.008939195528 0.0009211201166
693 0.144049943 0.009484617285 0.0009764223091
694 0.144049943 0.009517141873 0.0009689474483
695 0.144049943 0.007557175535 0.0008354981721
696 0.144049943 0.007184057602 0.0008552386006
697 0.144049943 0.00933373337 0.001039126824
698 0.144049943 0.009302428305 0.000931504358
699 0.144049943 0.008086494123 0.0009959249324
700 0.144049943 0.009982966282 0.00100526877
701 0.144049943 0.009615660015 0.0009190117339
702 0.144049943 0.008664113142 0.0008670186994
703 0.144049943 0.01059943606 0.0009022146142
704 0.144049943 0.01153098249 0.001099689314
705 0.144049943 0.01115531657 0.001128520544
706 0.144049943 0.009455470706 0.001012796967
707 0.144049943 0.006963075498 0.0008284063726
708 0.144049943 0.008744144515 0.0009966242817
709 0.144049943 0.008637225877 0.0008862568654
710 0.144049943 0.007782574986 0.0008608256412
711 0.1440514932 0.01063929856 0.001107016305
712 0.1440514932 0.01166699386 0.00124815092
713 0.1440514932 0.007681015459 0.0008533391665
714 0.1440514932 0.006973948465 0.0008379871516
715 0.1440514932 0.008433411809 0.000910363184
716 0.1440514932 0.008881095657 0.001036025688
717 0.1440514932 0.008022506885 0.0008840321415
718 0.1440514932 0.009323385787 0.000963218477
719 0.1440514932 0.008270293504 0.0009312279856
720 0.1440514932 0.008654469081 0.0009978888908
721 0.1440514932 0.006724903253 0.0008229637816
722 0.1440514932 0.006729785294 0.000814994972
723 0.1440514932 0.009578890169 0.0009430037319
724 0.1440514932 0.008308329152 0.0009735800698
725 0.1440514932 0.008424271398 0.0009096507984
726 0.1440514932 0.006544907494 0.0008084854177
727 0.1440514932 0.008121752568 0.0009225933618
728 0.1440514932 0.006970085015 0.0008198391648
729 0.1440514932 0.009209737498 0.0009678514674
730 0.1440514932 0.008996497753 0.0009910643466
731 0.1440514932 0.008651843907 0.0009773647651
732 0.1440514932 0.00686598251 0.0008217333901
733 0.1440514932 0.008582929939 0.001040373936
734 0.1440514932 0.009385097387 0.0009448310372
735 0.1440514932 0.008577282648 0.0009202413464
736 0.1440514932 0.01032367638 0.0009900177526
737 0.1440514932 0.008639094539 0.00100327966
738 0.1440514932 0.008904286737 0.001016155793
739 0.1440514932 0.007872979974 0.0008834010553
740 0.1440514932 0.006581511772 0.0008046188867
741 0.1440514932 0.007504716616 0.0008361737358
742 0.1440514932 0.008929102774 0.0009156626313
743 0.1440514932 0.008351771988 0.0009075108088
744 0.1440514932 0.008093074236 0.0008708881783
745 0.1440514932 0.006838757157 0.0008495005336
746 0.1440514932 0.007870398066 0.0009126384735
747 0.1440514932 0.008767859561 0.0009873534246
748 0.1440514932 0.009035505163 0.001064562304
749 0.1440514932 0.006586727567 0.0008109635878
750 0.1440514932 0.007579294384 0.0009418822307
751 0.1440514932 0.007714882161 0.000874993718
752 0.1440514932 0.008995959467 0.001069871586
753 0.1440514932 0.01073056051 0.001245557043
754 0.1440514932 0.00842233943 0.0009863764776
755 0.1440514932 0.008182594029 0.0009967202143
756 0.1440514932 0.007372326474 0.000839657978
757 0.1440514932 0.006689741001 0.0008345837221
758 0.1440514932 0.008280937115 0.0009612875324
759 0.1440514932 0.007983877781 0.0008806706032
760 0.1440514932 0.007430036346 0.0008831790404
761 0.1440514932 0.01059362978 0.001270305969
762 0.1447244309 0.009819087417 0.001178802948
763 0.1447244309 0.009905293806 0.001142099158
764 0.1447244309 0.009929832813 0.00115604953
765 0.1447244309 0.008160920517 0.000908318099
766 0.1447244309 0.01010521227 0.001102074126
767 0.1447244309 0.007203613041 0.0008385844183
768 0.1447244309 0.009308853884 0.001045770242
769 0.1447244309 0.007992443858 0.0008783686347
770 0.1447244309 0.007953904237 0.0008594887221
771 0.1447244309 0.009214994897 0.001074744103
772 0.1447244309 0.008489264252 0.0009715627062
773 0.1451833725 0.01275419605 0.001445115443
774 0.1451833725 0.009015510719 0.0009745013339
775 0.1451833725 0.008322772472 0.0008807540753
776 0.1451833725 0.006923552579 0.000816409672
777 0.1451833725 0.007341624574 0.0008383082641
778 0.1471088632 0.009421345797 0.001069328279
779 0.1471088632 0.009621014423 0.001198372444
780 0.1471088632 0.01011539545 0.001000885543
781 0.1471088632 0.008778994133 0.0009747037217
782 0.1471088632 0.007274347503 0.0008339074514
783 0.1471088632 0.00852563911 0.0009509072408
784 0.1471088632 0.007230849884 0.0008454890875
785 0.1471088632 0.008726428758 0.001018115676
786 0.1471088632 0.01096627109 0.001337708639
787 0.1471088632 0.01277907937 0.001464516522
788 0.1471088632 0.009828685716 0.001094003942
789 0.1471088632 0.009208584475 0.001045604005
790 0.1471088632 0.009930312591 0.0009970128313
791 0.1471088632 0.007674205537 0.0008813397078
792 0.1471088632 0.008835886166 0.001012730119
793 0.1471088632 0.008510392644 0.0009056566742
794 0.1471088632 0.00919712419 0.001050550179
795 0.1471088632 0.009432208989 0.001007114644
796 0.1471088632 0.007692627878 0.0008486511972
797 0.1471088632 0.008485163828 0.0009788708408
798 0.1471088632 0.008530194393 0.0009016655449
799 0.1471088632 0.009646306565 0.0009946254906
800 0.1471088632 0.008655176894 0.001018270539
801 0.1471088632 0.008927865157 0.0009849624785
802 0.1471088632 0.008112785606 0.0009215088618
803 0.1471088632 0.009149957448 0.001071199254
804 0.1471088632 0.007872069196 0.0008754766128
805 0.1471088632 0.00805384151 0.0009749035639
806 0.1471088632 0.009989963012 0.000975801664
807 0.1471088632 0.008586908228 0.0008716805679
808 0.1471088632 0.00954369515 0.001207230335
809 0.1471088632 0.008304071145 0.001021590889
810 0.1471088632 0.007606208203 0.0008430256527
811 0.1471088632 0.008421466786 0.0009081572369
812 0.1471088632 0.010222069 0.001100270154
813 0.1471088632 0.00829233215 0.000866912365
814 0.1471088632 0.00689562931 0.0008302295068
815 0.1471088632 0.009543103976 0.001034711123
816 0.1471088632 0.008411385315 0.0009643484666
817 0.1471088632 0.008710502415 0.000938175126
818 0.1471088632 0.01085158888 0.001225558952
819 0.1471088632 0.01002861962 0.001081337955
820 0.1471088632 0.008532243685 0.0009364521086
821 0.1471088632 0.00847992007 0.0009360939109
822 0.1471088632 0.00970463708 0.001033175148
823 0.1471088632 0.008778849869 0.0009477670782
824 0.1476019336 0.01153404682 0.001212189838
825 0.1476019336 0.01059028833 0.001084098745
826 0.1476019336 0.009622136054 0.001222115851
827 0.1476019336 0.009387840933 0.00103155733
828 0.1476019336 0.009972819067 0.001052706472
829 0.1476019336 0.008950675441 0.0009672182167
830 0.1476019336 0.009885882876 0.0009714741671
831 0.1476019336 0.009507641878 0.0009850417185
832 0.1476019336 0.00940804948 0.0009472574306
833 0.1476019336 0.007965367555 0.0008911252186
834 0.1476019336 0.009446500669 0.00107067214
835 0.1476019336 0.008161873906 0.0009422659757
836 0.1476019336 0.009226552472 0.001053793506
837 0.1476019336 0.008072287525 0.0009909399957
838 0.1476019336 0.009483492783 0.001021098878
839 0.1476019336 0.009768461003 0.0009912354853
840 0.1478725577 0.009633268984 0.001163996801
841 0.1478725577 0.01078831146 0.001252855307
842 0.1478725577 0.01145206515 0.001326521777
843 0.1478725577 0.00817492287 0.0009217605641
844 0.1478725577 0.009543753266 0.001045277506
845 0.1478725577 0.01080792802 0.001135498544
846 0.1478725577 0.007967778527 0.000886580439
847 0.1478725577 0.01001723815 0.001025999341
848 0.1478725577 0.009460944585 0.0009972400867
849 0.1478725577 0.009364634849 0.001067876434
850 0.1478725577 0.009254901572 0.001044862203
851 0.1478725577 0.0111159947 0.00116919324
852 0.1478725577 0.01319003235 0.001384648577
853 0.1478725577 0.01505075708 0.001446316059
854 0.1478725577 0.01296326767 0.001185136381
855 0.1478725577 0.01062970083 0.001109012715
856 0.1478725577 0.01110079865 0.001044024408
857 0.1478725577 0.009616212761 0.001045180952
858 0.1478725577 0.008631126689 0.0009760664647
859 0.1478725577 0.009270237547 0.001004107401
860 0.1478725577 0.009313220913 0.001095725233
861 0.1478725577 0.007872982185 0.0009326334986
862 0.1478725577 0.009370568022 0.001050482656
863 0.1478725577 0.008819734961 0.001061061531
864 0.1490088816 0.01044755817 0.001187385141
865 0.1490088816 0.01010133326 0.001181831756
866 0.1490088816 0.01159533304 0.001276576764
867 0.1490088816 0.01231811037 0.001458181978
868 0.1490088816 0.008846927608 0.0009849378468
869 0.1490088816 0.008806885743 0.0009517390706
870 0.1490088816 0.007765686431 0.0008667459111
871 0.1490088816 0.00816434487 0.0009618402137
872 0.1490088816 0.009163901518 0.001071578942
873 0.1490088816 0.008930534271 0.0009991818927
874 0.1490088816 0.008046996939 0.0009986512498
875 0.1490088816 0.008932711102 0.0009928718519
876 0.1490088816 0.01204372803 0.001247540309
877 0.1490088816 0.006605494712 0.0008517209516
878 0.1490088816 0.008870237204 0.001055701516
879 0.1490088816 0.008108137113 0.0009053963242
880 0.1490088816 0.008028654514 0.0008856360321
881 0.1490088816 0.00970089419 0.001081039751
882 0.1490088816 0.007922975855 0.0008896196369
883 0.1490088816 0.009761725922 0.001075622031
884 0.1490088816 0.008546591177 0.0009986958437
885 0.1490088816 0.007614248428 0.0008810443291
886 0.1490088816 0.00724691681 0.0008755214841
887 0.1490088816 0.009232971767 0.0009501432989
888 0.1490088816 0.009524806044 0.0009877647304
889 0.1490088816 0.01087412035 0.001106492962
890 0.1490088816 0.01003236688 0.001062154598
891 0.1490088816 0.01040759521 0.00122426559
892 0.1490088816 0.0106041631 0.001168569053
893 0.1490088816 0.01128973459 0.001230922519
894 0.1490088816 0.010515964 0.001134576
895 0.1490088816 0.01260135685 0.001279141734
896 0.1490088816 0.009694867685 0.001061793687
897 0.1490088816 0.008339879027 0.0009397933375
898 0.1490088816 0.008697409353 0.0009751248421
899 0.1490608443 0.01128843314 0.00117310777
900 0.1490608443 0.008486312463 0.0009073612644
901 0.1490608443 0.01019232395 0.00111594662
902 0.1490608443 0.007768204308 0.0008929685848
903 0.1490608443 0.007768217151 0.0008795554989
904 0.1490608443 0.008988710524 0.001050991522
905 0.1490608443 0.008388670238 0.001028533786
906 0.1490608443 0.0112304043 0.00132369004
907 0.1490608443 0.01146743611 0.001155838594
908 0.1490608443 0.01210564861 0.001348698511
909 0.1490608443 0.01045193566 0.001168550679
910 0.1494522594 0.01202492582 0.001215014582
911 0.1506995225 0.01032348902 0.00117063488
912 0.1506995225 0.01080892268 0.00123338527
913 0.1506995225 0.01446587272 0.001489414305
914 0.1506995225 0.01002924591 0.001118657841
915 0.1506995225 0.01047959792 0.001062124421
916 0.1506995225 0.01112956046 0.001108283539
917 0.1506995225 0.0105905047 0.001170617778
918 0.1506995225 0.007434162003 0.0009534494933
919 0.1506995225 0.006643828578 0.0008721564302
920 0.1506995225 0.00687255908 0.000879714127
921 0.1506995225 0.007873027682 0.001026059377
922 0.1506995225 0.0127122703 0.001550290983
923 0.1506995225 0.008420093691 0.0009724181096
924 0.1506995225 0.00833468426 0.0009495744272
925 0.1506995225 0.009334727559 0.0009390138073
926 0.1506995225 0.00811532591 0.0009279493188
927 0.1506995225 0.006659273195 0.0008867319774
928 0.1506995225 0.008786887153 0.001084602156
929 0.1506995225 0.00791384363 0.0009103799835
930 0.1506995225 0.009282131678 0.001181332068
931 0.1506995225 0.006761003079 0.0008804693315
932 0.1506995225 0.007711231176 0.0009325693074
933 0.1506995225 0.01030117833 0.001218235908
934 0.1506995225 0.01127353611 0.001332136766
935 0.1506995225 0.00991224526 0.001007045976
936 0.1506995225 0.009907145636 0.001055602138
937 0.1506995225 0.009320529573 0.001008496281
938 0.1506995225 0.01059578871 0.001091472136
939 0.1506995225 0.008801056649 0.001072735309
940 0.1506995225 0.008224402793 0.0009425822005
941 0.1506995225 0.008927388633 0.001004248729
942 0.1506995225 0.009958535619 0.001041262466
943 0.1506995225 0.00806373345 0.0009511958809
944 0.1506995225 0.00737841417 0.0008995843826
945 0.1506995225 0.007432239687 0.0008938177031
946 0.1506995225 0.007658723649 0.0009445283822
947 0.1506995225 0.009783871277 0.0009916499449
948 0.1506995225 0.008282258649 0.0009715468008
949 0.1506995225 0.009937108118 0.001163890566
950 0.1506995225 0.009648918577 0.001252789225
951 0.1506995225 0.009501756396 0.0009806863645
952 0.1506995225 0.009841404013 0.001151336264
953 0.1507836658 0.01235768188 0.001530835155
954 0.1507836658 0.01096210967 0.00126935041
955 0.1507836658 0.009411079265 0.001119519813
956 0.1507836658 0.007080348809 0.0008851700845
957 0.1507836658 0.009374966012 0.001124632209
958 0.1507836658 0.009867449722 0.001180966552
959 0.1507836658 0.009620167709 0.001151870187
960 0.1507836658 0.011698621 0.001306566359
961 0.1507836658 0.009046511494 0.001096418502
962 0.1507836658 0.0113025438 0.001181124492
963 0.1507836658 0.009955347328 0.00101942621
964 0.1507836658 0.01052593619 0.001160732811
965 0.1507836658 0.01061351598 0.001286191685
966 0.1507836658 0.007590325564 0.0009029352665
967 0.1507836658 0.01007678714 0.001161750823
968 0.1507836658 0.01160505853 0.001332774165
969 0.1507836658 0.008511269973 0.000979454471
970 0.1507836658 0.01013391763 0.001256881022
971 0.1507836658 0.0106709687 0.001239658791
972 0.1507836658 0.01074593887 0.001220860899
973 0.1507836658 0.01040770034 0.001104091989
974 0.1507836658 0.009997511157 0.001045277842
975 0.1507836658 0.0105992983 0.001210934963
976 0.1507836658 0.008027702552 0.000935486335
977 0.1507836658 0.009219854 0.001064273356
978 0.1507836658 0.008954380419 0.001041606624
979 0.1507836658 0.01013526386 0.001001235597
980 0.1507836658 0.01149883929 0.001357032589
981 0.1507836658 0.009136395756 0.0009692873802
982 0.1507836658 0.009270991405 0.001044504551
983 0.1507836658 0.008372431381 0.001037605312
984 0.1507836658 0.006603513199 0.000881530472
985 0.1507836658 0.009676434442 0.001037243315
986 0.1507836658 0.01084775767 0.001198600453
987 0.1507836658 0.009518954502 0.001216414112
988 0.1507836658 0.009401791323 0.001133587644
989 0.1507836658 0.007450386637 0.0009003614505
990 0.1507836658 0.007918215201 0.0009651695072
991 0.1507836658 0.007778666307 0.0009381865771
992 0.1507836658 0.006868507307 0.0009260039041
993 0.1507836658 0.009569768828 0.00106149297
994 0.1507836658 0.009933880882 0.001130080688
995 0.1507836658 0.01023486011 0.0009919595776
996 0.1507836658 0.009474541651 0.001089842653
997 0.1507836658 0.008482706112 0.0009471533296
998 0.1507836658 0.009860745531 0.001028164232
999 0.1507836658 0.008312962656 0.0009752062229
1000 0.1507836658 0.008682563575 0.0009923148744
1001 0.151780535 0.008351909784 0.00110439048
1002 0.151780535 0.0108355689 0.001177048793
1003 0.151780535 0.009514856195 0.0010503711
1004 0.151780535 0.01221014193 0.001369253436
1005 0.151780535 0.00923110531 0.001027554036
1006 0.151780535 0.007293820772 0.000920971716
1007 0.151780535 0.008136052512 0.001003571907
1008 0.151780535 0.009531714894 0.001041682232
1009 0.151780535 0.009596309588 0.001069490826
1010 0.151780535 0.007680729941 0.0009111972982
1011 0.151780535 0.00796269455 0.000971846777
1012 0.151780535 0.01077162488 0.001182520202
1013 0.151780535 0.008709857489 0.001112913657
1014 0.151780535 0.009533484334 0.001124259526
1015 0.151780535 0.01177388083 0.001405966208
1016 0.151780535 0.0134603897 0.001613986637
1017 0.151780535 0.01163370938 0.001170404961
1018 0.151780535 0.01150204615 0.001236117166
1019 0.151780535 0.01066219369 0.001198266071
1020 0.151780535 0.009672877135 0.001221869672
1021 0.151780535 0.008769934391 0.001010835541
1022 0.151780535 0.01074212322 0.001198115046
1023 0.151780535 0.00917723596 0.001064337493
1024 0.151780535 0.008782612933 0.0009888212232
1025 0.151780535 0.006907089893 0.0009241312681
1026 0.151780535 0.01011071486 0.001069118487
1027 0.151780535 0.01328071909 0.001551106514
1028 0.151780535 0.008985707759 0.001091710782
1029 0.151780535 0.008219500438 0.0009234062834
1030 0.151780535 0.00904285666 0.001004236472
1031 0.151780535 0.01078848718 0.001216001016
1032 0.151780535 0.009119003958 0.001062248487
1033 0.151780535 0.009841505277 0.001090532524
1034 0.151780535 0.01183191919 0.001230074957
1035 0.151780535 0.007542136767 0.0008916218841
1036 0.151780535 0.01077796224 0.00114819378
1037 0.151780535 0.01235306614 0.001284207187
1038 0.151780535 0.006804244328 0.0008875713367
1039 0.151780535 0.00775570809 0.0009602922764
1040 0.151780535 0.006394403234 0.0008854543466
1041 0.151780535 0.007763855202 0.001001434863
1042 0.151780535 0.009971886045 0.001117643621
1043 0.151780535 0.009767086674 0.001090702541
1044 0.151780535 0.008446315089 0.0009800815867
1045 0.151780535 0.008072348692 0.0009672968198
1046 0.151780535 0.006941093759 0.0008981374236
1047 0.151780535 0.007264550875 0.0009030107321
1048 0.151780535 0.0100247367 0.001120317609
1049 0.151780535 0.009167808607 0.001018249501
1050 0.151780535 0.006784014087 0.0008931333672
1051 0.151780535 0.007891865649 0.0009384413836
1052 0.151780535 0.007814533172 0.0009396464112
1053 0.151780535 0.007955582052 0.001038667574
1054 0.151780535 0.008920245514 0.001103702144
1055 0.151780535 0.007943962682 0.0009415175195
1056 0.151780535 0.007053938075 0.0009118943679
1057 0.151780535 0.01090485702 0.001135749358
1058 0.151780535 0.008917007549 0.0009396127565
1059 0.151780535 0.01009024943 0.001167576176
1060 0.151780535 0.009524168082 0.001111720634
1061 0.151780535 0.008995327536 0.001002195377
1062 0.151780535 0.006772290691 0.0009042365804
1063 0.151780535 0.007352230314 0.0009131925038
1064 0.151780535 0.008819453811 0.00104652905
1065 0.151780535 0.007946065832 0.0009340555651
1066 0.151780535 0.007534183707 0.000912789796
1067 0.151780535 0.008868779157 0.001100524884
1068 0.151780535 0.01129261058 0.001426116347
1069 0.151780535 0.009067197608 0.001109964919
1070 0.151780535 0.007104603553 0.0009245532559
1071 0.151780535 0.009632460872 0.001242328238
1072 0.151780535 0.006284857844 0.0008880804801
1073 0.151780535 0.00734761232 0.0009226931716
1074 0.151780535 0.01024097765 0.00112759979
1075 0.1518587403 0.01000164582 0.001203089183
1076 0.1518587403 0.009503369663 0.001147266572
1077 0.1518587403 0.008874162142 0.001115540609
1078 0.1518587403 0.007656600804 0.00110298001
1079 0.1518587403 0.009959021503 0.001135046851
1080 0.1518587403 0.009485275244 0.001107291941
1081 0.1518587403 0.006420577269 0.000892799047
1082 0.1518587403 0.006203336255 0.000892483753
1083 0.1518587403 0.008383442291 0.001077070099
1084 0.1518587403 0.008088663183 0.0009932111138
1085 0.1518587403 0.008227820947 0.0009245655507
1086 0.1518587403 0.00716055225 0.0008977626588
1087 0.1518587403 0.007543884688 0.0009047103769
1088 0.1518587403 0.007643464383 0.0009343102452
1089 0.1518587403 0.0075826796 0.0009459695934
1090 0.1518587403 0.008207368552 0.001084915289
1091 0.1518587403 0.007717846827 0.0009423826185
1092 0.1518587403 0.009468884349 0.001073290118
1093 0.1518587403 0.0095689247 0.001242061477
1094 0.154511221 0.008673106822 0.001122544102
1095 0.154511221 0.009413017446 0.001211184112
1096 0.154511221 0.007947707257 0.001041571427
1097 0.154511221 0.01034086344 0.001211795516
1098 0.154511221 0.01072332006 0.001289248425
1099 0.154511221 0.009154046334 0.001183123964
1100 0.154511221 0.00765440235 0.0009393423893
1101 0.154511221 0.008521694406 0.0009851549585
1102 0.154511221 0.009370797536 0.001101676109
1103 0.154511221 0.01020267557 0.001204049035
1104 0.154511221 0.009920900808 0.001203717203
1105 0.154511221 0.008319457805 0.0009841667917
1106 0.154511221 0.009400185944 0.001204022903
1107 0.154511221 0.01018925176 0.001231905134
1108 0.154511221 0.006796309701 0.0009100627612
1109 0.154511221 0.01196048811 0.001433854341
1110 0.154511221 0.007730717076 0.0009363329638
1111 0.154511221 0.01060877764 0.001280813048
1112 0.154511221 0.006941293084 0.0009084873824
1113 0.154511221 0.008452985146 0.0009454099592
1114 0.154511221 0.007397681258 0.0009269293386
1115 0.154511221 0.009311550329 0.001133854993
1116 0.154511221 0.008364780766 0.001098003158
1117 0.154511221 0.008176227523 0.00104826427
1118 0.154511221 0.0106417657 0.001299450245
1119 0.154511221 0.00806172861 0.001093355103
1120 0.154511221 0.006611026402 0.0009025029749
1121 0.154511221 0.01073974767 0.001289035297
1122 0.154511221 0.01156794807 0.001365576862
1123 0.154511221 0.0120263032 0.001357493316
1124 0.154511221 0.007510123786 0.0009540219856
1125 0.154511221 0.007553060218 0.0009347431848
1126 0.154511221 0.01105207713 0.001293324605
1127 0.154511221 0.01113760742 0.001311693005
1128 0.154511221 0.01131710687 0.001428264258
1129 0.154511221 0.007645092121 0.000922409725
1130 0.154511221 0.007176331669 0.0009384554882
1131 0.154511221 0.007170381363 0.0009479289449
1132 0.154511221 0.009105682233 0.001038399035
1133 0.154511221 0.01081909724 0.001274438659
1134 0.154511221 0.009929208393 0.001163541162
1135 0.154511221 0.007270725415 0.0009396891311
1136 0.154511221 0.007466432102 0.0009163780852
1137 0.154511221 0.01089599686 0.001332698565
1138 0.1568466226 0.01166902335 0.001321376975
1139 0.1568466226 0.009045292232 0.001141216204
1140 0.1568466226 0.009522207067 0.001043092443
1141 0.1568466226 0.01216633712 0.001402251857
1142 0.1568466226 0.009798472365 0.00103675839
1143 0.1568466226 0.007819317802 0.000989288994
1144 0.1568466226 0.01116519983 0.001296248791
1145 0.1568466226 0.008513416756 0.001016013972
1146 0.1568466226 0.01130582412 0.001368542187
1147 0.1568466226 0.009582325808 0.001087931995
1148 0.1568466226 0.009626476918 0.001111140866
1149 0.1568466226 0.01129273732 0.001226034623
1150 0.1568466226 0.01162555945 0.001401712052
1151 0.1568466226 0.009754587418 0.001193426555
1152 0.1568466226 0.01150251774 0.001313246578
1153 0.1568466226 0.007658099497 0.0009475169462
1154 0.1568466226 0.0127217793 0.001506960999
1155 0.1568466226 0.008743087266 0.001137167134
1156 0.1568466226 0.008691045374 0.001014162223
1157 0.1568466226 0.00888336734 0.0009933744108
1158 0.1568466226 0.01088422329 0.001358779412
1159 0.1597849516 0.01041865161 0.00130651223
1160 0.1597849516 0.00930756782 0.001188714445
1161 0.1597849516 0.01027676834 0.001240254874
1162 0.1597849516 0.00787039008 0.0009620496462
1163 0.1597849516 0.008423306565 0.001083438027
1164 0.1597849516 0.009691744504 0.001159853506
1165 0.1597849516 0.009275485728 0.001115517727
1166 0.1597849516 0.008249850341 0.001047211392
1167 0.1597849516 0.008743273988 0.001004345545
1168 0.1597849516 0.009685775796 0.001165361213
1169 0.1597849516 0.0125148954 0.001494107976
1170 0.1597849516 0.008213611303 0.001017316313
1171 0.1597849516 0.007138543769 0.0009587814825
1172 0.1597849516 0.01022614837 0.001175645702
1173 0.1597849516 0.01027759259 0.001128479481
1174 0.1597849516 0.01132043615 0.001254299375
1175 0.1597849516 0.0114627857 0.001259055435
1176 0.1597849516 0.01048983801 0.001253378699
1177 0.1597849516 0.007942257419 0.001043257338
1178 0.1597849516 0.008197210797 0.0009743959031
1179 0.1597849516 0.009040968699 0.001122307969
1180 0.1597849516 0.009490823162 0.00115106825
1181 0.1597849516 0.007463244943 0.0009706594915
1182 0.1597849516 0.009387264456 0.001093689442
1183 0.1597849516 0.009430785349 0.001107975664
1184 0.1597849516 0.008803666773 0.001070600225
1185 0.1597849516 0.009424761826 0.001044518285
1186 0.1601805484 0.01036963917 0.001238409053
1187 0.1601805484 0.009222727407 0.001069683786
1188 0.1601805484 0.007815871221 0.0009806813261
1189 0.1601805484 0.008192413069 0.001058149477
1190 0.1601805484 0.009445187875 0.001178184029
1191 0.1601805484 0.008691668515 0.001198839692
1192 0.1601805484 0.009198450845 0.001114809075
1193 0.1601805484 0.008076083277 0.001017521648
1194 0.1601805484 0.007257430082 0.0009730234613
1195 0.1601805484 0.00706248266 0.0009692319726
1196 0.1601805484 0.007882330188 0.001024902276
1197 0.1601805484 0.008057911725 0.001012418383
1198 0.1601805484 0.00789124452 0.0009839896878
1199 0.1601805484 0.007220887026 0.0009781842748
1200 0.1601805484 0.007692354576 0.00101335218
1201 0.1601805484 0.007812197023 0.001001061963
1202 0.1601805484 0.01082111592 0.001462644084
1203 0.1601805484 0.0107154016 0.001249919008
1204 0.1601805484 0.01010445084 0.001225396222
1205 0.1601805484 0.008285341135 0.001042783384
1206 0.1601805484 0.009180228419 0.001217420525
1207 0.1601805484 0.008464912664 0.00105063976
1208 0.1601805484 0.00874594397 0.001041500148
1209 0.1601805484 0.008989964292 0.001051781501
1210 0.1601805484 0.009396289512 0.001051632534
1211 0.1601805484 0.01021216942 0.001242514102
1212 0.1601805484 0.007330297235 0.0009836341821
1213 0.1601805484 0.008470102906 0.001188884231
1214 0.1601805484 0.01016055968 0.001181148556
1215 0.1601805484 0.006854052035 0.0009862083931
1216 0.1601805484 0.00805665531 0.001113326349
1217 0.1601805484 0.008767298144 0.001213804401
1218 0.1601805484 0.007427153886 0.001010892529
1219 0.1601805484 0.009449583734 0.001143464818
1220 0.1601805484 0.008440514809 0.001045711578
1221 0.1601805484 0.01146967619 0.001423485125
1222 0.1601805484 0.01151144987 0.001389685148
1223 0.1601805484 0.009655506705 0.00112282932
1224 0.1601805484 0.01108501044 0.001429464631
1225 0.1601805484 0.008636224882 0.001100864265
1226 0.1601805484 0.009306569032 0.001190392748
1227 0.1601805484 0.01284879001 0.001488866319
1228 0.1601805484 0.009100037318 0.001220870491
1229 0.1601805484 0.009220277097 0.001221347727
1230 0.1601805484 0.008971740475 0.001064138307
1231 0.1601805484 0.009354941047 0.001148548256
1232 0.1601805484 0.01025041457 0.001229532709
1233 0.1601805484 0.009181594756 0.001210425104
1234 0.1601805484 0.008877630154 0.001082969299
1235 0.1601805484 0.009986940234 0.001235175546
1236 0.1601805484 0.009924345052 0.001179015241
1237 0.1601805484 0.009909489447 0.001096980229
1238 0.1601805484 0.008680186673 0.001101995444
1239 0.1601805484 0.01150653052 0.00122924301
1240 0.1601805484 0.008826637989 0.001074915751
1241 0.1601805484 0.008581723255 0.001085623238
1242 0.1601805484 0.008140276853 0.001083993463
1243 0.1601805484 0.01022907505 0.001300446899
1244 0.1601805484 0.008134184595 0.001079686756
1245 0.160227847 0.01005628558 0.001301930138
1246 0.160227847 0.01087902995 0.001454570026
1247 0.1615590958 0.009614655819 0.001314669253
1248 0.1615590958 0.01314533643 0.001696742788
1249 0.1615590958 0.01032625959 0.001399987832
1250 0.1615590958 0.008898724192 0.001231286238
1251 0.1615590958 0.008142678066 0.001059993691
1252 0.1615590958 0.007143127816 0.001021119062
1253 0.1615590958 0.007575936904 0.001033798337
1254 0.1615590958 0.009394041776 0.001205314761
1255 0.1615590958 0.009626465174 0.001338199533
1256 0.1615590958 0.01018090651 0.001358403191
1257 0.1615590958 0.01071717484 0.001471231095
1258 0.1615590958 0.01069268278 0.00148757461
1259 0.1615590958 0.01206917804 0.001495323756
1260 0.1615590958 0.00780318915 0.00101458841
1261 0.1615590958 0.008082882027 0.001030187198
1262 0.1615590958 0.009194174958 0.001246669524
1263 0.1615590958 0.008965502498 0.001274181338
1264 0.1615590958 0.009932911741 0.001221387526
1265 0.1615590958 0.009152009714 0.001156374366
1266 0.1615590958 0.009408437653 0.00118766985
1267 0.1615590958 0.007746149702 0.001052472459
1268 0.1615590958 0.01048085194 0.00138372728
1269 0.1615590958 0.01012594658 0.00117565087
1270 0.1615590958 0.0128616238 0.001657871286
1271 0.1615590958 0.009000206913 0.001083110709
1272 0.1615590958 0.008150336181 0.001034041793
1273 0.1615590958 0.01032280559 0.001162671189
1274 0.1615590958 0.01517176569 0.001690555691
1275 0.1615590958 0.01070043832 0.001348243783
1276 0.1615590958 0.01007602997 0.00122743928
1277 0.1615590958 0.01038105209 0.001255790652
1278 0.1615590958 0.009254012214 0.001089465996
1279 0.1615590958 0.008768435557 0.001093335598
1280 0.1615590958 0.01020931716 0.001256463248
1281 0.1615590958 0.01147688771 0.001444415237
1282 0.1615590958 0.009831476356 0.001277606838
1283 0.1615590958 0.006962603479 0.001006333889
1284 0.1615590958 0.008111278374 0.001065836708
1285 0.1615590958 0.009692680495 0.001290821185
1286 0.1615590958 0.01087497447 0.001296550271
1287 0.1615590958 0.009099277977 0.001095057733
1288 0.1615590958 0.009890862197 0.001204051072
1289 0.1622434455 0.01145851988 0.00140512821
1290 0.1622434455 0.01151093633 0.001304258756
1291 0.1622434455 0.01022901935 0.001186304256
1292 0.1622434455 0.008692652371 0.001057807537
1293 0.1622434455 0.009420228332 0.001074136193
1294 0.1622434455 0.007212462486 0.001016944176
1295 0.1622434455 0.01023680168 0.001210268778
1296 0.1622434455 0.008068801927 0.001027296667
1297 0.1622434455 0.01030652785 0.00123663349
1298 0.1622434455 0.01211906789 0.001302032035
1299 0.1622434455 0.008761379614 0.001062514079
1300 0.1622434455 0.0115933406 0.001412876535
1301 0.1622434455 0.01108962965 0.001249677697
1302 0.1622434455 0.01234964821 0.001332773018
1303 0.1622434455 0.009251910041 0.001046682839
1304 0.1622434455 0.0100326656 0.001146270894
1305 0.1622434455 0.009350861386 0.001116920541
1306 0.1622434455 0.009870244459 0.001173573676
1307 0.1622434455 0.009547321392 0.001206866612
1308 0.1622434455 0.0119137051 0.001376054061
1309 0.1622434455 0.009772676257 0.001107384778
1310 0.1622434455 0.01175309922 0.001278513796
1311 0.1622434455 0.009345163276 0.001225081235
1312 0.1622434455 0.007561802435 0.001015711806
1313 0.1622434455 0.01013750474 0.001118290478
1314 0.1622434455 0.009238366095 0.001079568214
1315 0.1622434455 0.008694535024 0.001096573884
1316 0.1622434455 0.01139905443 0.001195675803
1317 0.1622434455 0.009704019288 0.001112281605
1318 0.1622434455 0.009569894793 0.001124826073
1319 0.1622434455 0.007119301301 0.001007833743
1320 0.1622434455 0.008894474819 0.001100904888
1321 0.1622434455 0.006796277382 0.001008525961
1322 0.1622434455 0.01053703228 0.001334880311
1323 0.1622434455 0.0121039251 0.001581060765
1324 0.1622434455 0.007751783183 0.001044086444
1325 0.1622434455 0.00868691181 0.001086050422
1326 0.1622434455 0.00760869474 0.001028883869
1327 0.1622434455 0.0111839787 0.001401429338
1328 0.1622434455 0.009286857795 0.001154924055
1329 0.1622434455 0.009635559106 0.001318277595
1330 0.1622434455 0.007775866405 0.001025278554
1331 0.1622434455 0.008640314266 0.00114782722
1332 0.1622434455 0.008775701748 0.001114228202
1333 0.1622434455 0.009618783562 0.001134315173
1334 0.1622434455 0.01167186165 0.001350291663
1335 0.1622434455 0.008334218925 0.001052718764
1336 0.1622434455 0.01124532971 0.001279210531
1337 0.1622434455 0.01231318496 0.001608275789
1338 0.1622434455 0.01197577784 0.001463209272
1339 0.1622434455 0.00720352574 0.001026503623
1340 0.1622434455 0.01069660941 0.001234340212
1341 0.1622434455 0.01175743803 0.001435126291
1342 0.1622434455 0.009723104751 0.00127460554
1343 0.1622434455 0.008062820777 0.001039544263
1344 0.1622434455 0.0099942569 0.001241916262
1345 0.1622434455 0.009137135697 0.001118391561
1346 0.1622434455 0.007984232687 0.001057020471
1347 0.1622434455 0.007492455742 0.001026324297
1348 0.1622434455 0.007364277844 0.001020498696
1349 0.1622434455 0.00920535069 0.001241091058
1350 0.1622434455 0.008325984138 0.001047530211
1351 0.1622434455 0.009521301663 0.001230512604
1352 0.1622434455 0.008253420079 0.001048391936
1353 0.1622434455 0.01083789798 0.001412431859
1354 0.1622434455 0.00776858808 0.001043169544
1355 0.1622434455 0.008503534284 0.001094072482
1356 0.1622434455 0.008996802442 0.00116945956
1357 0.1622434455 0.01119378666 0.001396959172
1358 0.1622434455 0.008226159758 0.001051144458
1359 0.1622434455 0.009179203534 0.001201137916
1360 0.1622434455 0.008310522396 0.001053412098
1361 0.1622434455 0.00910974384 0.001173836267
1362 0.1622434455 0.01060452272 0.001229720262
1363 0.1622434455 0.00976907169 0.001127926321
1364 0.1622434455 0.01003990374 0.00113159493
1365 0.1622434455 0.01208628403 0.001234693196
1366 0.1622434455 0.0094948381 0.00115625658
1367 0.1622434455 0.008576912574 0.001137799312
1368 0.1622434455 0.01081314369 0.00122846792
1369 0.1622434455 0.01149937019 0.001453577934
1370 0.1622434455 0.008997553824 0.001239019751
1371 0.1622434455 0.01029280972 0.001102153997
1372 0.1622434455 0.0113562858 0.001175526823
1373 0.1622434455 0.01196199 0.001351583401
1374 0.1622434455 0.0129868421 0.001419416413
1375 0.1622434455 0.01082703563 0.001216402131
1376 0.1622434455 0.01059317391 0.001261154789
1377 0.1622434455 0.0102731057 0.001263354986
1378 0.1622434455 0.008823031197 0.00112720848
1379 0.1622434455 0.009651358807 0.00115538379
1380 0.1622434455 0.009096128422 0.001110685837
1381 0.1622434455 0.009495306759 0.001224097147
1382 0.1622434455 0.009043297462 0.00125620062
1383 0.1622434455 0.01003179376 0.001213709835
1384 0.1622434455 0.01053646397 0.001298158291
1385 0.1622434455 0.009794201223 0.001100024786
1386 0.1622434455 0.007251033765 0.001015959966
1387 0.1622434455 0.01016576141 0.001264604589
1388 0.1622434455 0.01021217243 0.001403031735
1389 0.1622434455 0.007219442106 0.001032842772
1390 0.1622434455 0.009040368822 0.001258834946
1391 0.1622434455 0.007752866612 0.00107036976
1392 0.1622434455 0.009460935664 0.001276325076
1393 0.1622434455 0.009860675303 0.001278976297
1394 0.1622434455 0.01071298888 0.001454309287
1395 0.1622434455 0.01100349188 0.001546408991
1396 0.1622434455 0.0108339865 0.001390316598
1397 0.1622434455 0.007217660393 0.001023954865
1398 0.1622434455 0.009954809345 0.001411792308
1399 0.1622434455 0.009748786586 0.001358978601
1400 0.1622434455 0.006983492527 0.001016280959
1401 0.1622434455 0.008845147853 0.001185631861
1402 0.1622434455 0.0083724725 0.001071709456
1403 0.1622434455 0.009640823946 0.001301897654
1404 0.1622434455 0.008151619609 0.001099111789
1405 0.1622434455 0.007988877942 0.001153613403
1406 0.1622434455 0.007812206908 0.001046744984
1407 0.1622434455 0.0082775951 0.001024653788
1408 0.1622434455 0.00867546951 0.001077424007
1409 0.1622434455 0.007690470008 0.001028774268
1410 0.1622434455 0.008251191168 0.001075438759
1411 0.1622434455 0.008478995839 0.001056464336
1412 0.1622434455 0.009800442401 0.00130142422
1413 0.1622434455 0.007482678796 0.0010291435
1414 0.1622434455 0.008436513569 0.00110061934
1415 0.1622434455 0.0121078915 0.001432289239
1416 0.1622434455 0.01119354782 0.001378776273
1417 0.1622434455 0.01067347998 0.001177038638
1418 0.1622434455 0.007368710264 0.001043787785
1419 0.1622434455 0.01069107005 0.001371886225
1420 0.1622434455 0.009199277631 0.001130547554
1421 0.1622434455 0.009244567382 0.001199535754
1422 0.1622434455 0.008110516641 0.001062662797
1423 0.1622434455 0.007803199286 0.001031269446
1424 0.1622434455 0.008040258935 0.001043014995
1425 0.1622434455 0.008947229258 0.001196997052
1426 0.1622434455 0.009040342335 0.001115742376
1427 0.1622434455 0.01013204182 0.00130573948
1428 0.1622434455 0.008364232693 0.001105796644
1429 0.1622434455 0.009768289326 0.001294031351
1430 0.1622434455 0.009608211254 0.001306045106
1431 0.1622434455 0.009801401745 0.001194174477
1432 0.1622434455 0.008550161916 0.001116145041
1433 0.1622434455 0.008860096607 0.001138951038
1434 0.1622434455 0.007965243931 0.001109709312
1435 0.1622434455 0.008694688231 0.001218813624
1436 0.1622434455 0.007037927162 0.001018773925
1437 0.1622434455 0.006630372861 0.001016368958
1438 0.1622434455 0.01204467955 0.001558264081
1439 0.1622434455 0.009769431388 0.001299838354
1440 0.1622434455 0.008307938154 0.001127617092
1441 0.1622434455 0.009093640605 0.001321134812
1442 0.1622434455 0.006950571641 0.001016241112
1443 0.1622434455 0.01029502854 0.001458899157
1444 0.1622434455 0.008570257575 0.001253414569
1445 0.1622434455 0.009895058848 0.00131308574
1446 0.1622434455 0.008413951656 0.00116123324
1447 0.1622434455 0.007569305215 0.001041622829
1448 0.1622434455 0.007543517623 0.001026310395
1449 0.1622434455 0.009249043856 0.001217897951
1450 0.1622434455 0.008119673044 0.001066469411
1451 0.1622434455 0.01064632278 0.001362877617
1452 0.1622434455 0.00856418854 0.001120746277
1453 0.1622434455 0.006875857444 0.001016127723
1454 0.1622434455 0.007253277195 0.001030767275
1455 0.1622434455 0.008207483303 0.001177313719
1456 0.1622434455 0.006875767369 0.001019623415
1457 0.1622434455 0.00788874576 0.001087963346
1458 0.1622434455 0.00977115795 0.001327657154
1459 0.1622434455 0.007944283238 0.00105991978
1460 0.1622434455 0.009109892676 0.00123719066
1461 0.1622434455 0.008308670695 0.001076599808
1462 0.1622434455 0.009450654458 0.001262616418
1463 0.1622434455 0.008061457602 0.001084052739
1464 0.1622434455 0.01001781051 0.001152663327
1465 0.1622434455 0.0090218925 0.001122337575
1466 0.1622434455 0.007848742503 0.001074873862
1467 0.1622434455 0.01065580137 0.001387986515
1468 0.1622434455 0.01048040149 0.001310274037
1469 0.1622434455 0.007881611611 0.001096217239
1470 0.1622434455 0.008896568309 0.001144545409
1471 0.1622434455 0.009942830437 0.001375979148
1472 0.1622434455 0.008918743433 0.001128785774
1473 0.1622434455 0.01068385959 0.001230869317
1474 0.1622434455 0.009216454356 0.001108669424
1475 0.1622434455 0.008973349772 0.001088301339
1476 0.1622434455 0.007317024651 0.001025951908
1477 0.1622434455 0.009843508796 0.001311529905
1478 0.1622434455 0.006757473599 0.001016873039
1479 0.1622434455 0.008063556607 0.001039632029
1480 0.1622434455 0.007155801999 0.001014022332
1481 0.1622434455 0.008247284018 0.001060701815
1482 0.1622434455 0.01098626842 0.001225459386
1483 0.1622434455 0.008841730921 0.001105281114
1484 0.1622434455 0.00904211147 0.001188225211
1485 0.1622434455 0.008323135292 0.001253691056
1486 0.1627359035 0.01137300321 0.001640306125
1487 0.1627359035 0.009909234287 0.001190303216
1488 0.1627359035 0.009028107369 0.001173206951
1489 0.1627359035 0.009219167745 0.001188598407
1490 0.1627359035 0.009495945756 0.001292248296
1491 0.1627359035 0.009614223903 0.001304983434
1492 0.1627359035 0.007570589516 0.001043903336
1493 0.1627359035 0.01112891476 0.001351284857
1494 0.1627359035 0.007408843957 0.001035310794
1495 0.1627359035 0.009540187069 0.001152392767
1496 0.1627359035 0.01042819093 0.001295700687
1497 0.1627359035 0.01003478222 0.001366838089
1498 0.1627359035 0.01148686719 0.001489438737
1499 0.1627359035 0.0120332043 0.001689679274
1500 0.1627359035 0.008300921709 0.001125874591
1501 0.1627359035 0.008489267586 0.001169303812
1502 0.1627359035 0.009455308111 0.001242350898
1503 0.1627359035 0.01188995384 0.001389940565
1504 0.1627359035 0.00852672578 0.001065785165
1505 0.1627359035 0.008631348513 0.001043930837
1506 0.1627359035 0.008679152515 0.001254533792
1507 0.1627359035 0.007636344533 0.001090415418
1508 0.1627359035 0.00842783818 0.001262912997
1509 0.1627359035 0.008502201342 0.001128221973
1510 0.1627359035 0.008848006978 0.001092086887
1511 0.1627359035 0.0104110099 0.001354528192
1512 0.1627359035 0.00771328962 0.001038328868
1513 0.1627359035 0.0100571729 0.001317150548
1514 0.1627359035 0.009695975932 0.001239918054
1515 0.1627359035 0.01168261851 0.001539183187
1516 0.1627359035 0.008183503335 0.001143930671
1517 0.1627359035 0.006870920985 0.001021937292
1518 0.1627359035 0.008548281118 0.001248361285
1519 0.1627359035 0.009533970373 0.001408943618
1520 0.1627359035 0.01176083627 0.001467807223
1521 0.1627359035 0.009950510161 0.001341836278
1522 0.1627359035 0.01004000805 0.001350301619
1523 0.1627359035 0.006848301856 0.00102118897
1524 0.1627359035 0.00725198263 0.001027236933
1525 0.1627359035 0.007121691859 0.001024251346
1526 0.1627359035 0.0084215738 0.001248108269
1527 0.1627359035 0.007843833734 0.001137614202
1528 0.1627359035 0.007944849645 0.001070372291
1529 0.1627359035 0.008225194158 0.0010770355
1530 0.1627359035 0.01008458789 0.001453524166
1531 0.1627359035 0.008656689191 0.001138867674
1532 0.1627359035 0.007298855707 0.001058082847
1533 0.1627359035 0.008540135145 0.001248852355
1534 0.1627359035 0.009165772242 0.001177414222
1535 0.1627359035 0.007162042414 0.001030774124
1536 0.1627359035 0.00882875294 0.001132965258
1537 0.1627359035 0.008099599038 0.001069024334
1538 0.1627359035 0.008258678339 0.001116562048
1539 0.1627359035 0.008392473677 0.001079998532
1540 0.1627359035 0.008887804907 0.001181434749
1541 0.1627359035 0.008532819292 0.001077448498
1542 0.1627359035 0.007429912028 0.001055585928
1543 0.1627359035 0.008873600926 0.001150068094
1544 0.1627359035 0.01245752401 0.001629341742
1545 0.1627359035 0.007316212219 0.00103777932
1546 0.1627359035 0.01015512198 0.001294527228
1547 0.1627359035 0.008682912152 0.001247850766
1548 0.1627359035 0.007905282151 0.001070774256
1549 0.1627359035 0.007764947315 0.001052483018
1550 0.1627359035 0.0100815703 0.001330345356
1551 0.1627359035 0.01289862335 0.001687278601
1552 0.1627359035 0.01400608724 0.001728809579
1553 0.1627359035 0.008228188756 0.00106292124
1554 0.1627359035 0.009480637877 0.001116092665
1555 0.1627359035 0.009140673794 0.001115622563
1556 0.1627359035 0.009023801279 0.001195094483
1557 0.1627359035 0.007139750139 0.001026339973
1558 0.1627359035 0.009120552282 0.001169586143
1559 0.1627359035 0.01122887083 0.001313705719
1560 0.1627359035 0.009035728929 0.001088506965
1561 0.1627359035 0.01017869321 0.001349661476
1562 0.1627359035 0.0110488198 0.001424283105
1563 0.1627359035 0.01035589775 0.001215401069
1564 0.1627359035 0.01055407637 0.00130753149
1565 0.1627359035 0.009957785216 0.001297396968
1566 0.1627359035 0.01256809249 0.001402058876
1567 0.1627359035 0.01231889016 0.001329243329
1568 0.1627359035 0.009549450354 0.001071668396
1569 0.1627359035 0.01038220825 0.001334412955
1570 0.1627359035 0.009180555018 0.001186885725
1571 0.1627359035 0.01122851346 0.001346915997
1572 0.1627359035 0.01150111483 0.00151359249
1573 0.1627359035 0.01042332327 0.001262434641
1574 0.1628896116 0.01273845902 0.001604371142
1575 0.1628896116 0.009819772302 0.001218915917
1576 0.1628896116 0.009168555355 0.001191213247
1577 0.1628896116 0.009644394538 0.001290568284
1578 0.1628896116 0.009332289588 0.001147783419
1579 0.1628896116 0.009133306133 0.001172208117
1580 0.1628896116 0.01057245256 0.001291751799
1581 0.1629458945 0.009576534718 0.001317360302
1582 0.1629458945 0.007263446235 0.001035453017
1583 0.1629458945 0.007321996851 0.001049747361
1584 0.1629458945 0.007730026365 0.001114046476
1585 0.1629458945 0.008241048027 0.001148503258
1586 0.1629458945 0.009099447484 0.001135754542
1587 0.1629458945 0.008523565469 0.001063225743
1588 0.1629458945 0.009894211357 0.001255578212
1589 0.1629458945 0.00951167322 0.001241612327
1590 0.1629458945 0.009350949288 0.001182631072
1591 0.1629458945 0.008159763852 0.001106110006
1592 0.1629458945 0.007964505506 0.001046654457
1593 0.1629458945 0.009375399457 0.001274622953
1594 0.1629458945 0.009717339106 0.001222042055
1595 0.1629458945 0.00821321382 0.001068206077
1596 0.1629458945 0.01076366218 0.001367749242
1597 0.1629458945 0.00854292671 0.001075847032
1598 0.1629458945 0.00776196396 0.001067971218
1599 0.1629458945 0.009276006914 0.001104530577
1600 0.1629458945 0.007957677983 0.001074439731
1601 0.1629458945 0.008715161681 0.001269878509
1602 0.1629458945 0.01047557902 0.00138015999
1603 0.1629458945 0.01014881933 0.001281727251
1604 0.1629458945 0.01130092621 0.001305014436
1605 0.1629458945 0.01047513943 0.001338266275
1606 0.1629458945 0.009679217018 0.001239321333
1607 0.1629458945 0.009502212822 0.001300373286
1608 0.1629458945 0.007716039461 0.001103229917
1609 0.1629458945 0.007554070644 0.001052678715
1610 0.1629458945 0.01055447683 0.001287536907
1611 0.1629458945 0.009343170012 0.001152791474
1612 0.1629458945 0.008793728836 0.001078697815
1613 0.1629458945 0.0108635955 0.00141424208
1614 0.1629458945 0.01026787457 0.001226544301
1615 0.1629458945 0.009252075984 0.001116387651
1616 0.1629458945 0.008253287024 0.0010823872
1617 0.1629458945 0.01124997666 0.001350327798
1618 0.1629458945 0.008900123167 0.001189845247
1619 0.1629458945 0.00849933974 0.001270401765
1620 0.1629458945 0.01051964051 0.001333014787
1621 0.1629458945 0.009512821967 0.001104546024
1622 0.1629458945 0.01120901731 0.001343464059
1623 0.1629458945 0.00881648459 0.001095158416
1624 0.1629458945 0.009592812469 0.001148647773
1625 0.1629458945 0.01363348041 0.001519577792
1626 0.1629458945 0.01263602161 0.001408438166
1627 0.1629458945 0.01197138596 0.001586796303
1628 0.1629458945 0.0108624921 0.001313873458
1629 0.1629458945 0.01180979917 0.00128960705
1630 0.1629458945 0.009337650023 0.001209047068
1631 0.1629458945 0.008068941916 0.001055248192
1632 0.1629458945 0.009926085741 0.001315240257
1633 0.1629458945 0.006929923609 0.001027900293
1634 0.1629458945 0.008561842811 0.001193513577
1635 0.1629458945 0.009389473699 0.001240842691
1636 0.1629458945 0.0109754442 0.001440761796
1637 0.1629458945 0.00935263936 0.001168830797
1638 0.1629458945 0.008774359015 0.001135225897
1639 0.1629458945 0.008382434651 0.001080141412
1640 0.1629458945 0.008678607322 0.001203305087
1641 0.1629458945 0.009156081938 0.00113639496
1642 0.1629458945 0.00952070395 0.001159762005
1643 0.1629458945 0.007449701396 0.001036375283
1644 0.1629458945 0.007478852001 0.001039240043
1645 0.1629458945 0.008559094912 0.001094323218
1646 0.1629458945 0.00866521161 0.001209492576
1647 0.1629458945 0.008901859426 0.001127132532
1648 0.1629458945 0.007904691691 0.001087889042
1649 0.1629458945 0.007966792153 0.001054638831
1650 0.1629458945 0.008206535923 0.001149073804
1651 0.1629458945 0.009477149135 0.001162152952
1652 0.1629458945 0.00931089825 0.001124143996
1653 0.1629458945 0.01128969694 0.001379745525
1654 0.1629458945 0.01010461999 0.001268195625
1655 0.1634093614 0.01290166448 0.00171909174
1656 0.1634093614 0.009727022948 0.001213958719
1657 0.1634093614 0.01136571987 0.001337963368
1658 0.1634093614 0.009841227862 0.001129815798
1659 0.1644377151 0.01122116089 0.001363873736
1660 0.1644377151 0.008800109912 0.001062124221
1661 0.1644377151 0.008290776819 0.001044502838
1662 0.1644377151 0.01138160364 0.001226532963
1663 0.1644377151 0.01147894278 0.001270839906
1664 0.1644377151 0.01089619206 0.001228187723
1665 0.1644377151 0.01253467613 0.001397862064
1666 0.1644377151 0.01094540905 0.001288011502
1667 0.1678861482 0.01040857411 0.001520796289
1668 0.1678861482 0.008959218278 0.001147058393
1669 0.1678861482 0.008767371679 0.00108390887
1670 0.1678861482 0.008626622411 0.001120830956
1671 0.1678861482 0.009582591198 0.001286925762
1672 0.1678861482 0.01122196801 0.001507917208
1673 0.1678861482 0.01372757377 0.001819622445
1674 0.1678861482 0.01437960149 0.001536103682
1675 0.1678861482 0.008774480034 0.001122684998
1676 0.1890186917 0.01055311212 0.001441822327
1677 0.1890186917 0.01022485776 0.001477970509
1678 0.1890186917 0.01089203103 0.001630668028
1679 0.1890186917 0.0071738434 0.001140546703
1680 0.1890186917 0.008321537469 0.001181021414
1681 0.1890186917 0.01017185852 0.001415068673
1682 0.1890186917 0.008484143742 0.001218644272
1683 0.1890186917 0.00705943676 0.001140766595
1684 0.1890186917 0.0102011387 0.001480618888
1685 0.1890186917 0.01017224399 0.001417192154
1686 0.1890186917 0.0102654258 0.001354222371
1687 0.1890186917 0.00818946834 0.001155301466
1688 0.1890186917 0.01018679031 0.001322164738
1689 0.1890186917 0.01023852175 0.0012882318
1690 0.1890186917 0.007826604756 0.001151525341
1691 0.1890186917 0.01024888238 0.00139839679
1692 0.1890186917 0.01129295776 0.001557176722
1693 0.1890186917 0.01189848112 0.001486124867
1694 0.1890186917 0.008704050668 0.001197656356
1695 0.1890186917 0.00990194605 0.001367662161
1696 0.1890186917 0.009632923955 0.001340439788
1697 0.1890186917 0.008968550471 0.001239536988
1698 0.1890186917 0.008514572476 0.001207882813
1699 0.1890186917 0.008113232917 0.001236420379
1700 0.193050414 0.01255728154 0.001623067372
1701 0.193050414 0.01054838209 0.001329691219
1702 0.2486656215 0.01194677885 0.001890151245
1703 0.2486656215 0.01004243287 0.001603630817
1704 0.2486656215 0.01037623388 0.001833320042
1705 0.2486656215 0.01407620334 0.002347091618
1706 0.2486656215 0.01327831428 0.002140560753
1707 0.2486656215 0.01425735693 0.002432968881
1708 0.2486656215 0.01259385436 0.002146377016
1709 0.2486656215 0.0153289068 0.002584565438
1710 0.2486656215 0.01748656958 0.00309597729
1711 0.2486656215 0.01171647088 0.002003653583
1712 0.2486656215 0.01414282485 0.002428759115
1713 0.2486656215 0.01506167998 0.002812791868
1714 0.2486656215 0.01334842405 0.002488671077
1715 0.2486656215 0.01349726143 0.002640055832
1716 0.2486656215 0.0162324372 0.003112720659
1717 0.2486656215 0.0121623327 0.002335304222
1718 0.2486656215 0.009801283955 0.002039598429
1719 0.2486656215 0.01360278598 0.00286690369
1720 0.2486656215 0.01627298471 0.003117153372
1721 0.2486656215 0.0173286373 0.003122228844
1722 0.2486656215 0.01128276058 0.002093004593
1723 0.2486656215 0.01430014226 0.002865015637
1724 0.2486656215 0.01357699945 0.002477236407
1725 0.2486656215 0.01404203669 0.002535465923
1726 0.2486656215 0.01167590028 0.002309371216
1727 0.2486656215 0.01044740237 0.002127280434
1728 0.2486656215 0.009758902891 0.002102019352
1729 0.2486656215 0.0105786123 0.002112462833
1730 0.2486656215 0.01061378515 0.002102517012
1731 0.2486656215 0.01337243811 0.00281520762
1732 0.2486656215 0.01340861068 0.00263311998
1733 0.2486656215 0.01574310725 0.003241908109
1734 0.2493412028 0.01367678242 0.002853490481
1735 0.2493412028 0.01794388246 0.003349221066
1736 0.2493412028 0.01404284735 0.002921575456
1737 0.2493412028 0.01342389075 0.002588841079
1738 0.2493412028 0.01622129185 0.003397117826
1739 0.2493412028 0.01245363032 0.002836934481
1740 0.2493412028 0.01128168518 0.002388592588
1741 0.2493412028 0.01153963961 0.002405126632
1742 0.2493412028 0.01676650174 0.003390253759
1743 0.2493412028 0.01272852343 0.002466708984
1744 0.2493412028 0.01693795904 0.00297496102
1745 0.2493412028 0.01367102711 0.002615755484
1746 0.2493412028 0.01644587038 0.002883532685
1747 0.2493412028 0.01501223616 0.002989962457
1748 0.2493412028 0.01237735594 0.002537674367
1749 0.2493412028 0.01452799867 0.002700216283
1750 0.2493412028 0.01505672965 0.002706940871
1751 0.2493412028 0.02076907297 0.003770129314
1752 0.2493412028 0.01598893087 0.002723830639
1753 0.2493412028 0.01585493834 0.002845976514
1754 0.2493412028 0.01398186772 0.002903302005
1755 0.2493412028 0.01058565615 0.002383873927
1756 0.2493412028 0.01463356068 0.003065642797
1757 0.2493412028 0.01293770445 0.002586318661
1758 0.2493412028 0.01430311295 0.002606891042
1759 0.2493412028 0.01445430656 0.002859149736
1760 0.2493412028 0.01426617108 0.00312064114
1761 0.2493412028 0.01666202603 0.00325135664
1762 0.2493412028 0.01344457637 0.002651959722
1763 0.2493412028 0.01499490143 0.00330933153
1764 0.2493434606 0.01663380153 0.003413150518
1765 0.2493434606 0.01573018411 0.003499527089
1766 0.2493434606 0.01220013268 0.002636779455
1767 0.2493434606 0.01525828663 0.002917321933
1768 0.2493434606 0.01491403171 0.002987456211
1769 0.2493434606 0.01217885102 0.002482054576
1770 0.2493434606 0.01564406293 0.00298345491
1771 0.2493434606 0.01511672861 0.002888811115
1772 0.2493434606 0.01198958179 0.002647773442
1773 0.2493434606 0.01335465014 0.002857783819
1774 0.2493434606 0.01204310663 0.002527722058
1775 0.2493434606 0.01345453429 0.002743616472
1776 0.2493434606 0.01165102969 0.002471018675
1777 0.2493434606 0.01107971131 0.002417927242
1778 0.2493434606 0.01061907758 0.002411756249
1779 0.2493434606 0.01304465915 0.002969773111
1780 0.2493434606 0.01353202356 0.002715617228
1781 0.2514911929 0.01394969222 0.003007829606
1782 0.2514911929 0.01597376953 0.003369690121
1783 0.2514911929 0.01271108645 0.002645933279
1784 0.2514911929 0.0154138251 0.003348997325
1785 0.2514911929 0.01301306791 0.002961556102
1786 0.2514911929 0.01388800037 0.00298084296
1787 0.2514911929 0.01128244863 0.002441700409
1788 0.2514911929 0.01589244723 0.003454663016
1789 0.2514911929 0.01620998689 0.003534447247
1790 0.2514911929 0.01066633899 0.00242139972
1791 0.2514911929 0.01163921695 0.002651847706
1792 0.2514911929 0.01284088725 0.002959412013
1793 0.2514911929 0.01272674059 0.002971351414
1794 0.2514911929 0.01186958874 0.0024644314
1795 0.2514911929 0.01093469724 0.002473923724
1796 0.2514911929 0.01293452945 0.002762612263
1797 0.2514911929 0.01303917387 0.002553532539
1798 0.2514911929 0.01201229468 0.002468761208
1799 0.2514911929 0.01187154773 0.002491189433
1800 0.2514911929 0.01219681617 0.002475538558
1801 0.2514911929 0.01275808825 0.00261445116
1802 0.2514911929 0.01480837537 0.00278168654
1803 0.2514911929 0.01192602605 0.002441872422
1804 0.2514911929 0.01716653214 0.003664653554
1805 0.2514911929 0.01191454291 0.002479639987
1806 0.2547755814 0.01304168106 0.003011919471
1807 0.2547755814 0.01416704465 0.003030611184
1808 0.2547755814 0.01107977539 0.002467828795
1809 0.2547755814 0.01552848794 0.00291059531
1810 0.2547755814 0.01389935898 0.002719717365
1811 0.2547755814 0.01134846357 0.002495423759
1812 0.2547755814 0.01653628797 0.00341249545
1813 0.2547755814 0.01362157058 0.002900901248
1814 0.2547755814 0.01056009915 0.002444927508
1815 0.2547755814 0.01221379799 0.002637497821
1816 0.2547755814 0.013561797 0.002835887746
1817 0.2547755814 0.01542509516 0.003319090042
1818 0.2547755814 0.01801068778 0.00360691665
1819 0.2547755814 0.01431859669 0.003000437433
1820 0.2547755814 0.01097797128 0.002458163584
1821 0.2547755814 0.01070048628 0.00245152046
1822 0.2547755814 0.01106893043 0.002453571076
1823 0.2547755814 0.01310812283 0.002947584262
1824 0.2547755814 0.01197074068 0.002476938407
1825 0.2547755814 0.01178041889 0.002474074755
1826 0.2547755814 0.01311402577 0.002925721261
1827 0.2547755814 0.01298446031 0.002539840147
1828 0.2547755814 0.0115573757 0.002539880032
1829 0.2547755814 0.01167651559 0.00253529401
1830 0.2547755814 0.0106834985 0.00245705633
1831 0.2547755814 0.0128033354 0.002564606215
1832 0.2547755814 0.01253709766 0.002594304453
1833 0.2547755814 0.01092891758 0.002450272953
1834 0.2547755814 0.01134606943 0.002463476399
1835 0.2547755814 0.01038686468 0.002444458595
1836 0.2547755814 0.01310074095 0.002822407071
1837 0.2547755814 0.01274034017 0.002810429091
1838 0.2547755814 0.01336601312 0.002568004088
1839 0.2547755814 0.01163792228 0.002470360751
1840 0.2547755814 0.01242288517 0.002561634316
1841 0.2547755814 0.01185299041 0.002480355556
1842 0.2547755814 0.01482478957 0.003094923981
1843 0.2547755814 0.01509713523 0.00307109964
1844 0.2552816878 0.0139770051 0.003106447945
1845 0.2552816878 0.01667559012 0.003161084109
1846 0.2552816878 0.0164584653 0.003569215999
1847 0.2552816878 0.01099438304 0.002493046424
1848 0.2552816878 0.0134111316 0.00256080097
1849 0.2552816878 0.01520888628 0.00311866658
1850 0.2552816878 0.01503911925 0.002808524254
1851 0.2552816878 0.01253815197 0.00260298725
1852 0.2552816878 0.01400991337 0.003073967375
1853 0.2609666945 0.01646693004 0.003222956102
1854 0.2609666945 0.01628983171 0.003595372946
1855 0.2609666945 0.01129971004 0.002600946137
1856 0.2609666945 0.01108163212 0.002575327754
1857 0.2609666945 0.01351332827 0.002750095297
1858 0.2609666945 0.01445770405 0.003075991116
1859 0.2609666945 0.01232370265 0.002594780786
1860 0.2609666945 0.01225094766 0.002624911505
1861 0.2609666945 0.01478229925 0.003227510524
1862 0.2609666945 0.01899300045 0.003970309226
1863 0.2609666945 0.01114082166 0.002612905958
1864 0.2609666945 0.01274264843 0.002749324631
1865 0.2609666945 0.01317455226 0.002714441365
1866 0.2609666945 0.01247178888 0.002880598152
1867 0.2609666945 0.01152337823 0.002610555204
1868 0.2609666945 0.01579470893 0.00342988833
1869 0.2609666945 0.01095937858 0.002583349695
1870 0.2609666945 0.01316618427 0.003010917149
1871 0.2609666945 0.01136974928 0.002580204743
1872 0.2609666945 0.01276489039 0.00265877187
1873 0.2609666945 0.01105567254 0.0025788941
1874 0.2610686399 0.01582432444 0.003339573406
1875 0.2610686399 0.01164622722 0.002617420868
1876 0.2610686399 0.01448610219 0.003152076796
1877 0.2610686399 0.01803908258 0.003838170754
1878 0.2610686399 0.01703762825 0.003263133253
1879 0.2610686399 0.0174641533 0.003411879394
1880 0.2610686399 0.01577519573 0.003158370606
1881 0.2610686399 0.01704043365 0.003346406569
1882 0.2610686399 0.01939118169 0.003990680158
1883 0.2656357517 0.01821596033 0.003657781527
1884 0.2656357517 0.01682044966 0.003133209658
1885 0.2656357517 0.01492996417 0.00288044147
1886 0.2656357517 0.01322733873 0.00274305746
1887 0.2656357517 0.01341312454 0.002908242439
1888 0.2656357517 0.01410142562 0.003255159902
1889 0.2656357517 0.01455643933 0.003295636002
1890 0.2656357517 0.01425810575 0.002793620075
1891 0.2656357517 0.01382438621 0.002714175457
1892 0.2656357517 0.01694184191 0.003483511221
1893 0.2656357517 0.01248310199 0.002770404421
1894 0.2656357517 0.01735549722 0.003574146021
1895 0.2656357517 0.0132234419 0.002730260969
1896 0.2656357517 0.0164673069 0.003124491284
1897 0.2656357517 0.01199417546 0.002697912458
1898 0.2656357517 0.01439456225 0.003133393543
1899 0.2656357517 0.01215336376 0.002687746719
1900 0.2656357517 0.01295512909 0.002748238739
1901 0.2656357517 0.01303786643 0.00300262977
1902 0.2656357517 0.01649848066 0.003740589307
1903 0.2656357517 0.01366860388 0.002800061253
1904 0.2656357517 0.01381069083 0.00320242733
1905 0.2656357517 0.01420026069 0.0028496148
1906 0.2656357517 0.01373623823 0.003152394807
1907 0.2656357517 0.01417968906 0.003261619349
1908 0.2656357517 0.01269587427 0.002813051182
1909 0.2656357517 0.01488812494 0.003393838542
1910 0.2656357517 0.01531103615 0.003348549773
1911 0.2656357517 0.01618591466 0.003524336213
1912 0.2656357517 0.01290285738 0.002858400422
1913 0.2656357517 0.01101749137 0.002676079983
1914 0.2657207949 0.01334962266 0.003322575864
1915 0.2657207949 0.01455469816 0.003051664435
1916 0.2657207949 0.01378251445 0.003066551335
1917 0.2657207949 0.013150044 0.002822932293
1918 0.2657207949 0.01221672079 0.002708952618
1919 0.2657207949 0.01310510409 0.002960316093
1920 0.2657207949 0.0155978849 0.003512124245
1921 0.2657207949 0.01247618065 0.002783654719
1922 0.2657207949 0.0190415679 0.003824993439
1923 0.2657207949 0.01651338263 0.003382407762
1924 0.2657207949 0.02207240967 0.004632106203
1925 0.2657207949 0.01574163132 0.003261782323
1926 0.2657207949 0.01475351773 0.002877974918
1927 0.2657207949 0.01436832553 0.002908109426
1928 0.274592285 0.01581019811 0.003757551159
1929 0.274592285 0.01649273801 0.003970917776
1930 0.274592285 0.01890850409 0.004391701184
1931 0.274592285 0.01155123742 0.002773938314
1932 0.274592285 0.01350392189 0.002837055891
1933 0.274592285 0.01396539199 0.002896380641
1934 0.274592285 0.0156171788 0.003415690416
1935 0.274592285 0.01607711887 0.003635173169
1936 0.274592285 0.01893498155 0.003823981338
1937 0.274592285 0.0252156117 0.005104083125
1938 0.274592285 0.01753361322 0.003867422703
1939 0.274592285 0.01374991734 0.003150695624
1940 0.274592285 0.01919646813 0.004067246459
1941 0.274592285 0.01302730561 0.002880703717
1942 0.274592285 0.01797414772 0.004077785546
1943 0.274592285 0.01371116006 0.00309874993
1944 0.274592285 0.01557838363 0.003153759269
1945 0.274592285 0.01557199587 0.003129887785
1946 0.274592285 0.0145249019 0.003449560367
1947 0.2937605004 0.01534497164 0.003689824737
1948 0.2937605004 0.01292265319 0.003031880992
1949 0.2937605004 0.01171635165 0.00298588316
1950 0.2937605004 0.01132059247 0.00298904861
1951 0.2937605004 0.01144811878 0.002987979179
1952 0.2937605004 0.01464536031 0.003345055306
1953 0.2937605004 0.01452218143 0.003128058436
1954 0.2937605004 0.01653488558 0.003751342885
1955 0.2937605004 0.01460486255 0.003193227934
1956 0.2976457573 0.02019618838 0.004476001572
1957 0.2976457573 0.01274696373 0.003168185743
1958 0.2976457573 0.01666296235 0.00350414479
1959 0.2976457573 0.01588379997 0.003890053035
1960 0.2976457573 0.01632978752 0.003883016952
1961 0.2976457573 0.0170499947 0.00396784643
1962 0.2976457573 0.01233910127 0.003202648084
1963 0.2976457573 0.01324874348 0.003232333713
1964 0.2976457573 0.01507939573 0.003723820406
1965 0.2976457573 0.01555488792 0.003881494685
1966 0.2976457573 0.01308081164 0.003221737263
1967 0.2976457573 0.01403388093 0.003360480605
1968 0.2976457573 0.01463126356 0.003390349149
1969 0.2976457573 0.01438065469 0.003419537696
1970 0.2992046571 0.01544073798 0.004053936996
1971 0.2992046571 0.01235644341 0.003345574843
1972 0.2992046571 0.01347963309 0.003370639025
1973 0.2992046571 0.0169539841 0.004124293295
1974 0.3097290904 0.0188168139 0.004381151788
1975 0.3097290904 0.01903120125 0.004464422227
1976 0.3097290904 0.01445412759 0.003878713905
1977 0.3097290904 0.01717180166 0.004408785479
1978 0.3097290904 0.01577060707 0.004249556694
1979 0.3097290904 0.01734347488 0.004280568015
1980 0.3157477207 0.02258954852 0.005651911981
1981 0.3157477207 0.01961696405 0.004739230638
1982 0.3157477207 0.01820657753 0.004311995503
1983 0.3157477207 0.01755823601 0.00444378755
1984 0.3157477207 0.01608160335 0.004328037558
1985 0.3157477207 0.01624842446 0.003975422128
1986 0.3157477207 0.01643492521 0.004275687569
1987 0.3157477207 0.0190594877 0.004692982933
1988 0.3157477207 0.01503258266 0.003985179138
1989 0.3157477207 0.01498926099 0.003833489526
1990 0.3157477207 0.01703293443 0.004215985267
1991 0.3157477207 0.02056364103 0.00512382565
1992 0.3157477207 0.0185795117 0.004264918527
1993 0.3157477207 0.01813230792 0.004322255962
1994 0.3223109347 0.01849332696 0.00474723705
1995 0.3223109347 0.01520392211 0.004018253462
1996 0.3223109347 0.01341743226 0.003798722785
1997 0.3227026821 0.0190896899 0.005603832279
1998 0.3227026821 0.01816009023 0.005004456987
1999 0.3279745382 0.01701266658 0.004900552602
2000 0.3279745382 0.01476103371 0.004101766826
