0 0 0 0
1 0 0 0
2 0 0 0
3 0 0 0
4 0 0 0
5 0 0 0
6 0 0 0
7 0 0 0
8 0 0 0
9 0 0 0
10 0 0 0
11 0 0 0
12 0 0 0
13 0 0 0
14 0 0 0
15 0 0 0
16 0 0 0
17 0 0 0
18 0 0 0
19 0 0 0
20 0 0 0
21 0 0 0
22 0 0 0
23 0 0 0
24 0 0 0
25 0 0 0
26 0 0 0
27 0 0 0
28 0 0 0
29 0 0 0
30 0 0 0
31 0 0 0
32 0 0 0
33 0 0 0
34 0 0 0
35 0 0 0
36 0 0 0
37 0 0 0
38 0 0 0
39 0 0 0
40 0 0 0
41 0 0 0
42 0 0 0
43 0 0 0
44 0 0 0
45 0 0 0
46 0 0 0
47 0 0 0
48 0 0 0
49 0 0 0
50 0 0 0
51 0 0 0
52 0 0 0
53 0 0 0
54 0 0 0
55 0 0 0
56 0 0 0
57 0 0 0
58 0 0 0
59 0 0 0
60 0 0 0
61 0 0 0
62 0 0 0
63 0 0 0
64 0 0 0
65 0 0 0
66 0 0 0
67 0 0 0
68 0 0 0
69 0 0 0
70 0 0 0
71 0 0 0
72 0 0 0
73 0 0 0
74 0 0 0
75 0 0 0
76 0 0 0
77 0 0 0
78 0 0 0
79 0 0 0
80 0 0 0
81 0 0 0
82 0 0 0
83 0 0 0
84 0 0 0
85 0 0 0
86 0 0 0
87 0 0 0
88 0 0 0
89 0 0 0
90 0 0 0
91 0 0 0
92 0 0 0
93 0 0 0
94 0 0 0
95 0 0 0
96 0 0 0
97 0 0 0
98 0 0 0
99 0 0 0
100 0 0 0
101 0 0 0
102 0 0 0
103 0 0 0
104 0 0 0
105 0 0 0
106 0 0 0
107 0 0 0
108 0 0 0
109 0 0 0
110 0 0 0
111 0 0 0
112 0 0 0
113 0 0 0
114 0 0 0
115 0 0 0
116 0 0 0
117 0 0 0
118 0 0 0
119 0 0 0
120 0 0 0
121 0 0 0
122 0 0 0
123 0 0 0
124 0 0 0
125 0 0 0
126 0 0 0
127 0 0 0
128 0 0 0
129 0 0 0
130 0 0 0
131 0 0 0
132 0 0 0
133 0 0 0
134 0 0 0
135 0 0 0
136 0 0 0
137 0 0 0
138 0 0 0
139 0 0 0
140 0 0 0
141 0 0 0
142 0 0 0
143 0 0 0
144 0 0 0
145 0 0 0
146 0 0 0
147 0 0 0
148 0 0 0
149 0 0 0
150 0 0 0
151 0 0 0
152 0 0 0
153 0 0 0
154 0 0 0
155 0 0 0
156 0 0 0
157 0 0 0
158 0 0 0
159 0 0 0
160 0 0 0
161 0 0 0
162 0 0 0
163 0 0 0
164 0 0 0
165 0 0 0
166 0 0 0
167 0 0 0
168 0 0 0
169 0 0 0
170 0 0 0
171 0 0 0
172 0 0 0
173 0 0 0
174 0 0 0
175 0 0 0
176 0 0 0
177 0 0 0
178 0 0 0
179 0 0 0
180 0 0 0
181 0 0 0
182 0 0 0
183 0 0 0
184 0 0 0
185 0 0 0
186 0 0 0
187 0 0 0
188 0 0 0
189 0 0 0
190 0 0 0
191 0 0 0
192 0 0 0
193 0 0 0
194 0 0 0
195 0 0 0
196 0 0 0
197 0 0 0
198 0 0 0
199 0 0 0
200 0 0 0
201 0 0 0
202 0 0 0
203 0 0 0
204 0 0 0
205 0 0 0
206 0 0 0
207 0 0 0
208 0 0 0
209 0 0 0
210 0 0 0
211 0 0 0
212 0 0 0
213 0 0 0
214 0 0 0
215 0 0 0
216 0 0 0
217 0 0 0
218 0 0 0
219 0 0 0
220 0 0 0
221 0 0 0
222 0 0 0
223 0 0 0
224 0 0 0
225 0 0 0
226 0 0 0
227 0 0 0
228 0 0 0
229 0 0 0
230 0 0 0
231 0 0 0
232 0 0 0
233 0 0 0
234 0 0 0
235 0 0 0
236 0 0 0
237 0 0 0
238 0 0 0
239 0 0 0
240 7.218200522e-16 7.218200522e-18 5.210241878e-33
241 3.535432362e-07 3.535432376e-09 1.249928199e-15
242 3.535432362e-07 3.535432399e-09 1.249928199e-15
243 3.535432362e-07 3.5354324e-09 1.249928199e-15
244 3.535432362e-07 3.535432399e-09 1.249928199e-15
245 3.535432362e-07 5.207645355e-09 1.517614363e-15
246 3.535432362e-07 5.760098001e-09 1.542322681e-15
247 3.535432362e-07 5.760098036e-09 1.54232268e-15
248 3.535432362e-07 5.760097984e-09 1.542322681e-15
249 1.026163009e-06 1.947080259e-08 1.303099251e-14
250 1.026163009e-06 1.891834982e-08 1.302158625e-14
251 1.026163009e-06 1.998172731e-08 1.309402202e-14
252 1.796586759e-06 3.688428709e-08 4.461218538e-14
253 1.796586759e-06 4.291644191e-08 4.983418758e-14
254 1.796586759e-06 5.27040201e-08 5.540344013e-14
255 2.882477199e-06 7.282385261e-08 1.326991181e-13
256 2.882477199e-06 1.059758239e-07 2.0053612e-13
257 3.279592359e-06 1.491591029e-07 3.609963748e-13
258 3.279592359e-06 1.697837067e-07 4.596235233e-13
259 3.279592359e-06 1.70939637e-07 4.160102671e-13
260 0.0001126395695 1.296537382e-06 1.268858604e-10
261 0.01028381538 0.000179870511 1.545052627e-06
262 0.01028381538 0.0002596924734 1.964483176e-06
263 0.01028381538 0.0003599063732 2.912640121e-06
264 0.04426398385 0.001604174586 5.150147243e-05
265 0.04426398385 0.001482730439 5.082960002e-05
266 0.1057801962 0.003214039397 0.0001876127063
267 0.1057801962 0.003116164092 0.0001823822666
268 0.1057801962 0.003356295006 0.000194073562
269 0.1057801962 0.004252390573 0.0002260149331
270 0.1057801962 0.004940692545 0.0003047683489
271 0.1057801962 0.005614830521 0.0003522913335
272 0.1057801962 0.005397159017 0.0003680907209
273 0.1057801962 0.004758563796 0.0003471643761
274 0.1057801962 0.006314165906 0.0004890346852
275 0.1057801962 0.005727165181 0.0004317394
276 0.1304718531 0.00635554824 0.0005875422731
277 0.1304718531 0.007923808285 0.0007461159783
278 0.1304718531 0.009693538304 0.0008289075684
279 0.1304718531 0.008839519732 0.0007883334307
280 0.1714280608 0.008619751191 0.0009050059301
281 0.1714280608 0.007391662047 0.0008738000856
282 0.1714280608 0.007556983548 0.0009106209229
283 0.1714280608 0.00902211672 0.0009874266152
284 0.1714280608 0.009568843696 0.00102486364
285 0.1714280608 0.0103382371 0.001085936192
286 0.1714280608 0.01039461849 0.001263969634
287 0.190735761 0.01380826009 0.001818851479
288 0.190735761 0.01579418307 0.002146659406
289 0.2115271159 0.02009616534 0.002736772159
290 0.2115271159 0.02560919454 0.003253405056
291 0.2115271159 0.01429178758 0.001960582105
292 0.2115271159 0.01769056269 0.0026754577
293 0.5179883565 0.02896498898 0.005903925549
294 0.675559107 0.02980382468 0.009523754006
295 0.675559107 0.02850508196 0.01079251199
296 0.6812407459 0.04160393795 0.01655846381
297 0.6812407459 0.04883378208 0.02082708051
298 0.6812407459 0.0481038464 0.02055218086
299 0.6812407459 0.06004221514 0.02178763393
300 0.9589191884 0.06114627574 0.02826473819
301 0.9589191884 0.07275537358 0.03483767304
302 0.9589191884 0.07890241706 0.04402247608
303 0.9589191884 0.09592447149 0.05391167743
304 0.9589191884 0.0900037375 0.05316252826
305 0.9804217428 0.09178725592 0.05466762111
306 0.9804217428 0.1232543224 0.07893604783
307 0.9804217428 0.1011518193 0.0611259317
308 0.9978571413 0.1065407827 0.07256316089
308 3.085502319e-09 3.804251871e-11 9.767729245e-20
309 0.0001758954632 2.726807887e-06 3.996194327e-10
310 0.0001758954632 3.284328862e-06 4.275488077e-10
311 0.0002764594457 9.327662729e-06 1.684023954e-09
312 0.003314024916 4.549187758e-05 1.125023892e-07
313 0.003314024916 6.144016478e-05 1.281069598e-07
314 0.003314024916 8.045399316e-05 1.642699137e-07
315 0.0286664233 0.0003743447178 8.339837605e-06
316 0.0286664233 0.0006107136405 1.465701091e-05
317 0.0286664233 0.0006259863005 1.467739368e-05
318 0.0324377658 0.0009214766964 2.479811878e-05
319 0.0324377658 0.001813596831 4.361211025e-05
320 0.03651986753 0.001909970476 5.16627507e-05
321 0.03651986753 0.00262847618 6.805276819e-05
322 0.1092991503 0.003656166558 0.0001961989391
323 0.1092991503 0.004003426817 0.0002443070235
324 0.1092991503 0.004707258987 0.000279506755
325 0.1092991503 0.005217162827 0.0003055670434
326 0.1092991503 0.005523358244 0.0003168453427
327 0.1092991503 0.004465333371 0.00027981129
328 0.12352335 0.00888759978 0.0006782730876
329 0.1683544508 0.008770105068 0.0008324059742
330 0.1683544508 0.007982354093 0.0008551309652
331 0.1683544508 0.007167531687 0.0007430766451
332 0.1702475596 0.01046821503 0.001167096998
333 0.1702475596 0.009567997655 0.00108626638
334 0.1810173698 0.01292159354 0.001523292798
335 0.1810173698 0.01308683873 0.001722837155
336 0.1810173698 0.009453915174 0.001223888061
337 0.1810173698 0.00890768556 0.00118540116
338 0.1810173698 0.01190727813 0.001512462977
339 0.2065907906 0.01472362976 0.001945293
340 0.2706705732 0.0143557008 0.002310707868
341 0.302987765 0.01817977893 0.003565806172
342 0.302987765 0.01625020901 0.002972480895
343 0.302987765 0.01704870289 0.002903489649
344 0.302987765 0.02001845156 0.003850623785
345 0.416225727 0.02628422117 0.005983359962
346 0.4213991235 0.02259142278 0.006155373882
347 0.4279706461 0.0260166849 0.007362273346
348 0.4481402491 0.03099592953 0.009981614944
349 0.4481402491 0.0322018388 0.01033808915
350 0.4481402491 0.02775049898 0.008766529026
351 0.6121460423 0.0367002433 0.01205939461
352 0.6121460423 0.02727837272 0.009588512953
353 0.6121460423 0.03846425243 0.01500777119
354 0.8264817857 0.05642165594 0.02336964247
355 0.8264817857 0.05986356203 0.0279827321
356 0.8264817857 0.05646803045 0.02791165677
357 0.8264817857 0.06781710728 0.03729370367
358 0.8264817857 0.05643360727 0.03211198433
359 0.8307047905 0.0653218516 0.03816638333
360 0.8307047905 0.07384411528 0.04131794191
361 0.8307047905 0.0644646584 0.03733652603
362 0.8307047905 0.07727488071 0.0405924691
363 0.8307047905 0.07473153889 0.03906822135
364 0.8307047905 0.08373458909 0.04195858661
365 0.8307047905 0.06797054389 0.03582823896
366 0.878159691 0.1125149946 0.05689575031
367 0.878159691 0.09249089375 0.04545039642
368 0.878159691 0.07503183405 0.04116599278
369 0.878159691 0.085495782 0.04129158096
370 0.878159691 0.0807748454 0.04553679656
371 0.878159691 0.08182824668 0.04381057861
372 0.878159691 0.09425379549 0.04371142916
373 0.878159691 0.08038365836 0.03993776583
374 0.878159691 0.09455893671 0.04174801229
375 0.878159691 0.08334575812 0.04133872419
376 0.878159691 0.06944492571 0.03415730442
377 0.878159691 0.0820437726 0.04132989003
378 0.8922793679 0.07781746662 0.04177890721
379 0.8922793679 0.07286291097 0.04452163286
380 0.8922793679 0.06929977414 0.0371882102
381 0.8922793679 0.08403194542 0.04434861027
382 0.8922793679 0.08805335338 0.0479736727
383 0.8922793679 0.0955595752 0.05093728881
384 0.8922793679 0.106758057 0.06154462106
385 0.8922793679 0.09404724995 0.0468466392
386 0.8922793679 0.07595782355 0.03963296411
387 0.8922793679 0.09007464572 0.04940146579
388 0.8922793679 0.08180276411 0.04171159339
389 0.8922793679 0.08424890462 0.0438062178
390 0.8922793679 0.1175049671 0.05124951969
391 0.8922793679 0.09795660447 0.04661053304
392 0.8922793679 0.09763130597 0.0504297245
393 0.8922793679 0.1168370469 0.05350706441
394 0.9439812609 0.1130213709 0.05078618795
395 0.9439812609 0.1115856334 0.05253645079
396 0.9439812609 0.0891632874 0.04278639552
397 0.9439812609 0.111242332 0.05370931509
398 0.9439812609 0.09784378095 0.0486740439
399 0.9439812609 0.1122647204 0.05804416792
400 0.9439812609 0.1379743921 0.0601086826
401 0.9439812609 0.1096698284 0.05619141097
402 0.9439812609 0.138148613 0.06361697969
403 0.9439812609 0.1455333095 0.05878418584
404 0.9439812609 0.1439253762 0.06515880856
405 0.9439812609 0.1246030969 0.06136556794
406 0.9439812609 0.1180521366 0.05546493746
407 0.9439812609 0.1164419879 0.05289597855
408 0.9439812609 0.1163550179 0.05458275463
409 0.9439812609 0.1171610177 0.05630633964
410 0.9439812609 0.1167292222 0.05556821287
411 0.9439812609 0.12766585 0.06118481876
412 0.9439812609 0.1058815427 0.04781485446
413 0.9439812609 0.1131238365 0.05442542792
414 0.9439812609 0.1062360975 0.05015524302
415 0.9439812609 0.144065022 0.06742388097
416 0.9794683854 0.1436155613 0.07094680742
417 0.9794683854 0.1605106855 0.07441697181
418 0.9794683854 0.1545776883 0.07416604828
419 0.9794683854 0.1450340436 0.07408826266
420 0.9794683854 0.138479998 0.06145309605
421 0.9794683854 0.1100831814 0.0560712927
422 0.9794683854 0.1078090097 0.05783805227
423 0.9794683854 0.1087065039 0.04979133832
424 0.9794683854 0.0797374576 0.04212258982
425 0.9794683854 0.08903824027 0.04924930874
426 0.9794683854 0.1200613574 0.06624942313
427 0.9794683854 0.1010125683 0.0572887184
428 0.9794683854 0.1124883362 0.05720012832
429 0.9794683854 0.1266376322 0.06228325334
430 0.9794683854 0.1402664996 0.06465487037
431 0.9794683854 0.1288381262 0.06528916279
432 0.9797291753 0.1457982169 0.07252006503
433 0.9797291753 0.1709396815 0.0738590725
434 0.9797291753 0.1375725569 0.06401406018
435 0.9797291753 0.1449945259 0.07054269639
436 0.9797291753 0.1416401348 0.06088738834
437 0.9797291753 0.1746780689 0.08258021603
438 0.9797291753 0.1427058281 0.06290749788
439 0.9797291753 0.1553915183 0.07526284978
440 0.9797291753 0.1255480839 0.06387371849
441 0.9797291753 0.1221623937 0.06258036737
442 0.9797291753 0.09604923318 0.04924542264
443 0.9797291753 0.09387937562 0.05145201918
444 0.9797291753 0.1079690364 0.0617142604
445 0.9797291753 0.1293585849 0.06423971467
446 0.9797291753 0.1252693309 0.06461842177
447 0.9797291753 0.1462267729 0.07242854563
448 0.9797291753 0.1317072383 0.06492246673
449 0.9797291753 0.1671729613 0.08518578608
450 0.9797291753 0.1472162967 0.07278690819
451 0.998416071 0.1648777479 0.08264018502
452 0.998416071 0.1503980659 0.06829080731
453 0.998416071 0.1631699487 0.07611758897
454 0.998416071 0.1471667613 0.07100648858
455 0.998416071 0.1560019686 0.07902025637
456 0.998416071 0.1543472721 0.07614195431
457 0.998416071 0.1531360286 0.06772495169
458 0.998416071 0.1290176163 0.06052426496
459 0.998416071 0.1315635725 0.06092631357
460 0.998416071 0.1474320035 0.06291478988
461 0.998416071 0.1664917301 0.0832591648
462 0.998416071 0.178223128 0.09010496511
463 0.998416071 0.1553235266 0.06384894941
464 0.998416071 0.1872816705 0.07385066444
465 0.998416071 0.1799096484 0.0854337055
466 0.998416071 0.1585790304 0.07783954992
467 0.998416071 0.1618966108 0.08246499308
468 0.998416071 0.1452562454 0.0704466231
469 0.998416071 0.190077475 0.08528319279
470 0.998416071 0.1938506482 0.08999424942
471 0.998416071 0.1671368349 0.08034909057
472 0.998416071 0.1721161516 0.08144903527
473 0.998416071 0.1472215689 0.07815427889
474 0.998416071 0.1615523789 0.09053854836
475 0.998416071 0.1589175216 0.08330219528
476 0.998416071 0.1573325159 0.07198470284
477 0.998416071 0.1618151716 0.07732977434
478 0.998416071 0.1563685495 0.07368249595
479 0.998416071 0.1280930083 0.06301166847
480 0.998416071 0.1585576347 0.08403440717
481 0.998416071 0.1218892746 0.06375052364
482 0.998416071 0.1128105315 0.05663693868
483 0.998416071 0.1346948879 0.07402173444
484 0.998416071 0.1372842369 0.0678739795
485 0.998416071 0.1436307862 0.07722104949
486 0.998416071 0.1324734024 0.07413260503
487 0.998416071 0.1543631173 0.08403933615
488 0.998416071 0.1337678274 0.07140191162
489 0.998416071 0.1235929529 0.06188761036
490 0.998416071 0.1231518636 0.06582857623
491 0.998416071 0.1239297188 0.06890688789
492 0.998416071 0.1027469593 0.06234488612
493 0.998416071 0.1210261129 0.06987948679
494 0.998416071 0.1103516155 0.06663399017
495 0.998416071 0.1064568537 0.06172999588
496 0.998416071 0.1199874614 0.06088718645
497 0.998416071 0.09826334992 0.05159182427
498 0.998416071 0.1141205261 0.06684297132
499 0.998416071 0.1358563201 0.06921658123
500 0.998416071 0.1280479718 0.0743010934
501 0.998416071 0.1033777929 0.05249586006
502 0.998416071 0.1022368805 0.06295250777
503 0.998416071 0.09289930279 0.05635489229
504 0.998416071 0.1010033197 0.06154984991
505 0.998416071 0.122862234 0.07341654082
506 0.998416071 0.1290464305 0.07246147769
507 0.998416071 0.1383329542 0.07285918825
508 0.998416071 0.1437059302 0.08060799935
509 0.998416071 0.1456911683 0.08229893106
510 0.998416071 0.1260097927 0.07706133591
511 0.998416071 0.1167682411 0.07333195705
512 0.998416071 0.1118351451 0.06992053328
513 0.998416071 0.10008697 0.06192423617
514 0.998416071 0.1165666402 0.0620632216
515 0.998416071 0.1204659184 0.07028032349
516 0.998416071 0.1021601314 0.05743751814
517 0.998416071 0.1185292947 0.06817231367
518 0.998416071 0.1337169969 0.0822064822
519 0.998416071 0.1227107978 0.07345718314
520 0.998416071 0.1318086401 0.07485025618
521 0.998416071 0.1149971045 0.06370927673
522 0.998416071 0.1317670762 0.07984131231
523 0.998416071 0.1246268888 0.06928409537
524 0.998416071 0.1144613811 0.07511601032
525 0.998416071 0.1089149256 0.0591968601
526 0.998416071 0.08686978333 0.0480501322
527 0.998416071 0.07916886317 0.04598701899
528 0.998416071 0.08160465943 0.0543174946
529 0.998416071 0.1032174593 0.06690972682
530 0.998416071 0.1361257696 0.07137405434
531 0.998416071 0.1380046637 0.07422443957
532 0.998416071 0.1172312387 0.0622243913
533 0.998416071 0.1086007119 0.05828607752
534 0.998416071 0.1032937732 0.05587209546
535 0.998416071 0.07991235543 0.04989796919
536 0.998416071 0.1133528124 0.06733690997
537 0.998416071 0.1377363359 0.0692487081
538 0.998416071 0.11244032 0.06076121029
539 0.998416071 0.1334425641 0.06595490079
540 0.998416071 0.1455331346 0.06576537197
541 0.998416071 0.149876623 0.08012579503
542 0.998416071 0.1084801294 0.05830738594
543 0.998416071 0.1235387183 0.07540051657
544 0.998416071 0.1462366481 0.08260497971
545 0.998416071 0.1467685678 0.08101085758
546 0.998416071 0.1625300435 0.09155591121
547 0.998416071 0.1677081654 0.07892659178
548 0.998416071 0.1540872438 0.07462943827
549 0.998416071 0.1807836031 0.08747484485
550 0.998416071 0.1405028086 0.07140211749
551 0.998416071 0.1207554268 0.06908515479
552 0.998416071 0.1343490341 0.0711612166
553 0.998416071 0.1288420141 0.06972892072
554 0.998416071 0.1521386513 0.08176695068
555 0.998416071 0.1257524083 0.06533371269
556 0.998416071 0.1465500825 0.08076545152
557 0.998416071 0.1590577548 0.08722098071
558 0.998416071 0.1506185314 0.07678049644
559 0.998416071 0.1156881431 0.06535860598
560 0.998416071 0.1611114287 0.0788994951
561 0.998416071 0.1634677731 0.07398991549
562 0.998416071 0.1228101844 0.06704845852
563 0.998416071 0.14166317 0.07932386159
564 0.998416071 0.1533705001 0.07377109404
565 0.998416071 0.121966952 0.06237792983
566 0.998416071 0.1263803159 0.07626216665
567 0.998416071 0.1331133764 0.08156636639
568 0.998416071 0.1480144639 0.08419368902
569 0.998416071 0.1453031266 0.07941605807
570 0.998416071 0.1507635753 0.07898296209
571 0.998416071 0.1264343764 0.07823473526
572 0.998416071 0.1100632059 0.06749510703
573 0.998416071 0.1328620173 0.07699449589
574 0.998416071 0.1440649273 0.07593107387
575 0.998416071 0.1524524826 0.08377610957
576 0.998416071 0.1498437059 0.08215644877
577 0.998416071 0.1230696648 0.06829640678
578 0.998416071 0.1298197365 0.0743113717
579 0.998416071 0.1242373651 0.07641174903
580 0.998416071 0.1487382007 0.07489698182
581 0.998416071 0.1609776795 0.08268920412
582 0.998416071 0.1385195335 0.0658723457
583 0.998416071 0.124251619 0.06165804906
584 0.998416071 0.1284725629 0.06512175428
585 0.998416071 0.1813809292 0.07731616107
586 0.998416071 0.159981544 0.07673057475
587 0.998416071 0.1585173024 0.08586884564
588 0.998416071 0.1531280237 0.08093286817
589 0.998416071 0.179214168 0.0899374448
590 0.998416071 0.1659993905 0.08021892466
591 0.998416071 0.1329845973 0.0710839398
592 0.998416071 0.1560146173 0.08202867111
593 0.998416071 0.1383966808 0.0728121055
594 0.998416071 0.1606916284 0.08410586282
595 0.998416071 0.1257893259 0.07442224162
596 0.998416071 0.1657017882 0.09115310031
597 0.998416071 0.1514244684 0.07880216218
598 0.998416071 0.1532319063 0.07632880572
599 0.998416071 0.1282959223 0.07152312581
600 0.998416071 0.1597287189 0.08590628605
601 0.998416071 0.1643732421 0.08409378914
602 0.998416071 0.150863606 0.07545000604
603 0.998416071 0.1723343993 0.07292182354
604 0.998416071 0.1708442305 0.08018665925
605 0.998416071 0.1885379758 0.08246123122
606 0.998416071 0.1882302179 0.08988500693
607 0.998416071 0.1826348877 0.07999877638
608 0.998416071 0.2000221665 0.08506104302
609 0.998416071 0.1733035103 0.08000663398
610 0.998416071 0.1866651963 0.09026578477
611 0.998416071 0.1630117272 0.08471957808
612 0.998416071 0.1856780687 0.08718758777
613 0.998416071 0.181804763 0.08312677383
614 0.998416071 0.1781864078 0.08857627618
615 0.998416071 0.183028779 0.08794333027
616 0.998416071 0.1758920434 0.07676117349
617 0.998416071 0.1753163336 0.0811713619
618 0.998416071 0.1503601164 0.06866246171
619 0.998416071 0.172525763 0.08632176399
620 0.998416071 0.1627396667 0.08238662172
621 0.998416071 0.1667469006 0.07703098268
622 0.998416071 0.1456719569 0.0772495241
623 0.998416071 0.1363685029 0.07674489619
624 0.998416071 0.1247156609 0.07490053216
625 0.998416071 0.1568890632 0.07532996626
626 0.998416071 0.1694551153 0.08292074876
627 0.998416071 0.1372515381 0.07217692636
628 0.998416071 0.1755308079 0.0852639161
629 0.998416071 0.1544811517 0.08495809728
630 0.998416071 0.1495343851 0.08188924804
631 0.998416071 0.1507939012 0.07367998944
632 0.998416071 0.1738301718 0.07419129291
633 0.998416071 0.1786245457 0.08059027428
634 0.998416071 0.162505503 0.07658814158
635 0.998416071 0.1780408181 0.07592255344
636 0.998416071 0.1674320957 0.0707787188
637 0.998416071 0.1594429588 0.06963932931
638 0.998416071 0.1524968448 0.0764221363
639 0.998416071 0.1390818723 0.0690128489
640 0.998416071 0.1503970074 0.07930790044
641 0.998416071 0.1814576787 0.0859792974
642 0.998416071 0.1665504063 0.07333452187
643 0.998416071 0.1748802507 0.08464293683
644 0.998416071 0.1557320551 0.07684814847
645 0.998416071 0.1625225665 0.07611356609
646 0.998416071 0.1781420767 0.09719147793
647 0.998416071 0.1597624756 0.0821201972
648 0.998416071 0.1552340565 0.07023444855
649 0.998416071 0.1650616479 0.0763158999
650 0.998416071 0.1497859867 0.07333862155
651 0.998416071 0.1565064816 0.07855431771
652 0.998416071 0.1771530727 0.08439562837
653 0.998416071 0.1457978117 0.07945604073
654 0.998416071 0.1380206159 0.07126497978
655 0.998416071 0.1321148939 0.07144134008
656 0.998416071 0.1467313514 0.07729057142
657 0.998416071 0.1299871051 0.07597748507
658 0.998416071 0.1322606545 0.06796847769
659 0.998416071 0.1345471909 0.06862515815
660 0.998416071 0.1534825894 0.07185976418
661 0.998416071 0.2063829361 0.08975430208
662 0.998416071 0.2155243999 0.0997339047
663 0.998416071 0.2059133053 0.09795873084
664 0.998416071 0.1721439845 0.08528648068
665 0.998416071 0.1464569722 0.07628998914
666 0.998416071 0.1546436551 0.07638243386
667 0.998416071 0.180082687 0.08079080934
668 0.998416071 0.1367171801 0.07122471338
669 0.998416071 0.1572251497 0.07981926233
670 0.998416071 0.1623798396 0.07975638668
671 0.998416071 0.1803657955 0.07939947107
672 0.998416071 0.1881453506 0.09106635947
673 0.998416071 0.2083804239 0.09615720856
674 0.998416071 0.2170785553 0.08920463353
675 0.998416071 0.1940368405 0.0907846247
676 0.998416071 0.1960393321 0.1003473673
677 0.998416071 0.1781295224 0.0920283703
678 0.998416071 0.1547912905 0.08321647928
679 0.998416071 0.1542360681 0.08326554961
680 0.998416071 0.1370275021 0.07376272153
681 0.998416071 0.1566074416 0.0847959201
682 0.998416071 0.1621532562 0.08485466532
683 0.998416071 0.187216499 0.09803538297
684 0.998416071 0.176360061 0.08685255762
685 0.998416071 0.1799240938 0.09066056325
686 0.998416071 0.1591183247 0.09369035229
687 0.998416071 0.1621923006 0.07876625734
688 0.998416071 0.161984707 0.08170389537
689 0.998416071 0.1594921331 0.07712000001
690 0.998416071 0.1478075278 0.06677336222
691 0.998416071 0.1688453756 0.08422897727
692 0.998416071 0.1587054288 0.0760221147
693 0.998416071 0.1503176963 0.08540490139
694 0.998416071 0.1766301001 0.08905423574
695 0.998416071 0.2108981179 0.1013393287
696 0.998416071 0.1911149654 0.1074823036
697 0.998416071 0.1595795859 0.08775190801
698 0.998416071 0.1900048799 0.09701265288
699 0.998416071 0.1297064248 0.0713906068
700 0.998416071 0.1331920331 0.07964626279
701 0.998416071 0.1356976224 0.07376707269
702 0.998416071 0.1322692457 0.08105391847
703 0.998416071 0.1209327806 0.07405296781
704 0.998416071 0.1188060857 0.07006125418
705 0.998416071 0.1247937379 0.06845527095
706 0.998416071 0.1325427714 0.07094044636
707 0.998416071 0.1158581085 0.0629114165
708 0.998416071 0.1624597693 0.08771928565
709 0.998416071 0.1601898192 0.07961620755
710 0.998416071 0.1444096554 0.06941752059
711 0.998416071 0.1163484268 0.06603760941
712 0.998416071 0.1183913843 0.07784892304
713 0.998416071 0.1432218911 0.08604898907
714 0.998416071 0.1380958417 0.08757525768
715 0.998416071 0.1414775188 0.0826767853
716 0.998416071 0.1502295962 0.08957480811
717 0.998416071 0.1130837746 0.0685365165
718 0.998416071 0.135067104 0.07400507946
719 0.998416071 0.1238594306 0.07652836717
720 0.998416071 0.1476696235 0.08394114804
721 0.998416071 0.1287700568 0.07934762006
722 0.998416071 0.1412685511 0.07433363438
723 0.998416071 0.1213266715 0.06975106177
724 0.998416071 0.1322166615 0.07398186915
725 0.998416071 0.1422803483 0.07444685401
726 0.998416071 0.1367017575 0.07330408169
727 0.998416071 0.1209360221 0.05627118061
728 0.998416071 0.1056987953 0.05913414531
729 0.998416071 0.1108563727 0.06162754577
730 0.998416071 0.1377619601 0.07667939919
731 0.998416071 0.134076698 0.07672551877
732 0.998416071 0.1248114574 0.05602589557
733 0.998416071 0.1137480508 0.06303369147
734 0.998416071 0.1431423068 0.07795477995
735 0.998416071 0.1347506955 0.07969609123
736 0.998416071 0.1163929702 0.07298712781
737 0.998416071 0.1104506549 0.06655810893
738 0.998416071 0.1524708466 0.08557795028
739 0.998416071 0.1804016819 0.100921751
740 0.998416071 0.1508254348 0.07895811986
741 0.998416071 0.1168653903 0.06397546271
742 0.998416071 0.1419380024 0.07382172376
743 0.998416071 0.1167744053 0.05894669459
744 0.998416071 0.1364263587 0.0673450584
745 0.998416071 0.169122002 0.08099769653
746 0.998416071 0.1443872316 0.07467973163
747 0.998416071 0.1435611425 0.0762169494
748 0.998416071 0.1497022465 0.07757830345
749 0.998416071 0.1487951803 0.07689974062
750 0.998416071 0.1569287711 0.08282162956
751 0.998416071 0.1726851871 0.09790747013
752 0.998416071 0.1538642083 0.0793966902
753 0.998416071 0.1645919411 0.08287388541
754 0.998416071 0.1472493012 0.07532073595
755 0.998416071 0.1234141342 0.06471829134
756 0.998416071 0.1636743725 0.08071414057
757 0.998416071 0.1646456438 0.07476056638
758 0.998416071 0.1356112378 0.07701765756
759 0.998416071 0.1410960507 0.08491871087
760 0.998416071 0.1518253107 0.07439597192
761 0.998416071 0.161091683 0.07153717107
762 0.998416071 0.1310475913 0.06504660187
763 0.998416071 0.1308406824 0.06224637496
764 0.998416071 0.1340524705 0.07469184024
765 0.998416071 0.151981791 0.08394458854
766 0.998416071 0.1641681699 0.08342344817
767 0.998416071 0.1539545869 0.08600278786
768 0.998416071 0.1566581937 0.09152332562
769 0.998416071 0.162925058 0.08418894805
770 0.998416071 0.1584921301 0.0819258691
771 0.998416071 0.1598704195 0.08311998026
772 0.998416071 0.1573016816 0.07159577947
773 0.998416071 0.1844111952 0.08808757389
774 0.9989058727 0.1790295671 0.08599211092
775 0.9989058727 0.1443159972 0.07508605431
776 0.9989058727 0.1382245146 0.06501875862
777 0.9989058727 0.1279973731 0.067156393
778 0.9989058727 0.1265690265 0.06871775093
779 0.9989058727 0.1434019694 0.07677422894
780 0.9989058727 0.1364277534 0.06982239153
781 0.9989058727 0.1515867935 0.07686426491
782 0.9989058727 0.1904402264 0.09259549677
783 0.9989058727 0.1588724296 0.07040307636
784 0.9989058727 0.1456790708 0.07949995141
785 0.9989058727 0.1382896894 0.07437700936
786 0.9989058727 0.1506748572 0.07643784109
787 0.9989058727 0.1333750525 0.06761408809
788 0.9989058727 0.1307958896 0.06997994463
789 0.9989058727 0.1262044787 0.07575646016
790 0.9989058727 0.1198111513 0.07165329265
791 0.9989058727 0.120302715 0.06457048265
792 0.9989058727 0.1105880045 0.06402291385
793 0.9989058727 0.117513222 0.06486183094
794 0.9989058727 0.1601852807 0.09864954517
795 0.9989058727 0.1773779923 0.09674662019
796 0.9989058727 0.1199826874 0.06636539403
797 0.9989058727 0.1666326578 0.08205155528
798 0.9989058727 0.1534416647 0.07492804886
799 0.9989058727 0.1558510548 0.08310021071
800 0.9989058727 0.1380489606 0.08687032484
801 0.9989058727 0.1582740128 0.09462974239
802 0.9989058727 0.1401882928 0.08706661756
803 0.9989058727 0.133801429 0.07628784799
804 0.9989058727 0.118285546 0.06215801693
805 0.9989058727 0.1850497023 0.09425764279
806 0.9989058727 0.1087231561 0.05785126304
807 0.9989058727 0.1213777502 0.06836616317
808 0.9989058727 0.1355440805 0.07722538538
809 0.9989058727 0.1071263625 0.06061735684
810 0.9989058727 0.1218880363 0.06895855254
811 0.9989058727 0.09931557953 0.06470608355
812 0.9989058727 0.125293867 0.07263423449
813 0.9989058727 0.1220868042 0.06766827771
814 0.9989058727 0.1456270047 0.08486134834
815 0.9989058727 0.129134569 0.07185167845
816 0.9989058727 0.1305478977 0.07693271286
817 0.9989058727 0.130832172 0.07238489027
818 0.9989058727 0.1249835653 0.06578350261
819 0.9989058727 0.1299185448 0.06370706916
820 0.9989058727 0.1195962299 0.05928481084
821 0.9989058727 0.1028685673 0.05570516151
822 0.9989058727 0.1101251186 0.06646892675
823 0.9989058727 0.1388057818 0.07272322625
824 0.9989058727 0.1385852277 0.0623480471
825 0.9989058727 0.1419985274 0.07421404686
826 0.9989058727 0.1405624091 0.07768410647
827 0.9989058727 0.1244207276 0.0768986939
828 0.9989058727 0.122911619 0.06722087979
829 0.9989058727 0.1440438357 0.0663958241
830 0.9989058727 0.1375532624 0.07355794946
831 0.9989058727 0.1343865262 0.07161871527
832 0.9989058727 0.1181947425 0.06550843301
833 0.9989058727 0.140516853 0.08074795237
834 0.9989058727 0.1690385405 0.0837787809
835 0.9989058727 0.1881515492 0.100166557
836 0.9989058727 0.1609190818 0.0777233875
837 0.9989058727 0.1554211002 0.08659012145
838 0.9989058727 0.1172621124 0.06150848438
839 0.9989058727 0.1188151322 0.06110672557
840 0.9989058727 0.1216009567 0.06406699029
841 0.9989058727 0.1203730907 0.06793439987
842 0.9989058727 0.1404988976 0.07334718297
843 0.9989058727 0.150122043 0.08508392797
844 0.9989058727 0.15687995 0.07652362955
845 0.9989058727 0.1287927107 0.06786285151
846 0.9989058727 0.124326628 0.07095058294
847 0.9989058727 0.1137037354 0.06675090493
848 0.9989058727 0.1218456321 0.06606171326
849 0.9989058727 0.1381781508 0.06528325591
850 0.9989058727 0.1637249674 0.07483696714
851 0.9989058727 0.1541411831 0.08043337052
852 0.9989058727 0.1246122402 0.06147895837
853 0.9989058727 0.1459059633 0.07014314751
854 0.9989058727 0.1668350464 0.07888626552
855 0.9989058727 0.1597404559 0.08833287447
856 0.9989058727 0.1459353569 0.0791077835
857 0.9989058727 0.1451229743 0.07624297287
858 0.9989058727 0.1480130812 0.06909587592
859 0.9989058727 0.1709687347 0.08984290224
860 0.9989058727 0.1149102585 0.05905628648
861 0.9989058727 0.1248653714 0.06998686639
862 0.9989058727 0.1486889519 0.07454518933
863 0.9989058727 0.1838861993 0.08859514189
864 0.9989058727 0.1761536821 0.0857845326
865 0.9989058727 0.1658441787 0.083687825
866 0.9989058727 0.1792386332 0.07838430783
867 0.9989058727 0.1785273082 0.07989668555
868 0.9989058727 0.1710190641 0.08693596377
869 0.9989058727 0.1627397953 0.08346903719
870 0.9989058727 0.1256625159 0.07220591802
871 0.9989058727 0.1369263645 0.07978682707
872 0.9989058727 0.1234163015 0.06928299673
873 0.9989058727 0.1039235655 0.05770957705
874 0.9995294166 0.1271506835 0.07166205153
875 0.9995294166 0.1043149192 0.05415565656
876 0.9995294166 0.1293493426 0.07520634808
877 0.9995294166 0.1299153756 0.07133842296
878 0.9995294166 0.1084829402 0.06982706959
879 0.9995294166 0.1314745845 0.07147056901
880 0.9995294166 0.1582237624 0.08184169902
881 0.9995294166 0.1499409223 0.07942597422
882 0.9995294166 0.1141581827 0.05928906657
883 0.9995294166 0.1585674242 0.07779502389
884 0.9995294166 0.1433205024 0.07189956089
885 0.9995294166 0.1429202523 0.08655009904
886 0.9995294166 0.1621393929 0.09052342901
887 0.9995294166 0.1684678329 0.08497856022
888 0.9995294166 0.1547482075 0.07312765892
889 0.9995294166 0.1557985163 0.08501615977
890 0.9995294166 0.157586316 0.07783247643
891 0.9995294166 0.1930437763 0.08961979778
892 0.9995294166 0.1776155004 0.08695832273
893 0.9995294166 0.1941321043 0.0881837915
894 0.9995294166 0.1677460698 0.07531405665
895 0.9995294166 0.171648966 0.08377887314
896 0.9995294166 0.1847868507 0.08906107127
897 0.9995294166 0.1474731967 0.07648663824
898 0.9995294166 0.139119483 0.06821778717
899 0.9995294166 0.1539436065 0.07385654848
900 0.9995294166 0.1505853111 0.06395135804
901 0.9995294166 0.1795474195 0.08090599742
902 0.9995294166 0.1446354147 0.06397764129
903 0.9995294166 0.1310492117 0.0700699338
904 0.9995294166 0.1525253915 0.07402256232
905 0.9995294166 0.1601464463 0.07515817028
906 0.9995294166 0.160534227 0.08212088091
907 0.9995294166 0.1380815387 0.06167299142
908 0.9995294166 0.1166026449 0.056409771
909 0.9995294166 0.1230581527 0.0637288229
910 0.9995294166 0.1383043971 0.06553816479
911 0.9995294166 0.1734764192 0.08348420944
912 0.9995294166 0.1661664821 0.08012417962
913 0.9995294166 0.1714713157 0.09074833296
914 0.9995294166 0.1325389334 0.06160477413
915 0.9995294166 0.1433357723 0.08004689793
916 0.9995294166 0.1278715037 0.07435384727
917 0.9995294166 0.1674735562 0.09074905665
918 0.9995294166 0.1340254973 0.07883554676
919 0.9995294166 0.1824321302 0.08517464837
920 0.9995294166 0.1304547581 0.07084930769
921 0.9995294166 0.1647353519 0.09128349777
922 0.9995294166 0.1214691934 0.05908729422
923 0.9995294166 0.1446501812 0.07867883403
924 0.9995294166 0.1716316407 0.09663630541
925 0.9995294166 0.1211070002 0.06649113807
926 0.9995294166 0.1304611564 0.06753654678
927 0.9995294166 0.1040389117 0.06065382785
928 0.9995294166 0.1290161681 0.07238771495
929 0.9995294166 0.1305073937 0.07421591832
930 0.9995294166 0.1069250377 0.0591160347
931 0.9995294166 0.1351712878 0.07508248582
932 0.9995294166 0.1467321283 0.07570815828
933 0.9995294166 0.1419969307 0.07524162654
934 0.9995294166 0.1402812602 0.0752926446
935 0.9995294166 0.1624162369 0.07900770294
936 0.9995294166 0.1773435201 0.08314813536
937 0.9995294166 0.1517628062 0.07602856815
938 0.9995294166 0.1405663322 0.06557138741
939 0.9995294166 0.1648049669 0.08601274725
940 0.9995294166 0.1599915309 0.07974671204
941 0.9995294166 0.13584519 0.07566831669
942 0.9995294166 0.1578807133 0.07540653035
943 0.9995294166 0.1106964842 0.05723769556
944 0.9995294166 0.1184234187 0.06182791003
945 0.9995294166 0.1344453218 0.0609260229
946 0.9995294166 0.1298577684 0.06633706816
947 0.9995294166 0.1468112541 0.06824145371
948 0.9995294166 0.1704182245 0.08061844246
949 0.9995294166 0.1651336635 0.08497546065
950 0.9995294166 0.1340009632 0.06773018182
951 0.9995294166 0.1168948529 0.05860277995
952 0.9995294166 0.126404936 0.07202634534
953 0.9995294166 0.174000331 0.08737622194
954 0.9995294166 0.1291907832 0.07122045954
955 0.9995294166 0.1475485545 0.07742453505
956 0.9995294166 0.1797851535 0.08670619534
957 0.9995294166 0.1369201107 0.07679406823
958 0.9995294166 0.170293149 0.09366187834
959 0.9995294166 0.1204968104 0.06221226968
960 0.9995294166 0.1147869463 0.06368488304
961 0.9995294166 0.128662503 0.07210408566
962 0.9995294166 0.1261913808 0.06983436536
963 0.9995294166 0.151475612 0.07735006965
964 0.9995294166 0.1496489784 0.07887674953
965 0.9995294166 0.1625882841 0.08386924899
966 0.9995294166 0.1392082741 0.07227252224
967 0.9995294166 0.1312491912 0.06742757576
968 0.9995294166 0.1412369737 0.06568560734
969 0.9995294166 0.1120825228 0.05807189736
970 0.9995294166 0.1347755689 0.07808689558
971 0.9995294166 0.1086846202 0.06512935896
972 0.9995294166 0.1381087129 0.0769743857
973 0.9995294166 0.1493122502 0.07660285178
974 0.9995294166 0.1525271851 0.08666268236
975 0.9995294166 0.1493145899 0.08509252764
976 0.9995294166 0.1459375279 0.07791712131
977 0.9995294166 0.1584097051 0.08896180555
978 0.9995294166 0.1134612908 0.06415231349
979 0.9995294166 0.150642542 0.08290291493
980 0.9995294166 0.1640417617 0.07765149135
981 0.9995294166 0.1419834438 0.07518646573
982 0.9995294166 0.129213796 0.06932823247
983 0.9995294166 0.1521897976 0.07925843426
984 0.9995294166 0.1152896932 0.06257523516
985 0.9995294166 0.1359932552 0.0772386082
986 0.9995294166 0.1105838389 0.05863170019
987 0.9995294166 0.09835872504 0.05531045698
988 0.9995294166 0.1104713023 0.0619738989
989 0.9995294166 0.1080357481 0.06247811835
990 0.9995294166 0.102127093 0.06694012083
991 0.9995294166 0.08619852587 0.05342492439
992 0.9995294166 0.1036353098 0.06406537966
993 0.9995294166 0.1181472377 0.06606495109
994 0.9995294166 0.1337688609 0.08025618535
995 0.9995294166 0.1501012689 0.07870613999
996 0.9995294166 0.1486156383 0.07676960352
997 0.9995294166 0.1447447465 0.07348531798
998 0.9995294166 0.1455439626 0.07865831596
999 0.9995294166 0.1229273397 0.06663849877
1000 0.9995294166 0.148785528 0.0804316493
1001 0.9995294166 0.1386460021 0.06559579322
1002 0.9995294166 0.1675445364 0.08770612532
1003 0.9995294166 0.1297058586 0.07736959696
1004 0.9995294166 0.1674454685 0.0992558636
1005 0.9995294166 0.1523806027 0.09007380206
1006 0.9995294166 0.175864027 0.09291339841
1007 0.9995294166 0.1474281377 0.07197554855
1008 0.9995294166 0.166024571 0.09073820155
1009 0.9995294166 0.1444665232 0.0875738348
1010 0.9995294166 0.1499067378 0.08479824512
1011 0.9995294166 0.12986218 0.07078257343
1012 0.9995294166 0.1499705514 0.07311808151
1013 0.9995294166 0.1545723933 0.07511886742
1014 0.9995294166 0.140393482 0.07613609154
1015 0.9995294166 0.1491831113 0.07412287111
1016 0.9995294166 0.1338872197 0.06735991175
1017 0.9995294166 0.1597582175 0.07217825529
1018 0.9995294166 0.1572160032 0.07281421614
1019 0.9995294166 0.1324057723 0.07275835522
1020 0.9995294166 0.1397235494 0.08238593145
1021 0.9995294166 0.164788507 0.0921642026
1022 0.9995294166 0.1663972428 0.09237012782
1023 0.9995294166 0.1679156438 0.08527642822
1024 0.9995294166 0.1316386184 0.06847157014
1025 0.9995294166 0.1280993523 0.06735057694
1026 0.9995294166 0.1349428078 0.07249820763
1027 0.9995294166 0.1572868184 0.08588469634
1028 0.9995294166 0.1661493531 0.09272440717
1029 0.9995294166 0.1136409295 0.06703398451
1030 0.9995294166 0.1215066482 0.07454725759
1031 0.9995294166 0.1434761733 0.07439725618
1032 0.9995294166 0.1116242607 0.06573236968
1033 0.9995294166 0.1544240582 0.07657098954
1034 0.9995294166 0.1611926123 0.08659474931
1035 0.9995294166 0.1477451644 0.07900737343
1036 0.9995294166 0.1478134505 0.07831579785
1037 0.9995294166 0.142449864 0.07630932029
1038 0.9995294166 0.116414231 0.06880381226
1039 0.9995294166 0.1254096424 0.08121901995
1040 0.9995294166 0.1032119375 0.05703396688
1041 0.9995294166 0.1226596294 0.06719050745
1042 0.9995294166 0.1159817585 0.05957097602
1043 0.9995294166 0.1483176253 0.07207133018
1044 0.9995294166 0.1325784544 0.07516392424
1045 0.9995294166 0.1611310872 0.08971591749
1046 0.9995294166 0.1646439534 0.08682959334
1047 0.9995294166 0.1223935347 0.07613345988
1048 0.9995294166 0.1306500451 0.07233931134
1049 0.9995294166 0.1375893194 0.07383220218
1050 0.9995294166 0.1379422429 0.06599806669
1051 0.9995294166 0.152421703 0.07055041322
1052 0.9995294166 0.1235251454 0.06865100835
1053 0.9995294166 0.1183228192 0.07054335933
1054 0.9995294166 0.1430867335 0.08454443297
1055 0.9995294166 0.1482481628 0.0787074332
1056 0.9995294166 0.1209235839 0.06311399
1057 0.9995294166 0.1343479826 0.07482522178
1058 0.9995294166 0.1944037243 0.1013260771
1059 0.9995294166 0.1311133751 0.0594863841
1060 0.9995294166 0.1484442716 0.06983356578
1061 0.9995294166 0.148042559 0.07453677307
1062 0.9995294166 0.1544030219 0.07691708762
1063 0.9995294166 0.1640638145 0.07989062586
1064 0.9995294166 0.1379818478 0.0706292654
1065 0.9995294166 0.1320038595 0.06923285984
1066 0.9995294166 0.1269787027 0.074822902
1067 0.9995294166 0.1130955628 0.07169395763
1068 0.9995294166 0.1386006737 0.08241949608
1069 0.9995294166 0.1416338697 0.08123838907
1070 0.9995294166 0.1263696198 0.07271930576
1071 0.9995294166 0.1398288638 0.08444932502
1072 0.9995294166 0.1211473828 0.06963130813
1073 0.9995294166 0.1482477884 0.0828900154
1074 0.9995294166 0.1377951011 0.07894841223
1075 0.9995294166 0.1385741113 0.07581707006
1076 0.9995294166 0.1221361398 0.07064335105
1077 0.9995294166 0.146910201 0.07996149591
1078 0.9995294166 0.1290891048 0.07111481578
1079 0.9995294166 0.120814612 0.08106319357
1080 0.9995294166 0.1260202829 0.07626867453
1081 0.9995294166 0.126518817 0.07295436796
1082 0.9995294166 0.1219422704 0.07219421106
1083 0.9995294166 0.1092184258 0.07264652026
1084 0.9995294166 0.1194557556 0.07961119728
1085 0.9995294166 0.1174214363 0.0681318531
1086 0.9995294166 0.09306599466 0.05842277255
1087 0.9995294166 0.1391909277 0.08818772501
1088 0.9995294166 0.1312501556 0.07499313565
1089 0.9995294166 0.1330811048 0.07519407628
1090 0.9995294166 0.1195135814 0.07444541178
1091 0.9995294166 0.1170051588 0.07151334915
1092 0.9995294166 0.1285381665 0.07223046149
1093 0.9995294166 0.1277689129 0.07334832777
1094 0.9995294166 0.1479488388 0.0788615581
1095 0.9995294166 0.1298516299 0.06872286363
1096 0.9995294166 0.1259227296 0.07021248572
1097 0.9995294166 0.1712253977 0.09275137879
1098 0.9995294166 0.13433674 0.0745386915
1099 0.9995294166 0.1261050285 0.07251491917
1100 0.9995294166 0.1506159888 0.07378032379
1101 0.9995294166 0.135186324 0.06934136576
1102 0.9995294166 0.13050355 0.06054131408
1103 0.9995294166 0.167974784 0.07815417161
1104 0.9995294166 0.1294281479 0.07136236297
1105 0.9995294166 0.146577852 0.07120919096
1106 0.9995294166 0.1559908994 0.07786816509
1107 0.9995294166 0.2052814748 0.09753538801
1108 0.9995294166 0.1669515353 0.07930714024
1109 0.9995294166 0.160541496 0.06997350017
1110 0.9995294166 0.174584327 0.08393555202
1111 0.9995294166 0.1778122399 0.08328890829
1112 0.9995294166 0.1668603264 0.08712215477
1113 0.9995294166 0.1482549113 0.07173593581
1114 0.9995294166 0.1551788345 0.07237679954
1115 0.9995294166 0.1677708007 0.08134093075
1116 0.9995294166 0.1694656139 0.08194787832
1117 0.9995294166 0.1516773126 0.0700575009
1118 0.9995294166 0.1515289814 0.08603009204
1119 0.9995294166 0.1582553331 0.07521157828
1120 0.9995294166 0.123684419 0.06238342257
1121 0.9995294166 0.1661650743 0.08597229083
1122 0.9995294166 0.1505853265 0.07723247054
1123 0.9995294166 0.1574482836 0.08133955687
1124 0.9995294166 0.1280534386 0.07419209863
1125 0.9995294166 0.1178719281 0.06500701117
1126 0.9995294166 0.1341775207 0.07319746534
1127 0.9995294166 0.1037096436 0.05542001929
1128 0.9995294166 0.1441659529 0.07521017226
1129 0.9995294166 0.1656230036 0.08610381092
1130 0.9995294166 0.1689501614 0.08086149743
1131 0.9995294166 0.1498796722 0.07230468744
1132 0.9995294166 0.1358559465 0.0816948638
1133 0.9995294166 0.1291916676 0.06566754847
1134 0.9995294166 0.1492317665 0.0694344214
1135 0.9995294166 0.1624932575 0.0696155406
1136 0.9995294166 0.1358905703 0.06859028088
1137 0.9995294166 0.1200880576 0.06194357485
1138 0.9995294166 0.1164270512 0.06083138737
1139 0.9995294166 0.1409623308 0.07291452513
1140 0.9995294166 0.1125131749 0.05972355396
1141 0.9995294166 0.1704999273 0.08657143229
1142 0.9995294166 0.1885447175 0.08269160134
1143 0.9995294166 0.1806122756 0.09110289263
1144 0.9995294166 0.1462953367 0.0723357797
1145 0.9995294166 0.1406055085 0.07375709083
1146 0.9995294166 0.1386253837 0.07692798436
1147 0.9995294166 0.1574012349 0.07093525023
1148 0.9995294166 0.1573102398 0.08286454693
1149 0.9995294166 0.1361581074 0.07143529322
1150 0.9995294166 0.1333714569 0.06969936246
1151 0.9995294166 0.1549104215 0.08235159344
1152 0.9995294166 0.1570500913 0.07454665481
1153 0.9995294166 0.1471032116 0.06317521896
1154 0.9995294166 0.117371998 0.06899967088
1155 0.9995294166 0.1439859172 0.07517294762
1156 0.9995294166 0.1239377316 0.06278194705
1157 0.9995294166 0.1262183851 0.06464065284
1158 0.9995294166 0.1334724227 0.07085173717
1159 0.9995294166 0.1251686901 0.06729459027
1160 0.9995294166 0.1356154158 0.0698654507
1161 0.9995294166 0.1468224892 0.07781074181
1162 0.9995294166 0.1433615563 0.08097291517
1163 0.9995294166 0.1376057642 0.0778952028
1164 0.9995294166 0.1504695426 0.0777650943
1165 0.9995294166 0.1446796433 0.0771334853
1166 0.9995294166 0.1004399527 0.05593044572
1167 0.9995294166 0.111393453 0.05482991265
1168 0.9995294166 0.138845479 0.07701910296
1169 0.9995294166 0.1259210115 0.07312543422
1170 0.9995294166 0.1052730598 0.06057070675
1171 0.9995294166 0.1089413198 0.06336227574
1172 0.9995294166 0.1247570795 0.07002117139
1173 0.9995294166 0.1322570493 0.07815208112
1174 0.9995294166 0.1532746385 0.08495911197
1175 0.9995294166 0.1290957771 0.06508624954
1176 0.9995294166 0.0989894892 0.06392172266
1177 0.9995294166 0.1170042488 0.07081118457
1178 0.9995294166 0.1125494593 0.06132438916
1179 0.9995294166 0.1230931239 0.071914177
1180 0.9995294166 0.1362032229 0.07905936201
1181 0.9995294166 0.113869846 0.07616368724
1182 0.9995294166 0.1253902954 0.07094429772
1183 0.9995294166 0.09816508716 0.05852279028
1184 0.9995294166 0.1098640621 0.06527312195
1185 0.9995294166 0.09926590483 0.05426024764
1186 0.9995294166 0.1027334283 0.06279310087
1187 0.9995294166 0.1545243064 0.0841558348
1188 0.9995294166 0.1368076105 0.07898645382
1189 0.9995294166 0.1182187385 0.06747657496
1190 0.9995294166 0.1512856074 0.08297790959
1191 0.9995294166 0.1219964573 0.07036201979
1192 0.9995294166 0.09700319771 0.05377356244
1193 0.9995294166 0.09834741692 0.0590440781
1194 0.9995294166 0.1263777125 0.07694140009
1195 0.9995294166 0.1251365603 0.06570584199
1196 0.9995294166 0.1109440685 0.06795565237
1197 0.9995294166 0.09878740949 0.05997921877
1198 0.9995294166 0.1016923491 0.06182635513
1199 0.9995294166 0.1306882138 0.06670092964
1200 0.9995294166 0.1271141817 0.07251750922
1201 0.9995294166 0.08945698951 0.05043323341
1202 0.9995294166 0.1217122601 0.07519142979
1203 0.9995294166 0.1063969591 0.0600740682
1204 0.9995294166 0.1376996088 0.07859474773
1205 0.9995294166 0.1317085885 0.07848388065
1206 0.9995294166 0.1123782658 0.0693860351
1207 0.9995294166 0.1256487798 0.06670103053
1208 0.9995294166 0.1564121417 0.08134511841
1209 0.9995294166 0.1675086357 0.0837900097
1210 0.9995294166 0.1461266214 0.07324021156
1211 0.9995294166 0.116073858 0.06965244364
1212 0.9995294166 0.1094946775 0.05769823084
1213 0.9995294166 0.107507966 0.05806512633
1214 0.9995294166 0.1174999666 0.07391436113
1215 0.9995294166 0.1376584325 0.08183031505
1216 0.9995294166 0.1138148121 0.07022577974
1217 0.9995294166 0.1048923238 0.06915680758
1218 0.9995294166 0.1141672871 0.07186890923
1219 0.9995294166 0.1153144107 0.0717981691
1220 0.9995294166 0.1387176042 0.08071192996
1221 0.9995294166 0.1250030982 0.06260269987
1222 0.9995294166 0.1078008082 0.06019879216
1223 0.9995294166 0.1490068638 0.07848890573
1224 0.9997538057 0.1484577234 0.08091119442
1225 0.9997538057 0.1223682509 0.07377725033
1226 0.9997538057 0.1058272503 0.06427438532
1227 0.9997538057 0.1088659981 0.07399527886
1228 0.9997538057 0.1132994578 0.06184597495
1229 0.9997538057 0.1440095393 0.07850160965
1230 0.9997538057 0.1288279095 0.07358373848
1231 0.9997538057 0.1285065806 0.07008049881
1232 0.9997538057 0.1402978312 0.08193118235
1233 0.9997538057 0.1183329996 0.07028662611
1234 0.9997538057 0.1236153339 0.07242053152
1235 0.9997538057 0.114164044 0.06395796685
1236 0.9997538057 0.1316139192 0.07185258261
1237 0.9997538057 0.1573612478 0.08594284495
1238 0.9997538057 0.1342713913 0.07245545585
1239 0.9997538057 0.1419102588 0.07140299975
1240 0.9997538057 0.1512884084 0.07816674056
1241 0.9997538057 0.1582318322 0.08377549087
1242 0.9997538057 0.1526967274 0.08161236198
1243 0.9997538057 0.1565695083 0.08226508881
1244 0.9997538057 0.1554197033 0.07789614915
1245 0.9997538057 0.1534708216 0.08153460271
1246 0.9997538057 0.1208155007 0.06943554251
1247 0.9997538057 0.125371288 0.06993029438
1248 0.9997538057 0.1642683515 0.08433216482
1249 0.9997538057 0.1734249573 0.08493595242
1250 0.9997538057 0.1716001489 0.09695581616
1251 0.9997538057 0.1776693219 0.09235363765
1252 0.9997538057 0.179783136 0.08489781096
1253 0.9997538057 0.1846171163 0.08406961706
1254 0.9997538057 0.2155146363 0.08796277623
1255 0.9997538057 0.1985435052 0.08532964329
1256 0.9997538057 0.1872708386 0.08945046889
1257 0.9997538057 0.1586867047 0.07971018362
1258 0.9997538057 0.1571375535 0.07790736886
1259 0.9997538057 0.1548639296 0.08247096894
1260 0.9997538057 0.1459580927 0.07072839798
1261 0.9997538057 0.1664056926 0.08392747861
1262 0.9997538057 0.1464323641 0.07382386687
1263 0.9997538057 0.1509629001 0.06964115378
1264 0.9997538057 0.1409572909 0.06944066447
1265 0.9997538057 0.1508977078 0.07472907238
1266 0.9997538057 0.1499014252 0.07484051661
1267 0.9997538057 0.1539322227 0.07459480339
1268 0.9997538057 0.1498902447 0.07200550295
1269 0.9997538057 0.1802724582 0.07194399642
1270 0.9997538057 0.1737915921 0.08526323437
1271 0.9997538057 0.1445461002 0.06874078838
1272 0.9997538057 0.1513965718 0.06781724344
1273 0.9997538057 0.1348294067 0.06787623783
1274 0.9997538057 0.1645009112 0.08435911715
1275 0.9997538057 0.1675191437 0.08344803326
1276 0.9997538057 0.1442803081 0.07730003918
1277 0.9997538057 0.1432539438 0.07021887417
1278 0.9997538057 0.1195953402 0.06569635538
1279 0.9997538057 0.1220471541 0.06900850806
1280 0.9997538057 0.1401778918 0.07981603327
1281 0.9997538057 0.1493654228 0.07976173685
1282 0.9997538057 0.13923913 0.07310757843
1283 0.9997538057 0.1244567374 0.06701296289
1284 0.9997538057 0.1474527651 0.07888505205
1285 0.9997538057 0.1634856508 0.08416138854
1286 0.9997538057 0.1596440248 0.08134718815
1287 0.9997538057 0.1620676875 0.08781454028
1288 0.9997538057 0.1403168413 0.07704256434
1289 0.9997538057 0.1344308591 0.06526760638
1290 0.9997538057 0.1602765978 0.07886635854
1291 0.9997538057 0.1515494609 0.07627879414
1292 0.9997538057 0.1948359654 0.1045095817
1293 0.9997538057 0.1669907545 0.08873105931
1294 0.9997538057 0.1205118539 0.05799562486
1295 0.9997538057 0.1391442812 0.07064081686
1296 0.9997538057 0.1599206762 0.07997185718
1297 0.9997538057 0.170934995 0.08637093346
1298 0.9997538057 0.1830033097 0.0922074013
1299 0.9997538057 0.1489714288 0.07610824815
1300 0.9997538057 0.1640250414 0.07366744235
1301 0.9997538057 0.1420205667 0.0763950661
1302 0.9997538057 0.1286002817 0.0686287562
1303 0.9997538057 0.132408645 0.06648986094
1304 0.9997538057 0.1647584345 0.08340770102
1305 0.9997538057 0.1422533429 0.07616346633
1306 0.9997538057 0.1271969795 0.07611737523
1307 0.9997538057 0.1570981904 0.09320837253
1308 0.9997538057 0.1266670811 0.07631397571
1309 0.9997538057 0.1009209248 0.06254266699
1310 0.9997538057 0.07681343881 0.05532056797
1311 0.9997538057 0.1047429096 0.06817515268
1312 0.9997538057 0.09353963968 0.0642898196
1313 0.9997538057 0.09777928979 0.06749721622
1314 0.9997538057 0.08550102223 0.0568121582
1315 0.9997538057 0.09040994678 0.05500433025
1316 0.9997538057 0.1045584487 0.05835392121
1317 0.9997538057 0.1084956908 0.06777633926
1318 0.9997538057 0.1043371846 0.06577926316
1319 0.9997538057 0.1266198409 0.07509709994
1320 0.9997538057 0.1095161523 0.06051207242
1321 0.9997538057 0.1187132632 0.06384029658
1322 0.9997538057 0.1393462538 0.08088880916
1323 0.9997538057 0.101067086 0.05461875967
1324 0.9997538057 0.1314159165 0.07170054762
1325 0.9997538057 0.134548505 0.07689546145
1326 0.9997538057 0.1199217726 0.07024116184
1327 0.9997538057 0.1261405616 0.07126644118
1328 0.9997538057 0.1308839105 0.07287183507
1329 0.9997538057 0.1217672588 0.06312155732
1330 0.9997538057 0.1345674471 0.0727812139
1331 0.9997538057 0.1231446485 0.0758428089
1332 0.9997538057 0.1340062532 0.08073116219
1333 0.9997538057 0.1112607969 0.07365997474
1334 0.9997538057 0.1239214668 0.07516508873
1335 0.9997538057 0.118150566 0.06625888399
1336 0.9997538057 0.1437997374 0.07698040637
1337 0.9997538057 0.1585602276 0.08756374749
1338 0.9997538057 0.1402056788 0.06771722443
1339 0.9997538057 0.1396751552 0.05676745677
1340 0.9997538057 0.1448205638 0.06628997692
1341 0.9997538057 0.1348631979 0.08016577905
1342 0.9997538057 0.1052674781 0.05942031024
1343 0.9997538057 0.1461500688 0.08198974501
1344 0.9997538057 0.14811682 0.083490795
1345 0.9997538057 0.1444879343 0.07747116117
1346 0.9997538057 0.1278504439 0.06580502192
1347 0.9997538057 0.1058409082 0.0623822044
1348 0.9997538057 0.09894550009 0.05455267877
1349 0.9997538057 0.106676131 0.0617867929
1350 0.9997538057 0.1143307868 0.05686575315
1351 0.9997538057 0.0998354762 0.05207754366
1352 0.9997538057 0.1028365439 0.05170715676
1353 0.9997538057 0.1240548769 0.06400751597
1354 0.9997538057 0.1671917891 0.08681587785
1355 0.9997538057 0.1715132743 0.08946266155
1356 0.9997538057 0.1531064236 0.06854841086
1357 0.9997538057 0.149419291 0.06440408328
1358 0.9997538057 0.1444946888 0.06933984508
1359 0.9997538057 0.1573941976 0.07523705185
1360 0.9997538057 0.1301197258 0.06991461968
1361 0.9997538057 0.1730296869 0.0907174914
1362 0.9997538057 0.1249754432 0.06876312983
1363 0.9997538057 0.1036261191 0.05520712041
1364 0.9997538057 0.103322099 0.05879805652
1365 0.9997538057 0.1049979173 0.0581843867
1366 0.9997538057 0.1109796455 0.06157828618
1367 0.9997538057 0.1460645142 0.07271083518
1368 0.9997538057 0.1312390901 0.0636584725
1369 0.9997538057 0.1234094672 0.06713636416
1370 0.9997538057 0.1184784868 0.06748076263
1371 0.9997538057 0.1068718901 0.06087157887
1372 0.9997538057 0.08943760477 0.05305419526
1373 0.9997538057 0.1047241441 0.05855172097
1374 0.9997538057 0.1270921651 0.07269936882
1375 0.9997538057 0.1304519543 0.06627225151
1376 0.9997538057 0.1308778633 0.07163459847
1377 0.9997538057 0.1148789373 0.05893323924
1378 0.9997538057 0.110205038 0.06485335577
1379 0.9997538057 0.13003619 0.06792551432
1380 0.9997538057 0.1442843148 0.07172145687
1381 0.9997538057 0.1525845127 0.07438836033
1382 0.9997538057 0.140579242 0.06940098769
1383 0.9997538057 0.1251098508 0.05978712266
1384 0.9997538057 0.1489917148 0.07678715217
1385 0.9997538057 0.1585290589 0.08048569571
1386 0.9997538057 0.1723286358 0.09564703773
1387 0.9997538057 0.1546922598 0.08704299904
1388 0.9997538057 0.1622371821 0.08591373242
1389 0.9997538057 0.1645991779 0.0882647397
1390 0.9997538057 0.2012898458 0.09748925917
1391 0.9997538057 0.1941906113 0.09580205727
1392 0.9997538057 0.18238016 0.08677175771
1393 0.9997538057 0.1412620821 0.07422152231
1394 0.9997538057 0.1598343045 0.09061051186
1395 0.9997538057 0.148575736 0.08179280383
1396 0.9997538057 0.1786823993 0.08597691212
1397 0.9997538057 0.1791953746 0.0947232259
1398 0.9997538057 0.1403359345 0.07627951767
1399 0.9997538057 0.1272102748 0.06740072267
1400 0.9997538057 0.1308865039 0.0712190384
1401 0.9997538057 0.1208054065 0.06742694631
1402 0.9997538057 0.1204871908 0.06592273564
1403 0.9997538057 0.1368454877 0.07453689154
1404 0.9997538057 0.1445094109 0.08239565873
1405 0.9997538057 0.1198297034 0.06853729665
1406 0.9997538057 0.12800454 0.07029443373
1407 0.9997538057 0.125168158 0.06034348768
1408 0.9997538057 0.1163338845 0.07090466681
1409 0.9997538057 0.1472736626 0.08589237387
1410 0.9997538057 0.1492574557 0.08809325039
1411 0.9997538057 0.1618947664 0.0915771829
1412 0.9997538057 0.1228848102 0.07343746235
1413 0.9997538057 0.1161175601 0.06623873443
1414 0.9997538057 0.1297076816 0.06940850436
1415 0.9997538057 0.1110027498 0.06066543683
1416 0.9997538057 0.121154643 0.06394436139
1417 0.9997538057 0.1008603661 0.06256271332
1418 0.9997538057 0.119272003 0.06506489553
1419 0.9997538057 0.1196229551 0.06526626387
1420 0.9997538057 0.1067825539 0.06225426198
1421 0.9997538057 0.1400998797 0.08171384056
1422 0.9997538057 0.1432429818 0.07517829135
1423 0.9997538057 0.1166584934 0.07298287142
1424 0.9997538057 0.1362878506 0.06930007848
1425 0.9997538057 0.1085909108 0.06415974757
1426 0.9997538057 0.09964230689 0.05488197555
1427 0.9997538057 0.1008802086 0.06107309221
1428 0.9997538057 0.1071627995 0.06424542168
1429 0.9997538057 0.1093480688 0.06246770039
1430 0.9997538057 0.1164225796 0.066348217
1431 0.9997538057 0.1069174768 0.06205915864
1432 0.9997538057 0.09769420675 0.05662858904
1433 0.9997538057 0.1110679953 0.0628500551
1434 0.9997538057 0.1226784915 0.07442142772
1435 0.9997538057 0.1176396093 0.07039275018
1436 0.9997538057 0.1070095562 0.06256279831
1437 0.9997538057 0.1282977989 0.06029947986
1438 0.9997538057 0.1209459554 0.06656329024
1439 0.9997538057 0.1155002079 0.06300519391
1440 0.9997538057 0.1153902376 0.06121427841
1441 0.9997538057 0.1300569628 0.07382457693
1442 0.9997538057 0.1282359736 0.07352084673
1443 0.9997538057 0.1180534292 0.06767152629
1444 0.9997538057 0.1184271354 0.07234966654
1445 0.9997538057 0.127105911 0.07328632036
1446 0.9997538057 0.1040137814 0.06022329923
1447 0.9997538057 0.1117210874 0.06891492442
1448 0.9997538057 0.1081929646 0.06367005744
1449 0.9997538057 0.1485050302 0.08252560821
1450 0.9997538057 0.1479604143 0.08380374139
1451 0.9997538057 0.1380392253 0.07605523424
1452 0.9997538057 0.1571326762 0.08656231848
1453 0.9997538057 0.1424940259 0.0839620541
1454 0.9997538057 0.1517830005 0.08361887322
1455 0.9997538057 0.1596501065 0.08676136838
1456 0.9997538057 0.1722545153 0.09269590199
1457 0.9997538057 0.1789370188 0.08960095067
1458 0.9997538057 0.1576010438 0.07635596044
1459 0.9997538057 0.1341005926 0.06953474137
1460 0.9997538057 0.1563767226 0.09108827707
1461 0.9997538057 0.1682065728 0.09372672315
1462 0.9997538057 0.1560214701 0.08100745749
1463 0.9997538057 0.1379145871 0.07682946859
1464 0.9997538057 0.16757827 0.08786882789
1465 0.9997538057 0.1483089994 0.08007360923
1466 0.9997538057 0.1666758947 0.07813382364
1467 0.9997538057 0.1443652236 0.07941471673
1468 0.9997538057 0.1468365171 0.08237018055
1469 0.9997538057 0.1527599088 0.08346581624
1470 0.9997538057 0.1406738697 0.07631433362
1471 0.9997538057 0.1564499136 0.08647205472
1472 0.9997538057 0.1723559546 0.09485125646
1473 0.9997538057 0.1859615109 0.08785748366
1474 0.9997538057 0.1431184546 0.06632594127
1475 0.9997538057 0.1456635629 0.07526471629
1476 0.9997538057 0.1435349202 0.07280772646
1477 0.9997538057 0.1510398457 0.07584514247
1478 0.9997538057 0.1447841344 0.07436874948
1479 0.9997538057 0.1510931364 0.08233560583
1480 0.9997538057 0.1449705276 0.08020271698
1481 0.9997538057 0.1401497807 0.072253958
1482 0.9997538057 0.1569794398 0.0773224061
1483 0.9997538057 0.1429236006 0.08085093426
1484 0.9997538057 0.1101276921 0.05954577716
1485 0.9997538057 0.1150244083 0.06248503099
1486 0.9997538057 0.1386431277 0.07951126473
1487 0.9997538057 0.1585999157 0.08827077476
1488 0.9997538057 0.1489593686 0.08165985736
1489 0.9997538057 0.1366263684 0.06878166401
1490 0.9997538057 0.1143870286 0.06564302149
1491 0.9997538057 0.1269343594 0.07270990332
1492 0.9997538057 0.1342016375 0.08677219113
1493 0.9997538057 0.118501139 0.07355802066
1494 0.9997538057 0.1236304334 0.07309010377
1495 0.9997538057 0.12746174 0.06612603772
1496 0.9997538057 0.1453340306 0.06810843607
1497 0.9997538057 0.1241305024 0.06484508276
1498 0.9997538057 0.1093081191 0.06070357868
1499 0.9997538057 0.1450782192 0.07320312708
1500 0.9997538057 0.1094754288 0.05871255918
1501 0.9997538057 0.1104763671 0.05929043641
1502 0.9997538057 0.1318576073 0.07329439312
1503 0.9997538057 0.1619270053 0.08414922862
1504 0.9997538057 0.1215349043 0.06906493818
1505 0.9997538057 0.1654256349 0.07554772067
1506 0.9997538057 0.1431699045 0.0717042349
1507 0.9997538057 0.1463959935 0.07471330939
1508 0.9997538057 0.1460717867 0.07825168284
1509 0.9997538057 0.1303878184 0.06806133839
1510 0.9997538057 0.1243328468 0.05919550346
1511 0.9997538057 0.1487514987 0.06724867364
1512 0.9997538057 0.1283903327 0.05690670931
1513 0.9997538057 0.1092152474 0.06322210462
1514 0.9997538057 0.1302724084 0.06729588614
1515 0.9997538057 0.1429424777 0.07800715885
1516 0.9997538057 0.1566252058 0.08175369992
1517 0.9997538057 0.1490236829 0.07331825117
1518 0.9997538057 0.1448939353 0.06578234624
1519 0.9997538057 0.1267279754 0.0667891765
1520 0.9997538057 0.1146520253 0.05772717169
1521 0.9997538057 0.1205438289 0.06709197387
1522 0.9997538057 0.1509304847 0.0804627996
1523 0.9997538057 0.1374404968 0.07453607651
1524 0.9997538057 0.1478361737 0.07557056129
1525 0.9997538057 0.1551651475 0.0776132525
1526 0.9997538057 0.1414966491 0.07043099315
1527 0.9997538057 0.1261257808 0.06363009744
1528 0.9997538057 0.1239746339 0.06894016046
1529 0.9997538057 0.1233465015 0.06489540339
1530 0.9997538057 0.1454316215 0.07324287459
1531 0.9997538057 0.1093068878 0.0584604377
1532 0.9997538057 0.1281713687 0.06951147569
1533 0.9997538057 0.1367338724 0.07410354941
1534 0.9997538057 0.1295484802 0.07021038188
1535 0.9997538057 0.1607669114 0.07922945774
1536 0.9997538057 0.1338432073 0.06900929176
1537 0.9997538057 0.1657248925 0.08282112651
1538 0.9997538057 0.1616201038 0.08505334761
1539 0.9997538057 0.1294579511 0.07249261905
1540 0.9997538057 0.1415800735 0.07454184354
1541 0.9997538057 0.1124336267 0.05718651585
1542 0.9997538057 0.1178246901 0.06841740445
1543 0.9997538057 0.127996158 0.07026767919
1544 0.9997538057 0.1427034554 0.07569445204
1545 0.9997538057 0.144523267 0.07163749961
1546 0.9997538057 0.1218849127 0.06552584681
1547 0.9997538057 0.1339939631 0.08171199004
1548 0.9997538057 0.1240981295 0.06498035736
1549 0.9997538057 0.1493575 0.07783997322
1550 0.9997538057 0.1230134898 0.06490701063
1551 0.9997538057 0.1354207089 0.07893684363
1552 0.9997538057 0.1358395471 0.0745878115
1553 0.9997538057 0.1420269455 0.08501341014
1554 0.9997538057 0.1603785655 0.09069523805
1555 0.9997538057 0.124679813 0.0692006369
1556 0.9997538057 0.1149067685 0.06811419274
1557 0.9997538057 0.155646421 0.0870724781
1558 0.9997538057 0.1381238073 0.08336997703
1559 0.9997538057 0.1169209124 0.0669433546
1560 0.9997538057 0.1252810969 0.06234991128
1561 0.9997538057 0.1138017701 0.06612545753
1562 0.9997538057 0.1203945994 0.0656005481
1563 0.9997538057 0.1590193977 0.08930374657
1564 0.9997538057 0.1394319655 0.07820842889
1565 0.9997538057 0.1472242888 0.06986007143
1566 0.9997538057 0.1763204556 0.08563164986
1567 0.9997538057 0.149055065 0.06380086042
1568 0.9997538057 0.1617163546 0.07236265535
1569 0.9997538057 0.1467513543 0.07667759618
1570 0.9997538057 0.1705975591 0.08241210613
1571 0.9997538057 0.1736403781 0.08487647919
1572 0.9997538057 0.1664284086 0.08770545132
1573 0.9997538057 0.1514245007 0.07522766605
1574 0.9997538057 0.1277410564 0.0666512082
1575 0.9997538057 0.1531767304 0.07339189132
1576 0.9997538057 0.1625626192 0.08584877042
1577 0.9997538057 0.1396755087 0.07799335334
1578 0.9997538057 0.1136136059 0.05807614301
1579 0.9997538057 0.1578545288 0.08383230088
1580 0.9997538057 0.1470079718 0.06361217549
1581 0.9997538057 0.1519464172 0.07181858897
1582 0.9997538057 0.1731649319 0.09322853356
1583 0.9997538057 0.1463758312 0.07684334068
1584 0.9997538057 0.1304721903 0.06828933677
1585 0.9997538057 0.1374858672 0.07821020545
1586 0.9997538057 0.1468060225 0.08213578079
1587 0.9997538057 0.138296535 0.07089388005
1588 0.9997538057 0.1354878902 0.07721210351
1589 0.9997538057 0.1742492772 0.09558136538
1590 0.9997538057 0.1453936049 0.08322306964
1591 0.9997538057 0.1387475159 0.07332080724
1592 0.9997538057 0.1320523385 0.06254730885
1593 0.9997538057 0.1563573783 0.07917194147
1594 0.9997538057 0.1781339289 0.09377220462
1595 0.9997538057 0.1325779768 0.07518507891
1596 0.9997538057 0.1273490634 0.07026199267
1597 0.9997538057 0.1471167015 0.08032532347
1598 0.9997538057 0.1403065802 0.07432533772
1599 0.9997538057 0.1010270782 0.06240427521
1600 0.9997538057 0.1120225348 0.06824197759
1601 0.9997538057 0.1155974747 0.06170953857
1602 0.9997538057 0.1117705323 0.06112474611
1603 0.9997538057 0.1377448246 0.08207802094
1604 0.9997538057 0.1026196169 0.06035839663
1605 0.9997538057 0.1307551907 0.08411642279
1606 0.9997538057 0.1098000167 0.06698120855
1607 0.9997538057 0.08467850933 0.05226485996
1608 0.9997538057 0.1074434804 0.06123259674
1609 0.9997538057 0.1445690377 0.07508679846
1610 0.9997538057 0.1665774178 0.08056067453
1611 0.9997538057 0.145647078 0.07153928344
1612 0.9997538057 0.1403212657 0.07763524004
1613 0.9997538057 0.1393058605 0.08259895409
1614 0.9997538057 0.1128641566 0.06091671173
1615 0.9997538057 0.1125754599 0.06722632865
1616 0.9997538057 0.1066026359 0.06420856697
1617 0.9997538057 0.1299463866 0.07710904254
1618 0.9997538057 0.1500412148 0.08501249512
1619 0.9997538057 0.1582749384 0.08278002647
1620 0.9997538057 0.1305251875 0.07502139234
1621 0.9997538057 0.1420956354 0.0733440013
1622 0.9997538057 0.1296879374 0.0703364768
1623 0.9997538057 0.1351373359 0.07268881048
1624 0.9997538057 0.1574656724 0.08259083801
1625 0.9997538057 0.1212887868 0.06801551215
1626 0.9997538057 0.1318505011 0.06535696224
1627 0.9997538057 0.125078566 0.06306292543
1628 0.9997538057 0.1446618347 0.06331916481
1629 0.9997538057 0.1609882253 0.076980559
1630 0.9997538057 0.1227443813 0.06502486205
1631 0.9997538057 0.1667759041 0.08704464266
1632 0.9997538057 0.1858416613 0.09772408585
1633 0.9997538057 0.1392910474 0.06336627787
1634 0.9997538057 0.1592596127 0.08003268405
1635 0.9997538057 0.1563506626 0.08460414162
1636 0.9997538057 0.1376788235 0.06826790197
1637 0.9997538057 0.1317276615 0.07228821003
1638 0.9997538057 0.1374866801 0.07625407551
1639 0.9997538057 0.1373321758 0.06786520445
1640 0.9997538057 0.1279182532 0.0640164882
1641 0.9997538057 0.141162245 0.08027433524
1642 0.9997538057 0.1607882127 0.08423823118
1643 0.9997538057 0.1427747645 0.07535844479
1644 0.9997538057 0.1644324676 0.08209418608
1645 0.9997538057 0.1134920187 0.06226137742
1646 0.9997538057 0.1428878972 0.07745157933
1647 0.9997538057 0.1725262216 0.09462354791
1648 0.9997538057 0.1361071763 0.06823118763
1649 0.9997538057 0.1094809285 0.06255088346
1650 0.9997538057 0.1615194761 0.08250262037
1651 0.9997538057 0.1492813422 0.08240892547
1652 0.9997538057 0.1424346745 0.08431804249
1653 0.9997538057 0.1403063936 0.07820448225
1654 0.9997538057 0.1424541867 0.06933377957
1655 0.9997538057 0.1334951711 0.07198955385
1656 0.9997538057 0.124976159 0.07254930643
1657 0.9997538057 0.1650521288 0.08782002746
1658 0.9997538057 0.151216366 0.07311558412
1659 0.9997538057 0.1312673871 0.06757664096
1660 0.9997538057 0.11338586 0.06232183417
1661 0.9997538057 0.08563199901 0.0539925245
1662 0.9997538057 0.120526832 0.06835455546
1663 0.9997538057 0.09567815047 0.05562803033
1664 0.9997538057 0.108259527 0.06349961096
1665 0.9997538057 0.1455612719 0.07528654404
1666 0.9997538057 0.1174344894 0.06142204667
1667 0.9997538057 0.1353280819 0.07645540578
1668 0.9997538057 0.1319325496 0.06953104611
1669 0.9997538057 0.1239413224 0.06673825414
1670 0.9997538057 0.1270663356 0.07062465767
1671 0.9997538057 0.1185104048 0.06843026213
1672 0.9997538057 0.09761362782 0.06184086085
1673 0.9997538057 0.130065882 0.07270428555
1674 0.9997538057 0.09830583189 0.05445054111
1675 0.9997538057 0.1170469664 0.06641191737
1676 0.9997538057 0.1182481122 0.07269078148
1677 0.9997538057 0.1267410382 0.06884043261
1678 0.9997538057 0.1129568127 0.06921520322
1679 0.9997538057 0.1190393993 0.06714177366
1680 0.9997538057 0.1096336929 0.06272219982
1681 0.9997538057 0.1046863299 0.05484980778
1682 0.9997538057 0.1150437332 0.05945093934
1683 0.9997538057 0.1504736946 0.08063819476
1684 0.9997538057 0.1010956661 0.06159890766
1685 0.9997538057 0.1277498673 0.06502722437
1686 0.9997538057 0.1307077643 0.07092057849
1687 0.9997538057 0.1542767261 0.07334783946
1688 0.9997538057 0.1469907897 0.07323837329
1689 0.9997538057 0.1271545668 0.0667565871
1690 0.9997538057 0.1341309888 0.07094823822
1691 0.9997538057 0.1308605226 0.06854442305
1692 0.9997538057 0.1348256376 0.07513170816
1693 0.9997538057 0.1234103597 0.06374262147
1694 0.9997538057 0.1219170447 0.0708493176
1695 0.9997538057 0.1360751937 0.07567358148
1696 0.9997538057 0.1511885651 0.07600274312
1697 0.9997538057 0.1610534358 0.08422943203
1698 0.9997538057 0.1578893743 0.08888171675
1699 0.9997538057 0.1605865558 0.08982460354
1700 0.9997538057 0.1442916158 0.07678242733
1701 0.9997538057 0.157447708 0.07172108807
1702 0.9997538057 0.1695811714 0.07668169364
1703 0.9997538057 0.1420519337 0.07427354687
1704 0.9997538057 0.149480881 0.07421073597
1705 0.9997538057 0.1711854953 0.07520108689
1706 0.9997538057 0.1694984164 0.08691164531
1707 0.9997538057 0.1774248682 0.08202796058
1708 0.9997538057 0.1472032141 0.07037817718
1709 0.9997538057 0.1380891662 0.06781321322
1710 0.9997538057 0.144268006 0.0677833947
1711 0.9997538057 0.1174588329 0.06745947571
1712 0.9997538057 0.1272070877 0.06521246625
1713 0.9997538057 0.1289790686 0.07129605769
1714 0.9997538057 0.1394441773 0.06903314688
1715 0.9997538057 0.1235481041 0.06860043286
1716 0.9997538057 0.1414615207 0.07734557393
1717 0.9997538057 0.1435095532 0.08029074254
1718 0.9997538057 0.1233774419 0.06604789331
1719 0.9997538057 0.1360143849 0.06734860062
1720 0.9997538057 0.1457833198 0.07404257462
1721 0.9997538057 0.1482863159 0.07188587151
1722 0.9997538057 0.1734010095 0.08795019347
1723 0.9997538057 0.1605295411 0.07504363737
1724 0.9997538057 0.1998204643 0.08354598661
1725 0.9997538057 0.1689363326 0.0809935601
1726 0.9997538057 0.1374906192 0.06694066181
1727 0.9997538057 0.1712333934 0.08405043489
1728 0.9997538057 0.1243398979 0.06917320348
1729 0.9997538057 0.1335660827 0.07226932954
1730 0.9997538057 0.1508326615 0.07493070145
1731 0.9997538057 0.1313835383 0.06938076915
1732 0.9997538057 0.1591712991 0.09121088328
1733 0.9997538057 0.129156018 0.06715668441
1734 0.9997538057 0.1296928256 0.06681319099
1735 0.9997538057 0.1463862578 0.07203639593
1736 0.9997538057 0.1399774282 0.07439531927
1737 0.9997538057 0.1311803529 0.06848573887
1738 0.9997538057 0.138269012 0.07300361772
1739 0.9997538057 0.1467675494 0.07837839167
1740 0.9997538057 0.1569205398 0.0796321257
1741 0.9997538057 0.1571092529 0.07525456054
1742 0.9997538057 0.1552038504 0.0770176151
1743 0.9997538057 0.1628297213 0.08309021931
1744 0.9997538057 0.1628967264 0.08033069441
1745 0.9997538057 0.1559322453 0.08034441485
1746 0.9997538057 0.1574797079 0.08280282867
1747 0.9997538057 0.1501947551 0.0786945031
1748 0.9997538057 0.1323340543 0.06770460386
1749 0.9997538057 0.1327640461 0.07946451827
1750 0.9997538057 0.1282854247 0.07534893377
1751 0.9997538057 0.1577637652 0.08650937304
1752 0.9997538057 0.1417666203 0.07762575806
1753 0.9997538057 0.1298153526 0.08107001057
1754 0.9997538057 0.1435509767 0.08379888325
1755 0.9997538057 0.09777250202 0.059080281
1756 0.9997538057 0.1315880644 0.07888309274
1757 0.9997538057 0.1309706017 0.07472257268
1758 0.9997538057 0.1367147319 0.07340192204
1759 0.9997538057 0.1712855168 0.09013102432
1760 0.9997538057 0.1380901368 0.07025938496
1761 0.9997538057 0.1391404888 0.05792237714
1762 0.9997538057 0.1461287447 0.0673966443
1763 0.9997538057 0.1300837647 0.06372138173
1764 0.9997538057 0.1463425095 0.0801396685
1765 0.9997538057 0.1696213857 0.08410249778
1766 0.9997538057 0.1658215654 0.08003487305
1767 0.9997538057 0.1913502335 0.09703887172
1768 0.9997538057 0.1366006562 0.07078443111
1769 0.9997538057 0.1281371504 0.06363447223
1770 0.9997538057 0.1499436873 0.08022229832
1771 0.9997538057 0.1361613368 0.06675930216
1772 0.9997538057 0.1000785443 0.05170230282
1773 0.9997538057 0.1088592242 0.06521925318
1774 0.9997538057 0.1060146779 0.05770109024
1775 0.9997538057 0.1209584819 0.06943258768
1776 0.9997538057 0.1360149853 0.0789088933
1777 0.9997538057 0.1416200567 0.07699558426
1778 0.9997538057 0.1360385969 0.07369388576
1779 0.9997538057 0.1169415805 0.0716588146
1780 0.9997538057 0.1161370506 0.06605492821
1781 0.9997538057 0.1101619221 0.06205939208
1782 0.9997538057 0.1091729211 0.06019075348
1783 0.9997538057 0.114327673 0.06034479758
1784 0.9997538057 0.1247327112 0.06522717938
1785 0.9997538057 0.1314839514 0.06796757589
1786 0.9997538057 0.1011892027 0.05292522791
1787 0.9997538057 0.1212761271 0.06500323695
1788 0.9997538057 0.1080141096 0.06356020717
1789 0.9997538057 0.1081301768 0.06189168605
1790 0.9997538057 0.1549890717 0.08388141428
1791 0.9997538057 0.122204447 0.06549223713
1792 0.9997538057 0.1201740783 0.06800279437
1793 0.9997538057 0.1320953095 0.07659893471
1794 0.9997538057 0.1357794574 0.08086428818
1795 0.9997538057 0.1479771466 0.09284761446
1796 0.9997538057 0.1460276816 0.08762951297
1797 0.9997538057 0.1373200321 0.085846958
1798 0.9997538057 0.1197365715 0.07733287812
1799 0.9997538057 0.1613615311 0.08766814726
1800 0.9997538057 0.1261583902 0.0632496996
1801 0.9997538057 0.1244802024 0.06789164346
1802 0.9997538057 0.1107356138 0.06790972893
1803 0.9997538057 0.1417659566 0.07602499712
1804 0.9997538057 0.1549232651 0.07987704881
1805 0.9997538057 0.1428915268 0.08136690808
1806 0.9997538057 0.1372314279 0.07706947566
1807 0.9997538057 0.1464073862 0.07560052137
1808 0.9997538057 0.1346208358 0.07011121307
1809 0.9997538057 0.132942607 0.06868648777
1810 0.9997538057 0.1386198735 0.08011145948
1811 0.9997538057 0.1468892308 0.07262970446
1812 0.9997538057 0.1282965673 0.06639167616
1813 0.9997538057 0.1165274756 0.06556865124
1814 0.9997538057 0.1654203771 0.0908051411
1815 0.9997538057 0.1532522046 0.0826112165
1816 0.9997538057 0.1609427412 0.08638538601
1817 0.9997538057 0.1430198494 0.0701462127
1818 0.9997538057 0.1548111603 0.0788298633
1819 0.9997538057 0.1598998561 0.07687681108
1820 0.9997538057 0.1616906669 0.07201064877
1821 0.9997538057 0.1541947923 0.07480209079
1822 0.9997538057 0.1683344021 0.07918178844
1823 0.9997538057 0.1606036079 0.07769380533
1824 0.9997538057 0.1621522528 0.08532524931
1825 0.9997538057 0.1175331567 0.06765881497
1826 0.9997538057 0.1137648398 0.06047737055
1827 0.9997538057 0.1113936621 0.05506038754
1828 0.9997538057 0.1290177354 0.05940578384
1829 0.9997538057 0.1469924529 0.07764060854
1830 0.9997538057 0.145465022 0.08135794339
1831 0.9997538057 0.1751130204 0.1030190983
1832 0.9997538057 0.1955072978 0.1000052677
1833 0.9997538057 0.1291364791 0.06724037798
1834 0.9997538057 0.1282408846 0.07113643076
1835 0.9997538057 0.1261616051 0.06907834227
1836 0.9997538057 0.1380290736 0.07527878303
1837 0.9997538057 0.1105489322 0.06100847964
1838 0.9997538057 0.1284120503 0.06654444251
1839 0.9997538057 0.1391463706 0.07266457163
1840 0.9997538057 0.1615243237 0.07748984402
1841 0.9997538057 0.1835207112 0.089945317
1842 0.9997538057 0.1454715004 0.0726595676
1843 0.9997538057 0.1378234974 0.06516822027
1844 0.9997538057 0.176974982 0.08897876766
1845 0.9997538057 0.1561439539 0.08287611937
1846 0.9997538057 0.1443240481 0.07597069933
1847 0.9997538057 0.2089052928 0.09684784677
1848 0.9997538057 0.1691876807 0.08396520836
1849 0.9997538057 0.1765609533 0.08786936901
1850 0.9997538057 0.1747631845 0.08145957709
1851 0.9997538057 0.1620034071 0.08125769266
1852 0.9997538057 0.1649188482 0.08627739003
1853 0.9997538057 0.1664386537 0.08877130789
1854 0.9997538057 0.1579228231 0.09169344604
1855 0.9997538057 0.1390970196 0.07308062179
1856 0.9997538057 0.1492974082 0.08098969157
1857 0.9997538057 0.1583724586 0.08283374951
1858 0.9997538057 0.1443369546 0.08617051457
1859 0.9997538057 0.1195510819 0.06369407466
1860 0.9997538057 0.1261021785 0.06520732473
1861 0.9997538057 0.1144194057 0.056569536
1862 0.9997538057 0.09902677291 0.05026683217
1863 0.9997538057 0.1055331471 0.0572083218
1864 0.9997538057 0.1176414712 0.06925111574
1865 0.9997538057 0.1042771605 0.05842993998
1866 0.9997538057 0.09335210601 0.05471683828
1867 0.9997538057 0.1159874022 0.06810635351
1868 0.9997538057 0.1164342889 0.07518927585
1869 0.9997538057 0.1168201166 0.0726522738
1870 0.9997538057 0.1374301434 0.07757982649
1871 0.9997538057 0.1536257046 0.07280217352
1872 0.9997538057 0.1497907318 0.08201690199
1873 0.9997538057 0.1278801139 0.06263776873
1874 0.9997538057 0.1373284091 0.0737191316
1875 0.9997538057 0.1363983102 0.07623382132
1876 0.9997538057 0.1336524854 0.07299218037
1877 0.9997538057 0.1292460687 0.07131731234
1878 0.9997538057 0.1579534246 0.08848685442
1879 0.9997538057 0.1442259187 0.07409110961
1880 0.9997538057 0.1418127798 0.07133536837
1881 0.9997538057 0.1577784652 0.0788780907
1882 0.9997538057 0.1205325376 0.07131451296
1883 0.9997538057 0.1743100556 0.08965467317
1884 0.9997538057 0.1637239983 0.09049988206
1885 0.9997538057 0.1557131984 0.07212247518
1886 0.9997538057 0.1520833766 0.07710646314
1887 0.9997538057 0.169152691 0.08835413957
1888 0.9997538057 0.1539534532 0.07977100108
1889 0.9997538057 0.1444938784 0.07503437222
1890 0.9997538057 0.1503574411 0.08724658309
1891 0.9997538057 0.1742768992 0.0946458117
1892 0.9997538057 0.1487737415 0.0746633145
1893 0.9997538057 0.1116641721 0.06188752031
1894 0.9997538057 0.13795975 0.0812832237
1895 0.9997538057 0.1228513326 0.07204536156
1896 0.9997538057 0.1271382982 0.07046274821
1897 0.9997538057 0.1318261906 0.07153881697
1898 0.9997538057 0.1210317292 0.06077554193
1899 0.9997538057 0.1488977388 0.0780384738
1900 0.9997538057 0.1805763005 0.09213670774
1901 0.9997538057 0.1771227625 0.08684552285
1902 0.9997538057 0.2074035484 0.1019033031
1903 0.9997538057 0.1824349324 0.08680085162
1904 0.9997538057 0.1797863612 0.08941970214
1905 0.9997538057 0.2017575948 0.09288725579
1906 0.9997538057 0.1870950946 0.09087831981
1907 0.9997538057 0.1772375168 0.09068386771
1908 0.9997538057 0.1642650706 0.08106670873
1909 0.9997538057 0.155319851 0.07110617814
1910 0.9997538057 0.1408179609 0.06209873032
1911 0.9997538057 0.1312159258 0.0656621898
1912 0.9997538057 0.1548406465 0.08466970773
1913 0.9997538057 0.1770955549 0.08724107119
1914 0.9997538057 0.1727543261 0.0831812433
1915 0.9997538057 0.1847086977 0.08764731594
1916 0.9997538057 0.1952153896 0.08950137476
1917 0.9997538057 0.1691772588 0.08108656985
1918 0.9997538057 0.1711652086 0.08522556091
1919 0.9997538057 0.1670009101 0.07491274747
1920 0.9997538057 0.1405512386 0.06809583312
1921 0.9997538057 0.1350411165 0.07477684196
1922 0.9997538057 0.1793580345 0.09001218229
1923 0.9997538057 0.1230650735 0.06492615242
1924 0.9997538057 0.1625053551 0.0843496549
1925 0.9997538057 0.1794364025 0.08530522053
1926 0.9997538057 0.1604409658 0.0803989641
1927 0.9997538057 0.1824244602 0.0892986679
1928 0.9997538057 0.1771602364 0.08830174992
1929 0.9997538057 0.1451759574 0.07424915585
1930 0.9997538057 0.1336294359 0.07239088886
1931 0.9997538057 0.175105761 0.08352399763
1932 0.9997538057 0.1661567839 0.08523249382
1933 0.9997608061 0.1441705712 0.07396852764
1934 0.9997608061 0.1507096779 0.07533609452
1935 0.9997608061 0.1432106038 0.07958620767
1936 0.9997608061 0.1183799937 0.06047757733
1937 0.9997608061 0.1125262712 0.06163208967
1938 0.9997608061 0.1238405896 0.07220499365
1939 0.9997608061 0.1352699784 0.07683363588
1940 0.9997608061 0.1409299053 0.07959516979
1941 0.9997608061 0.1187098432 0.05995515961
1942 0.9997608061 0.1255979281 0.0673432772
1943 0.9997608061 0.1216107845 0.0667462767
1944 0.9997608061 0.162742795 0.09076767931
1945 0.9997608061 0.1663988653 0.09125363491
1946 0.9997608061 0.1616374184 0.08069782234
1947 0.9997608061 0.1239360496 0.06930550889
1948 0.9997608061 0.1709747551 0.08723802913
1949 0.9997608061 0.1410622547 0.07086137764
1950 0.9997608061 0.149089312 0.07651685196
1951 0.9997608061 0.1496806228 0.08202761428
1952 0.9997608061 0.1687409587 0.08759218226
1953 0.9997608061 0.1601474896 0.07923445847
1954 0.9997608061 0.1078397189 0.0569735955
1955 0.9997608061 0.1220369822 0.05968107542
1956 0.9997608061 0.1447482655 0.07039315101
1957 0.9997608061 0.1573159429 0.08110823245
1958 0.9997608061 0.1433882722 0.07981128278
1959 0.9997608061 0.1397573294 0.07257445037
1960 0.9997608061 0.1314401512 0.07856368811
1961 0.9997608061 0.1374955995 0.07166944534
1962 0.9997608061 0.1376495181 0.06799086394
1963 0.9997608061 0.1575777259 0.07485798717
1964 0.9997608061 0.1428869964 0.07734152904
1965 0.9997608061 0.1373692408 0.07113133091
1966 0.9997608061 0.1225494528 0.06482775982
1967 0.9997608061 0.1147765108 0.06324078277
1968 0.9997608061 0.1083900208 0.06617493374
1969 0.9997608061 0.1426639238 0.0873907828
1970 0.9997608061 0.1554420719 0.09308445819
1971 0.9997608061 0.1194963296 0.07268788342
1972 0.9997608061 0.127416917 0.07572831848
1973 0.9997608061 0.1297010279 0.06614144044
1974 0.9997608061 0.1404085883 0.07328103066
1975 0.9997608061 0.1099935144 0.0614674372
1976 0.9997608061 0.1045866047 0.05707361804
1977 0.9997608061 0.1519697175 0.08387444468
1978 0.9997608061 0.1336932315 0.07699669894
1979 0.9997608061 0.1407347864 0.07038659921
1980 0.9997608061 0.1390740948 0.08307495278
1981 0.9997608061 0.1294833822 0.06723581945
1982 0.9997608061 0.1478465336 0.08038196354
1983 0.9997608061 0.111475208 0.06250324178
1984 0.9997608061 0.1211445647 0.07163382094
1985 0.9997608061 0.1317922973 0.07789633811
1986 0.9997608061 0.1314455591 0.07101812418
1987 0.9997608061 0.1301197233 0.07134937443
1988 0.9997608061 0.1401744155 0.07918267247
1989 0.9997608061 0.1404166668 0.06847105965
1990 0.9997608061 0.1447113666 0.07137875202
1991 0.9997608061 0.1542731455 0.08021467289
1992 0.9997608061 0.1302117908 0.07129891892
1993 0.9997608061 0.1284008874 0.07207366903
1994 0.9997608061 0.09750028581 0.06025811655
1995 0.9997608061 0.1105293333 0.05940678092
1996 0.9997608061 0.1242496507 0.06879752569
1997 0.9997608061 0.1364205484 0.07431448176
1998 0.9997608061 0.1330571706 0.07997737575
1999 0.9997608061 0.1164582586 0.05962204235
2000 0.9997608061 0.1334095185 0.06810267615
