0 0 0 0
1 0 0 0
2 0 0 0
3 0 0 0
4 0 0 0
5 0 0 0
6 0 0 0
7 0 0 0
8 0 0 0
9 0 0 0
10 0 0 0
11 0 0 0
12 0 0 0
13 0 0 0
14 0 0 0
15 0 0 0
16 0 0 0
17 0 0 0
18 0 0 0
19 0 0 0
20 0 0 0
21 0 0 0
22 0 0 0
23 0 0 0
24 0 0 0
25 0 0 0
26 2.644769466e-12 2.644769466e-14 6.994805526e-26
27 2.672975543e-12 5.317745008e-14 1.399678753e-25
28 7.358897757e-11 8.305397567e-13 5.432017478e-23
29 7.358897757e-11 8.497786926e-13 5.432490824e-23
30 2.51345626e-08 2.521761658e-10 6.317094969e-18
31 2.51345626e-08 2.521690576e-10 6.317098557e-18
32 2.51345626e-08 2.530580405e-10 6.316728183e-18
33 5.131301867e-08 7.661614974e-10 3.238470163e-17
34 1.214635586e-07 2.024909081e-09 1.780570854e-16
35 1.311936488e-07 3.975775448e-09 3.612739916e-16
36 1.311936488e-07 3.606474199e-09 3.541763512e-16
37 1.311936488e-07 6.496565552e-09 5.949397948e-16
38 1.311936488e-07 8.502006106e-09 7.820345011e-16
39 9.894431579e-07 2.014726465e-08 1.11259322e-14
40 1.071453332e-05 1.242251468e-07 1.155157679e-12
41 1.071453332e-05 1.288928489e-07 1.156583019e-12
42 1.071453332e-05 1.330883515e-07 1.157101809e-12
43 1.071453332e-05 1.859219852e-07 1.319626387e-12
44 1.071453332e-05 3.174441276e-07 2.170613971e-12
45 1.898415594e-05 9.496350183e-07 1.168760537e-11
46 4.479423063e-05 1.588930104e-06 3.334542615e-11
47 0.0002371965271 4.544711516e-06 6.108876698e-10
48 0.000615275373 1.13634125e-05 4.354788858e-09
49 0.0006369109553 1.946823558e-05 8.657575808e-09
50 0.0006369109553 2.412962523e-05 1.057265353e-08
51 0.0006369109553 2.783787698e-05 1.101925019e-08
52 0.002718856394 5.507201197e-05 8.389124167e-08
53 0.002718856394 5.652157282e-05 8.657834997e-08
54 0.003172521615 0.0001110001648 2.269729711e-07
55 0.08914888117 0.001101194182 7.977282991e-05
56 0.5858523708 0.007354500878 0.003504388815
57 0.5858523708 0.01496129845 0.005892917163
58 0.7384748948 0.02396537152 0.01141345757
59 0.7384748948 0.02741785775 0.01305544147
60 0.7384748948 0.02676121207 0.01284789201
61 0.7384748948 0.03881203711 0.01905061913
62 0.7384748948 0.0373613141 0.0192865636
63 0.7384748948 0.04524035883 0.02456372085
64 0.7741311181 0.0735717669 0.04178251992
65 0.9203718395 0.0590282505 0.03999564187
66 0.9203718395 0.05771620723 0.03609280767
67 0.9203718395 0.07199323455 0.04903012522
68 0.9203718395 0.06772628136 0.05077299624
69 0.9203718395 0.06173657911 0.04507315527
70 0.9631789785 0.07152827727 0.048554982
71 0.9631789785 0.07001499516 0.05059277329
72 0.9796298481 0.08291175723 0.0589401609
73 0.9796298481 0.07143670184 0.05668242007
74 0.9796298481 0.06591992453 0.04625691258
75 0.9796298481 0.06202170317 0.04548899828
76 0.9796298481 0.07913048176 0.05888315614
77 0.9796298481 0.07674529561 0.05758535404
78 0.9796298481 0.08188328968 0.05793772707
79 0.9796298481 0.09298178303 0.06322258811
80 0.9998141359 0.1019739271 0.07412340922
80 4.412087776e-19 4.412087776e-21 1.946651854e-39
81 4.412087776e-19 4.412087776e-21 1.946651854e-39
82 3.615759703e-15 3.616200911e-17 1.307368619e-31
83 4.23498311e-15 7.856450098e-17 3.069857577e-31
84 5.240653593e-12 5.2523598e-14 2.746325559e-25
85 5.240653593e-12 5.445785016e-14 2.747757384e-25
86 2.477026956e-11 3.050744197e-13 6.382248583e-24
87 3.808035697e-11 8.984372255e-13 2.161876398e-23
88 3.798746894e-09 4.757741649e-11 1.494397523e-19
89 6.176797443e-09 1.151225285e-10 5.278016278e-19
90 4.343671119e-08 6.086595396e-10 1.940739873e-17
91 4.343671119e-08 6.323580754e-10 1.946819647e-17
92 4.343671119e-08 6.667745059e-10 1.987926508e-17
93 4.343671119e-08 6.921215595e-10 1.997516502e-17
94 4.343671119e-08 8.84599294e-10 2.285796917e-17
95 4.69737244e-07 6.304441999e-09 2.254158254e-15
96 5.140032395e-07 1.140749937e-08 4.831526555e-15
97 5.140032395e-07 1.252962544e-08 4.99341884e-15
98 5.140032395e-07 1.566955242e-08 5.96827306e-15
99 5.140032395e-07 1.850176475e-08 6.883737988e-15
100 5.140032395e-07 2.60668182e-08 9.758397943e-15
101 5.140032395e-07 1.969182874e-08 7.952439055e-15
102 5.140032395e-07 2.008647733e-08 8.117108739e-15
103 9.34567798e-07 2.863705222e-08 1.630042322e-14
104 9.34567798e-07 2.873478117e-08 1.56871177e-14
105 9.34567798e-07 2.342529225e-08 1.497623353e-14
106 9.34567798e-07 2.912125803e-08 1.795999104e-14
107 9.34567798e-07 2.495187437e-08 1.637750104e-14
108 9.34567798e-07 2.667822863e-08 1.64560278e-14
109 9.34567798e-07 2.767959819e-08 1.667797958e-14
110 9.34567798e-07 2.511361044e-08 1.637264923e-14
111 9.34567798e-07 4.020803385e-08 2.587944712e-14
112 9.543670682e-07 4.775068593e-08 3.735987854e-14
113 9.543670682e-07 5.465148009e-08 4.42742538e-14
114 9.768602045e-07 6.570812235e-08 5.135490044e-14
115 9.768602045e-07 5.779592268e-08 4.76499095e-14
116 9.768602045e-07 5.481107255e-08 4.697694387e-14
117 9.768602045e-07 5.814387702e-08 4.606330123e-14
118 9.768602045e-07 4.150420786e-08 3.529690726e-14
119 9.768602045e-07 4.829197811e-08 3.887650483e-14
120 1.10721359e-05 2.537640386e-07 2.145248388e-12
121 1.10721359e-05 2.495884222e-07 2.156157138e-12
122 1.10721359e-05 2.429496436e-07 2.154352607e-12
123 4.85631109e-05 7.220985047e-07 2.550382646e-11
124 0.0001400428608 2.128265877e-06 2.195645233e-10
125 0.0001400428608 2.443306563e-06 2.286878811e-10
126 0.0001400428608 2.355004735e-06 2.281845486e-10
127 0.0001400428608 2.440486624e-06 2.284692258e-10
128 0.001926770836 2.194776097e-05 3.725953799e-08
129 0.001926770836 3.588902779e-05 4.635861075e-08
130 0.001926770836 4.735982779e-05 5.345886249e-08
131 0.001926770836 4.241834893e-05 5.037122419e-08
132 0.001926770836 5.342242571e-05 5.83459444e-08
133 0.001926770836 4.096482605e-05 5.16774629e-08
134 0.001926770836 4.325019496e-05 5.174897233e-08
135 0.004676082975 9.967546025e-05 2.715372157e-07
136 0.004676082975 9.245446693e-05 2.681271188e-07
137 0.004676082975 9.6960844e-05 2.692777104e-07
138 0.004676082975 8.444550009e-05 2.642854578e-07
139 0.004676082975 0.0001333110665 3.870629865e-07
140 0.004676082975 0.0001804816924 5.816578843e-07
141 0.004676082975 0.0001992712931 6.632731396e-07
142 0.004676082975 0.0001545495575 6.008507202e-07
143 0.004676082975 0.0001543472481 6.009097055e-07
144 0.004676082975 0.0002002018282 7.961622173e-07
145 0.004676082975 0.0001715884783 7.245832768e-07
146 0.004916303278 0.0002257572113 9.492418079e-07
147 0.01144157213 0.0003194376663 2.119391007e-06
148 0.01144157213 0.0004015791132 2.897725868e-06
149 0.01144157213 0.0003124992833 2.549047755e-06
150 0.01144157213 0.0003021139234 2.545747445e-06
151 0.01144157213 0.0003091780526 2.546411026e-06
152 0.01144157213 0.0003901638642 3.225862784e-06
153 0.01144157213 0.0003846973808 3.089004665e-06
154 0.01144157213 0.0004172628468 3.4120783e-06
155 0.01144157213 0.0004213908654 3.324548282e-06
156 0.01842833513 0.0006167686024 6.517272908e-06
157 0.01842833513 0.0006803100195 8.357965926e-06
158 0.01842833513 0.000704829313 8.540107046e-06
159 0.01842833513 0.0006668932635 8.086638386e-06
160 0.01842833513 0.0006952909611 8.363872301e-06
161 0.01842833513 0.000603707089 7.842316116e-06
162 0.01842833513 0.0005880682666 7.709505292e-06
163 0.01842833513 0.0006028944724 7.701010546e-06
164 0.01842833513 0.0007339992001 9.462531294e-06
165 0.01842833513 0.0008023402369 1.134560512e-05
166 0.01842833513 0.0006769212795 1.019956901e-05
167 0.01842833513 0.0006530142232 1.015184041e-05
168 0.01842833513 0.0007793451811 1.146651168e-05
169 0.01842833513 0.000694600903 1.034597239e-05
170 0.01842833513 0.0006437758314 1.015494136e-05
171 0.01842833513 0.0006640318595 1.016969328e-05
172 0.01895874632 0.0008403004197 1.349267005e-05
173 0.01895874632 0.0007964411225 1.242213791e-05
174 0.01895874632 0.0007936620127 1.255979044e-05
175 0.01895874632 0.0008458428631 1.328128626e-05
176 0.01895874632 0.0008039612364 1.257240219e-05
177 0.01895874632 0.0008911185459 1.370425051e-05
178 0.01904715932 0.0009012859565 1.509961968e-05
179 0.01904715932 0.0008373424829 1.355105392e-05
180 0.01904715932 0.0009262619092 1.397821134e-05
181 0.01904715932 0.0007859756571 1.303843207e-05
182 0.01904715932 0.0008206749157 1.323073921e-05
183 0.01904715932 0.0007556940071 1.300363318e-05
184 0.01904715932 0.0007590029208 1.301325127e-05
185 0.01904715932 0.0007918515504 1.298618727e-05
186 0.01904715932 0.0008906025979 1.348692405e-05
187 0.01904715932 0.001105846829 1.868529358e-05
188 0.01904715932 0.0009314211934 1.507805987e-05
189 0.01904715932 0.001062082825 1.787283083e-05
190 0.01904715932 0.001154009724 1.703786467e-05
191 0.01904715932 0.0008092466848 1.375315204e-05
192 0.01904715932 0.0008336733209 1.389046307e-05
193 0.01904715932 0.000973826091 1.599509398e-05
194 0.01904715932 0.0009793926982 1.691626326e-05
195 0.01904715932 0.0008666565452 1.403853249e-05
196 0.01904715932 0.001301709377 2.040422801e-05
197 0.01904715932 0.000984231979 1.506840575e-05
198 0.01904715932 0.0007669537647 1.380584777e-05
199 0.01904715932 0.0007895416681 1.387692893e-05
200 0.01904715932 0.001036279878 1.677629539e-05
201 0.01904715932 0.001073654577 1.714366195e-05
202 0.01904715932 0.0008184299807 1.389114577e-05
203 0.01904715932 0.00106060815 1.666108721e-05
204 0.01904715932 0.0007756840234 1.379754098e-05
205 0.01904715932 0.0008724096648 1.497474432e-05
206 0.01932404869 0.001118634556 1.868169403e-05
207 0.01932404869 0.000978253647 1.731510555e-05
208 0.01932404869 0.001003074569 1.523365566e-05
209 0.01932404869 0.0009290132577 1.43335768e-05
210 0.01932404869 0.001062961186 1.64820663e-05
211 0.01932404869 0.001115181875 1.738890711e-05
212 0.01932404869 0.0009370433728 1.576419189e-05
213 0.01932404869 0.0008120581775 1.410617715e-05
214 0.01932404869 0.001271933505 2.12430553e-05
215 0.02104839383 0.001447181522 2.387269195e-05
216 0.02104839383 0.001069565091 1.827853608e-05
217 0.02104839383 0.0009046723227 1.565373373e-05
218 0.02104839383 0.001289650307 1.792454711e-05
219 0.02104839383 0.001190434473 1.851249352e-05
220 0.02104839383 0.001187124702 1.816325705e-05
221 0.02104839383 0.001147403863 1.883404234e-05
222 0.02104839383 0.001038913814 1.779072204e-05
223 0.02104839383 0.001021561361 1.7323404e-05
224 0.02104839383 0.001125873177 1.67874247e-05
225 0.02104839383 0.001354969926 2.153235802e-05
226 0.02104839383 0.0009034308777 1.568829402e-05
227 0.02104839383 0.0008590328435 1.568918769e-05
228 0.02104839383 0.0008675194908 1.570183919e-05
229 0.02104839383 0.001117602142 1.73959974e-05
230 0.02104839383 0.001177455193 1.953300983e-05
231 0.02104839383 0.001081476566 1.684101217e-05
232 0.02104839383 0.0008682128339 1.573393346e-05
233 0.02104839383 0.0008246668928 1.5641506e-05
234 0.02104839383 0.001040385955 1.912300566e-05
235 0.02104839383 0.001025942906 1.683328633e-05
236 0.02104839383 0.0008546977378 1.575032707e-05
237 0.02104839383 0.000842896253 1.578450044e-05
238 0.02104839383 0.0008678668333 1.589677154e-05
239 0.03628187233 0.001426325363 3.061075833e-05
240 0.03628187233 0.001244596113 2.660992093e-05
241 0.03628187233 0.001018356613 2.489143597e-05
242 0.03628187233 0.001272280692 2.794599114e-05
243 0.03628187233 0.001429040464 3.541189737e-05
244 0.03628187233 0.001591634845 3.719752031e-05
245 0.03628187233 0.001621150158 3.78290121e-05
246 0.03628187233 0.00118890093 3.282539143e-05
247 0.03628187233 0.001358411178 3.56516778e-05
248 0.03628187233 0.001930596379 4.519632988e-05
249 0.03628187233 0.001911721055 4.491466468e-05
250 0.03628187233 0.001682178294 4.113112258e-05
251 0.03628187233 0.001467800459 3.493152861e-05
252 0.03628187233 0.001549000788 4.198050747e-05
253 0.03628187233 0.001570883591 4.502933105e-05
254 0.04169990408 0.00211185983 6.279171543e-05
255 0.04169990408 0.00203810731 6.090499605e-05
256 0.04169990408 0.002246396191 6.667474091e-05
257 0.04169990408 0.001699064267 5.189812103e-05
258 0.04169990408 0.003013350543 8.230283322e-05
259 0.04169990408 0.00204676358 6.325955041e-05
260 0.04169990408 0.002329455442 7.059998343e-05
261 0.04169990408 0.002036195222 7.143174764e-05
262 0.04169990408 0.002065677447 7.384343554e-05
263 0.04169990408 0.002469135334 8.09790283e-05
264 0.04169990408 0.002431689946 7.332754858e-05
265 0.04169990408 0.002021072722 7.369466757e-05
266 0.04169990408 0.001895269561 6.796270795e-05
267 0.04169990408 0.001933981147 6.364233031e-05
268 0.05211122052 0.002394432398 9.029326156e-05
269 0.05211122052 0.002416050672 9.440653491e-05
270 0.05211122052 0.002688459964 9.898608234e-05
271 0.05211122052 0.003084680541 0.0001118938782
272 0.1084952099 0.003404458812 0.0002117738991
273 0.1084952099 0.003683271853 0.0002145171324
274 0.1084952099 0.002926719613 0.0001833651527
275 0.1084952099 0.003170907723 0.0001977361936
276 0.1084952099 0.003189562444 0.0001838481542
277 0.1084952099 0.003987168327 0.0002424338946
278 0.1084952099 0.003281918743 0.0002235993909
279 0.1084952099 0.003633615044 0.0002355496932
280 0.1084952099 0.002999937287 0.0002180217276
281 0.1084952099 0.004223183539 0.0003009150231
282 0.1084952099 0.005038698446 0.0003469532627
283 0.1084952099 0.00424587523 0.0003165200878
284 0.1084952099 0.004747433903 0.0003555899575
285 0.1084952099 0.004742358488 0.0003752953069
286 0.1084952099 0.006048508418 0.0004331035425
287 0.1084952099 0.006713389246 0.000469454861
288 0.1093630632 0.006385486628 0.0005507042295
289 0.1093630632 0.006034289581 0.0005285837242
290 0.1093630632 0.004778437819 0.0004332601209
291 0.1093630632 0.005110086657 0.0004408454413
292 0.1093630632 0.006850668183 0.0005462296469
293 0.1093630632 0.006085384489 0.0005131674311
294 0.1222659715 0.007735961279 0.0006701445597
295 0.1222659715 0.007698469751 0.0007043086813
296 0.1222659715 0.006899136351 0.0005772115431
297 0.1222659715 0.0064756149 0.0006130490483
298 0.1222659715 0.006972225758 0.0006252783773
299 0.154784382 0.007170675137 0.000757503705
300 0.154784382 0.006773172714 0.0007037922262
301 0.154784382 0.006330359459 0.0006516905498
302 0.1593806748 0.007382159068 0.0008665281428
303 0.1593806748 0.007211384601 0.000841466312
304 0.1593806748 0.007950130242 0.0008720418696
305 0.1593806748 0.0087419723 0.001000773322
306 0.1593806748 0.009890930255 0.001169703953
307 0.1593806748 0.01084136477 0.001299664056
308 0.1593806748 0.01002588395 0.001259177134
309 0.1593806748 0.00912372793 0.001187348976
310 0.1593806748 0.008549586593 0.001054330149
311 0.1593806748 0.009530558037 0.001051689727
312 0.1593806748 0.01037901551 0.001301739634
313 0.1593806748 0.008840668238 0.001015333304
314 0.1593806748 0.009095369274 0.001097010159
315 0.1593806748 0.009511711725 0.001020607312
316 0.1593806748 0.01039612137 0.001118248608
317 0.1593806748 0.008771408233 0.001123795361
318 0.1593806748 0.00673583031 0.0009552354978
319 0.1593806748 0.007017377473 0.0009553299258
320 0.1593806748 0.009387495056 0.001204911676
321 0.1593806748 0.007221530981 0.000961705492
322 0.1593806748 0.008297276881 0.00103820614
323 0.1655968532 0.009870860326 0.001239613156
324 0.1655968532 0.008098865541 0.001094528739
325 0.1655968532 0.009493950208 0.00128120818
326 0.1655968532 0.009018741674 0.00110843156
327 0.1655968532 0.007695387745 0.001069983095
328 0.1655968532 0.01007020378 0.001290004647
329 0.1655968532 0.01215399657 0.001517824047
330 0.1655968532 0.01155535013 0.001228964702
331 0.1655968532 0.0121199037 0.001463529598
332 0.1655968532 0.01085297347 0.001187301151
333 0.1670516644 0.009799840068 0.001309661832
334 0.1670516644 0.009207100348 0.001312071997
335 0.1670516644 0.008276899595 0.001285616705
336 0.1670516644 0.009374701121 0.001192423881
337 0.1670516644 0.009377175545 0.00122640572
338 0.1670516644 0.01088151191 0.001433591954
339 0.1670516644 0.008650621002 0.001139100575
340 0.1670516644 0.009405677231 0.001198246708
341 0.1670516644 0.007671100513 0.00106923471
342 0.1670516644 0.008381350305 0.001142735749
343 0.1670516644 0.008746446574 0.001143864812
344 0.1670516644 0.01070710272 0.001377817807
345 0.1670516644 0.008543496222 0.001108949597
346 0.1670516644 0.01087560277 0.00141778436
347 0.1670516644 0.007405643859 0.001054550607
348 0.1670516644 0.009435269069 0.001170702717
349 0.1670516644 0.01147469578 0.00142655529
350 0.1670516644 0.009753743365 0.001325296724
351 0.1670516644 0.009507750986 0.001316899555
352 0.1670516644 0.01076053919 0.001361743014
353 0.1670516644 0.008155209794 0.001098799635
354 0.1670516644 0.009335626773 0.001241316933
355 0.1670516644 0.0106572906 0.001481864407
356 0.1670516644 0.007052198108 0.001057853218
357 0.1670516644 0.007134239157 0.001053708192
358 0.1670516644 0.007998418568 0.001089475999
359 0.1670516644 0.009597362569 0.001267027891
360 0.1670516644 0.009100284176 0.001189560382
361 0.1670516644 0.007520216264 0.001088889276
362 0.1670516644 0.006931315258 0.001057046212
363 0.1670516644 0.007560396846 0.001079064415
364 0.1670516644 0.007449892486 0.001063522163
365 0.1670516644 0.007961626219 0.001099908247
366 0.1670516644 0.01057593458 0.001504175476
367 0.1670516644 0.008452176185 0.001142526512
368 0.1670516644 0.007793987808 0.001078218778
369 0.1670516644 0.008344224589 0.00112497279
370 0.1670516644 0.01209895421 0.001545355714
371 0.1670516644 0.009674536488 0.001329000668
372 0.1670516644 0.007386268501 0.001087987011
373 0.1670516644 0.009051185585 0.001162381228
374 0.1670516644 0.00841438039 0.00110357178
375 0.1670516644 0.008764328613 0.001166928756
376 0.1670516644 0.008531359425 0.001222230888
377 0.1670516644 0.007842512005 0.001106790058
378 0.1670516644 0.007967349301 0.001115707631
379 0.1670516644 0.00921588546 0.001273046949
380 0.1670516644 0.008660842362 0.001121887434
381 0.1670516644 0.009507422311 0.001223551959
382 0.1712373736 0.009244762018 0.001341095218
383 0.1712373736 0.009945683181 0.001370442536
384 0.1712373736 0.008417908213 0.001264873466
385 0.1712373736 0.00736113476 0.001094937664
386 0.1712373736 0.00853170161 0.001151938137
387 0.1712373736 0.01085861854 0.001514213711
388 0.1712373736 0.007361669177 0.001102025664
389 0.1712373736 0.00757808587 0.001101456208
390 0.1712373736 0.00885120867 0.001170035239
391 0.1712373736 0.01035231664 0.001343408382
392 0.1712373736 0.008253719216 0.00111744962
393 0.1712373736 0.008878831339 0.001246464543
394 0.1712373736 0.009318645376 0.001256654641
395 0.1712373736 0.009591508133 0.001333391677
396 0.1712373736 0.01074702972 0.001315165658
397 0.1712373736 0.01069672288 0.001353989631
398 0.1712373736 0.009698295388 0.001273395276
399 0.1712373736 0.01136638241 0.001648401729
400 0.1712373736 0.01128925933 0.001371563901
401 0.1712373736 0.009728574996 0.001256963243
402 0.1712373736 0.009405758421 0.001259382215
403 0.1712373736 0.009352760623 0.001281775826
404 0.1712376207 0.009807369902 0.001451990035
405 0.1712376207 0.009441056646 0.001291816866
406 0.1712376207 0.009360835938 0.001358997401
407 0.1712376207 0.008101466728 0.001125082641
408 0.1712376207 0.009174420719 0.001170407021
409 0.1712376207 0.01035700868 0.001434874986
410 0.1712376207 0.009767199808 0.001245108184
411 0.1712376207 0.008885684683 0.001366941061
412 0.1712376207 0.008500294373 0.00118084622
413 0.1712376207 0.009070224974 0.001385912712
414 0.1712376207 0.007798454849 0.00114155419
415 0.1712376207 0.01041402655 0.001378932707
416 0.1712376207 0.008081995284 0.001194141147
417 0.1712376207 0.008524729705 0.001209901605
418 0.1712376207 0.007522703774 0.001140236129
419 0.1712376207 0.009605296248 0.001330804621
420 0.1712376207 0.007475530437 0.001134568566
421 0.1712376207 0.007967474111 0.001141845054
422 0.1712376207 0.008329382646 0.001166091101
423 0.1712376207 0.008049821602 0.001211385875
424 0.1712376207 0.009806249009 0.001315617274
425 0.1712376207 0.008832199117 0.001199011121
426 0.1712376207 0.008404104747 0.001164127012
427 0.1712376207 0.008325249457 0.00129632949
428 0.1743619138 0.01003423447 0.001417554746
429 0.1743619138 0.007799561711 0.001148309309
430 0.1743619138 0.009583405147 0.001355733419
431 0.1743619138 0.008292454615 0.001168204022
432 0.1743619138 0.01056485407 0.001489858207
433 0.1743619138 0.009065438676 0.001368252466
434 0.1743619138 0.0093486591 0.001305307693
435 0.1743619138 0.01081649117 0.001514492352
436 0.1743619138 0.01117356756 0.001445614082
437 0.1743619138 0.009414230974 0.001321253981
438 0.1743619138 0.007556746093 0.001143605659
439 0.1743619138 0.01001774875 0.001403381688
440 0.1743619138 0.007200618133 0.001138128972
441 0.1743619138 0.008205581694 0.001169191014
442 0.1743619138 0.01005369168 0.001346520961
443 0.1743619138 0.007634117301 0.0011580962
444 0.1743619138 0.007775127711 0.001156521899
445 0.1743619138 0.009268338961 0.001345632168
446 0.1743619138 0.009156294064 0.0011839624
447 0.1743619138 0.009908913754 0.001346322237
448 0.1815258518 0.01100365993 0.001576642421
449 0.1815258518 0.01152823032 0.001583148188
450 0.1815258518 0.007931036184 0.00120032859
451 0.1815258518 0.008822168697 0.00127205432
452 0.1815258518 0.009392127733 0.001451212615
453 0.1815258518 0.009521735326 0.001357569795
454 0.1815258518 0.008537100921 0.001253994399
455 0.1815258518 0.008136691593 0.001225140011
456 0.1815258518 0.007526579512 0.001181180367
457 0.1815258518 0.007686366147 0.001195230469
458 0.1815258518 0.008696962972 0.001263791546
459 0.1815258518 0.01036499502 0.001522683263
460 0.1815258518 0.008457730896 0.00127378919
461 0.1815258518 0.008905179894 0.00122642249
462 0.1815258518 0.0116534678 0.001511609995
463 0.1815258518 0.01090604683 0.001421264388
464 0.1815258518 0.009744542984 0.001286400337
465 0.1857345702 0.01132264584 0.001647575955
466 0.1857345702 0.009195397005 0.001524065077
467 0.1857345702 0.008885982523 0.001279541988
468 0.1857345702 0.009518197827 0.001378364959
469 0.1857345702 0.009448978574 0.001359432378
470 0.1857345702 0.007960254042 0.001259146917
471 0.1857345702 0.01042777311 0.001576550701
472 0.1857345702 0.008184553309 0.001291963266
473 0.1857345702 0.01062633489 0.001537648919
474 0.1857345702 0.01286574775 0.00194302486
475 0.1857345702 0.01183845581 0.00151896585
476 0.1857345702 0.01295998356 0.001801659777
477 0.1857345702 0.008257451556 0.001303393436
478 0.1857345702 0.01035196699 0.001550311347
479 0.1857345702 0.008244863991 0.001295519286
480 0.1857345702 0.00761826522 0.00129006658
481 0.1857345702 0.01050235937 0.001578084178
482 0.1857345702 0.008633010906 0.001370144551
483 0.1857345702 0.01040792269 0.001653641995
484 0.1857345702 0.008357393566 0.001314555415
485 0.1857345702 0.01060167204 0.001615212453
486 0.1857345702 0.01219474019 0.001738083637
487 0.1857345702 0.01167689394 0.001704755729
488 0.1857345702 0.007384157 0.001291610512
489 0.1857345702 0.009415546066 0.001425258587
490 0.1857345702 0.00886235502 0.001380416133
491 0.1857345702 0.009960928338 0.001629389482
492 0.1857345702 0.009804636957 0.001547522214
493 0.1857345702 0.009020778031 0.001397527424
494 0.1857345702 0.008861578696 0.001337958735
495 0.1857345702 0.00970694383 0.001604922327
496 0.1857345702 0.01206662993 0.001639126514
497 0.1857345702 0.00908626246 0.001336698099
498 0.1857345702 0.008566174438 0.001320558538
499 0.1857345702 0.009904180053 0.001600694006
500 0.1857345702 0.008422840209 0.00135574942
501 0.1857345702 0.01173078077 0.001793166145
502 0.1857345702 0.01108383635 0.001714839945
503 0.1857345702 0.009303398869 0.001609167587
504 0.1857345702 0.01087287467 0.001666414133
505 0.1857345702 0.01153421621 0.001780381035
506 0.1857345702 0.009359313306 0.001460034064
507 0.1857345702 0.00885868892 0.001378553647
508 0.1857345702 0.009469102925 0.001411201513
509 0.1857345702 0.01093591778 0.001537510628
510 0.1857345702 0.00986835736 0.001467198193
511 0.1857345702 0.01064104608 0.001515876557
512 0.1857345702 0.01112365276 0.001561986403
513 0.1857345702 0.01074490843 0.001537201708
514 0.1857345702 0.008691317951 0.001362377853
515 0.1857345702 0.007538824118 0.001321944854
516 0.1857345702 0.00741252668 0.00132216611
517 0.1857345702 0.008375098176 0.001360479814
518 0.1936831541 0.01131625761 0.001732629351
519 0.1936831541 0.01108795585 0.001772875352
520 0.1936831541 0.009535249869 0.00148425844
521 0.1936831541 0.01214618954 0.001758635118
522 0.1936831541 0.009845195686 0.001529899466
523 0.1936831541 0.008913642054 0.001395552946
524 0.1936831541 0.01200094519 0.001934710307
525 0.1936831541 0.01066895408 0.001647890471
526 0.1936831541 0.01161677432 0.001870886627
527 0.1936831541 0.01234385097 0.001737234196
528 0.1936831541 0.009444873858 0.001431655005
529 0.1936831541 0.009042506209 0.00136586578
530 0.1936831541 0.01167900921 0.001698577611
531 0.1936831541 0.0134928129 0.002065665252
532 0.1936831541 0.01073907167 0.001670501574
533 0.1936831541 0.01306915438 0.00191493584
534 0.1936831541 0.01141925584 0.001707606806
535 0.1936831541 0.01575003057 0.002428097979
536 0.1936831541 0.01277012249 0.001702977561
537 0.1936831541 0.01257725221 0.001857729286
538 0.1936831541 0.01085491448 0.00162756122
539 0.1936831541 0.01030370884 0.001585689376
540 0.1936831541 0.01270822634 0.001730515256
541 0.1936831541 0.01374516431 0.001866143801
542 0.1936831541 0.01529980532 0.001896675212
543 0.1936831541 0.01455204658 0.001973871189
544 0.1936831541 0.01180038416 0.001490945962
545 0.1936831541 0.01104396979 0.001451418672
546 0.1936831541 0.01043479376 0.001539385257
547 0.1936831541 0.01204623723 0.001610522954
548 0.1936831541 0.0106555533 0.001596145909
549 0.1936831541 0.009468274879 0.00136256104
550 0.1936831541 0.01072760026 0.001577605688
551 0.1936831541 0.01316450338 0.001799174642
552 0.1936831541 0.01032991938 0.001499278584
553 0.1936831541 0.01067106515 0.001568371145
554 0.1936831541 0.008953648859 0.001439403263
555 0.1936831541 0.008353830606 0.00138201067
556 0.1936831541 0.008688324177 0.001393622861
557 0.1936831541 0.009546579343 0.001558401846
558 0.1936831541 0.008426703436 0.001370908234
559 0.1936831541 0.008560831088 0.001384286754
560 0.1936831541 0.00902594557 0.001390143067
561 0.1936831541 0.008238349279 0.001369822252
562 0.1936831541 0.008571360252 0.001367386381
563 0.1936831541 0.01344556635 0.001937184581
564 0.1936831541 0.01276210009 0.001945368365
565 0.1936831541 0.01017791507 0.001427600109
566 0.1936831541 0.00979958307 0.001562741956
567 0.1936831541 0.008109578053 0.001360854542
568 0.1936831541 0.008530442215 0.001406120186
569 0.1936831541 0.008237858185 0.001360796344
570 0.1936831541 0.01013197066 0.001581705554
571 0.1936831541 0.00998978635 0.001656835201
572 0.1936831541 0.009515811291 0.001437083025
573 0.1936831541 0.009156419092 0.001394001946
574 0.1936831541 0.01014404811 0.001595239602
575 0.1936831541 0.01284062443 0.001917901929
576 0.1936831541 0.008868997041 0.001394535103
577 0.1936831541 0.00822976432 0.001368116319
578 0.1936831541 0.008044787692 0.001361174331
579 0.1936831541 0.0097266694 0.001417669574
580 0.1936831541 0.0111055813 0.001635124396
581 0.1936831541 0.01014359973 0.001619784645
582 0.1936831541 0.0117677506 0.001733087174
583 0.1936831541 0.009579173041 0.001458013434
584 0.1936831541 0.01275880095 0.001816032702
585 0.1936831541 0.01310549152 0.001816698595
586 0.1936831541 0.01104044897 0.001587092625
587 0.1936831541 0.01051080062 0.001588253626
588 0.1936831541 0.01098938992 0.001590052759
589 0.1936831541 0.009864362049 0.001420775819
590 0.1936831541 0.011401157 0.001582190364
591 0.1936831541 0.009720054991 0.001454595171
592 0.1936831541 0.0100529127 0.001626270192
593 0.1936831541 0.01139072363 0.00160394322
594 0.1936831541 0.01088697711 0.001643413095
595 0.1936831541 0.01015934972 0.001626948232
596 0.1936831541 0.01137361936 0.001778351191
597 0.1936831541 0.007996862066 0.001360673202
598 0.1936831541 0.009929033763 0.001583763798
599 0.1936831541 0.008275374976 0.00138917309
600 0.1936831541 0.009290768192 0.00142284146
601 0.1936831541 0.009900626444 0.001470025351
602 0.1936831541 0.01070964436 0.001556701133
603 0.1936831541 0.0111867616 0.001645708526
604 0.1936831541 0.01388299348 0.001924239497
605 0.1936831541 0.008648221917 0.001376259679
606 0.1936831541 0.008889466192 0.001380365083
607 0.1936831541 0.009837482875 0.001705170857
608 0.1936831541 0.007953379362 0.001391782601
609 0.1936831541 0.008952756348 0.001462807175
610 0.1936831541 0.01423743864 0.002192960051
611 0.1936831541 0.009578591776 0.001623226871
612 0.1936831541 0.01283551103 0.002089813514
613 0.1936831541 0.01215858863 0.001766187342
614 0.193887403 0.0141458397 0.002079871509
615 0.193887403 0.00975906949 0.001512790171
616 0.193887403 0.0148546341 0.002298436835
617 0.193887403 0.01001366743 0.001797493947
618 0.1943029072 0.01139109673 0.001862208566
619 0.1962856986 0.01175767492 0.001919657875
620 0.1962856986 0.01023127987 0.001523690141
621 0.1962856986 0.009860754138 0.001523594485
622 0.1975197149 0.01234496095 0.001975116975
623 0.1975197149 0.01187472445 0.001654962026
624 0.1975197149 0.01324897318 0.002176983797
625 0.1975197149 0.01068917578 0.001551187761
626 0.1975197149 0.009155854842 0.001507014544
627 0.1975197149 0.01063947565 0.001634067174
628 0.1975197149 0.009850883202 0.001548876152
629 0.1975197149 0.01075613973 0.001601090024
630 0.1975197149 0.01356416803 0.001835379755
631 0.1975197149 0.01405626409 0.002220322644
632 0.1975197149 0.009785840316 0.00154007049
633 0.1975197149 0.009799374625 0.001673984203
634 0.1975197149 0.008273290496 0.001498135268
635 0.1975197149 0.0126740233 0.002110428582
636 0.1975197149 0.009114185905 0.001508906371
637 0.1975197149 0.009163995234 0.001506579755
638 0.1975197149 0.01115639996 0.001857025216
639 0.1975197149 0.01178180542 0.001968151181
640 0.1975197149 0.01284789314 0.002130073618
641 0.1975197149 0.01184820875 0.001673561026
642 0.1975197149 0.0115533288 0.001673502198
643 0.1975197149 0.01057719153 0.001639597028
644 0.1975197149 0.01050593168 0.001668790592
645 0.1975197149 0.00852475501 0.001503345483
646 0.1975197149 0.01180707726 0.001648614638
647 0.1975197149 0.01315650996 0.001998642684
648 0.1975197149 0.009753363838 0.001617657207
649 0.1975197149 0.01055523183 0.001719605074
650 0.1975197149 0.01227785617 0.001806623164
651 0.1975197149 0.01130389738 0.001756544509
652 0.1975197149 0.01181142784 0.001900831199
653 0.1975197149 0.0106913176 0.001684457905
654 0.1975197149 0.01237285584 0.001870202249
655 0.1975197149 0.008487166656 0.001501184353
656 0.1975197149 0.008193834464 0.001496860028
657 0.1975197149 0.01275404756 0.001992618679
658 0.1975197149 0.01229946201 0.001777272229
659 0.1975197149 0.009801314539 0.001581504525
660 0.1975197149 0.009000935515 0.001492545576
661 0.1975197149 0.009456363227 0.001524707132
662 0.1975197149 0.01105346615 0.001673925588
663 0.1975197149 0.008469231002 0.001497164344
664 0.1980289424 0.01415238936 0.002309916345
665 0.1980289424 0.00949816248 0.001541492478
666 0.1980289424 0.01139176155 0.001700776238
667 0.1980289424 0.01258103968 0.001877648838
668 0.1980289424 0.01636467088 0.002595116165
669 0.1980289424 0.01248578811 0.001809457098
670 0.1980289424 0.01289210189 0.001799213112
671 0.1980289424 0.01303042306 0.001798159143
672 0.1980289424 0.01042789886 0.001695687684
673 0.1980289424 0.01131732207 0.001697629045
674 0.1980289424 0.01110947149 0.001592277355
675 0.1980289424 0.0143915533 0.002076549158
676 0.1980289424 0.01359083673 0.002013554116
677 0.1980289424 0.01116687093 0.00172736485
678 0.1980289424 0.01004168572 0.001828729837
679 0.1980289424 0.01247505219 0.002049699436
680 0.1980289424 0.01084299495 0.0015819764
681 0.1980289424 0.01142182696 0.001708139815
682 0.1980289424 0.01297269973 0.001750221341
683 0.1980289424 0.01212262848 0.001838264942
684 0.1980289424 0.01205289122 0.002080509007
685 0.1980289424 0.0130331638 0.002190727362
686 0.1980289424 0.01374189978 0.002191797097
687 0.1980289424 0.00885685238 0.001510527902
688 0.1980289424 0.01038141159 0.001552264637
689 0.1980289424 0.01016118694 0.001635110277
690 0.1980289424 0.01072033954 0.00174349975
691 0.1980289424 0.01177103387 0.001902246883
692 0.1980289424 0.01141370238 0.001899402636
693 0.1980289424 0.01148121834 0.001882227889
694 0.1980289424 0.01415920754 0.00223121013
695 0.1980289424 0.01053182006 0.001707128027
696 0.1980289424 0.0114246718 0.001724838858
697 0.1980289424 0.01071532603 0.001603508696
698 0.1980289424 0.01097916916 0.001737883427
699 0.1989792925 0.01336908566 0.002276680613
700 0.1989792925 0.01285985468 0.002225830373
701 0.1989792925 0.01164312278 0.001925685988
702 0.1989792925 0.0100519924 0.001625879122
703 0.1989792925 0.009774855676 0.001593440704
704 0.1989792925 0.01048627489 0.00167812787
705 0.1989792925 0.0113122976 0.001752812267
706 0.1989792925 0.008449374849 0.001518929459
707 0.1989792925 0.009774183692 0.001659213557
708 0.1989792925 0.009014529022 0.001535508806
709 0.1989792925 0.0108500191 0.001658192867
710 0.1989792925 0.009805463217 0.001565973951
711 0.1989792925 0.01052788959 0.001625532533
712 0.1989792925 0.01043057245 0.001873101916
713 0.1989792925 0.009478691922 0.001546183326
714 0.1989792925 0.008211476307 0.001517650836
715 0.1989792925 0.008555840781 0.001522649409
716 0.1989792925 0.00844146435 0.001514760518
717 0.1989792925 0.01032416919 0.001608255271
718 0.1989792925 0.01120549245 0.001922897932
719 0.1989792925 0.01179864021 0.001729715887
720 0.1989792925 0.01328479426 0.002025112204
721 0.1989792925 0.01218716716 0.001761720832
722 0.1989792925 0.00882949731 0.001528549322
723 0.1989792925 0.01299431906 0.001958651195
724 0.1989792925 0.01022067957 0.001649620543
725 0.1989792925 0.008667664478 0.001530723147
726 0.1989792925 0.009610749869 0.001615038197
727 0.1989792925 0.01115327486 0.001818779071
728 0.1989792925 0.01220924315 0.001877551736
729 0.1989792925 0.01184884139 0.001930794204
730 0.1989792925 0.01574558359 0.002423029496
731 0.1989792925 0.01245926745 0.002179153073
732 0.1989792925 0.00904887302 0.00152816801
733 0.1989792925 0.01070916735 0.001626103913
734 0.1989792925 0.01082540982 0.001714374517
735 0.1989792925 0.01235679009 0.002200895805
736 0.1989792925 0.009228546321 0.001570831108
737 0.1989792925 0.00945768803 0.001540236967
738 0.1989792925 0.009678147298 0.001585775941
739 0.1989792925 0.00864649436 0.001553517545
740 0.1989792925 0.00955404906 0.001625116934
741 0.1989792925 0.01067397437 0.001699469296
742 0.1989792925 0.009079091689 0.001550056324
743 0.1989792925 0.01088735533 0.001855812861
744 0.1989792925 0.008174589084 0.001519931955
745 0.1989792925 0.00963708724 0.001612126105
746 0.1989792925 0.01156406485 0.001983242772
747 0.1989792925 0.01088753213 0.001831643706
748 0.1989792925 0.01141566158 0.002004980027
749 0.1989792925 0.0102150807 0.0015760177
750 0.1989792925 0.01413443671 0.002132069814
751 0.1989792925 0.009220084914 0.00157667187
752 0.1989792925 0.01233646386 0.001998280534
753 0.1989792925 0.01105344464 0.001864174655
754 0.1989792925 0.009778969057 0.001770085303
755 0.1989792925 0.009782695107 0.001581120435
756 0.1989792925 0.009556762711 0.001570585309
757 0.1989792925 0.009348343709 0.001527834204
758 0.1989792925 0.01197622583 0.001864636263
759 0.1989792925 0.009046256285 0.001541594289
760 0.1989792925 0.008915175418 0.001530687161
761 0.1989792925 0.008398516327 0.00152284998
762 0.1989792925 0.01133572309 0.001898068151
763 0.1989792925 0.01120233176 0.00192713832
764 0.1989792925 0.008404507654 0.001525711612
765 0.1989792925 0.008490497873 0.001522973442
766 0.1989792925 0.008170671472 0.001522976948
767 0.1989792925 0.008620038977 0.001538290722
768 0.1989792925 0.009054615259 0.001602286058
769 0.1989792925 0.00895919163 0.001536437126
770 0.1989792925 0.01086470843 0.001885366795
771 0.1989792925 0.01028313429 0.001882837122
772 0.1989792925 0.01228115958 0.001894341169
773 0.1990790393 0.01091434267 0.001892710642
774 0.1990790393 0.01052119372 0.001828855269
775 0.1990790393 0.01193566531 0.001810604603
776 0.1990790393 0.01364927216 0.002046650479
777 0.1990790393 0.009218137704 0.001577669064
778 0.1990790393 0.008625357325 0.001534820448
779 0.1990790393 0.01034174806 0.001812410362
780 0.1995196365 0.01121361506 0.001935350907
781 0.1995196365 0.009432221917 0.001563497158
782 0.1995196365 0.01180069696 0.001844517426
783 0.1995196365 0.01126351296 0.001812020772
784 0.1995196365 0.01065125511 0.001773348123
785 0.1995196365 0.01033535769 0.001658112601
786 0.1995196365 0.009207034871 0.001561894302
787 0.1995196365 0.01185305205 0.001737585602
788 0.1995196365 0.01193467536 0.001925849994
789 0.1995196365 0.01253924633 0.001951863546
790 0.1995196365 0.01079290119 0.001630904382
791 0.1995196365 0.01096636497 0.001856095713
792 0.1995196365 0.01097961736 0.001800896908
793 0.1995196365 0.0105677488 0.001774579283
794 0.1995196365 0.01403931275 0.00211052357
795 0.1995196365 0.0118346212 0.001650225375
796 0.1995196365 0.0100070992 0.001704717495
797 0.1995196365 0.01424295776 0.002466216348
798 0.1996151152 0.01194929596 0.00195342108
799 0.1996151152 0.009032753198 0.00155157866
800 0.1996151152 0.01362890131 0.002167098433
801 0.1996151152 0.01057818833 0.00170363277
802 0.1996151152 0.0144081801 0.002192820731
803 0.1996151152 0.01260906742 0.002072032783
804 0.1996151152 0.01206141643 0.001878211282
805 0.1996151152 0.01095122502 0.001609745512
806 0.1996151152 0.01452546104 0.002374351272
807 0.1996151152 0.01235430648 0.00186145342
808 0.1996151152 0.01256369795 0.001932784424
809 0.1996151152 0.01492741449 0.002162103883
810 0.1996151152 0.01259130797 0.001749435369
811 0.1996151152 0.01265093888 0.001857150053
812 0.1996151152 0.01130207243 0.001899645261
813 0.1996151152 0.009429857299 0.001554364583
814 0.2003763629 0.0133981579 0.002258985993
815 0.2003763629 0.01728463609 0.002462878911
816 0.2003763629 0.01305922389 0.002043683912
817 0.2003763629 0.01058426006 0.001770057681
818 0.2003763629 0.01205077257 0.001933991876
819 0.2003763629 0.01160503721 0.00196116006
820 0.2003763629 0.01105676 0.001790150799
821 0.2003763629 0.008885860942 0.001562209066
822 0.2003763629 0.01214290931 0.00195199423
823 0.2003763629 0.01179876396 0.001929073397
824 0.2003763629 0.01441544784 0.002167471142
825 0.2003763629 0.01254892315 0.001939292803
826 0.2003763629 0.01172134889 0.001932832075
827 0.2003763629 0.01167903927 0.001932995062
828 0.2003763629 0.0108150069 0.001641180922
829 0.2003763629 0.01134308334 0.001901296109
830 0.2003763629 0.01052422266 0.001665283571
831 0.2003763629 0.0105895169 0.001757878777
832 0.2003763629 0.01526773401 0.002448198318
833 0.2003763629 0.01321283987 0.001950740535
834 0.2003763629 0.01104047753 0.00172337526
835 0.2003763629 0.01070131714 0.001914391567
836 0.2003763629 0.00951285754 0.001587369338
837 0.2003763629 0.008768177152 0.001544379122
838 0.2003763629 0.01084698719 0.001879399374
839 0.2003763629 0.009472117674 0.001570205383
840 0.2003763629 0.009487543284 0.001629270791
841 0.2003763629 0.01195026601 0.001946232798
842 0.2003763629 0.01032747495 0.001759079604
843 0.2003763629 0.01264237265 0.001910163156
844 0.2003763629 0.0126890062 0.002170877599
845 0.2003763629 0.008911968288 0.001561850715
846 0.2003763629 0.01092609676 0.00184306355
847 0.2003763629 0.01369249438 0.001990964229
848 0.2003763629 0.0121273732 0.001976572523
849 0.2003763629 0.01067674849 0.001907198717
850 0.2003763629 0.01035913224 0.001655972965
851 0.2003763629 0.01046071302 0.001683036584
852 0.2003763629 0.01103836159 0.001765462121
853 0.2003763629 0.01297329295 0.001910168241
854 0.2003763629 0.01207014587 0.001779596712
855 0.2003763629 0.01327363573 0.001944458399
856 0.2003763629 0.01004375049 0.001591152044
857 0.2003763629 0.01146828208 0.001638684152
858 0.2003763629 0.01364201017 0.001892094353
859 0.2003763629 0.01091300815 0.00165217078
860 0.2003763629 0.01085524181 0.001836104502
861 0.2003763629 0.01040279384 0.001726447027
862 0.2003763629 0.009285495637 0.001591811625
863 0.2003763629 0.01113113163 0.001845628125
864 0.2003763629 0.0117105002 0.001897895935
865 0.2003763629 0.01246813205 0.002139410923
866 0.2003763629 0.01263629218 0.00214874887
867 0.2003763629 0.009455257315 0.001553449604
868 0.2003763629 0.01060869194 0.001601151924
869 0.2003763629 0.009615602966 0.00158547642
870 0.2003763629 0.01159926553 0.001865802611
871 0.2003763629 0.01271844289 0.001938837167
872 0.2003763629 0.01145645486 0.00179670864
873 0.2003763629 0.01032743257 0.001743110545
874 0.2003763629 0.01202618709 0.002013185703
875 0.2003763629 0.01172685144 0.002019526057
876 0.2003763629 0.01215800468 0.001876266695
877 0.2003763629 0.0105186558 0.001641697971
878 0.2003763629 0.009494799984 0.001566920235
879 0.2003763629 0.01027370878 0.001670863736
880 0.2003763629 0.01259190038 0.001937866092
881 0.2003763629 0.00985146364 0.001597999443
882 0.2003763629 0.01041984907 0.001753665591
883 0.2003763629 0.01186272443 0.001838720713
884 0.2003763629 0.01217964983 0.001947352113
885 0.2003763629 0.0120858907 0.001873775174
886 0.2003763629 0.01144474334 0.001949684985
887 0.2003763629 0.01116788338 0.00175718154
888 0.2003763629 0.01073461754 0.00165848332
889 0.2003763629 0.01328322238 0.001974775016
890 0.2003763629 0.01282817819 0.001798546302
891 0.2003763629 0.01499415495 0.002213088133
892 0.2003763629 0.01360515006 0.001988024698
893 0.2003763629 0.01025324199 0.001636390706
894 0.2003763629 0.01259059465 0.001923179857
895 0.2003763629 0.01312582524 0.002242749291
896 0.2003763629 0.01045150351 0.001666965815
897 0.2003763629 0.01472154438 0.00241583883
898 0.2003763629 0.01025738301 0.001690303956
899 0.2003763629 0.01086835099 0.00162738981
900 0.2003763629 0.009414318088 0.001661203349
901 0.2003763629 0.01217100824 0.001815927434
902 0.2003763629 0.01055247001 0.001783378728
903 0.2003763629 0.01036371505 0.001659339721
904 0.2003763629 0.01037690856 0.001625749729
905 0.2003763629 0.009409363347 0.001585532485
906 0.2003763629 0.00929842505 0.00163082678
907 0.2003763629 0.009389551301 0.001599882815
908 0.2003763629 0.009724638083 0.001580188483
909 0.2003763629 0.01008852793 0.001579143086
910 0.2003763629 0.01228893962 0.001936973357
911 0.2003763629 0.01102694241 0.00180375828
912 0.2003763629 0.01058310325 0.001625525883
913 0.2003763629 0.01076571816 0.001779744151
914 0.2003763629 0.009410808505 0.00158666378
915 0.2003763629 0.008913308268 0.001578041527
916 0.2003763629 0.01013524336 0.001596493028
917 0.2003763629 0.01333256887 0.002162831001
918 0.2003763629 0.01107725268 0.001669178045
919 0.2003763629 0.01213709555 0.00208491542
920 0.2003763629 0.01025952094 0.001797105534
921 0.2003763629 0.01014941939 0.001656779494
922 0.2003763629 0.01095565743 0.001709738988
923 0.2003763629 0.01128062935 0.001866409518
924 0.2003763629 0.01129137247 0.001716144777
925 0.2003763629 0.01368871117 0.002095463913
926 0.2003763629 0.01163409073 0.001962343221
927 0.2003763629 0.01081476761 0.00181613817
928 0.2003763629 0.008568131584 0.001549275255
929 0.2003763629 0.01113094938 0.001825922045
930 0.2003763629 0.01026030063 0.001643497037
931 0.2003763629 0.01234378157 0.001948021542
932 0.2003763629 0.01068586654 0.001855815602
933 0.2003763629 0.01427324678 0.002184957788
934 0.2003763629 0.009569286923 0.001594829192
935 0.2003763629 0.009331906504 0.00165469312
936 0.2003763629 0.0133261941 0.00195028519
937 0.2003763629 0.01405148217 0.001874672115
938 0.2003763629 0.01215211872 0.0018294018
939 0.2029505653 0.01244112667 0.002048214638
940 0.2029505653 0.01322650871 0.002089508524
941 0.2029505653 0.01186295664 0.001835453089
942 0.2029505653 0.01271288368 0.001820561261
943 0.2029505653 0.01128536567 0.001791760618
944 0.2029505653 0.01206160902 0.002041188709
945 0.2029505653 0.0108564463 0.001922968934
946 0.2029505653 0.01147121977 0.001762682303
947 0.2029505653 0.008874153369 0.001571469243
948 0.2029505653 0.01057108227 0.001699817381
949 0.2029505653 0.01007302217 0.001640135739
950 0.2029505653 0.01225225982 0.00196046122
951 0.2029505653 0.009756337386 0.0016449018
952 0.2029505653 0.00855971313 0.001574758438
953 0.2029505653 0.00991891723 0.001726050113
954 0.2029505653 0.01459541025 0.00241430154
955 0.2029505653 0.01151642732 0.001991103634
956 0.2029505653 0.01006573563 0.00184757434
957 0.2029505653 0.01328286324 0.002157139573
958 0.2029505653 0.00864081884 0.001589711486
959 0.2029505653 0.008353118838 0.001579394906
960 0.2029505653 0.01046749829 0.001881169977
961 0.2029505653 0.009868181535 0.001654648445
962 0.2029505653 0.01217654968 0.002034061313
963 0.2029505653 0.009359049416 0.001646172025
964 0.2029505653 0.01295570601 0.002079746073
965 0.2029505653 0.009490778066 0.001662081451
966 0.2029505653 0.01164864908 0.001978397452
967 0.2029505653 0.01278262369 0.002102511737
968 0.2029505653 0.009808341434 0.001639683819
969 0.2029505653 0.01218360226 0.002120825732
970 0.2029505653 0.0118582006 0.002097297181
971 0.2029505653 0.0123044071 0.002122155882
972 0.2029505653 0.0101117079 0.001717715553
973 0.2029505653 0.01325429168 0.002173428291
974 0.2029505653 0.01127244845 0.001721994711
975 0.2029505653 0.008468009266 0.001586253204
976 0.2029505653 0.01067378927 0.001758676061
977 0.2029505653 0.01193367367 0.001826050038
978 0.2029505653 0.0111940347 0.001686640069
979 0.2029505653 0.01229844402 0.001924180845
980 0.2029505653 0.01278056511 0.002081988407
981 0.2029505653 0.00913211445 0.001609473173
982 0.2029505653 0.01267351585 0.00195076937
983 0.2029505653 0.01055319719 0.001724494245
984 0.2029505653 0.01009095502 0.001683136003
985 0.2031955019 0.0125444692 0.0021597151
986 0.2031955019 0.01041381572 0.001730774509
987 0.2031955019 0.01002221257 0.001726589747
988 0.2031955019 0.009409133858 0.0016204546
989 0.2031955019 0.009977070419 0.001677979029
990 0.2031955019 0.0117461466 0.001959115418
991 0.2031955019 0.01254172479 0.002062159317
992 0.2031955019 0.01077822786 0.001809589897
993 0.2031955019 0.009229482031 0.001624986354
994 0.2031955019 0.01033521821 0.00185878124
995 0.2031955019 0.01178977131 0.002167184032
996 0.2031955019 0.008310325099 0.001595004362
997 0.2031955019 0.01100360477 0.00198867147
998 0.2031955019 0.01105047246 0.001757783548
999 0.2031955019 0.01365395832 0.002177771634
1000 0.2031955019 0.009450983337 0.001645274886
1001 0.2031955019 0.008509111686 0.00159745873
1002 0.2035470513 0.01116086129 0.001977835215
1003 0.2035470513 0.01297431325 0.002166229498
1004 0.2035470513 0.01280496774 0.001953336566
1005 0.2035470513 0.01243368943 0.002122453537
1006 0.2035470513 0.0125942376 0.002174634402
1007 0.2035470513 0.01098855719 0.001774580528
1008 0.2035470513 0.01031337024 0.001665541024
1009 0.2035470513 0.01064647992 0.001807141201
1010 0.2035470513 0.01046000516 0.001690768308
1011 0.2035470513 0.01413922859 0.002227310073
1012 0.2035470513 0.01300323392 0.002142564424
1013 0.2035470513 0.01118236467 0.001817037193
1014 0.2035470513 0.01276396321 0.001997356448
1015 0.2035470513 0.01286237838 0.002008411078
1016 0.2035470513 0.01255789958 0.001991932323
1017 0.2035470513 0.01216042212 0.001984713727
1018 0.2035470513 0.01059790554 0.001769872944
1019 0.2035470513 0.01163548424 0.001889932772
1020 0.2035470513 0.01183836031 0.001914278646
1021 0.2035470513 0.009569776709 0.001631767332
1022 0.2035470513 0.008808925091 0.001600120375
1023 0.2035470513 0.0124971544 0.00208095075
1024 0.2035470513 0.0106036684 0.00169307621
1025 0.2035470513 0.01144128246 0.001691606427
1026 0.2035470513 0.00979195747 0.001615434733
1027 0.2035470513 0.01230468455 0.001904715174
1028 0.2035470513 0.01221422006 0.001934136735
1029 0.2047272646 0.01237036234 0.002251509888
1030 0.2047272646 0.01003152718 0.001649444477
1031 0.2047272646 0.009999125336 0.001664254918
1032 0.2047272646 0.01122937482 0.001922251206
1033 0.2047272646 0.01049792019 0.001656087007
1034 0.2047272646 0.009936512994 0.00162335197
1035 0.2047272646 0.00939540957 0.001613973408
1036 0.2047272646 0.01110692468 0.00183746002
1037 0.2047272646 0.01219024266 0.001866341349
1038 0.2047272646 0.01142352957 0.001759313783
1039 0.2047272646 0.009939818536 0.001648306415
1040 0.2047272646 0.01137593617 0.001879627283
1041 0.2047272646 0.01158487834 0.001772959598
1042 0.2047272646 0.01045272985 0.001747397153
1043 0.2047272646 0.01114831263 0.001759264948
1044 0.2047272646 0.0105429018 0.001693024471
1045 0.2050213318 0.0130122819 0.002155868632
1046 0.2050213318 0.01221400095 0.00194960759
1047 0.2050213318 0.01237721487 0.001906204094
1048 0.2050213318 0.011838225 0.001983076324
1049 0.2050213318 0.009386428488 0.001618992234
1050 0.2050213318 0.01329219831 0.002153727758
1051 0.2050213318 0.01264415099 0.001958571255
1052 0.2050213318 0.01266705528 0.002108179788
1053 0.2050213318 0.01393702396 0.00209362413
1054 0.2050213318 0.01173334295 0.001996861015
1055 0.2050213318 0.01072265779 0.001683791365
1056 0.2050213318 0.01367212993 0.002111575918
1057 0.2050213318 0.01398357342 0.002256871063
1058 0.2050213318 0.009252395885 0.00161953911
1059 0.2050213318 0.01080127081 0.001847856492
1060 0.2050213318 0.01473901548 0.002457319525
1061 0.2601535101 0.01284157355 0.002291426423
1062 0.2601535101 0.01034103024 0.001900241343
1063 0.2601535101 0.01045361902 0.001951572651
1064 0.2601535101 0.01128752871 0.002102329898
1065 0.2601535101 0.009649292288 0.00190159278
1066 0.2601535101 0.01211289353 0.002303386529
1067 0.2601535101 0.01379353475 0.002617835754
1068 0.3216117687 0.01578936165 0.003212337464
1069 0.3216117687 0.01588510712 0.003034123034
1070 0.3216117687 0.01363900747 0.002729549079
1071 0.3216117687 0.01178059796 0.002536451021
1072 0.3216117687 0.01143073143 0.002558707687
1073 0.3216117687 0.01180174136 0.002605468382
1074 0.3216117687 0.01423300046 0.00320006856
1075 0.3216117687 0.0124337014 0.002746249253
1076 0.3216117687 0.01122758422 0.002715726973
1077 0.3216117687 0.01110186168 0.002686579907
1078 0.3458912093 0.02016660028 0.00488397674
1079 0.3458912093 0.01715827897 0.004707592689
1080 0.3458912093 0.01377946048 0.003646669752
1081 0.3458912093 0.0132990504 0.003628753104
1082 0.3458912093 0.01863283975 0.00453572995
1083 0.3458912093 0.02364610935 0.005544750903
1084 0.3458912093 0.0187491525 0.004918886435
1085 0.3458912093 0.01871061133 0.004889071435
1086 0.3458912093 0.01655729748 0.004266522802
1087 0.3458912093 0.01699824145 0.005199812349
1088 0.3657700635 0.02179719583 0.006371101081
1089 0.3657700635 0.02612176196 0.00685818756
1090 0.3657700635 0.02637066802 0.007523487702
1091 0.3657700635 0.02359857947 0.006694613459
1092 0.3657700635 0.02041017282 0.006019784078
1093 0.3657700635 0.01726447791 0.004979190083
1094 0.3657700635 0.02602844401 0.007506030464
1095 0.374081059 0.02463622729 0.007380427164
1096 0.374081059 0.01710387204 0.005237958807
1097 0.374081059 0.01765163611 0.00526504482
1098 0.374081059 0.02191237707 0.006525678932
1099 0.4380957428 0.03195332033 0.009919618766
1100 0.4380957428 0.02266079946 0.006502849022
1101 0.4380957428 0.02459655149 0.007421054884
1102 0.4380957428 0.02231285022 0.006480510143
1103 0.4380957428 0.02825117389 0.009097896513
1104 0.4380957428 0.0244212636 0.007916297897
1105 0.4380957428 0.02355877513 0.007519675035
1106 0.4380957428 0.02111286659 0.006814148525
1107 0.4380957428 0.02056551732 0.006634601281
1108 0.4380957428 0.0195448555 0.006579248211
1109 0.4380957428 0.02363236527 0.008080726554
1110 0.4380957428 0.0208997699 0.006710626027
1111 0.4380957428 0.01939825891 0.006633454708
1112 0.4380957428 0.01955384663 0.006595854339
1113 0.4380957428 0.01950331503 0.006660061365
1114 0.4380957428 0.02022334713 0.006606049218
1115 0.4380957428 0.02117971019 0.007129373453
1116 0.4380957428 0.02261554935 0.006920250371
1117 0.4380957428 0.03002296599 0.008116391282
1118 0.4380957428 0.02630653367 0.007136939963
1119 0.4380957428 0.02483725207 0.006852143205
1120 0.4380957428 0.02611992329 0.007789533084
1121 0.4461737223 0.03545390155 0.01166204554
1122 0.4461737223 0.03062193901 0.009453179758
1123 0.4461737223 0.02498968794 0.007922463938
1124 0.490074349 0.03200136843 0.01114903975
1125 0.490074349 0.02683313605 0.009765857542
1126 0.490074349 0.02858806476 0.009982315153
1127 0.490074349 0.03749249148 0.01236249119
1128 0.490074349 0.02686315774 0.009236138204
1129 0.490074349 0.02426563751 0.008390229923
1130 0.490074349 0.02769574236 0.00896515881
1131 0.490074349 0.02764613321 0.008856158283
1132 0.490074349 0.02628220641 0.008477189302
1133 0.490074349 0.02381810985 0.008416153814
1134 0.490074349 0.03142609265 0.009836992617
1135 0.490074349 0.02969227042 0.00904650246
1136 0.490074349 0.0266896367 0.009285648315
1137 0.490074349 0.03154374709 0.01036154441
1138 0.490074349 0.03372522504 0.01070991023
1139 0.490074349 0.02540159475 0.008430744651
1140 0.490074349 0.03387283205 0.01091536421
1141 0.490074349 0.0215026204 0.008080645176
1142 0.490074349 0.02573148397 0.009301540688
1143 0.490074349 0.02714675314 0.008504167604
1144 0.490074349 0.03034916861 0.01113350813
1145 0.490074349 0.02207645167 0.008105786903
1146 0.490074349 0.02249374316 0.008068426671
1147 0.490074349 0.02639197411 0.009585445571
1148 0.490074349 0.03301135732 0.01246553791
1149 0.490074349 0.02780535949 0.009750513404
1150 0.490074349 0.02990997075 0.01000947711
1151 0.490074349 0.02743033129 0.009564787435
1152 0.490074349 0.02964225091 0.01090567
1153 0.490074349 0.0248980572 0.008757561554
1154 0.490074349 0.02700328711 0.01049836765
1155 0.490074349 0.02719380651 0.01013682891
1156 0.490074349 0.02630693885 0.009789283976
1157 0.490074349 0.02082136099 0.008635872492
1158 0.490074349 0.02325995037 0.009104141441
1159 0.490074349 0.02014402102 0.008665171011
1160 0.490074349 0.02207148967 0.008674607729
1161 0.490074349 0.02462862236 0.009651434797
1162 0.490074349 0.02217483207 0.008818385051
1163 0.490074349 0.02294614086 0.009114995417
1164 0.490074349 0.02333880117 0.009039053193
1165 0.490074349 0.0288192853 0.01237208948
1166 0.490074349 0.02275580628 0.009240576222
1167 0.490074349 0.02099475087 0.008734894906
1168 0.490074349 0.03076500773 0.01123311547
1169 0.490074349 0.02714154684 0.01089840398
1170 0.490074349 0.0270129053 0.01005178281
1171 0.490074349 0.02731795242 0.009692795046
1172 0.490074349 0.02891454238 0.01075120533
1173 0.490074349 0.03073588321 0.01054387631
1174 0.490074349 0.02708468351 0.00913810926
1175 0.490074349 0.0236219584 0.008836302595
1176 0.490074349 0.03381041991 0.01087900022
1177 0.490074349 0.02640321716 0.009366120387
1178 0.497038854 0.03730229701 0.01207481697
1179 0.497038854 0.03499598028 0.01187553817
1180 0.497038854 0.0276572982 0.009784399007
1181 0.497038854 0.02995649914 0.01165448027
1182 0.497038854 0.03340105346 0.01256227163
1183 0.497038854 0.03441001208 0.0135083723
1184 0.497038854 0.03648995093 0.01281051499
1185 0.497038854 0.02641231168 0.009655332366
1186 0.497038854 0.03419603311 0.01176618653
1187 0.497038854 0.02893780928 0.01105391238
1188 0.497038854 0.03054998314 0.01134759144
1189 0.497038854 0.02660634352 0.009778864698
1190 0.497038854 0.02479475029 0.009717210239
1191 0.497038854 0.02543581098 0.01023626983
1192 0.497038854 0.02918278997 0.01087017688
1193 0.497038854 0.03229305236 0.01282178612
1194 0.497038854 0.04058100557 0.01446161376
1195 0.497038854 0.03067602477 0.01025541876
1196 0.497038854 0.02755911824 0.01158457402
1197 0.497038854 0.02957088955 0.01033912571
1198 0.497038854 0.02937716883 0.009727837952
1199 0.497038854 0.03702968198 0.013230447
1200 0.497038854 0.03004529539 0.01185974277
1201 0.497038854 0.02956979186 0.0106152192
1202 0.497038854 0.03165748379 0.01053991881
1203 0.5476616357 0.03896317562 0.01395628584
1204 0.5476616357 0.03908355725 0.01389320149
1205 0.5476616357 0.02976650339 0.01227982423
1206 0.5476616357 0.02943696968 0.01071090955
1207 0.5476616357 0.02609549594 0.01021246231
1208 0.5476616357 0.03088508849 0.01119487371
1209 0.5476616357 0.03239149154 0.01360424531
1210 0.5476616357 0.0260827996 0.01055665973
1211 0.5476616357 0.03696413027 0.01511061595
1212 0.5476616357 0.03179529058 0.01189860047
1213 0.5476616357 0.03643516921 0.01487295019
1214 0.5476616357 0.02659778423 0.01121582253
1215 0.5476616357 0.02604935077 0.01056517585
1216 0.5476616357 0.03001239113 0.01118273508
1217 0.5476616357 0.04040301313 0.01635069632
1218 0.5476616357 0.03235561245 0.0135491993
1219 0.5476616357 0.02941592389 0.01289070395
1220 0.5534129076 0.04418668285 0.01811142022
1221 0.5534129076 0.03213368033 0.01357749534
1222 0.5534129076 0.02397248936 0.01118090736
1223 0.5534129076 0.02876317723 0.01239677511
1224 0.5534129076 0.03168962697 0.01277084593
1225 0.6002374014 0.04534072666 0.01811861939
1226 0.6002374014 0.04197029594 0.01489512309
1227 0.6002374014 0.03323028684 0.01467045174
1228 0.6002374014 0.03315344587 0.01350922226
1229 0.6002374014 0.02953590981 0.01230104603
1230 0.6002374014 0.03504177436 0.0148460583
1231 0.6002374014 0.02714335967 0.01237568797
1232 0.6002374014 0.02660056782 0.01223298981
1233 0.6002374014 0.03550865559 0.01549093225
1234 0.6002374014 0.03006455131 0.01415064398
1235 0.6367707982 0.03701190308 0.01685190465
1236 0.6367707982 0.04036132063 0.01551231572
1237 0.6367707982 0.03500869941 0.01514085571
1238 0.6367707982 0.03830220595 0.01515151043
1239 0.6367707982 0.04425706238 0.0175909499
1240 0.6367707982 0.04334098936 0.01960567387
1241 0.6367707982 0.04479469557 0.0189259734
1242 0.6367707982 0.05374396774 0.02199546847
1243 0.6367707982 0.04425736287 0.01782529174
1244 0.6367707982 0.04559112879 0.01696483709
1245 0.6367707982 0.04101733833 0.01637216425
1246 0.6367707982 0.05232313484 0.02163937843
1247 0.6369500204 0.0612894492 0.02510769664
1248 0.6369500204 0.04397243564 0.01679204382
1249 0.6369500204 0.04530157648 0.01863838962
1250 0.6369500204 0.04566609965 0.01917542379
1251 0.6369500204 0.05428111632 0.02008443067
1252 0.6369500204 0.05030778853 0.01966232149
1253 0.6369500204 0.04554650651 0.01922865327
1254 0.6369500204 0.04687494848 0.01967586018
1255 0.6369500204 0.06667466364 0.02390123861
1256 0.6369500204 0.04524579184 0.01832203701
1257 0.638113467 0.05029840371 0.02361315764
1258 0.638113467 0.06046595926 0.02315849534
1259 0.638113467 0.05455305811 0.02269778841
1260 0.638113467 0.05067256135 0.02142741715
1261 0.6748680372 0.05910950903 0.02380400609
1262 0.6748680372 0.04977216145 0.02027882505
1263 0.6748680372 0.055023074 0.02116346091
1264 0.6748680372 0.05724011679 0.0244797411
1265 0.6748680372 0.04721013493 0.01926305756
1266 0.6748680372 0.0494428933 0.0206331377
1267 0.6748680372 0.04536547105 0.02231133869
1268 0.6748680372 0.05589293458 0.02509704812
1269 0.6748680372 0.05326330468 0.02341516458
1270 0.6748680372 0.04688645185 0.01944987556
1271 0.6748680372 0.05294607772 0.02301339368
1272 0.6748680372 0.05120661151 0.02053173892
1273 0.6748680372 0.05409988997 0.022563951
1274 0.6748680372 0.03998884985 0.0178346005
1275 0.6748680372 0.05352144584 0.02162130506
1276 0.6748680372 0.05565538661 0.02011675915
1277 0.6989164622 0.08229229079 0.02613232866
1278 0.6989164622 0.062091449 0.0247538876
1279 0.6989164622 0.06398968387 0.02210629249
1280 0.6989164622 0.0530846152 0.01938570648
1281 0.6989164622 0.05445692769 0.02053365546
1282 0.6989164622 0.04493995135 0.01869424143
1283 0.6989164622 0.04686803269 0.01923292482
1284 0.6989164622 0.04321389822 0.01873286686
1285 0.6989164622 0.05272700422 0.02280591186
1286 0.6989164622 0.05592748523 0.02305857273
1287 0.6989164622 0.04907796106 0.02060486599
1288 0.6989164622 0.04281224037 0.02191351203
1289 0.6989164622 0.03908690566 0.01831986314
1290 0.6989164622 0.04223950811 0.01839419339
1291 0.6989164622 0.04451651292 0.01850010984
1292 0.6989164622 0.05439325234 0.02391190465
1293 0.6989164622 0.06526102486 0.027153124
1294 0.6989164622 0.05421045841 0.02023732799
1295 0.6989164622 0.04784582795 0.02085809759
1296 0.6989164622 0.04617078019 0.02109728041
1297 0.6989164622 0.04131708845 0.0198571973
1298 0.6989164622 0.05292157964 0.02156033294
1299 0.6989164622 0.05417667251 0.02094078774
1300 0.6989164622 0.05165881804 0.02048561826
1301 0.6989164622 0.04533573947 0.02328918911
1302 0.6989164622 0.03770922604 0.01853390835
1303 0.6989164622 0.04899801087 0.02334534444
1304 0.6989164622 0.05555846938 0.02546444286
1305 0.6989164622 0.04722689078 0.02094726977
1306 0.6989164622 0.05191420148 0.02446956919
1307 0.6989164622 0.04807156438 0.02126184326
1308 0.6989164622 0.04440041814 0.02016381082
1309 0.6989164622 0.04667063437 0.02066218626
1310 0.6989164622 0.05605746549 0.02564840736
1311 0.6989164622 0.0525239468 0.02019746515
1312 0.6989164622 0.06254349315 0.02215694102
1313 0.6989164622 0.06122016679 0.02729873655
1314 0.6989164622 0.05076490516 0.02210870058
1315 0.6989164622 0.05928228777 0.02551618517
1316 0.6989164622 0.04708211356 0.02268240131
1317 0.6989164622 0.04833385794 0.0206491166
1318 0.6989164622 0.04930709307 0.02274165535
1319 0.6989164622 0.0638940287 0.02485895276
1320 0.6989164622 0.05292089086 0.02335685717
1321 0.6989164622 0.03917284138 0.01841792555
1322 0.6989164622 0.04482220029 0.01955481314
1323 0.6989164622 0.04650239575 0.02026758837
1324 0.6989164622 0.04590674105 0.02061264518
1325 0.6989164622 0.05601966744 0.02451109867
1326 0.6989164622 0.06121772535 0.02611974624
1327 0.6989164622 0.04114227762 0.01950370869
1328 0.6989164622 0.04399230384 0.02222805948
1329 0.6989164622 0.04778113731 0.02267682611
1330 0.6989164622 0.04391600415 0.02229913698
1331 0.6989164622 0.05130408413 0.02424275219
1332 0.6989164622 0.03963703967 0.01873762158
1333 0.6989164622 0.04859108335 0.02243728043
1334 0.6989164622 0.04747103329 0.02291704122
1335 0.6989164622 0.04811088596 0.02275280164
1336 0.6989164622 0.04607214733 0.02336162614
1337 0.6989164622 0.04218059522 0.02103609432
1338 0.6989164622 0.04706090152 0.02319558684
1339 0.6989164622 0.03717325097 0.02202216693
1340 0.6989164622 0.03772801631 0.02170486611
1341 0.6989164622 0.04379390741 0.02014883706
1342 0.6989164622 0.04802955811 0.02173411466
1343 0.7372885313 0.04421982131 0.02334781382
1344 0.7372885313 0.04124763361 0.02069876403
1345 0.7372885313 0.04208574875 0.02013411796
1346 0.7372885313 0.04494020585 0.02379575774
1347 0.7372885313 0.05130005859 0.02405419933
1348 0.7372885313 0.05424586198 0.02432059948
1349 0.7372885313 0.05040119058 0.02358238478
1350 0.7372885313 0.05464652322 0.02483686112
1351 0.7372885313 0.05018986242 0.02147520463
1352 0.7372885313 0.04968239415 0.0220478728
1353 0.7372885313 0.04689943295 0.021028651
1354 0.7372885313 0.05402268891 0.02821654929
1355 0.7372885313 0.05980227644 0.02563717362
1356 0.7372885313 0.04738702554 0.02120124914
1357 0.7372885313 0.05478761823 0.02282156451
1358 0.7372885313 0.06114193504 0.02586624158
1359 0.7372885313 0.05839455738 0.02478042077
1360 0.7372885313 0.06399407384 0.02820430854
1361 0.7372885313 0.06330468594 0.02521539531
1362 0.7372885313 0.0735314352 0.03197326192
1363 0.7372885313 0.05430785325 0.02278243297
1364 0.7372885313 0.05625823617 0.02686898065
1365 0.7372885313 0.0504539827 0.02212566995
1366 0.7372885313 0.06076275134 0.02235872062
1367 0.7372885313 0.05393126248 0.02197137863
1368 0.7372885313 0.05162293342 0.02258028749
1369 0.7372885313 0.06644885473 0.02829638896
1370 0.7372885313 0.05003500622 0.02203881101
1371 0.7372885313 0.05338545431 0.02204593606
1372 0.7372885313 0.05007626356 0.02288381415
1373 0.7372885313 0.05094487696 0.02425316523
1374 0.7372885313 0.05895391083 0.02484603394
1375 0.7372885313 0.05158520238 0.02155055126
1376 0.7372885313 0.05664474862 0.0238704098
1377 0.7372885313 0.0456153827 0.02074546861
1378 0.7372885313 0.06375873281 0.02551095275
1379 0.7372885313 0.05922558324 0.02291541672
1380 0.7372885313 0.06537742069 0.02355787
1381 0.7372885313 0.05056445292 0.02115322837
1382 0.7372885313 0.05773716682 0.02403107291
1383 0.7372885313 0.05951941625 0.02334768005
1384 0.7372885313 0.06642924975 0.02796994507
1385 0.7372885313 0.05795026883 0.0222713121
1386 0.7372885313 0.04965687394 0.02247132822
1387 0.7372885313 0.04976833399 0.02038995212
1388 0.7372885313 0.06447461722 0.02832705926
1389 0.7372885313 0.06409786826 0.02591948311
1390 0.7372885313 0.05124706306 0.02249960662
1391 0.7372885313 0.05379575122 0.02356995783
1392 0.7372885313 0.0444313552 0.02046154886
1393 0.7372885313 0.05393127646 0.02508593813
1394 0.7372885313 0.05748966888 0.0262425082
1395 0.7372885313 0.04678947536 0.02151163685
1396 0.7372885313 0.03840333241 0.02049998999
1397 0.7372885313 0.04441019554 0.02232102549
1398 0.7372885313 0.03817527483 0.01978581717
1399 0.7372885313 0.04466144922 0.02193461315
1400 0.7372885313 0.05449624835 0.02258756599
1401 0.7372885313 0.05277684701 0.02272537637
1402 0.7372885313 0.05057360236 0.02112051305
1403 0.7372885313 0.05122367771 0.02187507472
1404 0.7372885313 0.07461254575 0.03210175891
1405 0.7372885313 0.06302219329 0.02712676508
1406 0.7372885313 0.06959378895 0.03054396369
1407 0.7372885313 0.06942872408 0.03240931392
1408 0.7372885313 0.05165255993 0.02207980989
1409 0.7372885313 0.06012438563 0.02349953701
1410 0.7372885313 0.05985343563 0.02628324677
1411 0.7372885313 0.06019069135 0.02423979934
1412 0.7372885313 0.04511526804 0.02168497307
1413 0.7372885313 0.04758775879 0.02121102524
1414 0.7372885313 0.05585873047 0.02553125941
1415 0.7372885313 0.04892699655 0.02481179513
1416 0.7372885313 0.04059664351 0.0202888639
1417 0.7372885313 0.04550820451 0.02369004873
1418 0.7372885313 0.05397081035 0.02279630114
1419 0.7372885313 0.04589043607 0.02192395328
1420 0.7372885313 0.06080918089 0.0272010315
1421 0.7372885313 0.05705546136 0.02712272952
1422 0.7372885313 0.07603524602 0.03228403807
1423 0.7372885313 0.05341046805 0.02483519783
1424 0.7372885313 0.04131786836 0.02066415192
1425 0.7372885313 0.04264133146 0.02131712184
1426 0.7372885313 0.04788472782 0.02717298276
1427 0.7372885313 0.0419283922 0.02298635272
1428 0.7372885313 0.05551826985 0.02570828334
1429 0.7372885313 0.05284899837 0.02343618701
1430 0.7372885313 0.05143978765 0.02306291403
1431 0.7372885313 0.0487078344 0.02208363406
1432 0.7372885313 0.04463410286 0.02383669775
1433 0.7372885313 0.05572117781 0.02693377274
1434 0.7372885313 0.04429167218 0.02521940763
1435 0.7372885313 0.04883022084 0.02737095322
1436 0.7372885313 0.05034476354 0.02474056281
1437 0.7372885313 0.05191931053 0.02640349212
1438 0.7372885313 0.03840821173 0.02132198073
1439 0.7372885313 0.04281493966 0.02480195349
1440 0.7372885313 0.05416383103 0.02546448961
1441 0.7372885313 0.05121360335 0.02462610561
1442 0.7372885313 0.0426191622 0.02164252489
1443 0.7372885313 0.04634021055 0.02243410039
1444 0.7372885313 0.04585887916 0.02526046647
1445 0.7372885313 0.04986599151 0.02584031591
1446 0.7372885313 0.04592484836 0.02289832555
1447 0.7372885313 0.05230012384 0.02769527282
1448 0.7372885313 0.05615510971 0.02935531845
1449 0.7372885313 0.05752599131 0.02998422558
1450 0.7372885313 0.05726977298 0.03067199209
1451 0.7372885313 0.05593872568 0.02540599259
1452 0.7372885313 0.04048207979 0.0223541124
1453 0.7372885313 0.04818911222 0.0283433547
1454 0.7372885313 0.05290432721 0.02730344829
1455 0.7372885313 0.04827059697 0.02467480092
1456 0.7372885313 0.0547203887 0.02502354942
1457 0.7372885313 0.05417498196 0.02728617363
1458 0.7372885313 0.05857750397 0.02728990415
1459 0.7372885313 0.06335018938 0.02821783963
1460 0.7372885313 0.0502872261 0.02560346004
1461 0.7372885313 0.06679386686 0.03121612038
1462 0.7372885313 0.0474319106 0.02232263224
1463 0.7372885313 0.05528176604 0.02563122573
1464 0.7372885313 0.05163745243 0.02389489458
1465 0.7372885313 0.05096146032 0.02542858575
1466 0.7372885313 0.04855750693 0.02210650003
1467 0.7372885313 0.0499728159 0.02285533391
1468 0.7372885313 0.06602625526 0.0267618051
1469 0.7404389483 0.05955158358 0.02884050657
1470 0.7404389483 0.05776683169 0.02475466803
1471 0.7404389483 0.05748316721 0.02458700578
1472 0.7404389483 0.05504398809 0.0251995819
1473 0.7404389483 0.065304233 0.0312681945
1474 0.7404389483 0.04885081611 0.02345335717
1475 0.7404389483 0.04555699962 0.02162845273
1476 0.7404389483 0.05539955521 0.02825113826
1477 0.7404389483 0.05022269962 0.0235154221
1478 0.7404389483 0.05572413665 0.02840352811
1479 0.7404389483 0.04178382762 0.02163758126
1480 0.7404389483 0.04877376152 0.02345854486
1481 0.7404389483 0.05303599821 0.02709020131
1482 0.7404389483 0.0394146802 0.0214458259
1483 0.7404389483 0.05306263785 0.02849774343
1484 0.7404389483 0.05159722523 0.02605306806
1485 0.7404389483 0.05629863787 0.0309354141
1486 0.7404389483 0.04892838406 0.02705353373
1487 0.7404389483 0.04762087905 0.02323047041
1488 0.7404389483 0.05035513356 0.0236163553
1489 0.7404389483 0.04516779757 0.02244403534
1490 0.7404389483 0.04266507097 0.02272057149
1491 0.7404389483 0.04368776834 0.02375503395
1492 0.7404389483 0.04422747893 0.02368354953
1493 0.7404389483 0.05905922386 0.03331056895
1494 0.7404389483 0.05049085719 0.02539295075
1495 0.7404389483 0.0630878066 0.03199129874
1496 0.7404389483 0.05412102656 0.02444706865
1497 0.7404389483 0.05069829874 0.02486337284
1498 0.7404389483 0.05214856633 0.02538952323
1499 0.7404389483 0.04249603124 0.02361601474
1500 0.7404389483 0.04640290578 0.02255001671
1501 0.7404389483 0.04685460234 0.02426979496
1502 0.7404389483 0.05661824213 0.03022664463
1503 0.7404389483 0.05794078433 0.02813974749
1504 0.7404389483 0.05365536271 0.02595664497
1505 0.7404389483 0.05544169815 0.02754129778
1506 0.7404389483 0.05010449428 0.02299749753
1507 0.7404389483 0.0500079651 0.02306472146
1508 0.7404389483 0.05242531456 0.02643194741
1509 0.7404389483 0.04255137994 0.02260123224
1510 0.7404389483 0.06518134233 0.03403868793
1511 0.7404389483 0.05299499246 0.02548569088
1512 0.7404389483 0.06001845552 0.0253572133
1513 0.7404389483 0.05123143987 0.02606066677
1514 0.7404389483 0.05974217491 0.02862361612
1515 0.7477969617 0.05942507098 0.02887543575
1516 0.7477969617 0.06129489987 0.02800873603
1517 0.7477969617 0.06546651397 0.03178143986
1518 0.7477969617 0.06148784344 0.02973354687
1519 0.7477969617 0.0551387423 0.02392685113
1520 0.7477969617 0.05842960542 0.02519314894
1521 0.7477969617 0.05916011297 0.02631460348
1522 0.7477969617 0.06153696846 0.02942135779
1523 0.7477969617 0.0582708935 0.02615288132
1524 0.7477969617 0.04991208653 0.02306789868
1525 0.7477969617 0.04429060181 0.02307259939
1526 0.7477969617 0.05294888906 0.02705296484
1527 0.7717409784 0.0606898684 0.02972632278
1528 0.7717409784 0.04408882506 0.02745148379
1529 0.7717409784 0.05756232098 0.02954372184
1530 0.7717409784 0.05786196398 0.0267846884
1531 0.7717409784 0.04713625627 0.02255023583
1532 0.7717409784 0.055447854 0.02510772856
1533 0.7717409784 0.04876303348 0.02740740008
1534 0.7717409784 0.05080820236 0.02390140594
1535 0.7717409784 0.04469892091 0.02335778291
1536 0.7717409784 0.04362827515 0.02323735932
1537 0.7717409784 0.04932363122 0.02658837878
1538 0.7717409784 0.05176622513 0.024991552
1539 0.7717409784 0.05226405925 0.02558945424
1540 0.7717409784 0.04488041569 0.02360074808
1541 0.7717409784 0.05059050973 0.02562559899
1542 0.7717409784 0.04254156079 0.0269375931
1543 0.7717409784 0.04924504307 0.0247861547
1544 0.7717409784 0.05088136942 0.02701118206
1545 0.7717409784 0.04491148967 0.02523067924
1546 0.7717409784 0.04186451679 0.02486110437
1547 0.7717409784 0.04825171029 0.02393657566
1548 0.7717409784 0.05058439207 0.0253527975
1549 0.7717409784 0.06241355163 0.02646512996
1550 0.7717409784 0.04711682355 0.02456708026
1551 0.7717409784 0.0617983142 0.03305672838
1552 0.7717409784 0.05080205818 0.02459771175
1553 0.7717409784 0.05056632595 0.02646630309
1554 0.7717409784 0.05530637883 0.02539598524
1555 0.7717409784 0.05163205792 0.02619425047
1556 0.7717409784 0.0525105645 0.0289343424
1557 0.7717409784 0.04953815599 0.02553844936
1558 0.7717409784 0.05544890089 0.02852258577
1559 0.7717409784 0.05232657693 0.02543707238
1560 0.7717409784 0.05371071006 0.02505989135
1561 0.7717409784 0.05236444522 0.02994663646
1562 0.7717409784 0.04173642254 0.02358447507
1563 0.7717409784 0.05811508052 0.02893899961
1564 0.7717409784 0.04635390761 0.02606492963
1565 0.7717409784 0.04103789415 0.02308572655
1566 0.7717409784 0.05126059376 0.02495881922
1567 0.7717409784 0.05272806039 0.02421546407
1568 0.7717409784 0.04834727104 0.0251030191
1569 0.7717409784 0.06749869608 0.03146898604
1570 0.7717409784 0.06181750694 0.03147208656
1571 0.7717409784 0.05620491985 0.02696818963
1572 0.7717409784 0.06431858279 0.033748139
1573 0.7717409784 0.06372486353 0.03397682984
1574 0.7717409784 0.05360222292 0.02816420659
1575 0.7717409784 0.05391480244 0.030330558
1576 0.7717409784 0.04524412925 0.02503605129
1577 0.7717409784 0.05470103559 0.02584892601
1578 0.7717409784 0.05421221461 0.02555068703
1579 0.7717409784 0.04760903731 0.02489149148
1580 0.7717409784 0.05760790882 0.03102696556
1581 0.7717409784 0.04642043242 0.02437896474
1582 0.7717409784 0.04625370917 0.02437305193
1583 0.7717409784 0.05046223115 0.0286422097
1584 0.7717409784 0.054919543 0.03020552732
1585 0.7717409784 0.03967548768 0.02379322819
1586 0.7717409784 0.05993283493 0.02957946831
1587 0.7717409784 0.05476347786 0.03037787501
1588 0.7717409784 0.07908182509 0.03885228229
1589 0.7717409784 0.08809507842 0.04646240673
1590 0.7717409784 0.06860101921 0.03427725556
1591 0.7717409784 0.04510233103 0.02417030329
1592 0.7717409784 0.05682913806 0.03178531213
1593 0.7717409784 0.05049247354 0.02569860792
1594 0.7717409784 0.05405757026 0.02943207225
1595 0.7717409784 0.04845211934 0.02436787462
1596 0.7717409784 0.05030082194 0.02889687001
1597 0.7717409784 0.05911215895 0.02992805107
1598 0.7717409784 0.06211285421 0.02853723295
1599 0.7717409784 0.05830352472 0.02623705258
1600 0.7717409784 0.06074205351 0.0295445915
1601 0.7717409784 0.04985264913 0.02534717124
1602 0.7717409784 0.04634559268 0.02391730941
1603 0.7717409784 0.04348887142 0.02474982106
1604 0.7717409784 0.05319435849 0.02862233855
1605 0.7717409784 0.05930401472 0.02683621654
1606 0.7717409784 0.04620350744 0.0236087063
1607 0.7717409784 0.05393269131 0.0258798462
1608 0.7717409784 0.05604011845 0.0284298413
1609 0.7717409784 0.05214556497 0.02796528302
1610 0.7717409784 0.04899788596 0.02506096921
1611 0.7717409784 0.06241680881 0.03247603913
1612 0.7717409784 0.05330818408 0.02721663173
1613 0.7717409784 0.04125810358 0.02340048031
1614 0.7717409784 0.05681886024 0.02918963191
1615 0.7717409784 0.05115470206 0.02597183343
1616 0.7717409784 0.0519539672 0.02951540893
1617 0.7717409784 0.05210694077 0.0275831983
1618 0.7717409784 0.05937233647 0.03522482715
1619 0.7717409784 0.05162499742 0.03230537973
1620 0.7717409784 0.04923451915 0.02828782087
1621 0.7717409784 0.05019666209 0.0275558961
1622 0.7717409784 0.05107156991 0.02901624404
1623 0.7717409784 0.04496055528 0.02621972429
1624 0.7717409784 0.03470729892 0.02272270235
1625 0.7717409784 0.06054909879 0.0352641182
1626 0.7717409784 0.04791668093 0.02537298259
1627 0.7717409784 0.04380391535 0.02367271596
1628 0.7717409784 0.05292151302 0.0269530035
1629 0.7717409784 0.05963967866 0.03455438617
1630 0.7717409784 0.07063057234 0.04326330241
1631 0.7717409784 0.04844233397 0.0262141861
1632 0.7717409784 0.04213260684 0.02406497038
1633 0.7717409784 0.04355419877 0.02504321447
1634 0.7717409784 0.04692780001 0.02387209874
1635 0.7717409784 0.04044403365 0.02359276065
1636 0.7717409784 0.04404332266 0.02426586576
1637 0.7717409784 0.04251129866 0.02352331775
1638 0.7717409784 0.04425865824 0.02557505639
1639 0.7717409784 0.0599724046 0.02986937343
1640 0.7717409784 0.07419123627 0.0360244689
1641 0.7717409784 0.0562906533 0.02756727955
1642 0.7717409784 0.04117781136 0.02418534313
1643 0.7717409784 0.04183961464 0.02477361484
1644 0.7717409784 0.04578301309 0.02397611548
1645 0.7717409784 0.04650487755 0.02439266307
1646 0.7717409784 0.06369381403 0.03542938225
1647 0.7717409784 0.06018755058 0.03069579493
1648 0.7717409784 0.07247247163 0.03557125803
1649 0.7717409784 0.05691498011 0.02923101899
1650 0.7717409784 0.05769339562 0.0305621994
1651 0.7717409784 0.0616800515 0.03617627291
1652 0.7717409784 0.04939637279 0.02472105097
1653 0.7717409784 0.04015175496 0.02359790279
1654 0.7717409784 0.04677699954 0.02783301075
1655 0.7717409784 0.04660625793 0.02599172616
1656 0.7717409784 0.04464012789 0.02446673794
1657 0.7717409784 0.04672320101 0.02419661647
1658 0.7717409784 0.05178973401 0.02698491667
1659 0.7717409784 0.05504986096 0.03210485564
1660 0.7717409784 0.05818797472 0.02869928661
1661 0.7717409784 0.0660600684 0.03149315785
1662 0.7717409784 0.07352345289 0.03987499321
1663 0.7717409784 0.06461714365 0.03390379179
1664 0.7717409784 0.06816104536 0.0315904486
1665 0.7717409784 0.06722060209 0.02704251316
1666 0.7717409784 0.05984161297 0.03172906731
1667 0.7717409784 0.05658185768 0.02858614219
1668 0.7717409784 0.05700647337 0.02784076483
1669 0.7717409784 0.05087265905 0.0253423014
1670 0.7717409784 0.06353847896 0.03061770673
1671 0.7717409784 0.05881048111 0.02822293953
1672 0.7717409784 0.05869968382 0.0323650522
1673 0.7717409784 0.06159092887 0.03340682266
1674 0.7717409784 0.05614520039 0.02817583927
1675 0.7717409784 0.05794410306 0.0308940151
1676 0.7717409784 0.05051951387 0.02719175861
1677 0.7717409784 0.04993298662 0.02720136808
1678 0.7717409784 0.06196383586 0.03036789915
1679 0.7717409784 0.05848530459 0.02794127915
1680 0.7717409784 0.0512858367 0.02594869977
1681 0.7717409784 0.05696180379 0.02734578425
1682 0.7717409784 0.05349604228 0.02650424915
1683 0.7717409784 0.05900178248 0.03097184435
1684 0.7717409784 0.06143974121 0.02964942945
1685 0.7717409784 0.05324713002 0.02762988008
1686 0.7717409784 0.04904526542 0.02767581319
1687 0.7717409784 0.05914337174 0.029040983
1688 0.7717409784 0.04689160473 0.0238322682
1689 0.7717409784 0.05836321154 0.03123935867
1690 0.7717409784 0.05247104106 0.02449091596
1691 0.7717409784 0.05906610208 0.02955454541
1692 0.7717409784 0.06430497304 0.02715357012
1693 0.7717409784 0.0859521874 0.04036964727
1694 0.7717409784 0.05999664952 0.02499456905
1695 0.7717409784 0.05240031435 0.02549865467
1696 0.7717409784 0.05914911629 0.03214675126
1697 0.7717409784 0.05173834729 0.02517450544
1698 0.7717409784 0.05695846868 0.02823560804
1699 0.7717409784 0.05781077848 0.02832283111
1700 0.7717409784 0.05967940922 0.02703886811
1701 0.7717409784 0.07018577309 0.03118544551
1702 0.7717409784 0.06081613499 0.02901209243
1703 0.7717409784 0.054039161 0.02687094908
1704 0.7717409784 0.06451409307 0.03467951018
1705 0.7717409784 0.04972807508 0.02703457473
1706 0.7717409784 0.05299788283 0.02848812469
1707 0.7717409784 0.061512594 0.02831090478
1708 0.7717409784 0.06954577871 0.03119732722
1709 0.7717409784 0.06752700836 0.0289197271
1710 0.7717409784 0.05751783907 0.02476143649
1711 0.7717409784 0.06830141595 0.02930773698
1712 0.7717409784 0.06437462495 0.02809152982
1713 0.7717409784 0.06157076636 0.03014028151
1714 0.7717409784 0.0532213002 0.02900537162
1715 0.7717409784 0.05605357941 0.02888207965
1716 0.7717409784 0.04155235777 0.02457449445
1717 0.7717409784 0.06370213765 0.03213306844
1718 0.7717409784 0.0514995839 0.02767313271
1719 0.7717409784 0.05321866339 0.02689945444
1720 0.7717409784 0.04404186908 0.02742961362
1721 0.7717409784 0.05643219571 0.03284700607
1722 0.7717409784 0.05438358719 0.03060192702
1723 0.7717409784 0.04866578887 0.0246591843
1724 0.7717409784 0.05062277694 0.02462087981
1725 0.7717409784 0.04825799966 0.02512429828
1726 0.7717409784 0.03904562071 0.02327709776
1727 0.7717409784 0.05279506117 0.0280737045
1728 0.7717409784 0.05351586819 0.0295207953
1729 0.7717409784 0.05746639879 0.02963185546
1730 0.7717409784 0.04189327927 0.024599957
1731 0.7717409784 0.04136278978 0.02404275077
1732 0.7717409784 0.04116662657 0.02419540164
1733 0.7717409784 0.04803935096 0.02854552446
1734 0.7717409784 0.05047003312 0.02864828899
1735 0.7717409784 0.05707165746 0.02953357042
1736 0.7717409784 0.06611295295 0.03471954351
1737 0.7717409784 0.05014079586 0.02582174933
1738 0.7717409784 0.04226311187 0.02345465423
1739 0.7717409784 0.0702092414 0.0342172655
1740 0.7717409784 0.07355502009 0.03406930015
1741 0.7717409784 0.05564950643 0.03024984815
1742 0.7717409784 0.06256271561 0.0338101545
1743 0.7717409784 0.04227515355 0.02609959537
1744 0.7717409784 0.05588220153 0.02716860146
1745 0.7717409784 0.05303666551 0.02736924245
1746 0.7717409784 0.04793837777 0.02371032276
1747 0.7717409784 0.06035979144 0.03158221646
1748 0.7717409784 0.0456343102 0.02417078321
1749 0.7717409784 0.0597051031 0.03392240538
1750 0.7717409784 0.04243405078 0.02425295077
1751 0.7717409784 0.06070868654 0.02963994229
1752 0.7717409784 0.05009702609 0.02725301092
1753 0.7717409784 0.04742020789 0.02365998242
1754 0.7717409784 0.05481847115 0.0262339743
1755 0.7717409784 0.04704452109 0.02501995989
1756 0.7717409784 0.05230145735 0.02526695876
1757 0.7717409784 0.04587395397 0.024847378
1758 0.7717409784 0.06652166067 0.03301200814
1759 0.7717409784 0.05767092284 0.02741892326
1760 0.7717409784 0.05466957513 0.03007193459
1761 0.7717409784 0.05134604899 0.02740080549
1762 0.7717409784 0.05558384251 0.02526030485
1763 0.7717409784 0.0522759334 0.02483371891
1764 0.7717409784 0.05591885813 0.02752280707
1765 0.7717409784 0.05626424828 0.02663809529
1766 0.7717409784 0.05206340685 0.02488465647
1767 0.7717409784 0.04916322871 0.02490949334
1768 0.7717409784 0.05137095201 0.0291740418
1769 0.7717409784 0.04814199109 0.02447857216
1770 0.7717409784 0.05558622092 0.03209733014
1771 0.7717409784 0.05571049258 0.02941022244
1772 0.7717409784 0.05425956069 0.02593467627
1773 0.7717409784 0.05731968604 0.02926054846
1774 0.7717409784 0.05124913787 0.02811698837
1775 0.7717409784 0.04816474334 0.02431720153
1776 0.7717409784 0.05033587236 0.02619167739
1777 0.7717409784 0.0537043143 0.02738795871
1778 0.7717409784 0.05810030169 0.02942108306
1779 0.7717409784 0.05552711422 0.02615545708
1780 0.7717409784 0.05712219886 0.02619860223
1781 0.7717409784 0.08039144074 0.04012345486
1782 0.7717409784 0.06215562145 0.03089169325
1783 0.7717409784 0.04856497212 0.02732409704
1784 0.7717409784 0.05449173094 0.03106532294
1785 0.7717409784 0.0577693899 0.03211050836
1786 0.7717409784 0.06014530926 0.03033412463
1787 0.7717409784 0.06879046555 0.03589691017
1788 0.7717409784 0.04678121237 0.02458701875
1789 0.7717409784 0.04954929991 0.02618116504
1790 0.7717409784 0.05042543998 0.02544939084
1791 0.7717409784 0.0595040509 0.03238272427
1792 0.7717409784 0.05457759701 0.03145344714
1793 0.7717409784 0.05068944532 0.02651412523
1794 0.7717409784 0.04574868125 0.02554863896
1795 0.7717409784 0.04868776321 0.02506113521
1796 0.7717409784 0.05691132368 0.0312233746
1797 0.7717409784 0.04511222108 0.02593967304
1798 0.7717409784 0.0453524371 0.02484743735
1799 0.7717409784 0.05652846985 0.0274669015
1800 0.7717409784 0.0408363767 0.0243311513
1801 0.7717409784 0.03659607766 0.02310875751
1802 0.7717409784 0.047474979 0.02532019576
1803 0.7717409784 0.04450678192 0.02566635545
1804 0.7717409784 0.04742047185 0.02544686289
1805 0.7717409784 0.04236969862 0.0236254734
1806 0.7717409784 0.04331925744 0.02362897768
1807 0.7717409784 0.04731641753 0.02831159702
1808 0.7717409784 0.04587014057 0.02501055179
1809 0.7717409784 0.04910162167 0.02426813158
1810 0.7717409784 0.04280426471 0.02442350237
1811 0.7717409784 0.04467499345 0.02548566471
1812 0.7717409784 0.05201580087 0.02717222146
1813 0.7717409784 0.05099980928 0.03048110764
1814 0.7717409784 0.04817366891 0.02830740106
1815 0.7717409784 0.04222819941 0.02348657676
1816 0.7717409784 0.04858958068 0.02682327952
1817 0.7717409784 0.04652534209 0.02628199252
1818 0.7717409784 0.05805306412 0.03336127582
1819 0.7717409784 0.0461507236 0.02612062462
1820 0.7717409784 0.05743505036 0.02992758048
1821 0.7717409784 0.04914749492 0.02653687735
1822 0.7717409784 0.06230767966 0.02777229505
1823 0.7717409784 0.05439098684 0.03072147415
1824 0.7717409784 0.05767752209 0.03320656869
1825 0.7717409784 0.04525053597 0.02529806831
1826 0.7717409784 0.05046841165 0.0253250837
1827 0.7717409784 0.05408352987 0.03105518104
1828 0.7717409784 0.05788393982 0.03070588829
1829 0.7717409784 0.04274130611 0.0246814477
1830 0.7717409784 0.05531712774 0.02962993326
1831 0.7717409784 0.05036845817 0.02841540519
1832 0.7717409784 0.06920484088 0.03642238543
1833 0.7717409784 0.04627081816 0.02497222054
1834 0.7717409784 0.05391541986 0.02575127153
1835 0.7717409784 0.06708117805 0.03691831675
1836 0.7717409784 0.05418726074 0.02930759893
1837 0.7720384795 0.0680674256 0.03881752928
1838 0.7720384795 0.05874700043 0.0308011033
1839 0.7720384795 0.06596250706 0.03120301039
1840 0.7720384795 0.05401430822 0.02727087659
1841 0.7720384795 0.06115471948 0.03025904529
1842 0.7720384795 0.05152675126 0.02589509378
1843 0.7720384795 0.04858903937 0.02677152435
1844 0.7720384795 0.04408298515 0.02418996507
1845 0.7720384795 0.06047712252 0.03303008856
1846 0.7720384795 0.0689083676 0.03669769619
1847 0.7720384795 0.06877930219 0.02821002737
1848 0.7720384795 0.07114181431 0.03460637109
1849 0.7720384795 0.06087137191 0.03068784327
1850 0.7720384795 0.06750737642 0.03119631074
1851 0.7720384795 0.06225379463 0.02821349632
1852 0.7720384795 0.05247588367 0.02736996183
1853 0.7720384795 0.04551145241 0.02719014878
1854 0.7720384795 0.04553106521 0.02621805874
1855 0.7720384795 0.04948838725 0.02800814422
1856 0.7720384795 0.05763192259 0.03179440003
1857 0.7720384795 0.05710758452 0.02923198354
1858 0.7720384795 0.04767507597 0.02447035605
1859 0.7720384795 0.06015080842 0.03099805906
1860 0.7720384795 0.0536827414 0.02681345476
1861 0.7720384795 0.0462747411 0.02462906238
1862 0.7720384795 0.0544475727 0.02565886725
1863 0.7720384795 0.05982905719 0.02913090578
1864 0.7720384795 0.06462667156 0.0300241085
1865 0.7720384795 0.06094232596 0.02658277892
1866 0.7720384795 0.0576548051 0.0285388501
1867 0.7720384795 0.07946224044 0.03956531796
1868 0.7725035805 0.07279819771 0.03774585004
1869 0.7725035805 0.0742710935 0.03591597343
1870 0.7725035805 0.05115637076 0.02874189908
1871 0.7725035805 0.04974263957 0.028769823
1872 0.7725035805 0.03781388243 0.02333366535
1873 0.7725035805 0.04223446723 0.02357374645
1874 0.7725035805 0.05013332445 0.02641403877
1875 0.7725035805 0.04517859009 0.02531472893
1876 0.7725035805 0.05341555178 0.02841431146
1877 0.7725035805 0.05360273244 0.02924757569
1878 0.7725035805 0.05329521688 0.0283876271
1879 0.7725035805 0.05354954845 0.02828726552
1880 0.7725035805 0.06726495016 0.03193722132
1881 0.7725035805 0.05608547322 0.02640413317
1882 0.7725035805 0.05121543835 0.025874172
1883 0.7725035805 0.04803198714 0.02579037655
1884 0.7725035805 0.05061058703 0.02472231382
1885 0.7725035805 0.04937966737 0.02560875498
1886 0.7725035805 0.04889611577 0.02433122403
1887 0.7725035805 0.04844660257 0.02476763501
1888 0.7725035805 0.04098369125 0.02431986443
1889 0.7725035805 0.05351345427 0.02615587798
1890 0.7725035805 0.05294016709 0.02681710486
1891 0.7725035805 0.0432524965 0.02461407688
1892 0.7725035805 0.03936385669 0.02426382261
1893 0.7725035805 0.05124571034 0.02816219575
1894 0.7725035805 0.0416144953 0.02469935642
1895 0.7725035805 0.04593046683 0.02743172801
1896 0.7725035805 0.0541769898 0.02865197981
1897 0.7725035805 0.04515867177 0.02501408981
1898 0.7725035805 0.04512734035 0.02540326784
1899 0.7725035805 0.0532783721 0.02813827505
1900 0.7725035805 0.0564944224 0.02774387771
1901 0.7725035805 0.07046787576 0.03209702106
1902 0.7725035805 0.04736598738 0.02406816756
1903 0.7725035805 0.05892460483 0.02821895211
1904 0.7725035805 0.0507872526 0.02886148952
1905 0.7725035805 0.04700747892 0.02492967326
1906 0.7725035805 0.04847445273 0.0253231591
1907 0.7725035805 0.05268604939 0.02950349851
1908 0.7725035805 0.05307265252 0.02914870597
1909 0.7725035805 0.05149676291 0.0258172384
1910 0.7725035805 0.04522565715 0.02468800976
1911 0.7725035805 0.04386346458 0.02614091549
1912 0.7725035805 0.04745655778 0.02776752902
1913 0.7725035805 0.06487121073 0.0350585354
1914 0.7725035805 0.06387442768 0.0341430025
1915 0.7725035805 0.05195763601 0.02932628402
1916 0.7725035805 0.04863109739 0.02596208595
1917 0.7725035805 0.05444217758 0.02815932314
1918 0.7725035805 0.03602359324 0.0232046378
1919 0.7725035805 0.05328120027 0.02700209969
1920 0.7725035805 0.05629351991 0.03240331667
1921 0.7725035805 0.04790716968 0.02439265793
1922 0.7725035805 0.04363149311 0.02391685178
1923 0.7725035805 0.04407653932 0.02412297219
1924 0.7725035805 0.04745918413 0.02467952667
1925 0.7725035805 0.04166413523 0.02419521868
1926 0.7725035805 0.04042623768 0.02412457093
1927 0.7725035805 0.04333340318 0.02366845943
1928 0.7725035805 0.05955187491 0.03169360125
1929 0.7725035805 0.0496490756 0.02433580763
1930 0.7725035805 0.05679852027 0.03104157024
1931 0.7725035805 0.06597439683 0.03108589583
1932 0.7725035805 0.05625159377 0.02654676076
1933 0.7725035805 0.06090591346 0.02936882541
1934 0.7725035805 0.06450119823 0.02952790932
1935 0.7725035805 0.05960594824 0.02854539753
1936 0.7725035805 0.04562512968 0.02442906787
1937 0.7725035805 0.05987613497 0.03004749277
1938 0.7725035805 0.07447057743 0.04255724467
1939 0.7725035805 0.07626587529 0.03891621207
1940 0.7725035805 0.05661348074 0.02463327016
1941 0.7725035805 0.05333187738 0.0253311977
1942 0.7725035805 0.05441222249 0.02735011531
1943 0.7725035805 0.0504527837 0.02469144704
1944 0.7725035805 0.05821667352 0.02604303157
1945 0.7725035805 0.06246767244 0.03266108836
1946 0.7725035805 0.06881397852 0.0310440681
1947 0.7725035805 0.06648379845 0.02897934529
1948 0.7725035805 0.0773906242 0.03688356935
1949 0.7725035805 0.07326948612 0.03199299453
1950 0.7725035805 0.06747698998 0.02869027601
1951 0.7725035805 0.06091196851 0.02842576447
1952 0.7725035805 0.05088434094 0.02596335843
1953 0.7725035805 0.05225176017 0.02532733315
1954 0.7725035805 0.05537869607 0.03177912068
1955 0.7725035805 0.04751559089 0.0251286776
1956 0.7725035805 0.05735472336 0.02877812546
1957 0.7725035805 0.04855979365 0.02516138295
1958 0.7725035805 0.04817469325 0.02962938948
1959 0.7725035805 0.05450275943 0.02962307345
1960 0.7725035805 0.06370528633 0.03282240781
1961 0.7725035805 0.05049479144 0.02553972216
1962 0.7725035805 0.04529144805 0.02732974359
1963 0.7725035805 0.04552187887 0.02501038398
1964 0.7725035805 0.0410353459 0.02374953363
1965 0.7725035805 0.04724111156 0.02491200443
1966 0.7725035805 0.06377558038 0.03591622035
1967 0.7725035805 0.04994589803 0.03037028608
1968 0.7725035805 0.05034521669 0.02747099417
1969 0.7725035805 0.05490344239 0.03093835541
1970 0.7725035805 0.04241994886 0.02359947282
1971 0.7725035805 0.05209658406 0.02474334013
1972 0.7725035805 0.05066824539 0.0261843982
1973 0.7725035805 0.05781851702 0.03259169125
1974 0.7725035805 0.046935693 0.02550507318
1975 0.7725035805 0.06524566626 0.035632102
1976 0.7725035805 0.04969140245 0.02945755294
1977 0.7725035805 0.04229608799 0.02392507564
1978 0.7725035805 0.04805673304 0.02482504673
1979 0.7725035805 0.03940650496 0.02358155094
1980 0.7725035805 0.0555019246 0.0287153067
1981 0.7725035805 0.05029442341 0.02777741161
1982 0.7725035805 0.06710997858 0.03518409821
1983 0.7725035805 0.05076316171 0.02940660633
1984 0.7725035805 0.0460104626 0.02824576136
1985 0.7725035805 0.05191767335 0.03064230835
1986 0.7725035805 0.04498974615 0.02412237977
1987 0.7725035805 0.05042763543 0.02998376091
1988 0.7725035805 0.04949407895 0.02793724172
1989 0.7725035805 0.04884756397 0.03046936528
1990 0.7725035805 0.04827014236 0.02933200417
1991 0.7725035805 0.04277913286 0.0240285703
1992 0.7725035805 0.0403487881 0.02547363988
1993 0.7725035805 0.04026260328 0.02484188909
1994 0.7725035805 0.05168041419 0.02916967449
1995 0.7725035805 0.05607439044 0.0334811422
1996 0.7725035805 0.05509322446 0.02827190768
1997 0.7725035805 0.04927038703 0.02925019953
1998 0.7725035805 0.0478123767 0.02509007917
1999 0.7725035805 0.04750817604 0.02519017386
2000 0.7725035805 0.04337592582 0.02580689138
