8.944999999999999618e-01 8.967530000000000223e-01 8.925060000000000215e-01 8.932139999999999525e-01 8.976699999999999680e-01 8.939409999999999856e-01 8.905370000000000230e-01 8.903379999999999628e-01
9.051569999999999894e-01 8.807390000000000496e-01 9.050519999999999676e-01 9.002200000000000202e-01 8.987460000000000448e-01 8.914809999999999679e-01 9.107709999999999972e-01 8.884809999999999652e-01
8.955990000000000339e-01 8.937969999999999526e-01 9.007330000000000059e-01 8.940010000000000456e-01 8.905340000000000478e-01 8.817960000000000242e-01 8.885049999999999892e-01 8.925999999999999490e-01
8.920369999999999688e-01 8.904370000000000340e-01 9.022040000000000060e-01 9.223949999999999649e-01 8.934389999999999832e-01 8.934860000000000024e-01 9.139620000000000521e-01 8.958669999999999689e-01
8.954060000000000352e-01 8.947279999999999678e-01 8.941390000000000171e-01 8.914760000000000462e-01 9.010209999999999608e-01 8.922700000000000076e-01 8.903849999999999820e-01 9.370589999999999753e-01
8.947990000000000110e-01 8.824440000000000062e-01 8.898279999999999523e-01 9.020740000000000425e-01 8.922860000000000236e-01 8.906159999999999632e-01 8.924670000000000103e-01 8.979960000000000164e-01
8.857739999999999503e-01 8.909270000000000245e-01 8.916600000000000081e-01 8.965300000000000491e-01 9.011759999999999771e-01 9.086440000000000072e-01 8.944959999999999578e-01 8.896990000000000176e-01
8.963440000000000296e-01 8.906129999999999880e-01 8.860289999999999555e-01 8.888700000000000490e-01 8.887100000000000000e-01 8.938190000000000301e-01 8.911799999999999722e-01 9.085809999999999720e-01
8.904300000000000548e-01 9.000749999999999584e-01 8.868679999999999897e-01 8.909299999999999997e-01 9.044680000000000497e-01 8.949850000000000305e-01 8.919139999999999846e-01 9.084799999999999542e-01
8.974870000000000347e-01 8.989780000000000548e-01 8.937829999999999941e-01 9.028380000000000294e-01 9.135309999999999819e-01 8.934860000000000024e-01 8.971240000000000325e-01 9.050599999999999756e-01
8.990719999999999823e-01 8.819200000000000372e-01 9.019909999999999872e-01 8.954800000000000537e-01 8.915509999999999824e-01 9.242449999999999832e-01 9.008239999999999581e-01 8.943170000000000286e-01
9.028159999999999519e-01 8.936020000000000074e-01 8.858869999999999800e-01 9.090920000000000112e-01 8.995180000000000398e-01 8.986450000000000271e-01 8.919639999999999791e-01 8.904220000000000468e-01
9.184949999999999504e-01 8.941090000000000426e-01 8.950080000000000258e-01 9.337800000000000544e-01 8.882539999999999880e-01 8.930609999999999937e-01 8.899569999999999981e-01 8.841240000000000210e-01
8.871970000000000134e-01 9.051470000000000349e-01 9.037739999999999663e-01 8.932689999999999797e-01 8.942280000000000229e-01 8.856760000000000188e-01 8.912489999999999579e-01 8.910670000000000535e-01
8.878449999999999953e-01 8.960219999999999851e-01 8.994910000000000405e-01 9.009300000000000086e-01 8.977920000000000345e-01 8.994309999999999805e-01 8.953959999999999697e-01 8.913790000000000324e-01
8.893889999999999851e-01 8.514659999999999451e-01 8.963280000000000136e-01 8.939009999999999456e-01 9.052160000000000206e-01 8.953130000000000255e-01 8.944940000000000113e-01 9.028070000000000261e-01
8.931949999999999612e-01 8.940810000000000146e-01 8.861710000000000420e-01 8.966690000000000493e-01 8.907819999999999627e-01 8.982729999999999881e-01 8.874119999999999786e-01 8.886169999999999902e-01
8.936899999999999844e-01 8.851010000000000266e-01 8.979390000000000427e-01 8.916920000000000401e-01 9.099559999999999871e-01 9.021890000000000187e-01 8.898190000000000266e-01 8.797350000000000447e-01
8.918639999999999901e-01 9.084820000000000118e-01 8.919589999999999463e-01 8.953250000000000375e-01 8.908169999999999700e-01 8.940519999999999579e-01 8.962360000000000326e-01 8.961400000000000476e-01
8.906530000000000280e-01 8.960019999999999651e-01 8.953759999999999497e-01 8.894360000000000044e-01 8.948829999999999840e-01 9.076130000000000031e-01 8.644659999999999567e-01 8.732039999999999802e-01
8.908789999999999765e-01 9.056520000000000126e-01 9.069760000000000044e-01 8.970320000000000515e-01 9.344710000000000516e-01 8.855600000000000138e-01 8.919589999999999463e-01 8.890470000000000317e-01
9.022930000000000117e-01 8.967119999999999536e-01 8.911670000000000424e-01 8.996110000000000495e-01 9.017119999999999580e-01 8.943630000000000191e-01 8.859160000000000368e-01 8.867530000000000134e-01
8.942259999999999653e-01 9.071529999999999871e-01 8.874539999999999651e-01 8.845220000000000304e-01 8.915159999999999751e-01 8.939850000000000296e-01 8.861059999999999492e-01 8.953290000000000415e-01
8.879179999999999851e-01 8.885039999999999605e-01 8.867779999999999552e-01 8.916140000000000176e-01 9.015560000000000240e-01 8.957910000000000039e-01 8.905480000000000063e-01 8.898120000000000474e-01
8.889219999999999899e-01 8.920970000000000288e-01 8.716239999999999544e-01 8.883590000000000098e-01 8.901179999999999648e-01 8.831970000000000098e-01 8.811790000000000456e-01 8.936870000000000092e-01
8.948310000000000430e-01 8.950190000000000090e-01 8.916110000000000424e-01 8.909820000000000517e-01 8.862100000000000533e-01 8.916230000000000544e-01 8.851080000000000059e-01 8.867840000000000167e-01
8.975680000000000325e-01 8.919519999999999671e-01 8.929629999999999512e-01 9.018770000000000397e-01 8.865150000000000530e-01 8.896100000000000119e-01 8.947110000000000340e-01 9.026229999999999531e-01
9.025940000000000074e-01 8.890679999999999694e-01 8.910190000000000055e-01 8.929899999999999505e-01 9.035729999999999595e-01 8.934309999999999752e-01 8.971999999999999975e-01 8.974509999999999987e-01
9.037690000000000445e-01 9.006359999999999921e-01 8.451220000000000399e-01 9.139990000000000059e-01 8.937140000000000084e-01 8.870869999999999589e-01 8.931109999999999882e-01 8.960360000000000547e-01
8.799209999999999532e-01 9.035819999999999963e-01 8.977840000000000265e-01 9.069139999999999979e-01 8.869660000000000322e-01 9.097600000000000131e-01 9.134619999999999962e-01 9.255900000000000238e-01
9.027929999999999566e-01 9.045549999999999979e-01 8.840510000000000312e-01 8.874309999999999699e-01 8.940660000000000274e-01 9.041289999999999605e-01 9.013330000000000508e-01 9.006729999999999459e-01
8.879259999999999931e-01 8.901210000000000511e-01 9.064489999999999492e-01 9.243569999999999842e-01 8.993210000000000370e-01 8.883269999999999778e-01 8.877319999999999656e-01 8.933900000000000174e-01
8.950649999999999995e-01 9.162510000000000376e-01 9.000040000000000262e-01 8.900630000000000486e-01 8.532939999999999969e-01 8.926640000000000130e-01 8.980259999999999909e-01 8.736990000000000034e-01
8.841869999999999452e-01 8.981940000000000479e-01 8.923870000000000413e-01 8.953259999999999552e-01 8.897460000000000369e-01 9.018639999999999990e-01 8.997650000000000370e-01 8.996520000000000072e-01
8.915629999999999944e-01 8.986290000000000111e-01 8.882299999999999640e-01 8.939890000000000336e-01 8.893339999999999579e-01 8.858049999999999535e-01 8.932440000000000380e-01 8.999559999999999782e-01
8.932609999999999717e-01 9.002379999999999827e-01 8.867199999999999527e-01 8.885049999999999892e-01 8.902790000000000425e-01 8.847829999999999862e-01 8.967779999999999641e-01 9.010390000000000343e-01
8.913250000000000339e-01 8.975659999999999750e-01 8.915539999999999576e-01 8.885750000000000037e-01 8.870120000000000227e-01 9.004020000000000357e-01 8.925089999999999968e-01 9.048329999999999984e-01
8.856889999999999485e-01 8.927450000000000108e-01 8.882590000000000208e-01 8.885990000000000277e-01 8.914819999999999967e-01 8.901090000000000391e-01 8.664129999999999887e-01 8.939030000000000031e-01
9.014370000000000438e-01 8.931970000000000187e-01 8.930080000000000240e-01 8.883410000000000473e-01 8.873280000000000056e-01 9.215379999999999683e-01 8.854060000000000263e-01 8.866880000000000317e-01
8.935060000000000224e-01 8.849909999999999721e-01 8.932250000000000467e-01 8.987469999999999626e-01 8.892379999999999729e-01 8.958679999999999977e-01 8.852879999999999638e-01 8.940740000000000354e-01
8.934750000000000192e-01 9.091569999999999929e-01 9.011949999999999683e-01 8.939479999999999649e-01 8.960630000000000539e-01 8.933919999999999639e-01 8.971500000000000030e-01 8.956859999999999822e-01
8.926030000000000353e-01 8.997209999999999930e-01 8.987319999999999753e-01 8.907610000000000250e-01 9.002850000000000019e-01 9.120770000000000266e-01 8.910289999999999599e-01 9.031029999999999891e-01
8.870799999999999796e-01 8.841409999999999547e-01 8.923379999999999646e-01 8.964149999999999618e-01 8.844809999999999617e-01 8.888099999999999890e-01 9.253710000000000546e-01 9.012310000000000043e-01
8.874319999999999986e-01 8.865199999999999747e-01 8.862029999999999630e-01 8.889219999999999899e-01 9.009260000000000046e-01 8.683779999999999832e-01 9.031609999999999916e-01 8.786439999999999806e-01
8.820489999999999720e-01 8.846779999999999644e-01 8.889089999999999492e-01 8.875490000000000324e-01 8.864140000000000352e-01 8.980050000000000532e-01 8.948350000000000470e-01 8.934029999999999472e-01
8.840240000000000320e-01 8.883990000000000498e-01 8.937920000000000309e-01 8.909040000000000292e-01 8.911890000000000089e-01 8.939439999999999609e-01 9.030899999999999483e-01 8.866610000000000325e-01
8.969420000000000170e-01 8.945999999999999508e-01 8.912419999999999787e-01 9.149699999999999500e-01 8.980540000000000189e-01 8.908930000000000460e-01 8.881489999999999663e-01 8.850299999999999834e-01
8.914649999999999519e-01 8.967249999999999943e-01 8.851229999999999931e-01 8.868909999999999849e-01 8.854049999999999976e-01 8.872609999999999664e-01 9.001869999999999594e-01 8.903450000000000530e-01
8.887100000000000000e-01 8.880230000000000068e-01 9.033050000000000246e-01 8.853269999999999751e-01 8.871649999999999814e-01 8.873370000000000424e-01 8.884859999999999980e-01 8.920439999999999481e-01
8.477320000000000411e-01 8.850099999999999634e-01 8.967190000000000438e-01 8.533420000000000449e-01 8.904379999999999518e-01 8.812980000000000258e-01 8.781769999999999854e-01 8.923790000000000333e-01
8.834330000000000238e-01 8.939510000000000511e-01 8.871820000000000261e-01 8.946300000000000363e-01 9.136520000000000197e-01 8.830759999999999721e-01 8.889340000000000019e-01 8.957319999999999727e-01
8.867030000000000189e-01 9.076279999999999903e-01 8.712720000000000464e-01 8.933130000000000237e-01 8.881189999999999918e-01 8.914959999999999551e-01 8.921839999999999771e-01 8.848449999999999926e-01
8.817319999999999602e-01 8.694199999999999706e-01 9.083719999999999573e-01 8.855340000000000433e-01 9.010740000000000416e-01 8.921919999999999851e-01 8.800440000000000484e-01 8.918639999999999901e-01
9.003409999999999469e-01 8.841620000000000035e-01 8.901459999999999928e-01 8.817549999999999555e-01 8.895870000000000166e-01 8.975710000000000077e-01 8.876450000000000173e-01 8.808920000000000083e-01
8.863510000000000000e-01 8.901320000000000343e-01 8.982409999999999561e-01 8.842320000000000180e-01 6.808180000000000343e-01 8.892010000000000192e-01 8.863069999999999560e-01 8.916619999999999546e-01
9.001040000000000152e-01 8.953010000000000135e-01 8.933370000000000477e-01 9.080780000000000518e-01 8.864210000000000145e-01 8.886349999999999527e-01 8.928310000000000413e-01 8.910059999999999647e-01
8.889590000000000547e-01 8.916490000000000249e-01 8.791349999999999998e-01 8.815420000000000478e-01 8.944189999999999641e-01 9.016180000000000305e-01 8.909089999999999510e-01 8.853389999999999871e-01
8.851609999999999756e-01 8.853879999999999528e-01 8.687479999999999647e-01 8.960160000000000347e-01 8.923550000000000093e-01 8.895560000000000134e-01 9.025429999999999842e-01 8.896699999999999608e-01
8.991470000000000296e-01 9.062280000000000335e-01 8.884370000000000323e-01 8.882830000000000448e-01 8.874619999999999731e-01 8.995379999999999487e-01 8.853839999999999488e-01 9.014699999999999935e-01
8.851860000000000284e-01 8.852670000000000261e-01 8.924490000000000478e-01 8.869810000000000194e-01 9.014520000000000310e-01 8.835659999999999625e-01 8.903849999999999820e-01 8.892670000000000297e-01
8.869460000000000122e-01 8.898329999999999851e-01 9.011609999999999898e-01 9.051399999999999446e-01 9.012160000000000171e-01 8.981379999999999919e-01 8.944410000000000416e-01 8.922609999999999708e-01
8.904889999999999750e-01 8.654049999999999798e-01 8.834760000000000391e-01 8.821719999999999562e-01 8.997760000000000202e-01 8.876180000000000181e-01 8.796850000000000502e-01 8.969369999999999843e-01
8.895020000000000149e-01 8.983590000000000186e-01 8.881130000000000413e-01 8.949049999999999505e-01 8.893720000000000514e-01 8.857399999999999718e-01 8.894959999999999534e-01 8.868310000000000359e-01
8.839430000000000343e-01 9.041890000000000205e-01 8.779529999999999834e-01 8.873670000000000169e-01 8.932639999999999469e-01 8.896530000000000271e-01 8.886330000000000062e-01 8.805140000000000189e-01
8.837120000000000530e-01 8.819129999999999470e-01 8.997979999999999867e-01 9.182080000000000242e-01 8.838930000000000398e-01 9.476569999999999716e-01 8.823069999999999524e-01 8.802680000000000504e-01
8.845250000000000057e-01 8.835539999999999505e-01 8.848260000000000014e-01 8.734450000000000269e-01 8.857909999999999950e-01 9.027720000000000189e-01 8.914279999999999982e-01 8.884180000000000410e-01
8.960489999999999844e-01 8.780550000000000299e-01 8.869989999999999819e-01 8.576510000000000522e-01 8.872870000000000479e-01 8.938430000000000542e-01 8.905210000000000070e-01 8.824929999999999719e-01
8.933050000000000157e-01 8.893140000000000489e-01 8.886420000000000430e-01 8.671529999999999516e-01 8.941050000000000386e-01 8.828380000000000116e-01 8.921430000000000193e-01 8.843950000000000422e-01
8.886089999999999822e-01 8.836619999999999475e-01 8.848599999999999799e-01 8.822320000000000162e-01 8.947659999999999503e-01 8.954699999999999882e-01 8.593490000000000295e-01 8.894269999999999676e-01
8.899089999999999501e-01 8.913309999999999844e-01 8.855589999999999851e-01 8.964980000000000171e-01 9.026560000000000139e-01 8.827190000000000314e-01 9.036539999999999573e-01 8.889920000000000044e-01
8.830350000000000144e-01 8.869359999999999467e-01 8.832410000000000538e-01 8.857129999999999725e-01 8.805530000000000301e-01 8.792900000000000160e-01 9.065280000000000005e-01 8.693650000000000544e-01
9.029770000000000296e-01 8.880270000000000108e-01 8.847899999999999654e-01 8.757589999999999542e-01 8.895070000000000476e-01 8.832160000000000011e-01 8.859620000000000273e-01 8.787059999999999871e-01
8.837359999999999660e-01 8.807779999999999498e-01 8.841759999999999620e-01 8.821999999999999842e-01 8.882649999999999713e-01 8.717040000000000344e-01 8.772769999999999735e-01 8.858369999999999855e-01
8.954440000000000177e-01 8.831679999999999531e-01 8.934959999999999569e-01 8.866760000000000197e-01 8.794370000000000243e-01 8.688329999999999664e-01 8.839099999999999735e-01 9.130209999999999715e-01
8.885039999999999605e-01 8.877559999999999896e-01 8.880109999999999948e-01 8.828319999999999501e-01 8.903149999999999675e-01 8.916049999999999809e-01 8.857059999999999933e-01 8.826889999999999459e-01
8.845530000000000337e-01 8.926979999999999915e-01 8.800780000000000269e-01 8.996680000000000232e-01 8.835089999999999888e-01 8.877329999999999943e-01 8.842740000000000045e-01 8.809580000000000188e-01
8.946589999999999820e-01 9.103900000000000325e-01 8.967260000000000231e-01 8.797059999999999880e-01 8.820069999999999855e-01 8.802349999999999897e-01 8.887380000000000280e-01 8.833649999999999558e-01
8.823609999999999509e-01 8.744880000000000431e-01 8.799000000000000155e-01 8.840799999999999770e-01 8.841799999999999660e-01 8.846570000000000267e-01 8.938040000000000429e-01 8.860749999999999460e-01
8.416829999999999590e-01 8.800379999999999869e-01 8.896399999999999864e-01 8.872020000000000461e-01 8.805549999999999766e-01 8.696080000000000476e-01 9.004670000000000174e-01 8.685610000000000275e-01
8.865220000000000322e-01 8.844589999999999952e-01 8.840249999999999497e-01 8.865769999999999484e-01 8.940540000000000154e-01 8.800900000000000389e-01 8.962940000000000351e-01 9.004760000000000542e-01
9.286360000000000170e-01 8.814229999999999565e-01 9.170949999999999935e-01 8.896739999999999648e-01 8.786119999999999486e-01 8.869160000000000377e-01 8.864549999999999930e-01 8.864720000000000377e-01
8.797770000000000312e-01 8.829979999999999496e-01 8.722779999999999978e-01 8.784110000000000529e-01 8.942280000000000229e-01 8.872250000000000414e-01 8.854950000000000321e-01 8.747049999999999548e-01
8.890050000000000452e-01 8.777049999999999574e-01 9.062149999999999928e-01 8.896439999999999904e-01 8.836819999999999675e-01 8.898310000000000386e-01 8.819379999999999997e-01 8.905399999999999983e-01
9.242329999999999712e-01 8.840249999999999497e-01 8.807289999999999841e-01 8.892430000000000057e-01 8.875020000000000131e-01 8.870069999999999899e-01 8.944220000000000503e-01 8.968760000000000066e-01
8.871919999999999806e-01 8.844450000000000367e-01 9.416830000000000478e-01 8.849139999999999784e-01 8.789099999999999691e-01 8.730379999999999807e-01 8.811759999999999593e-01 8.852680000000000549e-01
8.815229999999999455e-01 8.783400000000000096e-01 8.904859999999999998e-01 8.834009999999999918e-01 8.768049999999999455e-01 8.790050000000000363e-01 8.847519999999999829e-01 8.914870000000000294e-01
9.112789999999999502e-01 8.834359999999999991e-01 8.906129999999999880e-01 8.854260000000000463e-01 8.809500000000000108e-01 8.817829999999999835e-01 8.834400000000000031e-01 8.933419999999999694e-01
8.758749999999999591e-01 8.841949999999999532e-01 8.853130000000000166e-01 9.005809999999999649e-01 8.797449999999999992e-01 8.832060000000000466e-01 8.807059999999999889e-01 8.848869999999999791e-01
9.158530000000000282e-01 8.776049999999999685e-01 8.904840000000000533e-01 9.043369999999999465e-01 9.198469999999999702e-01 8.780729999999999924e-01 8.861299999999999732e-01 8.876500000000000501e-01
8.850259999999999794e-01 9.018519999999999870e-01 8.847369999999999957e-01 8.953430000000000000e-01 8.833849999999999758e-01 8.780419999999999892e-01 8.827209999999999779e-01 8.786859999999999671e-01
8.793710000000000138e-01 8.780430000000000179e-01 8.697270000000000278e-01 8.791710000000000358e-01 8.794570000000000443e-01 8.784490000000000354e-01 8.970470000000000388e-01 9.037060000000000093e-01
8.738960000000000061e-01 8.757660000000000444e-01 8.769700000000000273e-01 8.698430000000000328e-01 8.799829999999999597e-01 8.915399999999999991e-01 8.831379999999999786e-01 8.761809999999999876e-01
8.857669999999999710e-01 9.049719999999999986e-01 8.936140000000000194e-01 8.993889999999999940e-01 8.851229999999999931e-01 8.827599999999999891e-01 8.836770000000000458e-01 8.776580000000000492e-01
8.689080000000000137e-01 8.906610000000000360e-01 8.772280000000000078e-01 8.799709999999999477e-01 8.699999999999999956e-01 8.772199999999999998e-01 8.981500000000000039e-01 8.813630000000000075e-01
8.851299999999999724e-01 8.834589999999999943e-01 8.762640000000000429e-01 8.801849999999999952e-01 8.731569999999999609e-01 8.889489999999999892e-01 9.144940000000000291e-01 8.811989999999999545e-01
8.882809999999999873e-01 8.861360000000000348e-01 8.894100000000000339e-01 8.805920000000000414e-01 8.813119999999999843e-01 8.821029999999999704e-01 8.835669999999999913e-01 8.817949999999999955e-01
8.552579999999999627e-01 9.074470000000000036e-01 8.780250000000000554e-01 9.049289999999999834e-01 8.830000000000000071e-01 8.964990000000000459e-01 8.923780000000000046e-01 8.841489999999999627e-01
8.911499999999999977e-01 8.779310000000000169e-01 8.800559999999999494e-01 8.788780000000000481e-01 8.830000000000000071e-01 8.863889999999999825e-01 8.863510000000000000e-01 8.756680000000000019e-01
8.831499999999999906e-01 8.914480000000000182e-01 8.654129999999999878e-01 8.832010000000000138e-01 8.661860000000000115e-01 8.753940000000000055e-01 8.800780000000000269e-01 8.806680000000000064e-01
8.816709999999999825e-01 8.774199999999999777e-01 8.556960000000000122e-01 8.810270000000000046e-01 8.970190000000000108e-01 8.776460000000000372e-01 8.873590000000000089e-01 8.734480000000000022e-01
8.757080000000000419e-01 8.916220000000000256e-01 9.185480000000000311e-01 8.765309999999999491e-01 8.881590000000000318e-01 9.125849999999999795e-01 8.806890000000000551e-01 8.886669999999999847e-01
8.886960000000000415e-01 8.860510000000000330e-01 8.796779999999999600e-01 8.962609999999999744e-01 8.760250000000000536e-01 8.824189999999999534e-01 8.771729999999999805e-01 8.875150000000000539e-01
8.831949999999999523e-01 8.697850000000000303e-01 8.881350000000000078e-01 8.803440000000000154e-01 8.814109999999999445e-01 8.749980000000000535e-01 8.932390000000000052e-01 8.799649999999999972e-01
8.800630000000000397e-01 8.853020000000000334e-01 8.838000000000000300e-01 8.888810000000000322e-01 8.912299999999999667e-01 8.914130000000000109e-01 8.771700000000000053e-01 8.871670000000000389e-01
8.652809999999999668e-01 8.808139999999999858e-01 8.786169999999999813e-01 8.784269999999999579e-01 8.873170000000000224e-01 8.808989999999999876e-01 8.877399999999999736e-01 8.634650000000000380e-01
8.745000000000000551e-01 8.777359999999999607e-01 8.700039999999999996e-01 8.775899999999999812e-01 8.771790000000000420e-01 8.778580000000000272e-01 8.744269999999999543e-01 8.779770000000000074e-01
8.703469999999999818e-01 8.833269999999999733e-01 8.904969999999999830e-01 8.589729999999999865e-01 8.747660000000000435e-01 8.798139999999999850e-01 8.760729999999999906e-01 8.857930000000000526e-01
8.776969999999999494e-01 8.710470000000000157e-01 8.759019999999999584e-01 8.827300000000000146e-01 8.837519999999999820e-01 8.818780000000000507e-01 8.750649999999999817e-01 9.018490000000000117e-01
8.763389999999999791e-01 8.852240000000000109e-01 8.819500000000000117e-01 8.776100000000000012e-01 8.838489999999999958e-01 8.952620000000000022e-01 8.768669999999999520e-01 8.979380000000000139e-01
8.356149999999999967e-01 8.729820000000000357e-01 8.788799999999999946e-01 8.736500000000000377e-01 8.779519999999999547e-01 8.943290000000000406e-01 8.732760000000000522e-01 8.765089999999999826e-01
8.720759999999999623e-01 8.716920000000000224e-01 8.656099999999999905e-01 8.709719999999999684e-01 8.677820000000000533e-01 8.746460000000000345e-01 8.951219999999999732e-01 8.758190000000000142e-01
8.985020000000000229e-01 8.833499999999999686e-01 8.825610000000000399e-01 8.824830000000000174e-01 8.891850000000000032e-01 8.774990000000000290e-01 8.749040000000000150e-01 8.781379999999999741e-01
8.805619999999999559e-01 8.770390000000000130e-01 8.878139999999999921e-01 8.727249999999999730e-01 8.813779999999999948e-01 8.874739999999999851e-01 8.716810000000000391e-01 8.900219999999999798e-01
9.038869999999999960e-01 8.942949999999999511e-01 8.731139999999999457e-01 8.878300000000000081e-01 8.725129999999999830e-01 8.857319999999999638e-01 8.695819999999999661e-01 9.225210000000000354e-01
8.927950000000000053e-01 8.758660000000000334e-01 8.998620000000000507e-01 8.770710000000000450e-01 9.075860000000000039e-01 8.775190000000000490e-01 8.798399999999999554e-01 8.958120000000000527e-01
8.802419999999999689e-01 8.767859999999999543e-01 8.745939999999999825e-01 8.721529999999999561e-01 8.673490000000000366e-01 8.714279999999999804e-01 8.828179999999999916e-01 8.804999999999999494e-01
8.827869999999999884e-01 8.624429999999999596e-01 8.779200000000000337e-01 8.569109999999999783e-01 8.767650000000000166e-01 9.098650000000000349e-01 8.894589999999999996e-01 8.812600000000000433e-01
8.845020000000000104e-01 9.065689999999999582e-01 8.760409999999999586e-01 8.726660000000000528e-01 8.794880000000000475e-01 8.830200000000000271e-01 8.844560000000000199e-01 8.810719999999999663e-01
8.784429999999999739e-01 8.633250000000000091e-01 8.687890000000000335e-01 8.812079999999999913e-01 9.094529999999999559e-01 8.879799999999999915e-01 8.765119999999999578e-01 8.995370000000000310e-01
8.857610000000000205e-01 8.819460000000000077e-01 8.881940000000000390e-01 8.747319999999999540e-01 8.695000000000000506e-01 8.718489999999999851e-01 8.283730000000000260e-01 6.499519999999999742e-01
9.055339999999999501e-01 8.736500000000000377e-01 8.800149999999999917e-01 9.023060000000000525e-01 8.810670000000000446e-01 8.713469999999999827e-01 8.767000000000000348e-01 8.774410000000000265e-01
8.743469999999999853e-01 8.854809999999999626e-01 8.804279999999999884e-01 8.767589999999999550e-01 8.723119999999999763e-01 8.750189999999999912e-01 8.777310000000000390e-01 8.737899999999999556e-01
8.713189999999999547e-01 8.771259999999999613e-01 8.888160000000000505e-01 8.716589999999999616e-01 8.743379999999999486e-01 8.741299999999999626e-01 8.846920000000000339e-01 8.721630000000000216e-01
8.878740000000000521e-01 8.781339999999999701e-01 8.752579999999999805e-01 8.753570000000000517e-01 8.972989999999999577e-01 8.785589999999999788e-01 8.730689999999999840e-01 8.618190000000000017e-01
8.896920000000000384e-01 8.715479999999999894e-01 8.737749999999999684e-01 8.744150000000000533e-01 8.747110000000000163e-01 8.773539999999999672e-01 8.754229999999999512e-01 8.840670000000000472e-01
8.735060000000000047e-01 8.690809999999999924e-01 8.805939999999999879e-01 8.944100000000000383e-01 8.835530000000000328e-01 8.752579999999999805e-01 8.792200000000000015e-01 8.685910000000000020e-01
8.684910000000000130e-01 8.679759999999999698e-01 8.872510000000000119e-01 8.464030000000000165e-01 8.757120000000000459e-01 8.752790000000000292e-01 8.840430000000000232e-01 8.805749999999999966e-01
8.750839999999999730e-01 8.729409999999999670e-01 8.669639999999999569e-01 8.674650000000000416e-01 8.957129999999999814e-01 8.700409999999999533e-01 8.690689999999999804e-01 8.704060000000000130e-01
8.669179999999999664e-01 8.760989999999999611e-01 8.678489999999999815e-01 8.900599999999999623e-01 8.719630000000000436e-01 8.783630000000000049e-01 8.839540000000000175e-01 8.687219999999999942e-01
8.755690000000000417e-01 8.833229999999999693e-01 8.701539999999999830e-01 8.767709999999999670e-01 9.042019999999999502e-01 8.780149999999999899e-01 8.736469999999999514e-01 8.733079999999999732e-01
8.717380000000000129e-01 8.776920000000000277e-01 8.745270000000000543e-01 8.744380000000000486e-01 8.662710000000000132e-01 8.691179999999999461e-01 8.734169999999999989e-01 8.778650000000000064e-01
8.699500000000000011e-01 8.742950000000000443e-01 8.757690000000000197e-01 8.633459999999999468e-01 8.724950000000000205e-01 8.668360000000000509e-01 8.785570000000000324e-01 8.806779999999999609e-01
8.773250000000000215e-01 7.951230000000000242e-01 8.737540000000000306e-01 8.714610000000000412e-01 8.788270000000000248e-01 8.695540000000000491e-01 8.737019999999999786e-01 8.714990000000000236e-01
8.674199999999999688e-01 8.776180000000000092e-01 8.679149999999999920e-01 8.749580000000000135e-01 8.745380000000000376e-01 8.727930000000000410e-01 8.679189999999999960e-01 8.850780000000000314e-01
8.709080000000000155e-01 8.768949999999999800e-01 8.687230000000000230e-01 8.685650000000000315e-01 8.675859999999999683e-01 8.727709999999999635e-01 8.577380000000000004e-01 8.820799999999999752e-01
8.756249999999999867e-01 8.915760000000000352e-01 8.777479999999999727e-01 8.705650000000000333e-01 8.960519999999999596e-01 8.492429999999999701e-01 8.671999999999999709e-01 8.625969999999999471e-01
8.748899999999999455e-01 8.691429999999999989e-01 8.620619999999999949e-01 8.704490000000000283e-01 8.763159999999999838e-01 8.925509999999999833e-01 8.632790000000000186e-01 8.661769999999999747e-01
8.743109999999999493e-01 9.461680000000000090e-01 8.800729999999999942e-01 8.734819999999999807e-01 8.718160000000000354e-01 8.810310000000000086e-01 8.703929999999999723e-01 8.603089999999999904e-01
8.815410000000000190e-01 8.838869999999999783e-01 7.786450000000000315e-01 8.663480000000000070e-01 8.693199999999999816e-01 8.759409999999999696e-01 8.736350000000000504e-01 8.698919999999999986e-01
8.721309999999999896e-01 9.193329999999999558e-01 8.655739999999999545e-01 8.645420000000000327e-01 8.729740000000000277e-01 9.142940000000000511e-01 8.719059999999999588e-01 8.812940000000000218e-01
8.719249999999999501e-01 8.811769999999999881e-01 8.890339999999999909e-01 8.850820000000000354e-01 9.066410000000000302e-01 8.740649999999999809e-01 8.723180000000000378e-01 8.744950000000000223e-01
8.675270000000000481e-01 8.742699999999999916e-01 8.707799999999999985e-01 8.674169999999999936e-01 8.860099999999999643e-01 8.844670000000000032e-01 8.984370000000000411e-01 8.754929999999999657e-01
8.769860000000000433e-01 8.681109999999999660e-01 8.687359999999999527e-01 8.970730000000000093e-01 8.665749999999999842e-01 8.657390000000000363e-01 8.803469999999999906e-01 8.922879999999999701e-01
8.654030000000000333e-01 8.674129999999999896e-01 8.784459999999999491e-01 8.733830000000000204e-01 8.717200000000000504e-01 8.721400000000000263e-01 8.768690000000000095e-01 8.674359999999999848e-01
8.927840000000000220e-01 8.632490000000000441e-01 8.657380000000000075e-01 8.800010000000000332e-01 8.648010000000000419e-01 8.695089999999999764e-01 8.722720000000000473e-01 8.671419999999999684e-01
8.638540000000000108e-01 8.742180000000000506e-01 8.692060000000000342e-01 8.661790000000000322e-01 8.667829999999999702e-01 8.687810000000000255e-01 8.814969999999999750e-01 8.593039999999999567e-01
8.860820000000000363e-01 8.679230000000000000e-01 8.725450000000000150e-01 8.593380000000000463e-01 8.718470000000000386e-01 8.605270000000000419e-01 8.733319999999999972e-01 8.785079999999999556e-01
8.584129999999999816e-01 8.443159999999999554e-01 8.711980000000000279e-01 8.660959999999999770e-01 8.621590000000000087e-01 8.612819999999999920e-01 8.738580000000000236e-01 8.744030000000000413e-01
8.666690000000000227e-01 8.716519999999999824e-01 8.659470000000000223e-01 8.734849999999999559e-01 8.843109999999999582e-01 8.660449999999999537e-01 8.624669999999999837e-01 8.656939999999999635e-01
8.827329999999999899e-01 8.639799999999999702e-01 8.773309999999999720e-01 8.526160000000000405e-01 8.772990000000000510e-01 8.645559999999999912e-01 8.651440000000000241e-01 8.527850000000000152e-01
8.826349999999999474e-01 8.638390000000000235e-01 8.571419999999999595e-01 8.653779999999999806e-01 8.665580000000000505e-01 8.775680000000000147e-01 8.732860000000000067e-01 8.653809999999999558e-01
9.110780000000000545e-01 8.593889999999999585e-01 8.602720000000000367e-01 8.666989999999999972e-01 8.708289999999999642e-01 8.697420000000000151e-01 8.662940000000000085e-01 8.710109999999999797e-01
8.678399999999999448e-01 8.637580000000000258e-01 8.729479999999999462e-01 8.529679999999999485e-01 8.594889999999999475e-01 8.620050000000000212e-01 8.618879999999999875e-01 8.767449999999999966e-01
8.387999999999999901e-01 8.535599999999999854e-01 8.637899999999999467e-01 8.616409999999999902e-01 8.686450000000000005e-01 8.490799999999999459e-01 8.541429999999999856e-01 8.608489999999999753e-01
8.661980000000000235e-01 8.603119999999999656e-01 8.696720000000000006e-01 8.685690000000000355e-01 8.747869999999999813e-01 8.876920000000000366e-01 8.642229999999999634e-01 8.637989999999999835e-01
8.718420000000000059e-01 8.661280000000000090e-01 8.642800000000000482e-01 8.696270000000000389e-01 8.793940000000000090e-01 8.637129999999999530e-01 8.721499999999999808e-01 8.519170000000000353e-01
8.724690000000000500e-01 8.615169999999999773e-01 8.698620000000000241e-01 8.735349999999999504e-01 8.626390000000000446e-01 8.627550000000000496e-01 8.621290000000000342e-01 8.744750000000000023e-01
8.683659999999999712e-01 8.574680000000000080e-01 8.373779999999999557e-01 8.613760000000000305e-01 8.786850000000000493e-01 8.527299999999999880e-01 8.625479999999999814e-01 8.653910000000000213e-01
8.702689999999999593e-01 8.662609999999999477e-01 8.638069999999999915e-01 8.625369999999999981e-01 8.993550000000000155e-01 8.652060000000000306e-01 8.682149999999999590e-01 8.637829999999999675e-01
8.560600000000000431e-01 8.640390000000000015e-01 8.714720000000000244e-01 8.644199999999999662e-01 8.677799999999999958e-01 8.798890000000000322e-01 8.693469999999999809e-01 8.614340000000000330e-01
8.580130000000000257e-01 8.594380000000000353e-01 8.654849999999999488e-01 8.711149999999999727e-01 8.594150000000000400e-01 8.657430000000000403e-01 8.637519999999999643e-01 8.695730000000000404e-01
8.602250000000000174e-01 8.633119999999999683e-01 8.610839999999999606e-01 8.890670000000000517e-01 8.660440000000000360e-01 8.572499999999999565e-01 8.724210000000000020e-01 8.714020000000000099e-01
8.644539999999999447e-01 8.753189999999999582e-01 8.652849999999999708e-01 8.684060000000000112e-01 8.729459999999999997e-01 8.698110000000000008e-01 8.651379999999999626e-01 8.669179999999999664e-01
8.633690000000000531e-01 8.616129999999999622e-01 8.627869999999999706e-01 8.683340000000000503e-01 8.732320000000000082e-01 8.664399999999999880e-01 8.676570000000000116e-01 8.686380000000000212e-01
8.749329999999999607e-01 8.819280000000000452e-01 9.113769999999999927e-01 8.576489999999999947e-01 8.700020000000000531e-01 8.544059999999999988e-01 8.670130000000000337e-01 8.745650000000000368e-01
8.669630000000000392e-01 8.417299999999999782e-01 8.572929999999999717e-01 8.572130000000000027e-01 8.648050000000000459e-01 8.596829999999999750e-01 8.766850000000000476e-01 8.607599999999999696e-01
8.759839999999999849e-01 8.675910000000000011e-01 8.682140000000000413e-01 9.213860000000000383e-01 8.563490000000000268e-01 8.590820000000000123e-01 8.656040000000000401e-01 8.741970000000000018e-01
8.671240000000000059e-01 8.794720000000000315e-01 8.425719999999999876e-01 8.698569999999999913e-01 8.749109999999999943e-01 8.696720000000000006e-01 8.803170000000000162e-01 8.679050000000000376e-01
8.565800000000000081e-01 8.569390000000000063e-01 8.615399999999999725e-01 8.580860000000000154e-01 8.859010000000000495e-01 8.425489999999999924e-01 8.561919999999999531e-01 8.623450000000000282e-01
8.638820000000000388e-01 8.370999999999999552e-01 8.556500000000000217e-01 8.651320000000000121e-01 8.589919999999999778e-01 8.809609999999999941e-01 8.549750000000000405e-01 8.939300000000000024e-01
8.463279999999999692e-01 8.592090000000000005e-01 8.599229999999999929e-01 8.625540000000000429e-01 8.652769999999999628e-01 8.625369999999999981e-01 8.567379999999999995e-01 8.563819999999999766e-01
8.617150000000000087e-01 8.592330000000000245e-01 8.579269999999999952e-01 8.529309999999999947e-01 8.555150000000000254e-01 8.658670000000000533e-01 8.819310000000000205e-01 8.728690000000000060e-01
8.476550000000000473e-01 8.636430000000000495e-01 8.525030000000000108e-01 8.581619999999999804e-01 8.535199999999999454e-01 8.620470000000000077e-01 8.812470000000000026e-01 8.890029999999999877e-01
8.688390000000000279e-01 8.737540000000000306e-01 8.595129999999999715e-01 8.548080000000000123e-01 8.534920000000000284e-01 8.540429999999999966e-01 8.596589999999999510e-01 8.620010000000000172e-01
8.602149999999999519e-01 8.703309999999999658e-01 8.576810000000000267e-01 8.556479999999999642e-01 8.561090000000000089e-01 8.616009999999999502e-01 8.622170000000000112e-01 8.378090000000000259e-01
8.641889999999999850e-01 8.551260000000000527e-01 8.651910000000000434e-01 8.307909999999999462e-01 8.574559999999999960e-01 8.749510000000000343e-01 8.609670000000000378e-01 8.698620000000000241e-01
8.656960000000000210e-01 8.619670000000000387e-01 8.575559999999999850e-01 8.569170000000000398e-01 8.850789999999999491e-01 8.580339999999999634e-01 8.613830000000000098e-01 8.672539999999999694e-01
8.531590000000000007e-01 8.637899999999999467e-01 8.548559999999999492e-01 8.591130000000000155e-01 8.492699999999999694e-01 8.626500000000000279e-01 8.641619999999999857e-01 9.008789999999999853e-01
8.578230000000000022e-01 8.569210000000000438e-01 8.635979999999999768e-01 8.601999999999999647e-01 8.602290000000000214e-01 8.540630000000000166e-01 8.624629999999999797e-01 8.584110000000000351e-01
8.444350000000000467e-01 8.643589999999999884e-01 8.727319999999999522e-01 8.541980000000000128e-01 8.707139999999999880e-01 8.324650000000000105e-01 8.633359999999999923e-01 9.085919999999999552e-01
8.575150000000000272e-01 8.592149999999999510e-01 8.833640000000000381e-01 8.632130000000000081e-01 8.609670000000000378e-01 8.567860000000000475e-01 9.019719999999999960e-01 8.545329999999999870e-01
8.370459999999999567e-01 8.553659999999999597e-01 8.548000000000000043e-01 8.600119999999999987e-01 8.808259999999999978e-01 8.581950000000000411e-01 8.545139999999999958e-01 8.682029999999999470e-01
8.658839999999999870e-01 8.613939999999999930e-01 8.652170000000000138e-01 8.632469999999999866e-01 8.706159999999999455e-01 8.570360000000000200e-01 8.587719999999999798e-01 8.597599999999999687e-01
8.572769999999999557e-01 8.463119999999999532e-01 8.280110000000000525e-01 8.908019999999999827e-01 8.567559999999999620e-01 8.580280000000000129e-01 8.636430000000000495e-01 8.548419999999999908e-01
8.687719999999999887e-01 8.517109999999999959e-01 8.571280000000000010e-01 8.627780000000000449e-01 8.558419999999999916e-01 8.183930000000000371e-01 8.593429999999999680e-01 8.560750000000000304e-01
8.569449999999999568e-01 8.602309999999999679e-01 8.565829999999999833e-01 8.728190000000000115e-01 8.551029999999999465e-01 8.930860000000000465e-01 8.615620000000000500e-01 8.613530000000000353e-01
8.621990000000000487e-01 8.600010000000000154e-01 8.661999999999999700e-01 8.856100000000000083e-01 8.569520000000000470e-01 8.546369999999999800e-01 8.775760000000000227e-01 8.591769999999999685e-01
8.766209999999999836e-01 8.525890000000000413e-01 8.535080000000000444e-01 8.919319999999999471e-01 8.607409999999999783e-01 8.545719999999999983e-01 8.553920000000000412e-01 8.560929999999999929e-01
8.553309999999999524e-01 8.586040000000000338e-01 8.757329999999999837e-01 8.556589999999999474e-01 8.596310000000000340e-01 8.566110000000000113e-01 8.717810000000000281e-01 8.584960000000000369e-01
8.563819999999999766e-01 8.478580000000000005e-01 8.536049999999999471e-01 8.501900000000000013e-01 8.505920000000000147e-01 8.687840000000000007e-01 8.480609999999999538e-01 8.488639999999999519e-01
8.515239999999999476e-01 8.515500000000000291e-01 8.353469999999999507e-01 8.503789999999999960e-01 8.537379999999999969e-01 8.601090000000000124e-01 8.534140000000000059e-01 8.505380000000000162e-01
8.539179999999999549e-01 8.485049999999999537e-01 8.478740000000000165e-01 8.528729999999999922e-01 8.433880000000000265e-01 8.541699999999999848e-01 8.479820000000000135e-01 8.527390000000000247e-01
8.437599999999999545e-01 8.564720000000000111e-01 8.604650000000000354e-01 8.472699999999999676e-01 8.474690000000000278e-01 8.644190000000000484e-01 8.323159999999999448e-01 8.593790000000000040e-01
8.535319999999999574e-01 8.471260000000000456e-01 8.516510000000000469e-01 8.534429999999999517e-01 8.580499999999999794e-01 8.560429999999999984e-01 8.522579999999999600e-01 8.628059999999999619e-01
8.310570000000000457e-01 8.644100000000000117e-01 8.511809999999999654e-01 8.505080000000000418e-01 8.668409999999999727e-01 8.463389999999999525e-01 8.303230000000000333e-01 8.338969999999999994e-01
8.519299999999999651e-01 8.485239999999999450e-01 8.514549999999999619e-01 8.526000000000000245e-01 8.571910000000000363e-01 8.574859999999999705e-01 8.710280000000000244e-01 8.516850000000000254e-01
8.510429999999999939e-01 8.492359999999999909e-01 8.576080000000000370e-01 8.632640000000000313e-01 8.494270000000000431e-01 8.489139999999999464e-01 8.599620000000000042e-01 8.555850000000000399e-01
8.490450000000000497e-01 8.511670000000000069e-01 8.655500000000000416e-01 8.684450000000000225e-01 8.634420000000000428e-01 8.531940000000000079e-01 8.551180000000000447e-01 8.593309999999999560e-01
8.802820000000000089e-01 8.549719999999999542e-01 8.514059999999999961e-01 8.596260000000000012e-01 8.604950000000000099e-01 8.495470000000000521e-01 8.660510000000000153e-01 9.040890000000000315e-01
8.608810000000000073e-01 8.490999999999999659e-01 8.482410000000000228e-01 8.512589999999999879e-01 8.647029999999999994e-01 8.630649999999999711e-01 8.621180000000000510e-01 8.465110000000000134e-01
8.594939999999999802e-01 8.461769999999999570e-01 8.518120000000000136e-01 8.463739999999999597e-01 8.484279999999999600e-01 8.534760000000000124e-01 8.582560000000000189e-01 8.565300000000000136e-01
8.519759999999999556e-01 8.514620000000000521e-01 8.497099999999999653e-01 8.683380000000000543e-01 8.516599999999999726e-01 8.629409999999999581e-01 8.517569999999999864e-01 8.658740000000000325e-01
8.492260000000000364e-01 8.525260000000000060e-01 8.675249999999999906e-01 8.636399999999999633e-01 8.493730000000000446e-01 8.564659999999999496e-01 8.582149999999999501e-01 8.478029999999999733e-01
8.492060000000000164e-01 8.439740000000000020e-01 8.510309999999999819e-01 8.866030000000000300e-01 8.495650000000000146e-01 8.558940000000000436e-01 8.526690000000000103e-01 8.564429999999999543e-01
8.587120000000000308e-01 8.451800000000000423e-01 8.911850000000000049e-01 8.476110000000000033e-01 8.464760000000000062e-01 8.799660000000000259e-01 8.601109999999999589e-01 8.475939999999999586e-01
8.536380000000000079e-01 8.481239999999999890e-01 8.564559999999999951e-01 8.844629999999999992e-01 8.598190000000000000e-01 8.562760000000000371e-01 8.480699999999999905e-01 8.605580000000000451e-01
8.515700000000000491e-01 8.508369999999999544e-01 8.772130000000000205e-01 8.404730000000000256e-01 8.507299999999999862e-01 8.565110000000000223e-01 8.495019999999999794e-01 8.397390000000000132e-01
8.544549999999999645e-01 8.524030000000000218e-01 8.488299999999999734e-01 8.549560000000000493e-01 8.489590000000000192e-01 8.392060000000000075e-01 8.510710000000000219e-01 8.621029999999999527e-01
8.535789999999999766e-01 8.430809999999999693e-01 8.633800000000000363e-01 8.555810000000000359e-01 8.550870000000000415e-01 8.472119999999999651e-01 8.497810000000000086e-01 8.525700000000000500e-01
8.686199999999999477e-01 8.498369999999999536e-01 8.556449999999999889e-01 8.566589999999999483e-01 8.656779999999999475e-01 8.524819999999999620e-01 8.475139999999999896e-01 8.585920000000000218e-01
8.405040000000000289e-01 8.497780000000000333e-01 8.652999999999999581e-01 8.430739999999999901e-01 8.381459999999999466e-01 8.440969999999999862e-01 8.374000000000000332e-01 8.511990000000000389e-01
8.490360000000000129e-01 8.446719999999999784e-01 8.368309999999999915e-01 8.855800000000000338e-01 8.482239999999999780e-01 8.751050000000000217e-01 8.510699999999999932e-01 8.465639999999999832e-01
8.446129999999999471e-01 8.443840000000000234e-01 8.480060000000000375e-01 8.524140000000000050e-01 8.437059999999999560e-01 8.475800000000000001e-01 8.451100000000000279e-01 8.488419999999999854e-01
8.497980000000000533e-01 8.376069999999999904e-01 8.453779999999999628e-01 8.510729999999999684e-01 8.450509999999999966e-01 8.619999999999999885e-01 8.541330000000000311e-01 8.454399999999999693e-01
8.434009999999999563e-01 8.446559999999999624e-01 8.474679999999999991e-01 8.535369999999999902e-01 8.542999999999999483e-01 8.418639999999999457e-01 8.494939999999999714e-01 8.416130000000000555e-01
8.347909999999999497e-01 8.722020000000000328e-01 8.422560000000000047e-01 8.392830000000000013e-01 8.267060000000000519e-01 8.465019999999999767e-01 8.394890000000000407e-01 8.367630000000000345e-01
8.287949999999999484e-01 8.424920000000000186e-01 8.478569999999999718e-01 8.413410000000000055e-01 9.034280000000000088e-01 8.529349999999999987e-01 8.403340000000000254e-01 8.409959999999999658e-01
8.559339999999999726e-01 8.422539999999999472e-01 8.455909999999999815e-01 8.436479999999999535e-01 8.398619999999999974e-01 8.445960000000000134e-01 8.561229999999999674e-01 8.541290000000000271e-01
8.506569999999999965e-01 8.422629999999999839e-01 8.422709999999999919e-01 8.475040000000000351e-01 8.492159999999999709e-01 8.548400000000000443e-01 8.408240000000000158e-01 8.441870000000000207e-01
8.490750000000000242e-01 8.643990000000000284e-01 8.572229999999999572e-01 8.356580000000000119e-01 8.432089999999999863e-01 8.587329999999999686e-01 8.486709999999999532e-01 8.605810000000000404e-01
8.448609999999999731e-01 8.511900000000000022e-01 8.433190000000000408e-01 8.473159999999999581e-01 8.475759999999999961e-01 8.434739999999999460e-01 8.472600000000000131e-01 8.419109999999999649e-01
8.305069999999999952e-01 8.593119999999999647e-01 8.776279999999999637e-01 8.469780000000000086e-01 8.539400000000000324e-01 8.442760000000000264e-01 8.377729999999999899e-01 8.890949999999999687e-01
8.478499999999999925e-01 8.443920000000000314e-01 8.418830000000000480e-01 8.545540000000000358e-01 8.403990000000000071e-01 8.503479999999999928e-01 8.485019999999999785e-01 8.643319999999999892e-01
8.581619999999999804e-01 8.467470000000000274e-01 8.566890000000000338e-01 8.389450000000000518e-01 8.379119999999999902e-01 8.500290000000000346e-01 8.477479999999999460e-01 8.520489999999999453e-01
8.427820000000000311e-01 8.462779999999999747e-01 8.584570000000000256e-01 8.899259999999999948e-01 8.499529999999999585e-01 8.437099999999999600e-01 8.493000000000000549e-01 8.468890000000000029e-01
8.535610000000000142e-01 8.452800000000000313e-01 8.370840000000000503e-01 8.510039999999999827e-01 8.334650000000000114e-01 8.399729999999999697e-01 8.417759999999999687e-01 8.456240000000000423e-01
8.438759999999999595e-01 8.325479999999999547e-01 8.440750000000000197e-01 8.657230000000000203e-01 8.743870000000000253e-01 8.489700000000000024e-01 8.414359999999999618e-01 8.532389999999999697e-01
8.445559999999999734e-01 8.460069999999999535e-01 8.359670000000000156e-01 8.430999999999999606e-01 8.519670000000000298e-01 8.565260000000000096e-01 8.544770000000000421e-01 8.423110000000000319e-01
8.739719999999999711e-01 8.419550000000000090e-01 8.555160000000000542e-01 8.394500000000000295e-01 8.446059999999999679e-01 8.491840000000000499e-01 8.420250000000000234e-01 8.632440000000000113e-01
8.469219999999999526e-01 8.491159999999999819e-01 8.404009999999999536e-01 8.426460000000000061e-01 8.472739999999999716e-01 8.433800000000000185e-01 8.446120000000000294e-01 8.720750000000000446e-01
8.462349999999999595e-01 8.429499999999999771e-01 8.512170000000000014e-01 8.711029999999999607e-01 8.498999999999999888e-01 8.404099999999999904e-01 8.519550000000000178e-01 8.305460000000000065e-01
8.343009999999999593e-01 8.315569999999999906e-01 8.528440000000000465e-01 8.394329999999999847e-01 8.569590000000000263e-01 8.356839999999999824e-01 8.336679999999999646e-01 8.322929999999999495e-01
8.106389999999999985e-01 8.407470000000000221e-01 8.395730000000000137e-01 8.369779999999999998e-01 8.432910000000000128e-01 8.399999999999999689e-01 8.350980000000000070e-01 8.325909999999999700e-01
8.345979999999999510e-01 8.396090000000000497e-01 8.459539999999999837e-01 8.316259999999999764e-01 8.384629999999999583e-01 8.264270000000000227e-01 8.338870000000000449e-01 8.348820000000000130e-01
8.352380000000000360e-01 8.321279999999999788e-01 8.418649999999999745e-01 8.584709999999999841e-01 8.388160000000000061e-01 8.533199999999999674e-01 8.404679999999999929e-01 8.337839999999999696e-01
8.416059999999999652e-01 8.462899999999999867e-01 8.379090000000000149e-01 8.265820000000000389e-01 8.392330000000000068e-01 8.401669999999999972e-01 8.444070000000000187e-01 8.329569999999999474e-01
8.338550000000000129e-01 8.375270000000000215e-01 8.309750000000000192e-01 8.347869999999999457e-01 8.415430000000000410e-01 8.408790000000000431e-01 8.332220000000000182e-01 8.448020000000000529e-01
8.329229999999999690e-01 8.524819999999999620e-01 8.313450000000000006e-01 8.557500000000000107e-01 8.376390000000000224e-01 8.528379999999999850e-01 8.357269999999999976e-01 8.594929999999999515e-01
8.360570000000000501e-01 8.250650000000000484e-01 8.222030000000000172e-01 8.344709999999999628e-01 8.420819999999999972e-01 8.430910000000000348e-01 8.439590000000000147e-01 8.422209999999999974e-01
8.328699999999999992e-01 8.281490000000000240e-01 8.358959999999999724e-01 8.601849999999999774e-01 8.361180000000000279e-01 8.491539999999999644e-01 8.300250000000000128e-01 8.345679999999999765e-01
8.309119999999999839e-01 8.363340000000000218e-01 8.474890000000000478e-01 8.577470000000000372e-01 8.344810000000000283e-01 8.385139999999999816e-01 8.264200000000000434e-01 8.350570000000000492e-01
8.700750000000000428e-01 8.393159999999999510e-01 8.289579999999999727e-01 8.346660000000000190e-01 8.361720000000000264e-01 8.439569999999999572e-01 8.361250000000000071e-01 8.123169999999999558e-01
8.383399999999999741e-01 8.720269999999999966e-01 8.388700000000000045e-01 8.350119999999999765e-01 8.348959999999999715e-01 8.382460000000000466e-01 8.532999999999999474e-01 8.306719999999999660e-01
8.239330000000000265e-01 8.382589999999999764e-01 8.327350000000000030e-01 8.454129999999999701e-01 8.411110000000000531e-01 8.348320000000000185e-01 8.387679999999999580e-01 8.435479999999999645e-01
8.702980000000000160e-01 8.439670000000000227e-01 8.406139999999999723e-01 8.548660000000000148e-01 8.364279999999999493e-01 8.342859999999999721e-01 8.400279999999999969e-01 8.389799999999999480e-01
8.486559999999999659e-01 8.400410000000000377e-01 8.370659999999999767e-01 8.140450000000000186e-01 8.359360000000000124e-01 8.451459999999999528e-01 8.407769999999999966e-01 8.847350000000000492e-01
8.306440000000000490e-01 8.393049999999999677e-01 8.339220000000000521e-01 8.404420000000000224e-01 8.284240000000000492e-01 8.397679999999999589e-01 8.303009999999999557e-01 8.337930000000000064e-01
8.571550000000000002e-01 8.388550000000000173e-01 8.374329999999999830e-01 8.362479999999999913e-01 8.351889999999999592e-01 8.260129999999999972e-01 8.429729999999999723e-01 8.364430000000000476e-01
8.377909999999999524e-01 8.390670000000000073e-01 8.323260000000000103e-01 8.403080000000000549e-01 8.944910000000000361e-01 8.616819999999999480e-01 8.470069999999999544e-01 8.377080000000000082e-01
8.485519999999999730e-01 8.951909999999999590e-01 8.380630000000000024e-01 8.531039999999999734e-01 8.323249999999999815e-01 8.461720000000000352e-01 8.299630000000000063e-01 8.356299999999999839e-01
8.391739999999999755e-01 8.368719999999999493e-01 8.268670000000000186e-01 8.322349999999999470e-01 8.407980000000000453e-01 8.363580000000000458e-01 8.371199999999999752e-01 8.315970000000000306e-01
8.397470000000000212e-01 8.367339999999999778e-01 8.445089999999999542e-01 8.420570000000000555e-01 8.616880000000000095e-01 8.265479999999999494e-01 8.423620000000000552e-01 8.333679999999999977e-01
8.248039999999999816e-01 8.268130000000000202e-01 8.194829999999999615e-01 8.288670000000000204e-01 8.589719999999999578e-01 8.295909999999999673e-01 8.294799999999999951e-01 8.260309999999999597e-01
8.339569999999999483e-01 8.386660000000000226e-01 8.365280000000000493e-01 8.285879999999999912e-01 8.338769999999999794e-01 8.235639999999999628e-01 8.396329999999999627e-01 8.319260000000000543e-01
8.331450000000000244e-01 8.242490000000000094e-01 8.379360000000000142e-01 8.253110000000000168e-01 8.317339999999999733e-01 8.258670000000000178e-01 8.233580000000000343e-01 8.330149999999999499e-01
8.186189999999999856e-01 8.235999999999999988e-01 8.316219999999999724e-01 8.272239999999999593e-01 8.241460000000000452e-01 8.265519999999999534e-01 8.429450000000000554e-01 8.230060000000000153e-01
8.505150000000000210e-01 8.267050000000000232e-01 8.327980000000000382e-01 8.321030000000000371e-01 8.269560000000000244e-01 8.239360000000000017e-01 8.424439999999999706e-01 8.324350000000000360e-01
8.282789999999999875e-01 8.587280000000000468e-01 8.248630000000000129e-01 8.248199999999999976e-01 8.313260000000000094e-01 8.258219999999999450e-01 8.394270000000000342e-01 8.264770000000000172e-01
8.248980000000000201e-01 8.236820000000000253e-01 8.306550000000000322e-01 8.246820000000000261e-01 8.631410000000000471e-01 8.281610000000000360e-01 8.492039999999999589e-01 8.266670000000000407e-01
8.220629999999999882e-01 8.297419999999999796e-01 8.327090000000000325e-01 8.364780000000000548e-01 8.272159999999999513e-01 8.226689999999999836e-01 8.290699999999999736e-01 8.355120000000000324e-01
8.217379999999999685e-01 8.226379999999999804e-01 8.477740000000000276e-01 8.344629999999999548e-01 8.333580000000000432e-01 8.246040000000000036e-01 8.269600000000000284e-01 8.247929999999999984e-01
8.278219999999999468e-01 8.352680000000000105e-01 8.390659999999999785e-01 8.299560000000000271e-01 8.288419999999999677e-01 8.269969999999999821e-01 8.367949999999999555e-01 8.304559999999999720e-01
8.297780000000000156e-01 8.334099999999999842e-01 8.306240000000000290e-01 8.450980000000000159e-01 8.279790000000000205e-01 8.245700000000000252e-01 8.387350000000000083e-01 8.244000000000000217e-01
8.271460000000000479e-01 8.324589999999999490e-01 8.344390000000000418e-01 8.351460000000000550e-01 8.306390000000000162e-01 8.216949999999999532e-01 8.208550000000000013e-01 8.377679999999999572e-01
8.290060000000000207e-01 8.416979999999999462e-01 8.223219999999999974e-01 8.323679999999999968e-01 8.288689999999999669e-01 8.321859999999999813e-01 8.255409999999999693e-01 8.278419999999999668e-01
8.339769999999999683e-01 8.325649999999999995e-01 8.264249999999999652e-01 8.526200000000000445e-01 8.175839999999999774e-01 8.327299999999999702e-01 8.158549999999999969e-01 8.278269999999999795e-01
8.245999999999999996e-01 8.288100000000000467e-01 8.315200000000000369e-01 8.309339999999999504e-01 8.346050000000000413e-01 8.290060000000000207e-01 8.276590000000000336e-01 8.315829999999999611e-01
7.885210000000000274e-01 8.373199999999999532e-01 8.528670000000000417e-01 8.378060000000000507e-01 8.336780000000000301e-01 8.301039999999999530e-01 8.277790000000000425e-01 8.243310000000000359e-01
8.311129999999999907e-01 8.375169999999999559e-01 8.267809999999999881e-01 8.351210000000000022e-01 8.383760000000000101e-01 8.241469999999999629e-01 8.300049999999999928e-01 8.307080000000000020e-01
8.359849999999999781e-01 8.297390000000000043e-01 8.318889999999999896e-01 8.326109999999999900e-01 8.343110000000000248e-01 8.234590000000000520e-01 8.290440000000000031e-01 8.387890000000000068e-01
8.311100000000000154e-01 8.396810000000000107e-01 8.263660000000000450e-01 8.485179999999999945e-01 8.372490000000000210e-01 8.291629999999999834e-01 8.492039999999999589e-01 8.242850000000000454e-01
8.185310000000000086e-01 8.299640000000000351e-01 8.300840000000000440e-01 8.345310000000000228e-01 8.230849999999999556e-01 8.277910000000000545e-01 8.381039999999999601e-01 8.144529999999999825e-01
8.334399999999999586e-01 8.365359999999999463e-01 8.232199999999999518e-01 8.295770000000000088e-01 8.354960000000000164e-01 8.319100000000000383e-01 8.310640000000000249e-01 8.161760000000000126e-01
8.261610000000000342e-01 8.261530000000000262e-01 8.220690000000000497e-01 8.195540000000000047e-01 8.227029999999999621e-01 8.222990000000000022e-01 8.224690000000000056e-01 8.169260000000000410e-01
8.146259999999999613e-01 8.184379999999999988e-01 8.198159999999999892e-01 8.147210000000000285e-01 8.180199999999999694e-01 8.272119999999999473e-01 8.265829999999999567e-01 8.174489999999999812e-01
8.260150000000000547e-01 8.101749999999999785e-01 8.191230000000000455e-01 8.383159999999999501e-01 8.150209999999999955e-01 8.173219999999999930e-01 8.226890000000000036e-01 8.281870000000000065e-01
8.185090000000000421e-01 8.384850000000000358e-01 8.191659999999999497e-01 8.192749999999999755e-01 8.207330000000000458e-01 8.187529999999999530e-01 8.368160000000000043e-01 8.171730000000000382e-01
8.216860000000000275e-01 8.259699999999999820e-01 8.211549999999999683e-01 8.321180000000000243e-01 8.116799999999999571e-01 8.255460000000000020e-01 8.555199999999999472e-01 8.349330000000000362e-01
8.088910000000000267e-01 8.192899999999999627e-01 8.168360000000000065e-01 8.231730000000000436e-01 8.184489999999999821e-01 8.143580000000000263e-01 8.555070000000000174e-01 8.243979999999999642e-01
8.238959999999999617e-01 8.302570000000000228e-01 8.225930000000000186e-01 8.383659999999999446e-01 8.298389999999999933e-01 8.164959999999999996e-01 8.213880000000000070e-01 8.203179999999999916e-01
8.154270000000000129e-01 8.143590000000000551e-01 8.281680000000000152e-01 8.228750000000000231e-01 8.317309999999999981e-01 8.227569999999999606e-01 8.252760000000000096e-01 8.153860000000000552e-01
8.200560000000000072e-01 8.127069999999999572e-01 8.126729999999999787e-01 8.187250000000000361e-01 8.134040000000000159e-01 8.150180000000000202e-01 8.317369999999999486e-01 8.196189999999999864e-01
8.192019999999999857e-01 8.171779999999999600e-01 8.235940000000000483e-01 8.215179999999999705e-01 8.213989999999999903e-01 8.218290000000000317e-01 8.211220000000000185e-01 8.207680000000000531e-01
8.333169999999999744e-01 8.267149999999999777e-01 8.305240000000000400e-01 8.163139999999999841e-01 8.171990000000000087e-01 8.187389999999999946e-01 8.169300000000000450e-01 8.233279999999999488e-01
8.178469999999999906e-01 8.180929999999999591e-01 8.153780000000000472e-01 8.208400000000000141e-01 8.218339999999999534e-01 8.215010000000000367e-01 8.338590000000000169e-01 8.127739999999999965e-01
8.240330000000000155e-01 8.189349999999999685e-01 8.337520000000000486e-01 8.383559999999999901e-01 8.146560000000000468e-01 8.143319999999999448e-01 8.136480000000000379e-01 8.200720000000000232e-01
8.254890000000000283e-01 8.609609999999999763e-01 8.209910000000000263e-01 8.303150000000000253e-01 8.223260000000000014e-01 8.073860000000000481e-01 8.477350000000000163e-01 8.077889999999999793e-01
8.152859999999999552e-01 8.231380000000000363e-01 8.219389999999999752e-01 8.167389999999999928e-01 8.202070000000000194e-01 8.077809999999999713e-01 8.221800000000000219e-01 8.130500000000000504e-01
8.194369999999999710e-01 8.142530000000000046e-01 8.211469999999999603e-01 8.172019999999999840e-01 8.189750000000000085e-01 8.224479999999999569e-01 8.128809999999999647e-01 8.135630000000000361e-01
8.179070000000000507e-01 8.225299999999999834e-01 8.262310000000000487e-01 8.134810000000000096e-01 8.088840000000000474e-01 8.175710000000000477e-01 8.209060000000000246e-01 8.240730000000000555e-01
8.185499999999999998e-01 8.169560000000000155e-01 8.176039999999999974e-01 8.067999999999999616e-01 8.180739999999999679e-01 8.187590000000000146e-01 8.343329999999999913e-01 8.154909999999999659e-01
8.243430000000000479e-01 8.256310000000000038e-01 8.255940000000000500e-01 8.245529999999999804e-01 8.179809999999999581e-01 8.161279999999999646e-01 8.371129999999999960e-01 8.175270000000000037e-01
8.216080000000000050e-01 8.231340000000000323e-01 8.216189999999999882e-01 8.253770000000000273e-01 8.244099999999999762e-01 8.236269999999999980e-01 8.219239999999999879e-01 8.211549999999999683e-01
8.086940000000000239e-01 8.341309999999999558e-01 8.229549999999999921e-01 8.163709999999999578e-01 8.182660000000000489e-01 8.085099999999999509e-01 8.152399999999999647e-01 8.453929999999999501e-01
8.117649999999999588e-01 8.453000000000000513e-01 8.085189999999999877e-01 8.158360000000000056e-01 8.089870000000000116e-01 8.081970000000000542e-01 8.062770000000000215e-01 8.157569999999999544e-01
8.211690000000000378e-01 7.996119999999999894e-01 8.063369999999999704e-01 8.107670000000000154e-01 8.078100000000000280e-01 8.076140000000000541e-01 8.106179999999999497e-01 8.071369999999999933e-01
8.125289999999999457e-01 8.078330000000000233e-01 8.076219999999999510e-01 8.070279999999999676e-01 8.073719999999999786e-01 8.017379999999999507e-01 8.057619999999999783e-01 8.193310000000000315e-01
8.173099999999999810e-01 8.148360000000000047e-01 8.121289999999999898e-01 8.043369999999999687e-01 8.021859999999999546e-01 8.097980000000000178e-01 8.112639999999999851e-01 8.111850000000000449e-01
8.092939999999999579e-01 8.162800000000000056e-01 8.041399999999999659e-01 8.159380000000000521e-01 8.165729999999999933e-01 8.072780000000000511e-01 8.119899999999999896e-01 7.923280000000000323e-01
8.037170000000000147e-01 8.217719999999999470e-01 8.082810000000000272e-01 8.002519999999999634e-01 8.072909999999999808e-01 8.093599999999999683e-01 8.060869999999999980e-01 8.231140000000000123e-01
8.024310000000000054e-01 7.987290000000000223e-01 8.111859999999999626e-01 8.078340000000000520e-01 8.144820000000000393e-01 8.099169999999999980e-01 8.008440000000000003e-01 8.113869999999999694e-01
8.051199999999999468e-01 8.075259999999999661e-01 8.103900000000000547e-01 8.108269999999999644e-01 8.055630000000000290e-01 8.129349999999999632e-01 8.067499999999999671e-01 8.088720000000000354e-01
8.095120000000000093e-01 8.137029999999999541e-01 8.049969999999999626e-01 8.121650000000000258e-01 8.050939999999999763e-01 8.113219999999999876e-01 8.104069999999999885e-01 8.233669999999999600e-01
8.207560000000000411e-01 8.040570000000000217e-01 8.175949999999999607e-01 8.104329999999999590e-01 8.185900000000000398e-01 8.084700000000000220e-01 8.113019999999999676e-01 8.071620000000000461e-01
8.405049999999999466e-01 8.195999999999999952e-01 8.439090000000000202e-01 8.214129999999999487e-01 8.180269999999999486e-01 8.103249999999999620e-01 8.199210000000000109e-01 8.095200000000000173e-01
8.154019999999999602e-01 8.100739999999999608e-01 8.082219999999999960e-01 8.024750000000000494e-01 8.069570000000000354e-01 8.092540000000000289e-01 8.141070000000000251e-01 8.079049999999999843e-01
8.142869999999999830e-01 8.088539999999999619e-01 8.044449999999999656e-01 8.061700000000000532e-01 8.121760000000000090e-01 8.157039999999999846e-01 8.062340000000000062e-01 8.275209999999999511e-01
8.174609999999999932e-01 8.111479999999999801e-01 8.077159999999999895e-01 8.372450000000000170e-01 8.115059999999999496e-01 8.122190000000000243e-01 8.251530000000000253e-01 8.097170000000000201e-01
7.982920000000000016e-01 8.061850000000000405e-01 8.268990000000000506e-01 8.084620000000000140e-01 8.109509999999999774e-01 8.158290000000000264e-01 8.065639999999999477e-01 8.138659999999999783e-01
8.102639999999999842e-01 8.037009999999999987e-01 8.145569999999999755e-01 8.096250000000000391e-01 8.087239999999999984e-01 8.025640000000000551e-01 8.324409999999999865e-01 8.099800000000000333e-01
8.117280000000000051e-01 8.131329999999999947e-01 8.419579999999999842e-01 8.182650000000000201e-01 8.083850000000000202e-01 8.192549999999999555e-01 8.077109999999999568e-01 8.029450000000000198e-01
8.028119999999999701e-01 8.298429999999999973e-01 8.104740000000000277e-01 8.204240000000000421e-01 8.331939999999999902e-01 8.357200000000000184e-01 8.069509999999999739e-01 8.187189999999999745e-01
8.093099999999999739e-01 8.057750000000000190e-01 8.197889999999999899e-01 8.139229999999999521e-01 8.061800000000000077e-01 8.079049999999999843e-01 8.064080000000000137e-01 8.066269999999999829e-01
8.146200000000000108e-01 8.106200000000000072e-01 8.178039999999999754e-01 8.156590000000000229e-01 8.190460000000000518e-01 8.012110000000000065e-01 7.988279999999999825e-01 8.085430000000000117e-01
8.036759999999999460e-01 8.067720000000000447e-01 8.328699999999999992e-01 8.124850000000000128e-01 8.026759999999999451e-01 8.058140000000000303e-01 8.068760000000000376e-01 8.091570000000000151e-01
7.991150000000000198e-01 8.002190000000000136e-01 7.823360000000000314e-01 7.978439999999999976e-01 8.316599999999999548e-01 8.001620000000000399e-01 8.041260000000000074e-01 7.987450000000000383e-01
8.037349999999999772e-01 7.979960000000000386e-01 7.989249999999999963e-01 7.699319999999999498e-01 8.055189999999999850e-01 7.956560000000000299e-01 7.999070000000000347e-01 8.037640000000000340e-01
8.031150000000000233e-01 8.018220000000000347e-01 8.071009999999999573e-01 8.017950000000000355e-01 8.002540000000000209e-01 7.991639999999999855e-01 8.109399999999999942e-01 7.982900000000000551e-01
7.952080000000000259e-01 8.162449999999999983e-01 7.963510000000000311e-01 7.958899999999999864e-01 8.028610000000000468e-01 7.832670000000000465e-01 8.254559999999999675e-01 8.059859999999999802e-01
7.938370000000000148e-01 7.783139999999999503e-01 7.981409999999999894e-01 7.856680000000000330e-01 8.010460000000000358e-01 8.013510000000000355e-01 8.005250000000000421e-01 8.102000000000000313e-01
8.015149999999999775e-01 7.966229999999999700e-01 7.933010000000000339e-01 7.985820000000000141e-01 7.962839999999999918e-01 7.780799999999999939e-01 7.984740000000000171e-01 8.444430000000000547e-01
7.996170000000000222e-01 8.094080000000000163e-01 7.956910000000000371e-01 7.985200000000000076e-01 8.479119999999999990e-01 7.989720000000000155e-01 7.932919999999999972e-01 8.017659999999999787e-01
7.974560000000000537e-01 7.979950000000000099e-01 7.944160000000000110e-01 7.962000000000000188e-01 8.137100000000000444e-01 8.186320000000000263e-01 7.993569999999999842e-01 7.959119999999999528e-01
8.220750000000000002e-01 7.997940000000000049e-01 8.165000000000000036e-01 8.017180000000000417e-01 8.098600000000000243e-01 8.053169999999999495e-01 8.019950000000000134e-01 8.077630000000000088e-01
7.980199999999999516e-01 8.014850000000000030e-01 7.997170000000000112e-01 8.054959999999999898e-01 8.065980000000000372e-01 8.090239999999999654e-01 7.996050000000000102e-01 8.076069999999999638e-01
7.989680000000000115e-01 8.015039999999999942e-01 8.012409999999999810e-01 7.986720000000000486e-01 7.997729999999999562e-01 7.893339999999999801e-01 8.042820000000000524e-01 8.207520000000000371e-01
8.046659999999999924e-01 7.978159999999999696e-01 7.818070000000000297e-01 7.981880000000000086e-01 8.142880000000000118e-01 7.846800000000000441e-01 8.024459999999999926e-01 7.982299999999999951e-01
8.059250000000000025e-01 8.001310000000000366e-01 8.029809999999999448e-01 7.960890000000000466e-01 8.081070000000000197e-01 7.923280000000000323e-01 7.949929999999999497e-01 8.178039999999999754e-01
8.089870000000000116e-01 8.038720000000000310e-01 8.016849999999999810e-01 7.990540000000000420e-01 8.005480000000000373e-01 7.934039999999999981e-01 8.048840000000000439e-01 7.994350000000000067e-01
7.971789999999999710e-01 7.968690000000000495e-01 8.105909999999999505e-01 7.956849999999999756e-01 7.963510000000000311e-01 8.065660000000000052e-01 8.038119999999999710e-01 7.936309999999999754e-01
8.065820000000000212e-01 8.027030000000000554e-01 7.899829999999999908e-01 8.087689999999999602e-01 8.033529999999999838e-01 8.036919999999999620e-01 8.095480000000000453e-01 7.869059999999999944e-01
7.996680000000000454e-01 8.003230000000000066e-01 7.943599999999999550e-01 7.987309999999999688e-01 8.010230000000000405e-01 8.016029999999999545e-01 7.994510000000000227e-01 8.045090000000000297e-01
8.049060000000000104e-01 7.952289999999999637e-01 8.082120000000000415e-01 8.040329999999999977e-01 7.931019999999999737e-01 7.968450000000000255e-01 7.950850000000000417e-01 7.951240000000000530e-01
7.955060000000000464e-01 7.969580000000000553e-01 8.007589999999999986e-01 8.059439999999999937e-01 8.028570000000000428e-01 8.023749999999999494e-01 8.001200000000000534e-01 8.001329999999999831e-01
8.063730000000000064e-01 7.947370000000000267e-01 7.994179999999999620e-01 8.052890000000000326e-01 7.966130000000000155e-01 7.967229999999999590e-01 7.956969999999999876e-01 7.977530000000000454e-01
8.025339999999999696e-01 7.993679999999999675e-01 8.007189999999999586e-01 7.988560000000000105e-01 7.995480000000000365e-01 8.050270000000000481e-01 7.975879999999999637e-01 7.993449999999999722e-01
8.029349999999999543e-01 7.898789999999999978e-01 7.939380000000000326e-01 7.891430000000000389e-01 7.891449999999999854e-01 7.899850000000000483e-01 7.903540000000000010e-01 8.240589999999999860e-01
7.879009999999999625e-01 7.994510000000000227e-01 7.943280000000000340e-01 7.979929999999999524e-01 8.057879999999999487e-01 7.835699999999999887e-01 7.943599999999999550e-01 8.346970000000000223e-01
7.917760000000000353e-01 7.987450000000000383e-01 7.827030000000000376e-01 7.739049999999999541e-01 7.975229999999999819e-01 7.926159999999999872e-01 7.804879999999999596e-01 7.865799999999999459e-01
7.956910000000000371e-01 7.957859999999999934e-01 7.978220000000000312e-01 7.870920000000000138e-01 7.834339999999999637e-01 7.931099999999999817e-01 7.855839999999999490e-01 8.216449999999999587e-01
7.888730000000000464e-01 7.864860000000000184e-01 7.909580000000000499e-01 7.882000000000000117e-01 7.859779999999999545e-01 7.907520000000000104e-01 7.860179999999999945e-01 7.877969999999999695e-01
7.899009999999999643e-01 7.858859999999999735e-01 7.879279999999999617e-01 7.968060000000000143e-01 7.812470000000000248e-01 7.958720000000000239e-01 7.953590000000000382e-01 8.164280000000000426e-01
7.895649999999999613e-01 8.016750000000000265e-01 7.815450000000000452e-01 7.909519999999999884e-01 7.810620000000000340e-01 7.912569999999999881e-01 7.942649999999999988e-01 7.848850000000000549e-01
7.851820000000000466e-01 7.753050000000000219e-01 7.853700000000000125e-01 7.950350000000000472e-01 7.853710000000000413e-01 7.877889999999999615e-01 8.059269999999999490e-01 7.926410000000000400e-01
7.787709999999999910e-01 7.931070000000000064e-01 7.949270000000000502e-01 7.905299999999999550e-01 7.913550000000000306e-01 8.098929999999999740e-01 7.784739999999999993e-01 7.917720000000000313e-01
7.837330000000000130e-01 7.905489999999999462e-01 7.945290000000000408e-01 7.839009999999999589e-01 8.143040000000000278e-01 7.871230000000000171e-01 7.715809999999999613e-01 7.742170000000000440e-01
7.907859999999999889e-01 7.899009999999999643e-01 7.950540000000000385e-01 7.923689999999999900e-01 7.906600000000000295e-01 7.871590000000000531e-01 7.860740000000000505e-01 7.937570000000000459e-01
7.914489999999999581e-01 7.980720000000000036e-01 7.895159999999999956e-01 7.889030000000000209e-01 7.861259999999999915e-01 7.988100000000000200e-01 7.859540000000000415e-01 7.999100000000000099e-01
7.999910000000000077e-01 7.895360000000000156e-01 7.901970000000000383e-01 7.874919999999999698e-01 7.722470000000000168e-01 8.040070000000000272e-01 7.913520000000000554e-01 7.871179999999999843e-01
7.864539999999999864e-01 7.870049999999999546e-01 7.834229999999999805e-01 7.980660000000000531e-01 7.888549999999999729e-01 7.868420000000000414e-01 7.933179999999999676e-01 7.917560000000000153e-01
8.023759999999999781e-01 7.870420000000000194e-01 7.945670000000000233e-01 7.847979999999999956e-01 7.817340000000000400e-01 7.885839999999999517e-01 7.884290000000000465e-01 7.878849999999999465e-01
7.849930000000000518e-01 7.918520000000000003e-01 7.893170000000000464e-01 7.862890000000000157e-01 8.041469999999999452e-01 8.140159999999999618e-01 7.884839999999999627e-01 7.974299999999999722e-01
7.955539999999999834e-01 7.889230000000000409e-01 7.915659999999999918e-01 7.831019999999999648e-01 7.945919999999999650e-01 7.900049999999999573e-01 7.944900000000000295e-01 7.871359999999999468e-01
7.910380000000000189e-01 7.995590000000000197e-01 7.921939999999999538e-01 7.886170000000000124e-01 7.939610000000000278e-01 7.946609999999999507e-01 7.838119999999999532e-01 7.819960000000000244e-01
7.921629999999999505e-01 7.858760000000000190e-01 7.797629999999999839e-01 7.967379999999999463e-01 7.918870000000000076e-01 8.133660000000000334e-01 7.909479999999999844e-01 7.906189999999999607e-01
8.020100000000000007e-01 7.956550000000000011e-01 7.879720000000000057e-01 8.011759999999999993e-01 7.949730000000000407e-01 7.882050000000000445e-01 8.013489999999999780e-01 7.869270000000000431e-01
7.937490000000000379e-01 7.929540000000000477e-01 7.902289999999999592e-01 7.894210000000000393e-01 7.879800000000000137e-01 7.957440000000000069e-01 7.960880000000000178e-01 7.908290000000000042e-01
7.767230000000000523e-01 7.955389999999999961e-01 7.810289999999999733e-01 7.858199999999999630e-01 7.769470000000000542e-01 7.789080000000000448e-01 7.907650000000000512e-01 7.785480000000000178e-01
7.741510000000000336e-01 7.786499999999999533e-01 7.793889999999999985e-01 7.805919999999999526e-01 7.790820000000000523e-01 7.813269999999999937e-01 7.738739999999999508e-01 7.880690000000000195e-01
7.777269999999999461e-01 7.716119999999999646e-01 7.763120000000000021e-01 7.699329999999999785e-01 7.833259999999999668e-01 7.790340000000000042e-01 8.044310000000000072e-01 7.711059999999999581e-01
7.750329999999999719e-01 7.835199999999999942e-01 7.816269999999999607e-01 7.860719999999999930e-01 7.920220000000000038e-01 7.792249999999999455e-01 7.761770000000000058e-01 7.889410000000000034e-01
7.796330000000000204e-01 7.833639999999999493e-01 7.756520000000000081e-01 7.798289999999999944e-01 7.874489999999999545e-01 7.934280000000000221e-01 7.793480000000000407e-01 7.761869999999999603e-01
7.621130000000000404e-01 7.791550000000000420e-01 7.758469999999999533e-01 7.864719999999999489e-01 7.806469999999999798e-01 7.907389999999999697e-01 7.661909999999999554e-01 7.799390000000000489e-01
7.934189999999999854e-01 7.794879999999999587e-01 7.752299999999999747e-01 7.895330000000000403e-01 7.740000000000000213e-01 7.873069999999999791e-01 7.875680000000000458e-01 7.765469999999999873e-01
7.781299999999999883e-01 7.764860000000000095e-01 7.772390000000000132e-01 7.754020000000000357e-01 7.734149999999999636e-01 7.677760000000000140e-01 7.722879999999999745e-01 7.795309999999999739e-01
7.799420000000000242e-01 7.831339999999999968e-01 8.030699999999999505e-01 7.845680000000000431e-01 7.777380000000000404e-01 7.825140000000000429e-01 7.747880000000000322e-01 7.767579999999999485e-01
7.836819999999999897e-01 7.798380000000000312e-01 7.758880000000000221e-01 7.767979999999999885e-01 7.781829999999999581e-01 7.826610000000000511e-01 8.305839999999999890e-01 7.772850000000000037e-01
7.839000000000000412e-01 7.761230000000000073e-01 7.924149999999999805e-01 7.739430000000000476e-01 7.748829999999999885e-01 7.864719999999999489e-01 7.808850000000000513e-01 7.698509999999999520e-01
7.783959999999999768e-01 7.822609999999999841e-01 7.757990000000000164e-01 7.783470000000000111e-01 7.914560000000000484e-01 7.787650000000000405e-01 7.714860000000000051e-01 7.757929999999999549e-01
7.736600000000000144e-01 7.781649999999999956e-01 7.799239999999999506e-01 7.831339999999999968e-01 7.768620000000000525e-01 7.763259999999999605e-01 7.592799999999999550e-01 7.761329999999999618e-01
7.766100000000000225e-01 7.883090000000000375e-01 7.862710000000000532e-01 7.749740000000000517e-01 7.884569999999999634e-01 7.955020000000000424e-01 7.862980000000000524e-01 7.936100000000000376e-01
7.789099999999999913e-01 7.744010000000000060e-01 7.675319999999999920e-01 7.739479999999999693e-01 7.832350000000000145e-01 7.737669999999999826e-01 7.802740000000000231e-01 7.769819999999999505e-01
7.730820000000000469e-01 7.767519999999999980e-01 7.747119999999999562e-01 7.792050000000000365e-01 7.646079999999999544e-01 7.751829999999999554e-01 7.757640000000000091e-01 7.801270000000000149e-01
7.761409999999999698e-01 7.809730000000000283e-01 7.790909999999999780e-01 7.732510000000000217e-01 7.773740000000000094e-01 7.752539999999999987e-01 7.770029999999999992e-01 7.759690000000000198e-01
7.434300000000000352e-01 7.979110000000000369e-01 7.833090000000000330e-01 7.698099999999999943e-01 7.758140000000000036e-01 8.015039999999999942e-01 7.796870000000000189e-01 7.854119999999999990e-01
7.734609999999999541e-01 7.845790000000000264e-01 7.806969999999999743e-01 7.869439999999999769e-01 7.653149999999999675e-01 7.633149999999999658e-01 7.764119999999999910e-01 7.870989999999999931e-01
7.840310000000000334e-01 7.778770000000000406e-01 7.809909999999999908e-01 7.767789999999999973e-01 7.764140000000000486e-01 7.684119999999999839e-01 7.768580000000000485e-01 7.788840000000000208e-01
7.791320000000000467e-01 7.924750000000000405e-01 7.844079999999999941e-01 7.671350000000000113e-01 7.739850000000000341e-01 7.788509999999999600e-01 7.912179999999999769e-01 7.841730000000000089e-01
7.604870000000000241e-01 7.674320000000000030e-01 7.695009999999999906e-01 7.670909999999999673e-01 7.681599999999999540e-01 7.723259999999999570e-01 7.797399999999999887e-01 7.638690000000000202e-01
7.609040000000000248e-01 7.697530000000000205e-01 7.572750000000000314e-01 7.836030000000000495e-01 7.796579999999999622e-01 7.737469999999999626e-01 7.664290000000000269e-01 7.667779999999999596e-01
7.688160000000000549e-01 7.713240000000000096e-01 7.675009999999999888e-01 7.611210000000000475e-01 7.670390000000000263e-01 7.646910000000000096e-01 7.674710000000000143e-01 7.796710000000000029e-01
7.674360000000000070e-01 7.676880000000000370e-01 7.743109999999999715e-01 7.642590000000000217e-01 7.616549999999999709e-01 7.633039999999999825e-01 7.651059999999999528e-01 7.637180000000000080e-01
7.666209999999999969e-01 7.669010000000000549e-01 7.646579999999999488e-01 7.670639999999999681e-01 7.649270000000000236e-01 7.675300000000000455e-01 7.668770000000000309e-01 7.639939999999999509e-01
7.746840000000000392e-01 7.702759999999999607e-01 7.717180000000000151e-01 7.607789999999999830e-01 7.634809999999999652e-01 7.640149999999999997e-01 7.628939999999999610e-01 7.547970000000000512e-01
7.697929999999999495e-01 7.677310000000000523e-01 8.011719999999999953e-01 7.711320000000000396e-01 7.723299999999999610e-01 7.741550000000000376e-01 7.665640000000000231e-01 7.691230000000000011e-01
7.694360000000000088e-01 7.671660000000000146e-01 7.676889999999999548e-01 7.726110000000000477e-01 7.688580000000000414e-01 7.758850000000000469e-01 7.644339999999999469e-01 7.670280000000000431e-01
7.674729999999999608e-01 7.690660000000000274e-01 7.708049999999999624e-01 7.852609999999999868e-01 7.708230000000000359e-01 7.714039999999999786e-01 7.706190000000000540e-01 7.870340000000000114e-01
7.702529999999999655e-01 7.632449999999999513e-01 7.650639999999999663e-01 7.683790000000000342e-01 7.662759999999999572e-01 7.687920000000000309e-01 7.672130000000000338e-01 7.868690000000000406e-01
7.683820000000000094e-01 7.787260000000000293e-01 7.658249999999999780e-01 7.718080000000000496e-01 7.645330000000000181e-01 7.632879999999999665e-01 7.886840000000000517e-01 7.615859999999999852e-01
7.692689999999999806e-01 7.737220000000000208e-01 7.622590000000000199e-01 7.765560000000000240e-01 7.511539999999999884e-01 7.675849999999999618e-01 7.654029999999999445e-01 7.663879999999999582e-01
7.977269999999999639e-01 7.861359999999999459e-01 7.657140000000000057e-01 7.670890000000000208e-01 7.672229999999999883e-01 7.323290000000000077e-01 7.674520000000000231e-01 7.739310000000000356e-01
7.589879999999999960e-01 7.645049999999999901e-01 7.691649999999999876e-01 7.691620000000000124e-01 7.706420000000000492e-01 7.740690000000000071e-01 7.755090000000000039e-01 7.810139999999999860e-01
7.677329999999999988e-01 7.653069999999999595e-01 7.713640000000000496e-01 7.748110000000000275e-01 7.774670000000000192e-01 7.731120000000000214e-01 7.728300000000000169e-01 7.768749999999999822e-01
7.648209999999999731e-01 8.121310000000000473e-01 7.612929999999999975e-01 7.707880000000000287e-01 7.676520000000000010e-01 7.688880000000000159e-01 7.738519999999999843e-01 7.658599999999999852e-01
7.959129999999999816e-01 7.665870000000000184e-01 7.744309999999999805e-01 7.655659999999999688e-01 7.653410000000000490e-01 7.612529999999999575e-01 7.620249999999999524e-01 7.515490000000000226e-01
7.864320000000000199e-01 7.626049999999999773e-01 7.652379999999999738e-01 7.677690000000000348e-01 7.751740000000000297e-01 7.658310000000000395e-01 7.387059999999999738e-01 7.679949999999999832e-01
7.640749999999999487e-01 7.790099999999999802e-01 7.666399999999999881e-01 7.770500000000000185e-01 7.602489999999999526e-01 7.652750000000000385e-01 7.668610000000000149e-01 7.632339999999999680e-01
7.797960000000000447e-01 7.745260000000000478e-01 7.717469999999999608e-01 7.966710000000000180e-01 7.693320000000000158e-01 7.769800000000000040e-01 7.689650000000000096e-01 7.635469999999999757e-01
7.727640000000000065e-01 7.605840000000000378e-01 7.701240000000000308e-01 7.655079999999999663e-01 7.718819999999999570e-01 7.553469999999999906e-01 7.637760000000000105e-01 7.749789999999999734e-01
7.632919999999999705e-01 7.520900000000000363e-01 7.566460000000000408e-01 7.561919999999999753e-01 7.562349999999999905e-01 7.538719999999999866e-01 7.550759999999999694e-01 7.505030000000000312e-01
7.595260000000000344e-01 7.661379999999999857e-01 7.533800000000000496e-01 7.566389999999999505e-01 7.676990000000000203e-01 7.556979999999999809e-01 7.563239999999999963e-01 7.594189999999999552e-01
7.539660000000000251e-01 7.605279999999999818e-01 7.532159999999999966e-01 7.607580000000000453e-01 7.505810000000000537e-01 7.546009999999999662e-01 7.536749999999999838e-01 7.627099999999999991e-01
7.684530000000000527e-01 7.662809999999999899e-01 7.586049999999999738e-01 7.319550000000000223e-01 7.570670000000000455e-01 7.497829999999999773e-01 7.549240000000000395e-01 7.546559999999999935e-01
7.546249999999999902e-01 7.567199999999999482e-01 7.513779999999999903e-01 7.538139999999999841e-01 7.839970000000000550e-01 7.490130000000000399e-01 7.772409999999999597e-01 7.607460000000000333e-01
7.514979999999999993e-01 7.594100000000000295e-01 7.629500000000000171e-01 7.571900000000000297e-01 7.615199999999999747e-01 7.406310000000000393e-01 7.626739999999999631e-01 7.551719999999999544e-01
7.612379999999999702e-01 7.536869999999999958e-01 7.378599999999999604e-01 7.542820000000000080e-01 7.576460000000000417e-01 7.611740000000000173e-01 7.519780000000000353e-01 7.529109999999999969e-01
7.644170000000000131e-01 7.636349999999999527e-01 7.544899999999999940e-01 7.589709999999999512e-01 7.611449999999999605e-01 7.509569999999999856e-01 7.544509999999999827e-01 7.509439999999999449e-01
7.588660000000000405e-01 7.705269999999999619e-01 7.485749999999999904e-01 7.483490000000000419e-01 7.807370000000000143e-01 7.479419999999999957e-01 7.539390000000000258e-01 7.515699999999999603e-01
7.590879999999999850e-01 7.608409999999999895e-01 7.576869999999999994e-01 7.559040000000000203e-01 7.518390000000000351e-01 7.526300000000000212e-01 7.552109999999999657e-01 7.599160000000000359e-01
7.533760000000000456e-01 7.706330000000000124e-01 7.526350000000000540e-01 7.599350000000000271e-01 7.522759999999999447e-01 7.563769999999999660e-01 7.495380000000000376e-01 7.549609999999999932e-01
7.490649999999999809e-01 7.539599999999999635e-01 7.541459999999999830e-01 7.661660000000000137e-01 7.473239999999999883e-01 7.433800000000000407e-01 7.514070000000000471e-01 7.550769999999999982e-01
7.564570000000000460e-01 7.546580000000000510e-01 7.546629999999999727e-01 7.599599999999999689e-01 7.573269999999999724e-01 7.548899999999999499e-01 7.532100000000000461e-01 7.554990000000000316e-01
7.513870000000000271e-01 7.568840000000000012e-01 7.505739999999999634e-01 7.783459999999999823e-01 7.559160000000000323e-01 7.617070000000000229e-01 7.511560000000000459e-01 7.585349999999999593e-01
7.617380000000000262e-01 7.580750000000000544e-01 7.676439999999999930e-01 7.450980000000000381e-01 7.579120000000000301e-01 7.694029999999999481e-01 7.538589999999999458e-01 7.657239999999999602e-01
7.559860000000000468e-01 7.538880000000000026e-01 7.578589999999999494e-01 7.765579999999999705e-01 7.558580000000000298e-01 7.585229999999999473e-01 7.561499999999999888e-01 7.867039999999999589e-01
7.615180000000000282e-01 7.639120000000000354e-01 7.533560000000000256e-01 7.556720000000000104e-01 7.572170000000000289e-01 7.694929999999999826e-01 7.686239999999999739e-01 8.228919999999999568e-01
7.572499999999999787e-01 7.657439999999999802e-01 7.543600000000000305e-01 7.621919999999999806e-01 7.543819999999999970e-01 7.595790000000000042e-01 7.568939999999999557e-01 7.540320000000000356e-01
7.616490000000000204e-01 7.551900000000000279e-01 7.507639999999999869e-01 7.526479999999999837e-01 7.524910000000000210e-01 7.618270000000000319e-01 7.560069999999999846e-01 7.501160000000000050e-01
7.518810000000000215e-01 7.563729999999999620e-01 7.576650000000000329e-01 7.562950000000000506e-01 7.527580000000000382e-01 7.525939999999999852e-01 7.498909999999999743e-01 7.481550000000000145e-01
7.577260000000000106e-01 7.517080000000000428e-01 7.518240000000000478e-01 7.627009999999999623e-01 7.504260000000000375e-01 7.518540000000000223e-01 7.596129999999999827e-01 7.589280000000000470e-01
7.976199999999999957e-01 7.440039999999999987e-01 7.410170000000000368e-01 7.374600000000000044e-01 7.447840000000000016e-01 7.387359999999999483e-01 7.331820000000000004e-01 7.399949999999999584e-01
7.455850000000000533e-01 7.489919999999999911e-01 7.390520000000000422e-01 7.410200000000000120e-01 7.438879999999999937e-01 7.435439999999999827e-01 7.406629999999999603e-01 7.474359999999999893e-01
7.389860000000000317e-01 7.400029999999999664e-01 7.423429999999999751e-01 7.400799999999999601e-01 7.466390000000000526e-01 7.395410000000000039e-01 7.429559999999999498e-01 7.437219999999999942e-01
7.475030000000000285e-01 7.495100000000000096e-01 7.552459999999999729e-01 7.455089999999999772e-01 7.420459999999999834e-01 7.445960000000000356e-01 7.662660000000000027e-01 7.432069999999999510e-01
7.384370000000000100e-01 7.442860000000000031e-01 7.402520000000000211e-01 7.439130000000000464e-01 7.466329999999999911e-01 7.482809999999999739e-01 7.420350000000000001e-01 7.377759999999999874e-01
7.459569999999999812e-01 7.399679999999999591e-01 7.446430000000000549e-01 7.566570000000000240e-01 7.395749999999999824e-01 7.442760000000000487e-01 7.436920000000000197e-01 7.365749999999999797e-01
7.394150000000000444e-01 7.377590000000000536e-01 7.356850000000000334e-01 7.399179999999999646e-01 7.474709999999999965e-01 7.517819999999999503e-01 7.608669999999999600e-01 7.397000000000000242e-01
7.423560000000000159e-01 7.233530000000000237e-01 7.433440000000000047e-01 7.412379999999999525e-01 7.382009999999999961e-01 7.412210000000000187e-01 7.368989999999999707e-01 7.408439999999999470e-01
7.419480000000000519e-01 7.432509999999999950e-01 7.653999999999999693e-01 7.435910000000000020e-01 7.462069999999999537e-01 7.425260000000000193e-01 7.400649999999999729e-01 7.428310000000000191e-01
7.361109999999999598e-01 7.477840000000000042e-01 7.484119999999999662e-01 7.490350000000000064e-01 7.458439999999999515e-01 7.423910000000000231e-01 7.458430000000000337e-01 7.432250000000000245e-01
7.513370000000000326e-01 7.381140000000000478e-01 7.405610000000000248e-01 7.384629999999999805e-01 7.592320000000000180e-01 7.421849999999999836e-01 7.490400000000000391e-01 7.469160000000000244e-01
7.427380000000000093e-01 7.398679999999999701e-01 7.437230000000000230e-01 7.479890000000000150e-01 7.394020000000000037e-01 7.325300000000000145e-01 7.363150000000000528e-01 7.554330000000000211e-01
7.618730000000000224e-01 7.428090000000000526e-01 7.434180000000000232e-01 7.381410000000000471e-01 7.462689999999999602e-01 7.526059999999999972e-01 7.461280000000000134e-01 7.494899999999999896e-01
7.305739999999999457e-01 7.451069999999999638e-01 7.438940000000000552e-01 7.444939999999999891e-01 7.341330000000000355e-01 7.434659999999999602e-01 7.452109999999999568e-01 7.465019999999999989e-01
7.505239999999999689e-01 7.389599999999999502e-01 7.599129999999999496e-01 7.380149999999999766e-01 7.423859999999999904e-01 7.435650000000000315e-01 7.451550000000000118e-01 7.481010000000000160e-01
7.450419999999999821e-01 7.263610000000000344e-01 7.488019999999999676e-01 7.531510000000000149e-01 7.505840000000000289e-01 7.475370000000000070e-01 7.460919999999999774e-01 7.518299999999999983e-01
7.469109999999999916e-01 7.445899999999999741e-01 7.398390000000000244e-01 7.287580000000000169e-01 7.423030000000000461e-01 7.644520000000000204e-01 7.535490000000000244e-01 7.456080000000000485e-01
7.432140000000000413e-01 7.397610000000000019e-01 7.374129999999999852e-01 7.408860000000000445e-01 7.441419999999999702e-01 7.411539999999999795e-01 7.484800000000000342e-01 7.389449999999999630e-01
7.418679999999999719e-01 7.424549999999999761e-01 7.437949999999999839e-01 7.472039999999999793e-01 7.420419999999999794e-01 7.307299999999999907e-01 7.412530000000000507e-01 7.573220000000000507e-01
7.529470000000000329e-01 7.477979999999999627e-01 7.446819999999999551e-01 7.571010000000000240e-01 7.669280000000000541e-01 7.486049999999999649e-01 7.468439999999999523e-01 7.498519999999999630e-01
7.505230000000000512e-01 7.368090000000000472e-01 7.234199999999999520e-01 7.530000000000000027e-01 7.393819999999999837e-01 7.368240000000000345e-01 7.373819999999999819e-01 7.421510000000000051e-01
