2.425190000000000123e-01 -7.044359999999999511e-02 5.783019999999999827e-02 3.433470000000000272e-02 2.280750000000000000e-01 1.856039999999999912e-01 1.072949999999999945e-02 8.530219999999999470e-02
-4.498800000000000021e-02 2.805070000000000063e-01 1.035780000000000034e-01 4.331260000000000110e-01 2.388629999999999920e-02 1.122049999999999992e-01 1.671890000000000043e-01 1.622329999999999953e-02
1.500809999999999991e-02 1.920800000000000007e-01 6.657599999999999629e-02 1.059250000000000053e-01 1.897560000000000080e-01 7.442970000000000141e-02 1.075629999999999989e-02 4.797459999999999919e-02
-3.022959999999999883e-02 6.683840000000000614e-02 5.440020000000000272e-02 9.934080000000000688e-02 2.645190000000000041e-02 1.121599999999999958e-01 3.283229999999999760e-01 1.446149999999999936e-01
9.273439999999999461e-02 9.706040000000000501e-02 -6.106179999999999941e-02 3.786919999999999870e-02 2.831899999999999973e-01 7.143929999999999725e-02 3.086699999999999999e-01 -4.770220000000000363e-03
1.756290000000000073e-01 2.923069999999999835e-01 9.260540000000000438e-02 1.787100000000000147e-02 4.966539999999999844e-02 2.298689999999999900e-01 7.446410000000000529e-02 3.744360000000000049e-02
2.471320000000000114e-02 1.452349999999999995e-02 1.963840000000000030e-01 2.641260000000000274e-01 -3.049450000000000077e-02 3.140919999999999823e-02 1.037639999999999951e-01 6.722350000000000200e-03
3.635239999999999999e-02 9.040059999999999762e-02 -1.026320000000000010e-01 3.025129999999999833e-02 3.348809999999999981e-02 1.934709999999999902e-02 1.204760000000000032e-02 1.984319999999999973e-01
3.322060000000000290e-02 -1.541040000000000031e-03 -1.373199999999999942e-02 2.986389999999999878e-02 -1.585829999999999879e-02 9.974539999999999795e-02 1.395639999999999936e-01 1.470799999999999885e-01
1.592000000000000012e-02 1.765089999999999992e-01 2.459110000000000115e-02 6.964019999999999933e-02 6.379319999999999435e-02 9.107859999999999567e-02 1.284929999999999926e-02 1.646140000000000103e-01
6.614040000000000197e-02 6.503180000000000072e-02 3.977789999999999798e-02 1.066269999999999996e-01 2.920379999999999851e-02 -2.856930000000000146e-03 6.303340000000000158e-03 9.628849999999999909e-02
4.356979999999999881e-02 1.860489999999999922e-01 -6.601269999999999361e-02 9.306490000000000595e-02 -3.529399999999999898e-02 3.008239999999999803e-01 -6.159579999999999916e-02 2.285840000000000094e-01
1.204080000000000011e-01 2.211370000000000002e-01 1.058449999999999946e-01 2.113900000000000154e-02 -7.897170000000000578e-02 1.353469999999999951e-01 5.884930000000000022e-02 2.811699999999999963e-02
-1.265259999999999996e-02 1.311520000000000047e-02 2.616950000000000109e-01 7.844260000000000121e-02 2.103269999999999862e-01 1.032499999999999946e-01 2.215239999999999987e-01 1.707890000000000102e-02
-3.981729999999999992e-02 5.926080000000000236e-02 6.599430000000000573e-02 8.427669999999999606e-02 2.039370000000000072e-01 1.279939999999999967e-01 6.372389999999999999e-02 -5.542629999999999779e-02
3.415649999999999936e-02 2.478810000000000041e-02 1.557300000000000073e-01 2.097769999999999913e-01 1.443389999999999951e-01 8.945790000000000686e-02 1.453909999999999925e-01 -7.128289999999999627e-02
3.948290000000000133e-02 -9.616289999999999560e-02 2.902129999999999987e-01 1.981700000000000128e-02 1.038679999999999985e-02 1.127309999999999944e-02 1.084060000000000024e-01 2.550140000000000046e-02
1.705230000000000079e-01 1.468060000000000025e-02 1.364370000000000027e-01 -7.698520000000000363e-02 2.377009999999999956e-01 6.371190000000000186e-02 7.834629999999999372e-02 2.943029999999999952e-02
8.341419999999999391e-02 1.814060000000000117e-01 -2.238300000000000012e-02 7.145200000000000162e-02 -3.584120000000000101e-03 9.120910000000000128e-02 2.538830000000000253e-01 2.920889999999999945e-02
1.612520000000000064e-01 9.859229999999999383e-02 1.201119999999999965e-01 -6.799740000000000298e-03 8.951629999999999310e-02 4.457789999999999669e-02 2.033619999999999872e-01 8.300309999999999633e-02
4.825330000000000071e-03 1.126339999999999980e-01 -3.441219999999999696e-02 3.788330000000000169e-02 -7.531010000000000482e-02 1.585789999999999977e-01 1.158900000000000069e-01 8.018830000000000402e-02
3.979160000000000336e-02 3.679770000000000263e-02 2.055810000000000137e-01 1.171819999999999945e-01 -1.704490000000000172e-02 2.141749999999999904e-02 1.390909999999999924e-01 8.323270000000000668e-02
1.198479999999999962e-01 3.967190000000000299e-02 8.171699999999999797e-02 7.932129999999999737e-02 8.667869999999999742e-02 1.875199999999999922e-01 1.869310000000000138e-01 1.395049999999999936e-02
2.149879999999999847e-02 -2.498639999999999889e-02 -1.857570000000000054e-02 1.969390000000000029e-02 1.420249999999999985e-02 1.777159999999999851e-02 4.344089999999999757e-02 2.197939999999999963e-02
1.733919999999999906e-01 1.875999999999999890e-01 2.023210000000000008e-01 1.027320000000000039e-01 -1.178309999999999948e-02 2.868890000000000051e-01 -7.688180000000000014e-02 3.289369999999999794e-03
2.960789999999999950e-02 1.677800000000000125e-01 4.362470000000000236e-02 -4.631180000000000019e-02 2.554370000000000251e-01 2.638699999999999934e-01 1.060119999999999986e-02 5.988870000000000304e-02
5.831990000000000091e-02 2.520040000000000058e-01 1.728510000000000116e-02 2.267319999999999891e-01 -4.492789999999999978e-03 1.216580000000000022e-01 1.247049999999999964e-01 2.619810000000000194e-01
1.401509999999999978e-01 7.646840000000000581e-02 2.239490000000000092e-01 1.268410000000000093e-01 2.755929999999999838e-02 1.078770000000000007e-01 8.310019999999999907e-02 9.542560000000000278e-03
1.079560000000000068e-02 -3.897299999999999810e-03 1.009150000000000047e-01 4.881740000000000189e-04 4.679450000000000276e-02 8.670569999999999666e-02 -2.566310000000000119e-02 1.719430000000000125e-01
5.225940000000000099e-03 2.855460000000000220e-01 1.255610000000000059e-02 1.119750000000000051e-01 5.582700000000000162e-02 1.120789999999999981e-01 6.230120000000000102e-02 -1.400170000000000060e-02
2.840679999999999872e-01 6.258429999999999549e-02 5.996119999999999922e-02 6.368730000000000224e-02 -2.541240000000000165e-02 4.998009999999999953e-02 -2.460100000000000134e-02 1.975319999999999854e-02
3.202189999999999759e-01 4.527550000000000324e-02 1.187740000000000046e-01 7.741320000000000146e-02 1.341440000000000132e-01 1.943900000000000142e-02 1.982609999999999928e-01 7.880410000000000192e-02
1.429100000000000092e-01 8.642389999999999795e-02 4.794849999999999807e-04 -6.632979999999999432e-02 9.581779999999999464e-02 1.708030000000000104e-01 1.083869999999999972e-01 1.745560000000000167e-02
2.113460000000000061e-01 3.270499999999999796e-02 1.676450000000000162e-02 7.968989999999999407e-02 2.702399999999999802e-01 1.231440000000000035e-01 3.101209999999999800e-01 1.031429999999999986e-01
5.754879999999999718e-02 1.045149999999999968e-01 -1.600679999999999941e-03 2.284779999999999867e-01 2.188309999999999977e-01 6.380510000000000348e-02 2.228050000000000030e-01 3.768370000000000053e-02
3.896259999999999914e-03 2.760290000000000243e-01 -4.164219999999999727e-02 -1.222519999999999944e-03 1.005469999999999975e-01 4.972170000000000062e-02 5.642350000000000143e-02 1.266490000000000116e-01
1.039059999999999984e-01 6.526360000000000494e-02 2.445560000000000095e-02 1.101989999999999914e-02 6.796520000000000339e-02 1.011090000000000044e-01 3.401989999999999875e-02 1.255479999999999929e-01
1.390730000000000022e-01 3.307749999999999857e-01 5.340000000000000302e-02 1.137029999999999985e-01 7.791140000000000565e-02 -3.514699999999999769e-02 2.289470000000000047e-02 -3.353329999999999853e-03
2.467300000000000049e-01 2.480819999999999900e-02 1.094610000000000027e-02 5.043210000000000054e-02 1.453959999999999975e-02 9.122239999999999516e-02 4.800290000000000112e-02 1.395030000000000055e-02
6.352230000000000376e-02 1.249450000000000005e-01 2.711430000000000229e-01 -8.750320000000000320e-02 1.529160000000000068e-02 9.537420000000000619e-02 1.253160000000000107e-01 4.628859999999999919e-02
-3.328350000000000058e-02 2.717119999999999952e-03 9.631399999999999684e-02 9.054080000000000461e-02 4.230439999999999756e-01 1.251520000000000132e-01 1.347619999999999929e-01 1.126390000000000030e-01
2.449969999999999926e-02 1.549280000000000102e-03 2.575310000000000099e-02 1.295280000000000042e-01 1.709810000000000149e-02 1.940180000000000030e-02 5.113890000000000276e-03 -4.775800000000000184e-02
2.861090000000000022e-01 -4.038400000000000323e-02 2.262629999999999919e-01 1.171559999999999963e-01 3.314369999999999816e-01 1.361700000000000133e-01 1.167070000000000052e-01 4.622300000000000020e-02
2.421710000000000095e-03 9.647980000000000445e-02 2.232099999999999917e-01 5.554119999999999890e-02 6.501640000000000197e-02 1.288489999999999913e-01 2.565149999999999930e-01 -5.765540000000000248e-02
3.258750000000000258e-01 1.391439999999999899e-01 1.803379999999999983e-01 1.017490000000000061e-01 -1.036900000000000105e-03 2.161180000000000045e-01 1.750259999999999871e-01 2.095200000000000118e-01
2.824289999999999856e-01 -9.767470000000000319e-02 8.108740000000000392e-02 -9.943860000000000199e-02 1.403040000000000120e-01 3.536489999999999773e-02 1.830599999999999936e-02 9.254309999999999967e-03
2.138230000000000131e-01 6.837300000000000322e-02 1.806329999999999880e-01 1.947420000000000054e-02 1.219380000000000047e-01 1.152299999999999991e-01 2.825940000000000119e-01 1.874909999999999910e-01
1.757610000000000006e-01 3.031050000000000133e-01 -2.440869999999999984e-01 -2.852040000000000131e-03 1.185070000000000012e-01 4.954320000000000251e-02 1.622409999999999963e-01 -7.943409999999999360e-02
-6.183029999999999776e-02 -1.298900000000000055e-01 5.035739999999999661e-02 2.030119999999999980e-01 -4.224509999999999897e-03 1.911029999999999951e-01 2.267349999999999921e-01 7.320319999999999605e-02
1.213509999999999936e-02 2.758220000000000116e-01 2.055220000000000102e-01 2.220900000000000096e-01 2.028380000000000113e-02 1.773849999999999871e-01 1.545999999999999978e-02 6.169800000000000284e-02
1.362440000000000040e-01 5.779349999999999765e-02 5.744110000000000188e-02 1.068690000000000057e-01 7.724390000000000422e-02 1.068680000000000047e-01 -2.075340000000000171e-02 4.032480000000000092e-02
6.909139999999999726e-02 2.870349999999999846e-01 1.024889999999999968e-01 -8.571739999999999915e-02 2.219279999999999864e-02 1.582530000000000048e-01 3.069450000000000234e-01 1.351330000000000066e-02
-3.423459999999999698e-02 2.275600000000000123e-01 1.587689999999999935e-01 1.364350000000000007e-01 1.324039999999999939e-01 1.171309999999999990e-01 3.260399999999999965e-01 1.529639999999999889e-01
1.143499999999999933e-01 1.254180000000000017e-01 1.249129999999999963e-01 1.169380000000000003e-01 1.280729999999999924e-01 1.157699999999999979e-01 5.689770000000000244e-02 1.051359999999999933e-01
-2.213030000000000054e-04 2.347489999999999993e-02 1.612530000000000074e-01 2.836400000000000032e-01 9.592050000000000576e-02 1.391620000000000079e-01 3.251439999999999886e-01 -1.029030000000000049e-02
1.448039999999999883e-01 -5.162640000000000284e-02 2.537089999999999831e-02 1.101420000000000038e-01 1.369420000000000082e-01 2.986519999999999730e-01 -2.903019999999999906e-02 1.180750000000000029e-02
7.333510000000000029e-02 6.819390000000000174e-02 -3.065459999999999886e-03 7.701940000000000175e-02 3.170109999999999872e-01 1.106309999999999932e-01 3.192849999999999855e-02 2.213279999999999970e-01
1.464419999999999888e-01 7.543729999999999880e-02 3.774290000000000284e-02 2.833729999999999860e-01 1.131179999999999963e-01 1.931519999999999904e-01 8.687380000000000102e-02 1.109060000000000080e-02
-8.526910000000000392e-03 8.605810000000000196e-03 7.069119999999999571e-02 1.248240000000000044e-01 1.215119999999999950e-01 6.572780000000000289e-02 -1.783179999999999835e-02 2.891369999999999774e-01
1.482459999999999889e-01 2.215610000000000079e-01 -7.102540000000000069e-03 4.591030000000000111e-02 5.974779999999999675e-02 1.399640000000000051e-01 1.166869999999999991e-01 2.030619999999999925e-01
4.703120000000000217e-02 -1.225350000000000050e-02 7.143140000000000600e-02 5.669339999999999796e-02 1.430639999999999967e-01 5.541309999999999812e-03 1.728310000000000124e-01 1.941970000000000085e-01
2.694489999999999941e-01 1.401679999999999940e-02 -3.836179999999999798e-03 -1.337580000000000019e-02 2.478570000000000079e-02 3.444370000000000070e-02 9.579880000000000340e-02 1.378969999999999918e-01
3.387459999999999777e-02 2.259109999999999938e-02 8.111450000000000604e-02 7.722199999999999898e-02 9.055019999999999736e-02 -8.111210000000000425e-04 1.786860000000000115e-01 1.848190000000000111e-01
1.178799999999999987e-01 5.826449999999999685e-02 1.882449999999999957e-01 -8.113650000000000029e-03 1.448039999999999883e-01 2.325500000000000067e-01 9.227539999999999354e-02 -1.394270000000000058e-02
1.266100000000000003e-01 2.203460000000000141e-02 1.440899999999999959e-01 9.370950000000000113e-02 2.825480000000000214e-01 1.322810000000000097e-01 2.422070000000000056e-01 1.837050000000000072e-01
2.122780000000000153e-02 1.893330000000000013e-01 -2.186770000000000033e-02 3.906579999999999775e-02 2.137040000000000051e-01 2.355740000000000056e-01 5.286980000000000152e-02 5.731640000000000346e-02
1.746340000000000045e-02 -2.743200000000000152e-02 1.142689999999999956e-01 -2.110420000000000004e-02 1.526859999999999884e-01 -1.051419999999999993e-01 8.906400000000000428e-02 7.857899999999999607e-02
5.642830000000000068e-02 1.074220000000000036e-01 5.776640000000000247e-02 1.857139999999999833e-02 3.045519999999999894e-01 -2.054189999999999836e-02 2.458549999999999902e-01 4.296459999999999863e-02
1.823780000000000123e-01 1.895429999999999893e-01 1.770970000000000044e-01 8.894269999999999954e-02 1.966219999999999912e-01 6.022199999999999775e-02 4.826099999999999834e-02 1.132340000000000013e-01
1.327840000000000131e-01 2.814480000000000107e-02 4.917969999999999980e-02 -3.442159999999999664e-02 1.424940000000000095e-01 1.597619999999999943e-02 -7.784480000000000522e-04 -8.324830000000000077e-03
3.248829999999999774e-02 1.803690000000000015e-01 1.903499999999999914e-01 4.128119999999999706e-02 8.065859999999999697e-02 1.172020000000000006e-01 -8.036569999999999825e-03 1.015399999999999983e-02
1.081400000000000070e-02 7.695180000000000076e-02 2.479689999999999950e-01 -2.673390000000000141e-02 -2.711819999999999856e-02 1.173310000000000047e-01 -2.628240000000000090e-02 1.817130000000000134e-01
2.851929999999999743e-01 -1.730490000000000153e-02 1.645069999999999866e-01 2.424969999999999903e-01 1.541669999999999985e-01 8.229050000000000253e-02 2.867029999999999926e-02 1.143030000000000018e-01
2.553889999999999771e-01 1.298769999999999959e-02 2.201780000000000126e-01 3.073599999999999943e-02 3.987940000000000235e-02 3.466459999999999680e-02 1.606540000000000051e-02 1.086550000000000016e-01
1.408880000000000132e-01 2.489079999999999904e-01 5.516730000000000245e-02 4.518450000000000244e-03 1.370749999999999920e-02 -2.382340000000000152e-02 5.039430000000000298e-02 2.041149999999999909e-02
-8.136829999999999410e-03 4.967470000000000219e-02 -8.308469999999999744e-02 -2.284850000000000075e-02 3.170860000000000345e-02 -5.347650000000000320e-02 3.004370000000000096e-01 2.357319999999999971e-01
1.842390000000000000e-02 6.973440000000000194e-02 5.214650000000000361e-03 1.150899999999999979e-01 1.502130000000000132e-01 3.061980000000000257e-01 4.426130000000000342e-02 1.295370000000000132e-01
1.988979999999999915e-01 3.435789999999999678e-02 -5.382420000000000260e-02 6.595389999999999586e-02 1.754330000000000125e-02 1.348600000000000076e-01 1.615320000000000089e-01 -1.413820000000000007e-02
8.243069999999999564e-02 -3.006609999999999730e-04 2.675450000000000007e-04 4.148770000000000409e-03 4.454930000000000001e-02 2.125529999999999919e-01 -6.295239999999999690e-03 1.578680000000000083e-01
1.433329999999999882e-01 9.776399999999999327e-03 1.704150000000000109e-01 1.509139999999999926e-01 1.116960000000000036e-01 3.517669999999999964e-01 2.388339999999999907e-01 1.308499999999999941e-01
2.755119999999999791e-01 3.600330000000000197e-02 3.031729999999999842e-02 2.072440000000000115e-01 9.410449999999999371e-02 7.373720000000000274e-02 1.374930000000000041e-01 1.046659999999999952e-01
8.977730000000000432e-02 2.408250000000000113e-01 2.743039999999999923e-01 1.922449999999999992e-01 4.779749999999999971e-02 4.061639999999999695e-02 -2.539459999999999981e-02 1.770039999999999947e-01
4.067069999999999713e-02 1.326469999999999871e-01 1.763869999999999882e-01 1.333870000000000021e-02 1.240630000000000066e-01 1.814429999999999932e-01 9.267620000000000025e-02 -1.013730000000000013e-03
1.049130000000000063e-01 2.605509999999999771e-01 -1.090240000000000051e-04 -9.322910000000000225e-03 5.928470000000000267e-02 1.506949999999999956e-01 1.464080000000000104e-01 1.520670000000000077e-01
1.538450000000000095e-01 -2.594809999999999912e-03 2.260859999999999953e-02 2.374499999999999875e-02 3.549220000000000066e-03 4.272870000000000140e-02 2.597930000000000031e-02 -3.363680000000000142e-02
5.556010000000000115e-02 2.063130000000000172e-02 1.916289999999999938e-01 4.089299999999999706e-03 3.554849999999999677e-02 -6.182139999999999858e-02 1.362160000000000037e-01 1.874379999999999935e-01
8.340730000000000366e-02 1.184909999999999991e-01 -6.909389999999999629e-03 5.681619999999999726e-02 4.105919999999999709e-02 -9.110119999999999330e-02 -5.689410000000000300e-02 2.343620000000000078e-02
-2.689300000000000154e-04 4.239799999999999819e-02 7.624530000000000196e-02 -1.327800000000000091e-01 1.782150000000000123e-01 2.001390000000000113e-01 2.945420000000000260e-01 3.920230000000000242e-02
5.127600000000000213e-02 1.777219999999999911e-01 1.472229999999999928e-01 6.112530000000000047e-02 1.200080000000000036e-01 4.645289999999999836e-02 1.851839999999999875e-01 1.528079999999999994e-01
-4.420609999999999817e-02 -5.671450000000000102e-02 9.493880000000000374e-02 -8.623749999999999472e-03 1.014020000000000060e-01 2.437910000000000077e-02 1.356289999999999996e-01 8.382729999999999349e-02
1.755249999999999866e-02 1.087309999999999943e-01 -1.570840000000000083e-02 1.106369999999999992e-01 7.507039999999999547e-02 1.291589999999999960e-01 1.118060000000000026e-01 1.040599999999999997e-01
3.451629999999999976e-02 9.958789999999999309e-02 9.728019999999999723e-02 1.418689999999999951e-01 1.844590000000000118e-01 9.278830000000000411e-02 -5.814269999999999855e-03 -2.821359999999999840e-02
2.732040000000000024e-01 2.280540000000000067e-01 2.991440000000000071e-02 -1.116870000000000016e-02 9.964779999999999471e-02 6.292449999999999433e-02 -3.073390000000000150e-02 9.519990000000000396e-02
9.781199999999999617e-02 1.406300000000000050e-01 3.529840000000000200e-01 3.604670000000000096e-02 -3.205020000000000091e-02 1.044260000000000049e-01 2.010359999999999925e-01 2.792740000000000222e-01
1.986390000000000100e-01 2.759179999999999966e-01 -1.017060000000000047e-01 1.417990000000000084e-01 5.443719999999999809e-02 5.819499999999999673e-02 3.313569999999999710e-02 3.161569999999999658e-02
4.720719999999999777e-02 -2.962869999999999827e-03 -9.716910000000000477e-03 1.290560000000000040e-01 -5.709000000000000186e-02 3.337500000000000189e-02 1.951660000000000061e-01 5.379529999999999729e-02
-1.862350000000000116e-02 2.552860000000000129e-01 1.851820000000000133e-01 5.243690000000000156e-02 3.020900000000000252e-01 -9.879169999999999618e-03 1.510789999999999911e-01 9.003709999999999491e-02
1.454850000000000032e-01 1.132589999999999986e-02 2.963709999999999956e-01 1.067150000000000043e-01 -3.791670000000000023e-03 1.970039999999999986e-02 4.287899999999999871e-03 3.010900000000000243e-01
2.215850000000000111e-02 7.486989999999999791e-03 1.438409999999999966e-01 -5.525379999999999875e-02 -1.584510000000000085e-02 2.785510000000000069e-02 1.880189999999999917e-01 -1.203040000000000012e-02
-7.961959999999999871e-02 9.828349999999999587e-03 1.176630000000000037e-01 7.648439999999999406e-02 6.807580000000000575e-02 4.248110000000000080e-02 4.943190000000000084e-02 1.067899999999999960e-01
2.485899999999999915e-02 6.587999999999999412e-02 -8.794809999999999911e-04 2.519159999999999733e-01 3.008749999999999966e-02 8.415190000000000170e-02 1.459429999999999894e-01 -1.550140000000000025e-02
3.180640000000000203e-03 1.119669999999999971e-01 -1.795410000000000061e-02 2.225139999999999896e-01 6.146859999999999651e-03 1.933010000000000006e-01 2.406120000000000134e-02 1.006849999999999967e-01
8.519300000000000483e-02 1.550300000000000011e-01 1.204009999999999941e-01 7.943840000000000623e-02 2.184099999999999930e-01 6.509909999999999829e-03 1.526540000000000119e-01 7.471049999999999913e-03
1.165759999999999991e-01 1.755529999999999868e-01 7.936409999999999645e-03 1.093689999999999940e-01 1.271130000000000003e-02 9.919400000000000439e-02 8.901829999999999465e-02 -5.289440000000000114e-02
2.655149999999999871e-02 9.987849999999999506e-03 8.605989999999999474e-02 2.343910000000000091e-02 -1.729699999999999988e-02 1.686030000000000029e-01 7.242649999999999783e-03 1.472880000000000023e-01
4.057449999999999946e-02 2.429759999999999975e-01 1.589329999999999909e-01 -2.107490000000000058e-02 -1.725099999999999897e-02 1.687790000000000123e-01 7.933080000000000687e-02 1.418850000000000111e-01
8.119360000000000466e-02 -9.676659999999999429e-02 1.265350000000000086e-01 3.028909999999999936e-02 -2.383259999999999892e-03 1.797469999999999901e-01 1.736540000000000028e-01 9.398950000000000360e-02
1.652830000000000132e-01 1.649519999999999875e-01 1.455349999999999977e-01 9.952169999999999767e-03 1.280590000000000062e-01 1.385660000000000017e-02 1.176740000000000008e-01 1.159260000000000013e-01
2.382800000000000022e-04 2.644699999999999829e-02 1.397579999999999933e-01 2.305319999999999869e-01 1.396870000000000056e-01 1.013600000000000056e-01 -3.113609999999999989e-02 4.184009999999999813e-02
5.509010000000000296e-02 -3.462930000000000175e-02 4.671349999999999808e-02 6.374960000000000349e-02 6.848730000000000095e-02 -4.899909999999999682e-02 8.252589999999999926e-02 1.603210000000000052e-02
2.682110000000000050e-02 3.595720000000000166e-02 -6.601569999999999661e-02 1.508770000000000111e-01 1.938110000000000110e-01 -3.155899999999999678e-02 -4.715829999999999848e-03 1.059260000000000063e-02
1.335719999999999963e-01 1.077960000000000029e-02 -4.199200000000000155e-02 7.878770000000000218e-02 3.476859999999999673e-02 4.906889999999999863e-02 2.417779999999999929e-01 2.356530000000000014e-01
2.608400000000000163e-01 6.159189999999999804e-02 1.284970000000000001e-01 1.331040000000000001e-01 -5.724639999999999590e-03 1.346179999999999877e-01 -1.432480000000000038e-02 2.787180000000000213e-01
9.934679999999999900e-02 1.061750000000000055e-01 3.209309999999999941e-02 4.247519999999999768e-02 1.115010000000000029e-01 1.191610000000000030e-01 1.280260000000000009e-01 2.450469999999999871e-01
-7.745679999999999579e-03 -3.208939999999999709e-02 7.265929999999999611e-02 2.502739999999999965e-01 1.630639999999999867e-01 1.193800000000000000e-01 2.449410000000000129e-02 1.372960000000000014e-01
1.600570000000000118e-02 -6.304840000000000444e-02 1.047140000000000015e-01 5.104369999999999741e-02 -1.124140000000000035e-03 7.748309999999999920e-02 3.685170000000000112e-02 5.465810000000000113e-02
2.199939999999999882e-02 1.531250000000000111e-01 2.926540000000000044e-02 2.359570000000000001e-01 1.251629999999999965e-01 4.697679999999999911e-02 6.904069999999999652e-02 1.118070000000000036e-01
7.998579999999999579e-02 7.279130000000000322e-02 1.258060000000000012e-01 -2.098749999999999921e-02 9.988460000000000394e-02 1.497590000000000032e-01 1.145629999999999982e-01 1.736630000000000118e-01
1.158850000000000019e-01 5.130030000000000007e-02 1.315749999999999975e-01 2.118099999999999983e-01 1.126709999999999934e-01 9.294289999999999496e-02 4.004909999999999720e-02 7.226359999999999728e-02
2.252039999999999945e-02 6.313889999999999780e-02 2.794460000000000277e-01 3.118920000000000026e-02 -1.048409999999999967e-02 1.042219999999999952e-01 -7.395569999999999748e-03 1.972099999999999964e-01
3.626809999999999756e-02 4.301780000000000187e-02 -8.617539999999999922e-02 2.438130000000000019e-01 -3.251350000000000073e-03 5.375579999999999942e-02 3.071769999999999778e-01 8.331149999999999667e-02
5.490199999999999525e-01 4.821360000000000229e-03 6.894490000000000340e-02 2.146790000000000087e-01 1.930489999999999984e-01 2.193309999999999982e-01 1.632780000000000065e-01 7.836450000000000360e-02
2.039640000000000064e-01 -5.998699999999999866e-02 1.015550000000000064e-01 3.114429999999999976e-02 8.374080000000000412e-02 2.424749999999999961e-01 1.414050000000000029e-01 -4.112819999999999671e-02
3.946360000000000146e-02 2.974189999999999889e-01 6.205970000000000236e-02 1.917390000000000067e-02 -4.056150000000000033e-02 3.443460000000000271e-02 -6.522749999999999382e-02 5.311509999999999843e-02
3.523969999999999880e-02 1.302679999999999949e-01 1.335979999999999945e-01 -1.464969999999999987e-02 1.620320000000000094e-01 1.410690000000000000e-01 9.646409999999999707e-02 1.023629999999999957e-01
2.084840000000000027e-01 1.187379999999999963e-01 -1.507539999999999922e-02 2.648630000000000151e-01 1.010260000000000047e-01 1.374819999999999931e-01 9.864459999999999895e-02 2.469429999999999958e-01
5.126000000000000001e-02 1.187010000000000010e-01 1.635020000000000084e-01 -2.031509999999999913e-02 3.189110000000000000e-01 3.326529999999999765e-01 1.479930000000000134e-01 2.923409999999999898e-02
2.441230000000000136e-02 5.023219999999999769e-02 1.308199999999999918e-01 4.894559999999999883e-02 1.390129999999999977e-01 2.054330000000000045e-01 1.020279999999999972e-02 -1.959340000000000040e-02
6.487469999999999348e-02 -1.260039999999999945e-02 2.438480000000000161e-02 2.049030000000000018e-01 1.411319999999999936e-02 8.511649999999999772e-02 2.141209999999999988e-02 8.162179999999999436e-02
2.289380000000000026e-01 -5.028880000000000156e-02 -8.111870000000000192e-02 5.859260000000000163e-02 1.559780000000000055e-01 -1.119279999999999997e-01 4.778639999999999971e-02 7.157330000000000636e-02
1.342500000000000082e-01 7.439990000000000492e-02 6.409689999999999832e-02 9.562489999999999879e-02 -1.337880000000000059e-03 6.260409999999999586e-02 7.068770000000000608e-02 8.131019999999999220e-03
1.078910000000000008e-01 2.847160000000000246e-01 8.205709999999999393e-02 -3.488369999999999665e-02 1.028950000000000004e-02 5.189300000000000163e-02 3.125200000000000200e-01 6.258990000000000387e-02
1.247319999999999957e-01 -9.158249999999999941e-05 3.735139999999999988e-02 -6.899909999999999377e-02 -3.867799999999999710e-02 -2.190450000000000036e-02 1.534050000000000136e-01 -6.836050000000000459e-02
7.746219999999999495e-02 2.157370000000000121e-01 3.219620000000000121e-02 2.310929999999999929e-01 6.686380000000000101e-02 5.757360000000000255e-02 4.869810000000000111e-02 -1.426350000000000118e-01
1.086550000000000016e-01 8.092449999999999297e-03 1.694829999999999948e-01 1.332740000000000036e-01 1.295489999999999975e-01 1.550290000000000001e-01 1.337869999999999893e-01 1.235210000000000058e-01
2.644889999999999741e-01 3.549329999999999985e-01 -3.080240000000000061e-02 1.157559999999999978e-01 7.814210000000000600e-02 4.119830000000000161e-05 3.483760000000000329e-02 -4.857409999999999831e-04
1.597810000000000064e-01 6.087410000000000043e-02 2.410970000000000127e-02 3.155390000000000139e-01 2.736550000000000094e-02 -4.096110000000000029e-02 1.162299999999999965e-02 3.224370000000000014e-02
1.359489999999999865e-01 2.748829999999999850e-03 -8.507149999999999435e-02 9.032479999999999676e-02 1.649740000000000095e-01 1.928639999999999868e-02 6.868380000000000318e-02 -3.076929999999999943e-02
2.736609999999999876e-01 1.424020000000000008e-01 1.299399999999999999e-01 7.168190000000000672e-02 8.880749999999999755e-02 2.030969999999999998e-01 7.720119999999999760e-02 -1.559719999999999900e-03
1.091040000000000065e-02 -2.330689999999999845e-02 -4.319690000000000335e-02 1.706789999999999974e-01 -9.151080000000000325e-02 -2.819059999999999969e-02 2.376390000000000099e-02 -2.678169999999999856e-02
3.631600000000000106e-02 5.522790000000000338e-02 -3.706659999999999816e-02 2.581220000000000042e-02 9.934869999999999812e-02 1.348580000000000056e-01 2.225350000000000106e-01 3.160410000000000302e-02
-5.317349999999999854e-02 1.440929999999999989e-01 2.258320000000000050e-01 1.104380000000000075e-03 1.034859999999999947e-01 2.768470000000000097e-01 2.225840000000000041e-01 -2.124130000000000115e-03
1.192489999999999939e-01 1.288870000000000016e-01 1.315820000000000045e-01 -6.383930000000000160e-02 5.204050000000000342e-02 3.204590000000000216e-02 4.650119999999999948e-02 -8.648290000000000144e-02
1.631469999999999865e-01 1.232830000000000037e-01 2.601620000000000044e-01 2.129930000000000018e-02 2.025560000000000138e-01 1.385850000000000137e-01 6.789509999999999990e-02 2.480390000000000025e-02
1.846990000000000021e-01 3.883849999999999802e-02 2.868060000000000054e-02 2.298359999999999986e-02 5.356000000000000344e-02 2.871349999999999944e-02 1.441050000000000109e-01 8.894699999999999829e-02
2.788039999999999963e-01 1.851450000000000040e-01 1.749489999999999934e-01 1.001579999999999970e-01 3.024570000000000036e-02 1.123139999999999972e-01 1.592899999999999872e-01 1.793069999999999942e-01
2.611539999999999868e-03 2.601570000000000271e-01 1.634190000000000087e-01 2.617329999999999934e-01 1.499459999999999960e-01 2.243420000000000136e-01 -1.521860000000000053e-02 1.481629999999999892e-01
1.242550000000000043e-01 7.743279999999999608e-02 1.059210000000000013e-01 1.589639999999999942e-01 1.746469999999999967e-01 7.020200000000000051e-02 -2.573399999999999993e-02 -1.027059999999999952e-02
-3.455749999999999794e-02 5.612759999999999971e-02 9.754400000000000570e-02 1.488909999999999956e-01 1.211359999999999937e-01 5.813739999999999880e-02 1.931829999999999936e-01 -1.682660000000000058e-02
9.048899999999999999e-02 2.194099999999999939e-01 1.199989999999999946e-01 2.753950000000000009e-01 1.504389999999999894e-01 9.493360000000000687e-02 -1.086289999999999999e-02 2.363209999999999963e-02
-6.284780000000000227e-03 1.554470000000000018e-01 2.070520000000000138e-01 1.690790000000000071e-01 8.555809999999999804e-02 4.477620000000000211e-02 7.093779999999999530e-02 -5.228429999999999883e-02
9.468530000000000002e-02 2.674230000000000218e-01 1.763010000000000133e-01 8.074580000000000646e-02 1.796049999999999869e-01 1.385600000000000026e-02 4.192880000000000218e-02 -8.915810000000000402e-02
7.795539999999999414e-02 8.305250000000000132e-02 7.250859999999999597e-03 -3.189840000000000210e-04 -3.207739999999999897e-02 2.013520000000000032e-01 6.659889999999999907e-03 9.500039999999999873e-02
3.217690000000000272e-01 1.237840000000000051e-01 2.089999999999999913e-01 -9.854240000000000221e-02 -9.007130000000000691e-02 2.279969999999999913e-02 1.473460000000000047e-02 1.173450000000000014e-02
8.338619999999999366e-02 1.165589999999999959e-01 1.714680000000000093e-01 1.258510000000000011e-02 2.360470000000000068e-01 9.968380000000000296e-02 1.291670000000000040e-01 7.069350000000000633e-02
9.755659999999999332e-03 1.174520000000000008e-01 5.546940000000000204e-02 3.786210000000000270e-02 1.652399999999999980e-01 1.268219999999999903e-01 1.282679999999999931e-01 1.109839999999999993e-01
-2.749659999999999951e-02 4.982650000000000273e-02 3.104589999999999850e-01 -6.544659999999999887e-03 -8.375630000000000228e-03 4.649690000000000073e-02 9.555439999999999767e-02 -4.006799999999999945e-02
4.967970000000000025e-02 -5.104399999999999910e-02 1.762199999999999878e-01 3.143699999999999828e-01 1.747910000000000019e-01 4.864009999999999861e-02 1.113770000000000038e-01 1.919700000000000017e-01
9.843620000000000841e-03 4.141319999999999724e-02 1.299200000000000077e-01 5.703779999999999961e-02 8.350309999999999677e-02 -5.761179999999999773e-02 5.276399999999999840e-02 1.435460000000000069e-01
4.804039999999999699e-02 1.401789999999999980e-01 2.049910000000000065e-01 -2.291479999999999906e-02 2.180479999999999918e-01 -3.805809999999999749e-02 4.556570000000000065e-02 1.125789999999999985e-01
-8.562830000000000441e-03 4.869129999999999986e-02 1.814270000000000119e-02 8.021010000000000639e-02 8.137199999999999989e-02 1.203649999999999998e-01 2.207159999999999955e-01 -2.465269999999999961e-02
1.909659999999999969e-01 2.082600000000000007e-01 2.506280000000000174e-01 6.810320000000000262e-02 1.519640000000000053e-02 2.697339999999999738e-01 -1.157269999999999957e-03 2.500450000000000172e-01
2.251279999999999948e-02 7.525560000000000582e-02 5.074900000000000244e-02 2.811800000000000063e-02 7.250760000000000538e-02 1.918719999999999870e-01 4.525010000000000143e-02 6.775879999999999403e-02
-5.295260000000000244e-02 1.149700000000000027e-01 9.969580000000000108e-02 1.818009999999999904e-01 2.249960000000000154e-02 8.322630000000000305e-02 7.965339999999999920e-02 1.887959999999999916e-01
8.254110000000000266e-03 2.029310000000000003e-01 2.498440000000000036e-02 9.805129999999999402e-02 -3.675090000000000301e-02 1.285810000000000008e-01 3.390499999999999764e-02 -2.325259999999999827e-02
8.325609999999999955e-02 8.711030000000000162e-02 9.851340000000000097e-02 2.592209999999999792e-01 3.730950000000000238e-02 7.725369999999999460e-02 7.579959999999999476e-02 1.055569999999999981e-01
1.366729999999999889e-01 -2.787979999999999799e-03 1.703810000000000047e-01 1.218140000000000056e-01 9.498959999999999348e-02 1.825149999999999993e-03 9.464920000000000277e-02 8.884709999999999830e-02
2.757120000000000126e-01 1.042690000000000006e-01 1.737470000000000125e-01 7.392609999999999459e-02 2.615819999999999951e-02 -7.666090000000000404e-03 -8.927990000000000231e-03 3.568090000000000150e-02
9.142550000000000676e-02 1.988570000000000060e-01 1.450110000000000010e-01 1.314120000000000010e-01 5.211559999999999804e-02 1.282040000000000124e-01 1.063100000000000017e-01 3.078929999999999723e-01
9.581879999999999564e-02 9.709420000000000550e-02 5.010950000000000126e-02 2.579249999999999945e-02 3.206930000000000197e-02 1.657470000000000054e-01 2.232909999999999895e-01 2.358159999999999978e-01
2.450389999999999860e-02 1.193319999999999936e-01 1.439259999999999984e-01 2.932660000000000128e-02 1.062629999999999963e-01 1.241820000000000007e-01 -7.595649999999999798e-03 1.714660000000000073e-01
7.259989999999999499e-02 9.879209999999999381e-02 -5.066169999999999701e-02 1.700979999999999992e-01 2.490690000000000126e-01 1.166640000000000038e-01 2.303590000000000082e-01 4.443470000000000059e-02
3.769539999999999697e-02 1.488500000000000066e-02 1.167549999999999977e-01 3.842249999999999832e-01 2.649170000000000136e-01 -2.962319999999999884e-02 1.215829999999999966e-01 1.523120000000000029e-01
2.796919999999999962e-02 1.367800000000000127e-01 -9.379139999999999353e-03 9.980160000000000420e-02 1.052000000000000018e-01 9.200859999999999941e-03 3.781160000000000077e-02 1.498929999999999985e-01
4.089740000000000042e-02 -1.911720000000000086e-02 1.010719999999999952e-01 3.312930000000000041e-02 1.680139999999999967e-01 5.879990000000000216e-02 -2.908619999999999955e-02 5.144959999999999811e-02
2.780569999999999986e-01 -5.318599999999999717e-02 -4.103210000000000190e-02 2.090799999999999881e-01 3.973840000000000011e-02 1.201550000000000014e-02 7.811210000000000375e-02 -1.148760000000000059e-02
1.066050000000000053e-01 -5.094379999999999742e-02 9.379840000000000400e-02 2.562039999999999873e-01 1.913219999999999921e-01 3.363889999999999936e-02 1.450700000000000045e-01 1.458710000000000007e-01
-3.632200000000000012e-02 9.890930000000000555e-02 7.201820000000000443e-02 -2.226709999999999801e-03 -1.498979999999999931e-02 2.503449999999999842e-01 2.264410000000000034e-01 1.333120000000000138e-01
-1.074050000000000005e-02 1.734060000000000046e-01 7.571769999999999889e-02 2.743079999999999963e-01 5.474919999999999787e-02 1.512350000000000083e-01 9.722440000000000249e-02 8.707529999999999437e-02
1.708959999999999924e-01 1.480549999999999922e-01 2.252319999999999878e-01 1.589589999999999892e-01 -1.767729999999999909e-03 -3.475759999999999961e-02 2.363629999999999898e-01 6.056509999999999672e-02
2.837200000000000277e-01 1.633779999999999955e-01 2.325970000000000121e-02 1.713099999999999901e-01 1.540779999999999927e-01 8.707719999999999350e-02 3.392640000000000100e-01 6.877859999999999530e-02
4.575280000000000319e-02 2.512500000000000150e-02 -3.506630000000000164e-02 1.303489999999999926e-01 2.221460000000000101e-01 -8.961639999999999884e-02 1.567919999999999869e-01 5.938410000000000216e-02
3.406190000000000051e-01 1.072260000000000019e-01 1.206229999999999941e-01 2.900530000000000122e-02 1.250970000000000137e-01 4.193670000000000037e-02 -1.195530000000000030e-02 2.001580000000000026e-02
-1.915270000000000167e-02 1.072609999999999952e-01 5.090050000000000130e-02 1.450839999999999907e-01 2.970499999999999877e-02 8.336269999999999791e-02 3.267599999999999671e-02 6.608849999999999447e-02
3.895910000000000345e-02 -5.785570000000000296e-02 2.147739999999999927e-01 1.673610000000000098e-01 8.788169999999999316e-02 1.038990000000000052e-01 7.850500000000000533e-02 -3.465049999999999901e-03
2.123349999999999890e-02 1.928200000000000053e-02 1.452299999999999980e-01 1.994620000000000004e-01 1.146790000000000032e-01 1.360220000000000040e-01 1.649559999999999915e-01 1.169820000000000026e-01
4.739270000000000288e-02 8.539420000000000344e-02 -2.604640000000000080e-02 4.412689999999999668e-02 2.540109999999999937e-02 1.400190000000000046e-01 3.272610000000000241e-01 1.540630000000000055e-01
4.182609999999999800e-02 1.548750000000000127e-01 -5.896810000000000246e-02 4.329170000000000240e-02 2.596910000000000052e-01 1.763529999999999959e-02 9.117870000000000141e-02 -5.955459999999999920e-02
1.670119999999999938e-01 5.992949999999999666e-02 1.094989999999999991e-01 1.113230000000000053e-01 2.071530000000000038e-01 2.914519999999999958e-02 1.154459999999999931e-01 -3.492499999999999771e-02
1.737690000000000068e-01 -3.616529999999999745e-02 -2.153669999999999890e-02 2.735400000000000054e-01 1.554780000000000051e-02 1.395809999999999933e-02 1.282909999999999884e-01 6.875850000000000017e-02
-3.846630000000000188e-02 2.599750000000000116e-01 1.053309999999999941e-01 7.894930000000000003e-02 -4.217929999999999943e-03 2.511550000000000171e-01 5.321639999999999704e-02 5.258600000000000080e-02
2.581399999999999806e-01 1.209879999999999983e-02 8.744699999999999696e-02 8.063340000000000438e-03 1.547729999999999939e-01 4.968430000000000069e-02 9.887529999999999930e-02 1.636419999999999889e-02
5.567620000000000208e-02 9.728209999999999635e-02 2.223930000000000073e-01 7.143599999999999950e-02 1.340800000000000047e-01 9.713299999999999365e-03 1.542590000000000072e-01 1.826760000000000050e-01
1.270830000000000015e-01 7.697740000000000138e-02 6.954330000000000234e-02 5.501989999999999659e-02 2.139669999999999905e-01 3.242219999999999824e-02 3.941759999999999708e-02 1.966030000000000000e-01
1.033099999999999991e-01 3.310020000000000323e-02 1.750120000000000009e-01 1.921140000000000070e-01 2.491279999999999883e-02 9.309259999999999757e-02 2.632179999999999936e-02 2.224960000000000132e-02
2.307690000000000019e-01 1.232769999999999977e-01 1.795670000000000044e-01 -6.573700000000000376e-02 1.366030000000000022e-02 1.381159999999999888e-01 4.528080000000000191e-04 8.327039999999999442e-02
1.473870000000000041e-02 1.075600000000000028e-01 1.063059999999999977e-01 2.092870000000000008e-01 2.329779999999999907e-01 4.553630000000000178e-02 1.071190000000000059e-01 -5.116710000000000008e-03
1.702239999999999864e-01 -2.963990000000000027e-02 2.054930000000000090e-01 2.179999999999999993e-02 1.677140000000000020e-01 -4.103330000000000172e-02 1.238479999999999998e-01 7.231120000000000603e-02
1.607119999999999937e-01 2.274460000000000093e-01 1.086219999999999963e-01 3.429759999999999753e-02 1.111710000000000059e-01 -9.953639999999999710e-03 1.738119999999999943e-01 2.899539999999999895e-01
-3.337509999999999782e-02 9.759110000000000007e-02 4.621139999999999970e-02 -1.556549999999999948e-02 2.387289999999999898e-02 4.946129999999999971e-02 6.456090000000000440e-02 6.344950000000000589e-02
1.242150000000000060e-01 4.408170000000000144e-02 6.113099999999999784e-03 1.653380000000000127e-01 2.423109999999999986e-01 2.195679999999999854e-02 1.726729999999999932e-02 -1.951750000000000013e-02
5.267390000000000266e-02 6.514580000000000370e-02 -1.662179999999999908e-02 4.525900000000000062e-02 8.516340000000000715e-03 7.878350000000000630e-02 1.767340000000000022e-01 1.435619999999999952e-01
3.779070000000000346e-02 1.621910000000000018e-01 4.761540000000000217e-02 3.552879999999999927e-02 2.188029999999999975e-01 1.633209999999999940e-01 2.696680000000000188e-01 -2.767499999999999995e-03
1.093169999999999975e-01 3.282199999999999701e-02 1.591500000000000137e-01 1.086080000000000031e-02 1.214520000000000044e-01 2.785549999999999971e-01 -5.551269999999999816e-02 6.802120000000000388e-02
1.196959999999999968e-01 1.128359999999999953e-02 6.089579999999999993e-02 -4.675929999999999670e-02 3.380690000000000084e-01 2.202959999999999988e-02 1.162140000000000048e-02 2.094060000000000088e-01
2.262270000000000114e-01 -7.551239999999999342e-02 6.362589999999999912e-02 7.296039999999999470e-02 2.974970000000000114e-01 2.588920000000000110e-01 8.033250000000000243e-04 5.157950000000000035e-02
9.310849999999999682e-02 1.459930000000000117e-01 1.252129999999999910e-01 1.091130000000000017e-01 1.636420000000000097e-01 -7.081880000000000119e-02 8.898390000000000466e-02 -4.289809999999999804e-03
9.269259999999999999e-02 1.200359999999999969e-02 -1.390920000000000004e-02 1.061029999999999959e-02 4.165770000000000063e-03 -2.469219999999999835e-03 3.870139999999999691e-02 -5.860300000000000231e-02
6.623410000000000408e-02 7.298090000000000133e-02 -4.253559999999999980e-02 6.711979999999999336e-02 3.968789999999999818e-02 -4.437909999999999772e-02 1.313630000000000075e-01 1.789210000000000106e-02
5.488959999999999673e-02 5.580790000000000056e-02 -3.100870000000000015e-02 1.699229999999999838e-02 2.760150000000000103e-02 4.862540000000000195e-01 -5.404430000000000345e-02 6.125980000000000314e-02
6.607200000000000573e-02 1.791909999999999892e-01 7.607709999999999473e-02 7.985940000000000399e-03 2.132200000000000067e-02 -4.603750000000000203e-02 1.581670000000000020e-01 3.893669999999999770e-02
3.345999999999999669e-02 6.857900000000000107e-03 -5.489519999999999816e-02 3.681050000000000294e-02 4.636780000000000068e-02 8.399470000000000547e-02 1.689920000000000033e-01 2.303060000000000003e-03
6.249809999999999741e-03 2.780949999999999811e-01 3.010599999999999943e-01 9.311590000000000145e-02 3.918669999999999966e-03 -2.242720000000000130e-02 2.787549999999999750e-01 -1.367230000000000008e-02
1.822680000000000133e-01 -1.141639999999999973e-03 1.807320000000000107e-02 1.488279999999999881e-01 3.731419999999999876e-02 4.265909999999999841e-02 1.860650000000000151e-02 4.982240000000000280e-02
9.977379999999999582e-02 3.087569999999999898e-02 2.211449999999999787e-03 2.801019999999999899e-02 9.767629999999999368e-03 2.904829999999999912e-01 -5.898690000000000183e-02 7.996299999999999589e-03
1.350639999999999896e-01 2.859789999999999832e-01 2.498940000000000050e-01 1.653580000000000050e-01 1.507600000000000051e-01 2.128269999999999884e-01 -6.240110000000000101e-02 2.136050000000000015e-03
1.298650000000000082e-01 4.830809999999999965e-02 1.796850000000000114e-01 2.236679999999999918e-02 1.130800000000000000e-01 1.346559999999999979e-01 9.799520000000000453e-02 1.099760000000000043e-01
4.538079999999999892e-02 2.936150000000000149e-01 1.047880000000000061e-01 -1.062659999999999993e-02 3.153179999999999872e-02 1.368290000000000062e-01 1.367059999999999942e-01 1.528559999999999919e-01
2.621040000000000036e-01 1.757250000000000131e-02 2.456440000000000012e-02 1.262810000000000044e-01 -4.553349999999999759e-02 9.327180000000000193e-02 1.457140000000000102e-01 2.096959999999999935e-01
-5.290689999999999803e-03 1.247769999999999990e-01 1.811790000000000067e-01 4.136650000000000049e-02 1.335659999999999903e-01 -3.952699999999999964e-02 7.458480000000000665e-02 -1.362700000000000022e-02
1.076069999999999943e-01 1.010309999999999958e-01 1.423119999999999941e-01 3.499090000000000256e-01 5.310249999999999693e-02 7.822320000000000662e-02 8.618699999999999972e-03 7.318159999999999943e-02
1.212580000000000047e-01 1.573960000000000081e-01 -1.452239999999999955e-02 1.360389999999999933e-01 5.576339999999999769e-02 4.874089999999999673e-02 1.175829999999999931e-02 1.112100000000000033e-01
1.324279999999999902e-01 -9.383529999999999302e-03 6.252330000000000387e-02 1.288990000000000136e-01 3.472499999999999892e-03 1.596079999999999999e-01 3.194989999999999775e-01 4.339389999999999914e-02
1.083110000000000045e-01 -2.378550000000000109e-02 2.272240000000000093e-01 4.468659999999999993e-02 1.697049999999999947e-01 1.264849999999999863e-01 -3.820640000000000147e-02 1.691539999999999988e-01
6.582910000000000150e-02 1.674599999999999977e-01 4.975509999999999655e-02 1.553970000000000073e-01 1.762990000000000113e-01 1.357129999999999968e-02 -1.021479999999999957e-02 2.451410000000000047e-02
4.638520000000000143e-02 3.237329999999999930e-01 4.531269999999999742e-02 5.016700000000000326e-02 1.729140000000000121e-01 1.037010000000000015e-01 4.551240000000000147e-02 1.260090000000000099e-01
7.192949999999999344e-02 2.542479999999999740e-01 3.618430000000000257e-02 -2.909959999999999977e-02 2.784110000000000196e-01 -4.784549999999999914e-02 6.405779999999999808e-02 1.033020000000000049e-01
-2.006020000000000025e-02 1.547389999999999877e-01 4.245150000000000312e-02 2.525930000000000120e-01 1.021890000000000021e-01 -5.654619999999999959e-03 1.153430000000000011e-01 -2.477189999999999948e-02
3.809719999999999773e-02 5.878889999999999810e-02 -1.867119999999999891e-02 1.047669999999999990e-01 -2.494859999999999786e-03 -1.266160000000000063e-01 1.758069999999999911e-01 -3.074100000000000183e-03
7.035510000000000375e-02 1.849240000000000050e-01 7.442459999999999354e-02 5.777349999999999847e-02 6.076610000000000344e-02 1.651900000000000035e-01 7.713910000000000211e-02 1.905499999999999972e-01
7.302770000000000095e-02 2.365909999999999958e-01 9.596779999999999200e-03 1.370399999999999952e-01 1.005530000000000035e-01 2.312449999999999922e-02 8.828189999999999649e-02 1.659839999999999927e-01
2.818800000000000194e-01 1.083689999999999931e-01 1.726350000000000107e-01 1.572530000000000039e-01 4.039149999999999685e-02 -5.702039999999999886e-02 3.690999999999999837e-02 2.667930000000000024e-01
1.136680000000000051e-01 2.884439999999999921e-02 6.621309999999999696e-02 3.161959999999999771e-02 1.115889999999999938e-01 4.274780000000000246e-02 5.725609999999999727e-02 -6.264939999999999398e-02
1.529330000000000134e-01 1.489830000000000043e-01 -7.533489999999999631e-02 1.066580000000000028e-01 1.190520000000000050e-01 -5.940510000000000235e-02 8.166579999999999673e-02 1.782499999999999918e-01
-2.271309999999999996e-02 -8.336699999999999666e-02 6.128850000000000270e-02 4.803849999999999787e-02 1.578670000000000073e-01 -5.577569999999999750e-02 8.698500000000000676e-02 -4.091410000000000186e-02
1.971670000000000089e-01 2.048670000000000005e-02 1.429010000000000002e-01 -2.807990000000000139e-02 1.664960000000000051e-01 1.854909999999999892e-01 1.863650000000000029e-01 1.362109999999999987e-01
6.976129999999999831e-02 2.333550000000000069e-01 9.624820000000000597e-02 8.841290000000000260e-02 -2.381399999999999836e-02 4.450540000000000052e-02 4.354279999999999956e-02 -7.880250000000000102e-03
1.094590000000000007e-01 1.237140000000000045e-01 4.788749999999999951e-02 1.213579999999999937e-01 7.233349999999999502e-02 3.078430000000000055e-02 -3.748490000000000155e-03 -9.591229999999999201e-03
7.549179999999999779e-02 8.950410000000000310e-02 1.804779999999999995e-01 4.432579999999999854e-02 1.471899999999999875e-01 -5.341610000000000108e-03 1.411489999999999967e-01 6.387479999999999547e-02
-3.533979999999999934e-04 1.066399999999999987e-01 1.128500000000000059e-01 1.165690000000000059e-01 3.159399999999999709e-02 8.180679999999999896e-02 1.955250000000000044e-02 3.004100000000000104e-01
2.215779999999999972e-01 2.316809999999999981e-01 1.731890000000000165e-02 -3.655719999999999803e-02 8.688279999999999614e-02 -4.559380000000000030e-03 1.168560000000000015e-01 4.062070000000000264e-02
1.385109999999999952e-01 1.192160000000000025e-01 -7.710920000000000274e-02 1.080490000000000061e-01 1.159420000000000069e-02 1.899510000000000087e-01 5.517299999999999982e-02 -2.972009999999999930e-02
5.064450000000000202e-02 3.642689999999999817e-02 -3.558000000000000052e-02 5.606880000000000197e-02 1.016899999999999922e-02 1.250749999999999917e-01 1.709890000000000021e-01 2.586999999999999855e-01
4.799810000000000187e-02 5.671419999999999934e-02 3.846839999999999982e-02 6.386440000000000172e-02 1.140589999999999937e-01 2.122119999999999909e-02 8.857919999999999683e-02 -1.363220000000000057e-02
6.674929999999999752e-02 2.684659999999999824e-01 1.644079999999999986e-01 1.780220000000000136e-01 2.623019999999999796e-01 4.720069999999999821e-02 3.624550000000000272e-01 1.041340000000000043e-01
2.819010000000000127e-01 1.420240000000000113e-01 1.445199999999999957e-02 4.927120000000000111e-02 1.562399999999999900e-01 1.569260000000000099e-01 9.280779999999999585e-02 -3.143030000000000216e-03
-2.335469999999999907e-02 4.121060000000000001e-02 3.946049999999999836e-01 -1.946150000000000007e-03 1.720369999999999955e-01 1.090190000000000048e-01 7.548839999999999717e-02 1.661269999999999969e-01
1.093319999999999986e-01 1.612159999999999982e-01 -1.660419999999999908e-03 1.080829999999999985e-01 -8.263710000000000500e-02 2.466150000000000009e-01 1.400710000000000011e-01 2.453490000000000115e-01
1.042550000000000074e-02 3.069259999999999766e-01 6.058820000000000178e-02 5.891269999999999840e-02 3.706509999999999666e-02 -1.406469999999999942e-02 2.512450000000000100e-02 1.766850000000000087e-01
2.419959999999999889e-01 6.862079999999999569e-02 5.353909999999999919e-02 2.111239999999999992e-02 -5.671350000000000002e-02 -1.285989999999999911e-01 1.140970000000000040e-01 3.924140000000000267e-02
1.834929999999999894e-01 4.233970000000000095e-02 -7.128869999999999825e-03 1.439860000000000029e-01 4.470729999999999843e-02 1.240160000000000012e-01 1.919260000000000133e-01 1.695999999999999938e-02
-5.111020000000000146e-02 1.632429999999999992e-01 5.295310000000000294e-02 -2.937170000000000059e-02 1.746359999999999926e-02 2.792599999999999943e-02 1.054319999999999979e-01 2.341100000000000125e-01
-4.975790000000000074e-02 1.475259999999999905e-01 2.021159999999999901e-01 5.393789999999999696e-02 1.427990000000000093e-01 1.844840000000000091e-01 2.403839999999999866e-01 1.312780000000000058e-01
7.663680000000000492e-02 1.505120000000000069e-01 3.211479999999999890e-02 2.183249999999999913e-01 8.488959999999999562e-02 1.033619999999999955e-01 9.096669999999999756e-02 6.681869999999999477e-02
2.564639999999999975e-02 1.295759999999999967e-01 2.392069999999999960e-02 2.348540000000000072e-01 2.502320000000000100e-01 1.056499999999999974e-02 7.016619999999999802e-02 1.130160000000000053e-01
2.211639999999999995e-01 -3.598590000000000122e-02 9.215320000000000455e-02 1.969909999999999994e-01 2.104679999999999884e-01 1.581639999999999990e-01 2.182340000000000113e-01 8.243480000000000252e-02
2.959600000000000078e-02 3.503899999999999793e-01 -4.062910000000000132e-02 2.332509999999999861e-01 2.866009999999999946e-01 3.465700000000000031e-02 7.641459999999999919e-02 3.758079999999999754e-01
1.331159999999999982e-02 8.041919999999999624e-02 1.725369999999999959e-01 1.104370000000000004e-02 -9.247160000000000796e-03 1.675329999999999875e-01 1.318090000000000095e-01 4.623759999999999676e-02
-7.091310000000000668e-02 4.296129999999999567e-03 -5.918230000000000018e-02 1.385240000000000082e-02 1.129489999999999938e-01 2.544109999999999983e-01 1.305620000000000114e-01 -4.582449999999999718e-02
7.680080000000000240e-02 1.810140000000000082e-01 4.507049999999999945e-02 8.041760000000000574e-02 1.338159999999999905e-01 5.348159999999999720e-02 4.303169999999999912e-02 2.409550000000000025e-01
2.865689999999999904e-02 -7.911360000000000614e-02 9.796660000000000090e-02 3.929959999999999704e-02 9.825789999999999524e-02 1.779280000000000098e-02 -7.352309999999999401e-02 -1.830079999999999901e-02
2.018109999999999904e-01 -4.100979999999999903e-02 1.218960000000000043e-01 2.437210000000000071e-02 2.228400000000000103e-01 1.271750000000000103e-01 2.004420000000000160e-02 4.532129999999999666e-03
1.044500000000000012e-01 -2.433859999999999843e-02 1.047799999999999981e-01 1.289770000000000083e-01 2.255800000000000166e-02 1.472090000000000065e-01 1.974470000000000044e-02 6.966269999999999407e-02
-9.937310000000000847e-04 1.390190000000000002e-02 1.635680000000000033e-03 1.300189999999999957e-01 2.763959999999999750e-01 -1.905019999999999977e-02 -1.113770000000000038e-02 1.595239999999999991e-01
1.266470000000000096e-01 1.360590000000000133e-01 8.969380000000000408e-02 2.640669999999999962e-01 5.843960000000000127e-02 -7.176440000000000076e-03 1.608959999999999991e-03 1.308590000000000031e-01
9.032709999999999351e-02 3.191050000000000136e-02 7.293910000000000671e-02 8.134009999999999851e-02 -1.363010000000000055e-01 -8.374519999999999881e-03 -1.119799999999999962e-02 1.761460000000000109e-02
-7.081300000000000094e-02 1.675729999999999997e-01 1.345719999999999972e-01 9.943920000000000536e-02 1.130649999999999988e-01 2.718510000000000093e-01 1.534830000000000083e-01 1.693139999999999923e-02
4.119470000000000076e-02 -6.910299999999999776e-02 1.761010000000000075e-01 1.050930000000000059e-01 2.810870000000000035e-02 1.231489999999999946e-01 1.698639999999999872e-01 7.720749999999999835e-02
1.290689999999999893e-01 5.495640000000000421e-03 9.268810000000000590e-03 9.406150000000000622e-02 1.859959999999999947e-01 2.049009999999999998e-01 7.891750000000000154e-02 2.111750000000000016e-01
1.895900000000000085e-01 2.003680000000000044e-02 3.237229999999999969e-02 1.838029999999999942e-01 7.778319999999999679e-02 4.906250000000000194e-02 4.357180000000000081e-02 8.021780000000000577e-02
1.582500000000000018e-01 1.095379999999999965e-01 2.793580000000000021e-02 -7.056959999999999622e-02 3.460099999999999981e-02 1.309619999999999951e-01 1.226909999999999945e-01 1.959180000000000088e-01
1.027919999999999945e-01 1.696110000000000118e-01 4.254449999999999898e-02 2.503609999999999863e-02 2.067229999999999901e-01 1.286180000000000101e-01 2.634850000000000247e-01 2.873800000000000243e-01
3.162920000000000176e-01 2.031559999999999963e-02 7.909080000000000624e-03 1.242579999999999935e-01 8.511920000000000597e-02 1.655750000000000000e-01 1.494230000000000003e-01 2.262190000000000105e-05
-2.637449999999999864e-02 3.810039999999999955e-02 -1.380299999999999930e-02 6.332599999999999341e-02 1.151800000000000046e-01 1.205829999999999957e-01 1.218260000000000037e-01 1.249180000000000013e-01
5.800029999999999769e-02 -2.941989999999999883e-02 -8.135359999999999814e-02 -1.912490000000000023e-02 3.624449999999999894e-02 2.055589999999999917e-01 2.288939999999999864e-01 2.368099999999999927e-01
-8.886610000000000342e-02 3.237059999999999937e-02 1.391139999999999877e-01 1.036079999999999987e-02 1.229269999999999946e-01 9.947000000000000286e-02 1.617800000000000071e-01 3.301380000000000287e-02
3.651849999999999888e-03 6.554799999999999516e-02 2.511939999999999729e-01 4.864960000000000118e-02 -6.166439999999999595e-03 4.945780000000000315e-02 2.136750000000000038e-01 1.319549999999999890e-01
9.902289999999999703e-02 -5.263299999999999923e-02 4.166860000000000008e-01 -1.027840000000000004e-01 1.146439999999999959e-01 -3.241680000000000256e-02 6.780020000000000491e-02 2.356890000000000096e-01
2.441909999999999914e-01 2.412360000000000060e-01 1.226669999999999983e-01 1.415379999999999971e-01 1.442420000000000091e-01 4.063370000000000037e-01 7.938549999999999773e-02 9.141549999999999676e-02
2.853439999999999865e-01 2.695469999999999811e-01 4.313859999999999917e-02 1.520419999999999931e-02 1.816359999999999919e-01 2.075290000000000121e-02 1.208049999999999957e-01 2.873919999999999947e-02
1.481419999999999959e-01 2.583099999999999979e-02 1.206620000000000054e-01 1.185240000000000044e-01 3.350629999999999997e-01 1.080210000000000059e-01 2.034880000000000022e-01 4.406510000000000288e-02
3.587810000000000304e-02 5.100040000000000129e-02 1.314680000000000015e-01 1.176920000000000049e-01 7.518909999999999743e-04 1.514359999999999873e-01 4.006799999999999598e-03 1.336990000000000123e-01
4.221239999999999992e-01 8.977720000000000145e-02 2.266599999999999865e-02 2.020150000000000071e-02 1.420270000000000039e-02 2.157449999999999993e-02 1.337600000000000074e-02 1.020910000000000012e-01
2.312529999999999863e-01 1.717399999999999829e-02 1.185540000000000066e-01 -1.682639999999999830e-02 3.020779999999999993e-02 2.652730000000000019e-02 1.364120000000000055e-01 4.160230000000000178e-02
2.200149999999999884e-01 9.490859999999999574e-02 -2.635130000000000111e-02 6.132060000000000288e-02 3.217590000000000172e-01 6.829570000000000085e-03 1.512900000000000009e-02 4.689220000000000194e-02
1.504300000000000082e-01 -4.255969999999999892e-02 3.280589999999999895e-01 -6.551629999999999954e-02 1.232789999999999997e-01 1.712779999999999858e-02 3.707590000000000191e-02 2.154469999999999996e-01
2.918540000000000023e-02 2.458980000000000055e-01 2.259319999999999939e-01 2.838519999999999932e-01 1.436479999999999979e-01 9.090959999999999319e-02 2.602439999999999753e-01 2.386719999999999953e-01
4.738400000000000251e-02 -3.886350000000000221e-02 1.384539999999999937e-01 1.087520000000000014e-01 1.578169999999999920e-02 1.460039999999999949e-01 -8.343869999999999759e-03 1.144980000000000026e-01
5.860780000000000156e-02 -7.525540000000000051e-04 -6.415269999999999306e-02 1.238130000000000064e-01 2.850300000000000056e-01 4.293260000000000132e-02 1.601849999999999941e-01 1.135059999999999958e-01
2.740070000000000006e-02 8.807619999999999338e-02 4.887779999999999903e-02 5.929510000000000336e-02 1.492549999999999988e-01 6.426840000000000330e-02 3.028300000000000089e-02 4.664390000000000203e-02
2.743280000000000163e-01 2.297269999999999868e-01 1.362140000000000017e-01 -7.310569999999999742e-03 -3.281710000000000182e-02 1.117549999999999932e-01 -3.020360000000000145e-03 1.667980000000000018e-01
1.232410000000000033e-01 -5.269920000000000160e-02 1.247130000000000044e-01 6.813260000000000149e-02 1.668769999999999976e-01 2.411540000000000072e-01 2.927899999999999947e-01 -5.413069999999999687e-02
1.140010000000000051e-01 1.308940000000000103e-01 7.166880000000000472e-02 -1.895919999999999897e-02 1.130850000000000050e-01 1.018079999999999957e-01 2.517510000000000026e-01 -4.077889999999999987e-02
5.725589999999999846e-02 3.314590000000000036e-01 8.204799999999999593e-02 1.607290000000000108e-01 2.019960000000000089e-01 -3.921589999999999972e-03 1.592610000000000137e-01 1.488579999999999903e-01
-2.760119999999999935e-02 1.476399999999999935e-01 5.199750000000000205e-02 5.865970000000000212e-02 1.248770000000000019e-01 -2.176559999999999953e-02 2.385769999999999905e-02 2.339099999999999860e-02
1.061720000000000025e-02 4.278799999999999965e-02 2.771580000000000155e-01 -1.064319999999999988e-01 1.426439999999999930e-01 2.851270000000000193e-01 1.622170000000000001e-01 2.277420000000000000e-01
3.304689999999999711e-02 1.095109999999999972e-01 -5.225300000000000084e-02 -4.203609999999999985e-02 6.079869999999999719e-02 4.078389999999999793e-02 1.631569999999999965e-01 6.637479999999999769e-02
1.466760000000000008e-01 6.269320000000000448e-02 1.349460000000000104e-01 5.267530000000000302e-03 9.532609999999999695e-02 1.083159999999999956e-01 1.228260000000000046e-01 -7.409999999999999920e-02
5.519820000000000282e-02 4.949400000000000327e-02 1.881299999999999917e-01 1.161250000000000060e-01 -1.081799999999999984e-01 2.471740000000000048e-01 3.806400000000000061e-02 2.335540000000000116e-01
5.954099999999999671e-02 3.558270000000000183e-02 2.292710000000000026e-01 3.653109999999999691e-02 9.484019999999999950e-02 1.116329999999999961e-01 1.001619999999999941e-02 2.361820000000000030e-01
-2.494889999999999955e-02 1.986870000000000025e-01 2.845269999999999744e-01 9.446269999999999667e-02 4.076609999999999956e-02 -3.669630000000000114e-02 7.752409999999999857e-02 4.185060000000000169e-02
3.433089999999999753e-02 3.107570000000000054e-01 3.715290000000000259e-02 9.143779999999999963e-02 1.815930000000000044e-01 2.804260000000000086e-01 2.923379999999999868e-01 6.762799999999999367e-02
-4.200099999999999667e-02 2.172350000000000114e-01 1.180930000000000035e-01 5.713019999999999904e-02 1.767720000000000125e-01 3.218469999999999664e-02 2.204769999999999994e-02 8.881429999999999880e-02
3.063880000000000076e-02 -1.216959999999999917e-02 3.736740000000000114e-03 1.837290000000000034e-01 1.508299999999999919e-01 -5.535830000000000264e-03 1.588829999999999965e-01 2.037380000000000094e-02
2.592510000000000092e-01 -2.346430000000000043e-02 1.226419999999999941e-02 1.399579999999999991e-01 1.577459999999999973e-01 1.747100000000000042e-01 -6.658830000000000304e-02 1.401969999999999952e-02
2.027239999999999875e-01 1.137510000000000049e-01 7.711949999999999361e-02 1.192819999999999991e-01 -3.732749999999999957e-02 4.676299999999999901e-02 9.720100000000000398e-04 1.459610000000000074e-01
2.879329999999999945e-01 2.098810000000000120e-01 1.716179999999999928e-01 6.297229999999999495e-02 2.701020000000000157e-02 1.078130000000000061e-02 6.030810000000000337e-02 3.526399999999999674e-02
-1.285140000000000067e-02 3.120619999999999991e-02 1.504790000000000016e-01 3.221079999999999777e-02 4.265069999999999972e-02 8.200770000000000282e-02 1.196220000000000061e-01 -1.542190000000000054e-02
1.350389999999999924e-02 3.956459999999999838e-02 1.351640000000000064e-01 3.406309999999999893e-02 7.642469999999999819e-02 1.393189999999999984e-01 -2.079570000000000203e-03 -3.822339999999999766e-02
2.263749999999999929e-01 1.763490000000000058e-01 2.088540000000000119e-01 1.063869999999999955e-01 7.306930000000000369e-02 8.317150000000000151e-04 -1.700350000000000125e-02 1.824020000000000086e-01
1.569750000000000034e-01 1.646299999999999986e-01 -3.203229999999999966e-02 2.259249999999999869e-01 1.735650000000000040e-02 2.528779999999999917e-02 1.332699999999999996e-01 3.250320000000000292e-02
2.479560000000000097e-02 9.111180000000000667e-02 2.669480000000000186e-01 1.265220000000000060e-02 3.294449999999999878e-01 -1.070049999999999994e-02 1.602099999999999913e-01 1.434670000000000112e-01
1.886869999999999867e-02 5.344510000000000233e-02 9.490240000000000481e-03 6.292189999999999589e-03 1.843009999999999926e-01 6.258379999999999499e-02 1.162549999999999972e-01 9.318689999999999266e-03
1.303729999999999889e-01 2.257139999999999980e-01 1.515299999999999980e-01 7.435200000000000316e-03 9.924639999999999851e-02 1.362379999999999980e-01 -2.968729999999999980e-02 4.695740000000000330e-02
2.236499999999999877e-01 4.798560000000000325e-03 1.285469999999999946e-01 1.915300000000000058e-01 1.760110000000000147e-02 8.156220000000000137e-02 2.073879999999999890e-01 1.657579999999999887e-01
1.435329999999999939e-01 1.352679999999999993e-01 1.251200000000000055e-02 1.066219999999999946e-01 2.267929999999999946e-01 6.247860000000000219e-02 2.068000000000000116e-01 1.887570000000000081e-01
-3.746560000000000168e-02 2.242480000000000168e-02 5.273390000000000022e-02 -4.116739999999999983e-02 1.080590000000000023e-01 1.158709999999999948e-02 -2.525809999999999861e-02 1.060679999999999956e-01
2.322899999999999965e-01 3.355099999999999749e-02 2.980059999999999931e-01 1.982599999999999918e-01 2.653290000000000162e-02 4.207729999999999804e-02 2.553030000000000022e-01 1.301450000000000107e-01
1.106270000000000031e-01 -1.257050000000000112e-01 -5.186480000000000257e-02 4.298620000000000219e-01 1.736520000000000077e-02 3.073400000000000090e-02 2.624389999999999779e-01 2.094839999999999897e-02
-9.073919999999999209e-03 1.009670000000000012e-01 2.006990000000000163e-02 1.742990000000000095e-01 1.688580000000000081e-01 8.028849999999999876e-02 9.070830000000000559e-02 1.747110000000000052e-01
2.014529999999999932e-01 1.189140000000000058e-01 4.515700000000000269e-02 8.483690000000000675e-02 -4.110720000000000346e-02 7.143049999999999400e-02 1.091680000000000011e-01 -6.687419999999999476e-02
1.493440000000000045e-01 9.977239999999999720e-02 -6.698039999999999550e-02 -2.492990000000000136e-02 9.622490000000000210e-02 1.331640000000000046e-01 2.459999999999999964e-01 1.597429999999999961e-01
2.530440000000000120e-02 1.615820000000000034e-01 8.509139999999999759e-02 1.992510000000000114e-02 4.482030000000000042e-02 -3.541470000000000121e-03 -7.331010000000000304e-02 1.287760000000000016e-01
7.174790000000000334e-02 -5.168720000000000259e-02 1.087670000000000026e-01 1.496959999999999957e-01 -7.441380000000000217e-02 2.178440000000000099e-01 2.066930000000000156e-02 -5.616569999999999896e-02
4.496580000000000021e-02 8.745749999999999358e-02 2.489129999999999954e-01 2.823229999999999837e-02 1.996640000000000081e-01 1.266579999999999963e-02 1.140619999999999967e-01 1.507870000000000044e-02
2.150749999999999884e-01 -2.064459999999999906e-02 3.206629999999999758e-01 -1.020549999999999929e-02 9.401289999999999647e-02 1.439989999999999881e-01 6.994920000000000304e-02 2.177489999999999981e-01
1.726679999999999882e-01 2.959319999999999729e-01 9.450530000000000042e-02 4.529930000000000068e-02 9.422719999999999707e-02 1.033580000000000054e-01 2.011809999999999987e-01 1.374420000000000086e-01
1.314619999999999955e-01 -9.148019999999999763e-02 8.962489999999999346e-02 2.429149999999999920e-01 1.049360000000000015e-01 6.863189999999999569e-02 5.805230000000000112e-02 1.150409999999999974e-02
3.060060000000000002e-01 5.934570000000000123e-03 9.137330000000000452e-02 1.793500000000000094e-01 4.250380000000000269e-01 -4.718619999999999759e-02 4.135869999999999824e-02 3.465039999999999787e-01
8.565289999999999709e-03 1.176999999999999991e-01 2.954499999999999904e-01 8.122890000000000665e-02 9.083170000000000133e-02 2.791400000000000131e-02 1.090139999999999998e-01 -9.418019999999999170e-03
6.019789999999999863e-02 2.496430000000000038e-01 1.315279999999999921e-02 5.334590000000000165e-02 1.191900000000000043e-01 1.008700000000000013e-01 1.313330000000000053e-01 1.296100000000000030e-01
2.900789999999999879e-03 1.864580000000000126e-01 -8.821570000000000312e-05 4.109329999999999927e-02 2.220229999999999981e-01 -2.763140000000000041e-02 5.623430000000000095e-02 2.527880000000000127e-01
4.987459999999999810e-02 5.310279999999999861e-02 1.497140000000000137e-01 -4.468189999999999662e-02 5.423460000000000086e-02 2.593969999999999887e-01 2.099120000000000152e-02 5.972210000000000019e-02
1.228530000000000039e-01 2.588039999999999785e-01 9.264719999999999900e-02 1.106229999999999991e-01 1.137390000000000068e-01 1.228449999999999959e-01 7.399000000000000021e-02 1.360300000000000120e-01
1.371230000000000018e-02 2.672269999999999854e-02 1.507070000000000076e-01 2.268129999999999868e-01 -4.053040000000000115e-02 1.207980000000000026e-01 6.334620000000000528e-02 -7.433490000000000063e-03
3.080939999999999790e-01 2.006580000000000030e-01 9.795829999999999815e-02 1.510319999999999996e-01 -1.032249999999999973e-01 3.358079999999999954e-01 -2.894539999999999960e-02 1.744789999999999883e-02
3.897010000000000057e-02 1.884510000000000074e-01 1.144809999999999994e-01 1.546879999999999922e-01 -1.295059999999999961e-02 -3.922389999999999904e-02 1.386310000000000042e-01 1.830229999999999912e-01
1.143379999999999952e-01 -3.336669999999999914e-02 -8.491840000000000499e-02 2.480130000000000112e-01 2.596940000000000012e-02 1.802449999999999886e-01 5.050999999999999934e-02 8.853010000000000046e-02
1.652420000000000000e-01 9.368100000000000038e-02 1.368060000000000109e-01 9.527330000000000521e-02 3.602589999999999959e-02 2.433489999999999959e-02 2.083849999999999869e-01 8.631839999999999999e-03
-8.125849999999999740e-02 9.454350000000000254e-02 2.343919999999999892e-01 -1.304409999999999945e-02 8.978089999999999682e-02 1.622099999999999931e-01 -3.847269999999999857e-02 6.633580000000000032e-02
1.681929999999999883e-02 5.292970000000000314e-02 8.914719999999999589e-02 1.513899999999999968e-01 7.139829999999999571e-04 1.579010000000000136e-01 1.623809999999999976e-01 1.509570000000000078e-01
-6.483099999999999974e-02 1.022639999999999938e-01 1.474699999999999969e-02 2.391760000000000067e-02 2.887399999999999967e-01 1.537890000000000090e-01 -8.390739999999999831e-04 -3.248020000000000074e-02
3.008819999999999897e-02 1.366549999999999987e-01 -1.226080000000000052e-02 1.098739999999999994e-01 2.562220000000000053e-01 3.942670000000000202e-02 4.695679999999999993e-02 6.886609999999999954e-02
-2.699970000000000148e-02 2.601279999999999912e-02 1.106830000000000036e-01 2.873399999999999843e-01 2.491669999999999996e-02 1.020550000000000068e-01 1.645820000000000061e-01 9.554540000000000255e-02
-2.525979999999999892e-02 1.857999999999999929e-01 3.584829999999999961e-02 2.954220000000000179e-01 6.206470000000000042e-02 3.722240000000000271e-02 1.748680000000000026e-02 8.870300000000000407e-02
1.907540000000000069e-01 -6.718989999999999685e-02 7.270079999999999598e-02 8.652840000000000531e-02 4.756719999999999698e-02 -8.850159999999999711e-04 -4.480340000000000017e-02 1.288630000000000053e-01
1.391459999999999919e-01 2.546379999999999755e-01 -2.989139999999999853e-02 6.375190000000000023e-02 8.515789999999999471e-02 3.689880000000000243e-02 -1.184059999999999974e-02 1.157180000000000014e-01
1.600850000000000016e-03 4.250650000000000261e-02 3.418630000000000280e-02 5.457200000000000245e-02 6.993209999999999704e-02 -1.007200000000000040e-01 1.265580000000000038e-01 2.809309999999999863e-01
1.255000000000000004e-01 1.991380000000000094e-01 1.989990000000000162e-02 1.173549999999999940e-02 5.862379999999999675e-02 5.434209999999999735e-02 7.049650000000000187e-03 4.195490000000000330e-02
1.054729999999999973e-01 1.700679999999999900e-02 2.334260000000000154e-02 1.304710000000000036e-01 3.317150000000000046e-03 1.043459999999999943e-01 1.313300000000000023e-01 1.428730000000000000e-01
8.344799999999999440e-02 6.985829999999999818e-02 8.604900000000000049e-02 5.497400000000000377e-03 2.272810000000000108e-01 1.485750000000000126e-01 1.574720000000000009e-01 3.467049999999999854e-01
2.507260000000000044e-01 1.960139999999999938e-01 2.071020000000000083e-01 2.722979999999999845e-02 2.616069999999999784e-01 5.555960000000000065e-02 4.186789999999999956e-02 1.647730000000000028e-01
2.095680000000000112e-02 9.112910000000000454e-02 2.181730000000000128e-02 5.944160000000000416e-03 1.635510000000000019e-01 1.218219999999999997e-01 8.195979999999999932e-02 1.526619999999999922e-01
8.813650000000000651e-02 1.680119999999999947e-01 1.942589999999999942e-02 -4.043240000000000028e-02 1.194810000000000039e-01 1.189049999999999968e-01 1.524810000000000054e-01 8.556779999999999942e-02
7.442179999999999629e-02 2.081790000000000029e-01 7.927910000000000512e-02 7.253660000000000663e-02 1.048319999999999946e-01 1.327589999999999881e-01 -1.439419999999999936e-02 4.331999999999999740e-02
1.492699999999999930e-02 1.402710000000000068e-01 6.713370000000000448e-02 9.189350000000000296e-02 1.947540000000000104e-01 1.104089999999999933e-01 7.962589999999999946e-02 1.356049999999999964e-02
-3.394450000000000245e-02 1.042890000000000067e-01 4.926189999999999736e-02 -2.788349999999999856e-02 2.329160000000000119e-01 1.929190000000000071e-01 1.300350000000000117e-01 -9.994790000000000618e-02
2.131550000000000111e-01 7.601459999999999988e-03 6.099729999999999736e-02 9.973350000000000271e-02 2.967259999999999898e-01 -1.510859999999999937e-03 2.053460000000000008e-01 -1.080549999999999913e-02
1.250840000000000007e-01 1.898229999999999917e-01 7.502680000000000460e-02 3.242909999999999959e-01 1.111439999999999997e-02 -4.276159999999999684e-02 1.947740000000000027e-01 2.717089999999999783e-01
-5.475010000000000293e-02 1.540110000000000090e-01 2.270020000000000093e-01 -6.537999999999999368e-02 1.874220000000000053e-01 1.351900000000000046e-01 2.179499999999999840e-02 1.626219999999999888e-01
3.260770000000000335e-02 2.795759999999999912e-01 1.213420000000000054e-01 6.057440000000000047e-02 6.111699999999999772e-02 1.464870000000000061e-01 1.221669999999999978e-01 1.801329999999999876e-01
7.441200000000000592e-02 -3.672840000000000132e-02 2.943419999999999925e-01 1.816220000000000057e-01 2.472169999999999923e-01 1.245590000000000031e-01 3.666640000000000090e-03 1.150889999999999969e-01
4.345700000000000257e-02 1.251980000000000037e-01 1.361799999999999955e-01 1.709710000000000119e-01 1.523569999999999924e-01 8.857239999999999558e-02 1.626199999999999868e-01 1.617609999999999881e-01
9.585950000000000026e-02 -9.211449999999999499e-03 6.420900000000000218e-02 1.036210000000000048e-01 8.713970000000000049e-02 1.880739999999999842e-02 4.899080000000000101e-02 7.499690000000000523e-02
3.349939999999999862e-02 4.127050000000000163e-02 3.082860000000000114e-02 1.113669999999999938e-01 1.113439999999999985e-01 7.300329999999999320e-02 1.417990000000000084e-01 -1.265089999999999965e-02
3.252410000000000023e-02 1.914770000000000083e-01 2.968089999999999895e-01 2.754409999999999845e-02 9.029049999999999576e-02 1.492789999999999950e-01 1.725549999999999862e-01 2.321909999999999946e-02
1.542530000000000012e-01 1.399519999999999931e-01 7.237499999999999489e-02 2.199479999999999838e-02 9.581019999999999814e-02 1.436060000000000114e-01 1.383310000000000095e-01 2.815799999999999900e-02
8.670709999999999529e-02 -1.905590000000000062e-02 1.887329999999999910e-02 8.449249999999999816e-02 1.997289999999999829e-02 1.709769999999999901e-01 1.562500000000000000e-01 5.171300000000000202e-02
1.599919999999999953e-01 9.532820000000000182e-02 -6.991039999999999754e-02 8.608119999999999661e-02 -2.182100000000000012e-02 1.121479999999999977e-01 2.654919999999999849e-02 9.075379999999999558e-02
8.936299999999999799e-02 2.174389999999999934e-01 2.253699999999999870e-01 3.087779999999999969e-01 5.399410000000000320e-02 5.664469999999999922e-02 1.171910000000000035e-01 1.848309999999999953e-01
1.431979999999999920e-01 1.210959999999999953e-01 1.118320000000000008e-01 7.379339999999999858e-04 4.037209999999999965e-01 1.417599999999999971e-01 1.947129999999999972e-01 3.053690000000000015e-01
1.460450000000000081e-01 2.814109999999999875e-02 4.239550000000000263e-02 1.197060000000000068e-01 8.380859999999999699e-02 1.968320000000000070e-01 2.656680000000000152e-01 3.412380000000000274e-02
1.741570000000000062e-01 6.873369999999999480e-02 4.737340000000000301e-02 1.518559999999999910e-01 2.744790000000000077e-02 1.829719999999999958e-01 8.134370000000000489e-02 8.225209999999999466e-02
2.829100000000000018e-02 -8.363160000000000342e-04 1.145739999999999953e-01 2.385200000000000098e-01 2.840050000000000074e-01 8.541680000000000106e-02 -5.388269999999999865e-02 -5.393520000000000258e-02
1.492970000000000130e-01 5.204779999999999823e-02 1.203570000000000056e-01 2.376460000000000031e-02 1.355270000000000086e-01 2.132529999999999842e-02 1.154229999999999978e-01 -1.314539999999999979e-02
7.877570000000000405e-02 3.233710000000000195e-01 6.448589999999999878e-02 1.184169999999999945e-01 2.240689999999999904e-01 5.305189999999999906e-02 1.019430000000000058e-01 1.412849999999999939e-01
2.789360000000000173e-01 1.838349999999999984e-01 1.055890000000000023e-01 1.401090000000000113e-01 -4.929030000000000217e-02 1.744300000000000017e-01 -6.536189999999999882e-03 2.557910000000000045e-02
1.960519999999999971e-02 -9.685330000000000328e-02 2.546769999999999867e-01 7.440700000000000092e-02 2.935420000000000043e-02 -2.795559999999999885e-03 5.247199999999999781e-02 1.065969999999999973e-01
3.668079999999999952e-02 8.573079999999999590e-02 -7.873140000000000693e-02 5.429389999999999911e-02 1.058459999999999956e-01 1.178489999999999954e-01 9.725350000000000661e-02 2.166119999999999990e-01
2.466849999999999876e-01 4.259079999999999810e-02 1.423719999999999986e-01 1.225910000000000055e-01 2.091379999999999906e-01 9.500989999999999436e-02 1.251649999999999985e-01 1.828940000000000010e-01
2.260689999999999922e-01 1.886579999999999924e-01 2.755989999999999829e-02 4.507719999999999783e-02 2.405609999999999866e-03 1.803489999999999954e-02 9.798440000000000275e-03 1.443290000000000128e-01
7.102110000000000367e-02 -2.421359999999999832e-02 1.644170000000000006e-02 9.001500000000000820e-03 1.022160000000000013e-01 1.643199999999999938e-01 1.169369999999999993e-01 1.925749999999999962e-01
-3.813269999999999854e-02 1.090329999999999978e-04 8.193789999999999407e-02 1.239900000000000030e-01 2.283219999999999972e-01 3.088400000000000173e-02 8.897359999999999991e-02 2.259020000000000125e-02
3.026109999999999911e-02 1.967969999999999997e-01 6.437680000000000312e-03 6.493000000000000160e-02 -2.040859999999999896e-02 6.519479999999999720e-02 1.005199999999999982e-01 8.268300000000000649e-02
-8.893619999999999651e-03 1.419829999999999981e-01 -5.299070000000000169e-02 3.732150000000000051e-02 -1.866610000000000144e-02 -2.859909999999999883e-02 2.517780000000000018e-02 1.715559999999999863e-01
9.637149999999999883e-02 8.885389999999999955e-02 1.183830000000000082e-03 2.001680000000000126e-01 2.557649999999999854e-02 5.458699999999999664e-02 1.133679999999999966e-01 1.100679999999999992e-01
9.362919999999999576e-02 1.082179999999999948e-02 8.369429999999999925e-02 9.826590000000000324e-02 6.043069999999999692e-02 2.521849999999999925e-01 1.281329999999999969e-01 1.285499999999999976e-01
1.282850000000000101e-01 2.047609999999999986e-01 7.951519999999999422e-02 3.403420000000000056e-02 1.246570000000000039e-01 2.102159999999999862e-01 3.725819999999999826e-02 2.106430000000000108e-02
1.074179999999999996e-01 8.297640000000000571e-02 5.887590000000000184e-02 5.786359999999999941e-03 -9.276269999999999655e-03 9.981520000000000670e-02 1.367450000000000054e-01 5.527880000000000293e-02
2.071280000000000066e-01 8.343349999999999378e-02 5.978569999999999718e-02 4.691610000000000225e-02 2.411629999999999885e-01 7.356520000000000073e-03 8.312289999999999957e-02 2.421330000000000010e-02
-3.654349999999999959e-02 3.368730000000000335e-02 2.275830000000000075e-01 1.432340000000000002e-01 7.140860000000000263e-02 -3.983880000000000407e-03 6.102380000000000304e-02 8.137070000000000414e-02
8.510330000000000672e-02 1.079740000000000005e-01 3.957329999999999876e-02 1.285699999999999898e-01 1.719710000000000127e-01 6.873049999999999993e-02 -4.838010000000000227e-02 1.013780000000000063e-02
1.031610000000000027e-01 1.445009999999999906e-01 1.622219999999999912e-02 8.067560000000000009e-02 2.251309999999999978e-01 4.820229999999999654e-02 3.527910000000000212e-01 1.884649999999999936e-01
1.577740000000000045e-02 1.534739999999999993e-01 3.461539999999999756e-02 7.158670000000000311e-02 1.485829999999999929e-01 1.312560000000000116e-01 2.287200000000000066e-01 4.097859999999999836e-01
6.365700000000000178e-03 1.140339999999999965e-01 -4.618629999999999958e-02 1.358749999999999958e-01 1.952510000000000079e-01 2.160449999999999871e-01 4.279349999999999821e-02 1.345919999999999894e-01
1.022340000000000054e-01 1.247039999999999954e-01 1.917659999999999920e-01 2.502810000000000104e-02 8.413470000000000670e-02 1.668860000000000066e-01 1.700869999999999882e-01 1.153839999999999944e-03
2.303060000000000107e-01 -5.558940000000000279e-04 1.310240000000000016e-01 1.380480000000000040e-01 3.182810000000000110e-04 7.305830000000000657e-02 9.781990000000000129e-02 1.762669999999999862e-02
1.831869999999999887e-01 8.370500000000000163e-02 4.349519999999999949e-03 -1.838650000000000007e-02 1.239809999999999940e-01 2.067549999999999943e-01 5.991690000000000037e-03 1.837060000000000082e-01
1.334339999999999971e-01 6.797630000000000339e-02 2.081409999999999857e-02 2.773180000000000089e-02 2.080349999999999977e-01 2.158420000000000061e-01 1.888370000000000049e-01 -3.242740000000000206e-02
1.763689999999999980e-01 2.038399999999999934e-01 4.205129999999999979e-02 -2.959689999999999890e-02 2.931239999999999957e-01 1.836399999999999977e-01 1.170950000000000046e-01 1.398419999999999941e-01
-5.864040000000000225e-02 2.788699999999999860e-03 2.146349999999999994e-02 2.767359999999999820e-01 2.221429999999999932e-02 9.955010000000000248e-02 3.438730000000000259e-02 -7.067740000000000307e-03
1.186409999999999965e-01 9.498970000000000677e-03 4.299150000000000194e-02 -8.231930000000000313e-05 2.772749999999999937e-01 1.203930000000000000e-01 -1.654399999999999968e-02 2.781720000000000026e-02
1.990870000000000140e-02 8.207299999999999318e-02 1.174530000000000018e-01 8.638079999999999370e-02 4.005340000000000289e-02 1.302969999999999962e-01 4.200890000000000180e-02 4.784660000000000302e-02
1.751639999999999864e-01 1.507259999999999989e-01 -8.462350000000000427e-02 5.491560000000000365e-03 6.063040000000000096e-02 5.638019999999999837e-02 2.739750000000000241e-01 4.827759999999999690e-02
5.709829999999999767e-02 1.265329999999999927e-02 1.069930000000000048e-01 5.234599999999999670e-02 2.433530000000000137e-01 2.639210000000000167e-01 8.051429999999999698e-02 6.213550000000000323e-02
2.239259999999999862e-02 6.507390000000000396e-02 3.330020000000000202e-02 2.858340000000000013e-03 2.857219999999999760e-01 -8.158160000000000411e-02 1.415829999999999866e-01 1.998269999999999907e-02
-3.545949999999999797e-02 2.028890000000000138e-01 2.391940000000000038e-02 4.281309999999999977e-02 1.346890000000000032e-01 4.122440000000000132e-02 2.313580000000000150e-02 -6.548099999999999754e-02
4.125260000000000385e-03 2.615680000000000227e-01 5.477710000000000218e-02 6.741020000000000345e-02 -8.337920000000000054e-02 2.932440000000000047e-01 9.353839999999999377e-02 1.043359999999999982e-01
2.329440000000000122e-01 2.946170000000000039e-02 4.876980000000000377e-03 -2.631319999999999926e-03 1.475370000000000015e-01 1.048970000000000041e-01 4.837140000000000190e-02 1.800150000000000083e-01
1.737889999999999990e-01 5.930749999999999911e-02 1.092290000000000066e-01 -5.761979999999999880e-02 -2.241399999999999990e-02 1.252510000000000012e-01 1.716270000000000018e-01 7.365520000000000400e-02
1.164290000000000047e-01 2.982739999999999836e-01 2.258940000000000115e-01 -5.083259999999999862e-02 1.322450000000000014e-02 2.187689999999999912e-01 1.950659999999999894e-01 7.287499999999999534e-02
8.443699999999999817e-02 3.990479999999999722e-02 8.676190000000000291e-02 4.965230000000000338e-02 2.139209999999999896e-03 5.331489999999999840e-02 4.983710000000000223e-02 9.854229999999999934e-02
6.079310000000000269e-02 1.355290000000000106e-01 4.650249999999999870e-04 5.518069999999999919e-02 2.090799999999999881e-01 9.342409999999999604e-02 1.254210000000000047e-01 8.718109999999999749e-02
-3.793649999999999800e-02 1.644390000000000088e-02 -4.649480000000000279e-02 1.456550000000000067e-01 2.284539999999999904e-01 7.960050000000000459e-02 1.092199999999999976e-01 5.930930000000000230e-02
5.521299999999999819e-02 1.412519999999999921e-02 2.788629999999999928e-02 1.425470000000000070e-01 1.111130000000000034e-01 -5.558249999999999996e-02 1.901899999999999979e-01 5.408129999999999882e-02
7.274790000000000423e-02 4.258970000000000117e-02 -1.273320000000000007e-02 1.071190000000000059e-01 1.277220000000000022e-01 -1.784080000000000041e-02 6.713860000000000661e-02 -7.198290000000000244e-02
-5.914119999999999794e-02 -1.885710000000000164e-02 5.154539999999999816e-02 1.323100000000000109e-01 6.109579999999999872e-02 2.846119999999999761e-01 2.133029999999999926e-01 3.087500000000000244e-01
4.814539999999999792e-02 1.783859999999999890e-01 1.357160000000000033e-01 1.060870000000000007e-01 7.076439999999999814e-03 1.814379999999999882e-01 9.991690000000000293e-02 -1.927529999999999868e-02
2.034189999999999887e-01 -1.134379999999999937e-02 4.146750000000000158e-01 1.152450000000000002e-01 9.177870000000000472e-02 1.160989999999999939e-01 2.946759999999999935e-01 1.559950000000000052e-02
1.173389999999999989e-01 2.266110000000000069e-01 1.319249999999999867e-01 2.691660000000000164e-01 -2.275829999999999867e-02 -8.520329999999999571e-02 -6.576020000000000129e-03 -1.465440000000000076e-01
-5.037960000000000127e-05 8.628979999999999984e-02 3.023779999999999801e-01 -2.169139999999999957e-03 -1.732809999999999906e-02 1.509359999999999868e-01 -1.575829999999999939e-02 1.989499999999999949e-02
5.022159999999999819e-02 2.394199999999999939e-01 5.936720000000000191e-02 -1.808709999999999832e-02 -6.785230000000000428e-02 1.551859999999999906e-01 4.258320000000000161e-02 1.981360000000000066e-01
2.198709999999999987e-03 1.777789999999999926e-02 3.429949999999999943e-01 1.288400000000000101e-01 2.230090000000000128e-01 1.497209999999999930e-01 1.925479999999999969e-01 1.834540000000000060e-01
1.014039999999999941e-01 5.572470000000000201e-02 1.413609999999999867e-01 7.738989999999999758e-02 1.941650000000000043e-01 3.835310000000000195e-03 2.736250000000000071e-01 8.789429999999999465e-02
3.145379999999999843e-01 3.021630000000000149e-02 1.532820000000000016e-01 2.426109999999999933e-01 5.120469999999999883e-02 2.755619999999999736e-01 -1.173169999999999942e-02 8.746530000000000624e-03
1.370149999999999979e-01 1.549679999999999946e-01 -1.813959999999999878e-02 3.165439999999999920e-02 1.686130000000000129e-01 1.290139999999999898e-01 9.486540000000000250e-02 2.612369999999999970e-02
2.641189999999999927e-01 8.156720000000000637e-02 9.379419999999999424e-02 -3.082489999999999883e-02 7.521279999999999633e-02 4.171890000000000320e-02 1.304720000000000046e-01 1.721949999999999870e-01
2.902370000000000227e-01 7.197019999999999806e-02 1.296450000000000102e-01 7.545450000000000204e-04 3.922899999999999998e-02 1.659710000000000074e-01 2.751670000000000157e-02 3.014469999999999997e-02
1.525140000000000107e-01 -8.638470000000000523e-03 2.250630000000000130e-01 5.011539999999999745e-02 -2.846020000000000147e-02 1.121909999999999991e-01 -5.159690000000000110e-02 9.593240000000000101e-02
2.044119999999999965e-02 7.581269999999999676e-02 3.125719999999999887e-02 1.689720000000000111e-01 4.050619999999999915e-02 1.217170000000000057e-01 9.679740000000000566e-02 1.209630000000000011e-01
5.897150000000000308e-02 -3.795020000000000338e-02 5.574710000000000082e-02 4.843770000000000020e-01 2.536900000000000266e-01 5.198590000000000155e-02 5.998379999999999684e-02 4.508390000000000314e-02
2.931079999999999797e-01 9.713350000000000803e-03 4.414499999999999674e-02 -9.268469999999999140e-03 1.005289999999999934e-01 2.968979999999999883e-02 7.190879999999999495e-02 1.696270000000000000e-01
2.155400000000000024e-02 3.113859999999999892e-02 1.392029999999999934e-01 2.364199999999999913e-01 -2.401510000000000103e-02 4.183599999999999819e-02 9.897469999999999879e-02 5.504130000000000134e-02
1.099600000000000057e-02 6.414620000000000044e-02 1.639440000000000064e-01 2.722010000000000263e-01 1.536379999999999968e-01 1.395730000000000026e-01 7.573029999999999692e-03 1.441070000000000129e-01
5.602050000000000085e-02 1.126110000000000028e-01 4.243060000000000165e-01 7.074229999999999408e-02 -2.069210000000000146e-02 2.155789999999999929e-01 1.034759999999999985e-01 1.267419999999999936e-01
5.549350000000000116e-02 1.834810000000000052e-01 1.171269999999999950e-01 1.902519999999999906e-02 3.782610000000000139e-02 1.068640000000000007e-01 1.945099999999999885e-01 7.681369999999999865e-02
2.267319999999999891e-01 5.902899999999999814e-02 6.208339999999999692e-02 1.191439999999999999e-01 8.355890000000000539e-02 1.487620000000000053e-01 2.066569999999999865e-02 2.514900000000000121e-02
2.780880000000000157e-02 1.822389999999999904e-03 1.215740000000000015e-01 2.114200000000000107e-02 6.616640000000000021e-02 9.486690000000000400e-02 3.565969999999999904e-03 1.085359999999999936e-01
-7.587140000000000030e-03 1.644289999999999918e-01 8.385829999999999673e-02 4.682440000000000213e-02 1.199500000000000011e-01 1.633199999999999930e-01 1.948090000000000099e-01 1.436030000000000084e-01
9.352860000000000340e-02 8.550510000000000055e-02 1.596059999999999840e-02 3.131180000000000074e-02 1.896180000000000088e-01 3.157519999999999771e-02 9.320080000000000031e-02 -1.358279999999999904e-03
3.149380000000000235e-02 -8.514040000000000497e-02 2.733789999999999831e-01 1.979549999999999921e-01 2.269349999999999978e-01 2.575850000000000084e-01 1.954940000000000011e-01 8.302339999999999720e-02
