5.318680000000000074e-01 5.296060000000000212e-01 5.381810000000000205e-01 5.594810000000000061e-01 5.470650000000000235e-01 5.196769999999999445e-01 5.172350000000000003e-01 5.739269999999999650e-01
5.418929999999999580e-01 6.664630000000000276e-01 5.267659999999999565e-01 5.538020000000000165e-01 5.592479999999999674e-01 5.373010000000000286e-01 5.211580000000000101e-01 5.287049999999999805e-01
6.678699999999999637e-01 7.006499999999999950e-01 5.538220000000000365e-01 5.203130000000000255e-01 5.271419999999999995e-01 5.181780000000000275e-01 5.389810000000000434e-01 6.918320000000000025e-01
5.239749999999999686e-01 5.379319999999999657e-01 5.173119999999999941e-01 5.301630000000000509e-01 5.223090000000000233e-01 5.600000000000000533e-01 5.582289999999999752e-01 5.201670000000000460e-01
5.241890000000000160e-01 5.377939999999999943e-01 5.359110000000000262e-01 6.204049999999999843e-01 5.571509999999999518e-01 5.336060000000000247e-01 5.439340000000000286e-01 5.273020000000000485e-01
5.206370000000000164e-01 5.250359999999999472e-01 6.373499999999999721e-01 5.761169999999999902e-01 5.187659999999999494e-01 5.490199999999999525e-01 5.262160000000000171e-01 5.583479999999999555e-01
5.372879999999999878e-01 5.286509999999999820e-01 5.196070000000000411e-01 6.122339999999999449e-01 5.307730000000000503e-01 5.142689999999999761e-01 5.217509999999999648e-01 5.459300000000000264e-01
5.257349999999999524e-01 5.553160000000000318e-01 5.329180000000000028e-01 5.277410000000000156e-01 5.237230000000000496e-01 5.473109999999999919e-01 5.307380000000000431e-01 5.495550000000000157e-01
5.353419999999999845e-01 5.614740000000000286e-01 7.757380000000000386e-01 5.186490000000000267e-01 5.139590000000000547e-01 5.500030000000000197e-01 5.547760000000000469e-01 5.105290000000000106e-01
5.483160000000000256e-01 5.170580000000000176e-01 6.976919999999999789e-01 5.661800000000000166e-01 5.710809999999999498e-01 7.025580000000000158e-01 5.260139999999999816e-01 5.399040000000000505e-01
6.184209999999999985e-01 5.182550000000000212e-01 5.757029999999999648e-01 5.375410000000000466e-01 5.352299999999999836e-01 5.272790000000000532e-01 5.421399999999999553e-01 5.360420000000000185e-01
5.188930000000000486e-01 5.133410000000000473e-01 5.916179999999999772e-01 7.182509999999999728e-01 5.643839999999999968e-01 5.331669999999999465e-01 5.329180000000000028e-01 5.460450000000000026e-01
5.300690000000000124e-01 5.381679999999999797e-01 5.579769999999999452e-01 5.320540000000000269e-01 5.412590000000000456e-01 5.272289999999999477e-01 6.282720000000000526e-01 5.663489999999999913e-01
5.528469999999999773e-01 5.252400000000000402e-01 5.643299999999999983e-01 5.236720000000000264e-01 5.434259999999999646e-01 5.650279999999999747e-01 5.313379999999999770e-01 5.346499999999999586e-01
5.384259999999999602e-01 5.268389999999999462e-01 5.370209999999999706e-01 5.696130000000000360e-01 7.725239999999999885e-01 5.148789999999999756e-01 5.281209999999999516e-01 5.180919999999999970e-01
5.223879999999999635e-01 6.220689999999999831e-01 5.468129999999999935e-01 5.371120000000000339e-01 5.405560000000000365e-01 5.072950000000000514e-01 5.192320000000000269e-01 6.086679999999999868e-01
5.517199999999999882e-01 5.393069999999999808e-01 5.541439999999999699e-01 5.737339999999999662e-01 5.236800000000000344e-01 5.447680000000000300e-01 5.644209999999999505e-01 5.238399999999999723e-01
6.503539999999999877e-01 7.728099999999999969e-01 5.240420000000000078e-01 5.246610000000000440e-01 5.375600000000000378e-01 5.359690000000000287e-01 5.193929999999999936e-01 5.220770000000000133e-01
7.041739999999999666e-01 6.660509999999999486e-01 5.306199999999999806e-01 5.859950000000000436e-01 5.360080000000000400e-01 5.546069999999999611e-01 5.412569999999999881e-01 5.601660000000000528e-01
5.255109999999999504e-01 5.300859999999999461e-01 5.943230000000000457e-01 6.001130000000000075e-01 5.317260000000000320e-01 7.149159999999999959e-01 5.767269999999999897e-01 7.101009999999999822e-01
6.899340000000000472e-01 6.746050000000000102e-01 5.492799999999999905e-01 5.285630000000000051e-01 5.713890000000000358e-01 5.387060000000000182e-01 5.290160000000000418e-01 5.231789999999999496e-01
5.644460000000000033e-01 5.966129999999999489e-01 5.205530000000000435e-01 5.284680000000000488e-01 5.884260000000000046e-01 5.250730000000000119e-01 5.286330000000000195e-01 5.604390000000000205e-01
5.373830000000000551e-01 5.369519999999999849e-01 5.423599999999999532e-01 5.619750000000000023e-01 5.426659999999999817e-01 5.424740000000000117e-01 5.251670000000000504e-01 5.426050000000000040e-01
5.695000000000000062e-01 5.329519999999999813e-01 5.521409999999999929e-01 5.633650000000000047e-01 5.188150000000000261e-01 7.754600000000000382e-01 5.445820000000000105e-01 5.521009999999999529e-01
6.604729999999999768e-01 5.316760000000000375e-01 5.217709999999999848e-01 5.306419999999999471e-01 5.734960000000000058e-01 5.422160000000000313e-01 7.820190000000000197e-01 5.267950000000000133e-01
5.424170000000000380e-01 5.398230000000000528e-01 5.439680000000000071e-01 5.450369999999999937e-01 5.295689999999999564e-01 5.957430000000000225e-01 5.127599999999999936e-01 5.375739999999999963e-01
5.289209999999999745e-01 5.575590000000000268e-01 5.241559999999999553e-01 5.252130000000000409e-01 5.856869999999999576e-01 5.985310000000000352e-01 5.233090000000000241e-01 5.511080000000000423e-01
6.735839999999999606e-01 5.567330000000000334e-01 5.988259999999999694e-01 7.520379999999999843e-01 7.704100000000000392e-01 5.199000000000000288e-01 5.799140000000000406e-01 5.739269999999999650e-01
5.665909999999999558e-01 5.636700000000000044e-01 5.148709999999999676e-01 5.819229999999999681e-01 5.168970000000000509e-01 5.219700000000000450e-01 5.280439999999999579e-01 5.888050000000000228e-01
5.675289999999999502e-01 5.194189999999999641e-01 5.502460000000000129e-01 5.576820000000000110e-01 5.336849999999999650e-01 5.102849999999999886e-01 5.295879999999999477e-01 5.430650000000000199e-01
5.513369999999999660e-01 5.395429999999999948e-01 5.225360000000000005e-01 5.378389999999999560e-01 7.368299999999999850e-01 5.186870000000000092e-01 5.481300000000000061e-01 5.921710000000000029e-01
5.224520000000000275e-01 5.510659999999999448e-01 5.627130000000000187e-01 5.298840000000000217e-01 5.071320000000000272e-01 7.850810000000000288e-01 5.306419999999999471e-01 5.322850000000000081e-01
5.149200000000000443e-01 5.344130000000000269e-01 5.655949999999999589e-01 5.338490000000000180e-01 5.316779999999999839e-01 5.090940000000000465e-01 5.682160000000000544e-01 5.467109999999999470e-01
5.683709999999999596e-01 5.770049999999999901e-01 6.154239999999999711e-01 5.361519999999999619e-01 6.419850000000000279e-01 6.121459999999999679e-01 5.285060000000000313e-01 6.770100000000000007e-01
5.284870000000000401e-01 5.690479999999999983e-01 5.323999999999999844e-01 5.660089999999999844e-01 5.441080000000000361e-01 5.389599999999999946e-01 6.101799999999999446e-01 5.329840000000000133e-01
5.981790000000000163e-01 5.754139999999999810e-01 5.340759999999999952e-01 7.158470000000000111e-01 5.967430000000000234e-01 7.038480000000000292e-01 5.299770000000000314e-01 5.193809999999999816e-01
5.485060000000000491e-01 5.236060000000000159e-01 5.204159999999999897e-01 5.217829999999999968e-01 6.159959999999999880e-01 6.887269999999999781e-01 5.480300000000000171e-01 5.378990000000000160e-01
5.495459999999999789e-01 5.206009999999999804e-01 6.058639999999999581e-01 5.294320000000000137e-01 5.203590000000000160e-01 5.298640000000000017e-01 5.252700000000000147e-01 5.629990000000000272e-01
5.594369999999999621e-01 5.262719999999999620e-01 5.301299999999999901e-01 5.342729999999999979e-01 5.690479999999999983e-01 5.749750000000000139e-01 5.555520000000000458e-01 7.423429999999999751e-01
5.485179999999999501e-01 5.940499999999999670e-01 5.185619999999999674e-01 6.340369999999999617e-01 5.462850000000000206e-01 5.335739999999999927e-01 6.498749999999999805e-01 5.254799999999999471e-01
5.828710000000000280e-01 5.507149999999999546e-01 5.241879999999999873e-01 5.184800000000000519e-01 5.730779999999999763e-01 5.602719999999999922e-01 5.187469999999999581e-01 6.996780000000000221e-01
5.796339999999999826e-01 5.647670000000000190e-01 5.329770000000000341e-01 5.156720000000000192e-01 7.828429999999999556e-01 5.454630000000000312e-01 5.371369999999999756e-01 5.646750000000000380e-01
5.241770000000000040e-01 5.459159999999999568e-01 5.564390000000000169e-01 5.193459999999999743e-01 5.312099999999999600e-01 5.779659999999999798e-01 5.800100000000000255e-01 5.646710000000000340e-01
5.574519999999999476e-01 7.048520000000000341e-01 5.288899999999999713e-01 5.097869999999999902e-01 5.129749999999999588e-01 5.575579999999999981e-01 5.243900000000000228e-01 5.316739999999999799e-01
5.206990000000000229e-01 5.807959999999999789e-01 5.387239999999999807e-01 5.196939999999999893e-01 5.438779999999999726e-01 5.810119999999999729e-01 5.281099999999999683e-01 5.880680000000000351e-01
5.342649999999999899e-01 5.655740000000000212e-01 5.426769999999999650e-01 5.310850000000000293e-01 5.815660000000000274e-01 5.747269999999999879e-01 5.160150000000000015e-01 5.367450000000000276e-01
5.430629999999999624e-01 5.321770000000000111e-01 5.286410000000000275e-01 5.558870000000000200e-01 5.752049999999999663e-01 5.338019999999999987e-01 6.150349999999999984e-01 5.787440000000000362e-01
5.539479999999999960e-01 5.830570000000000475e-01 5.865449999999999831e-01 7.269600000000000506e-01 5.163889999999999869e-01 6.826889999999999903e-01 5.979210000000000358e-01 5.466699999999999893e-01
5.788959999999999662e-01 7.402640000000000331e-01 7.744419999999999638e-01 5.408190000000000497e-01 5.232900000000000329e-01 5.353740000000000165e-01 5.472559999999999647e-01 5.538769999999999527e-01
6.947929999999999939e-01 5.513970000000000260e-01 5.370610000000000106e-01 6.280559999999999476e-01 5.723439999999999639e-01 5.399110000000000298e-01 5.209359999999999546e-01 5.961649999999999450e-01
6.554539999999999811e-01 5.457039999999999669e-01 5.170369999999999688e-01 5.285919999999999508e-01 5.792469999999999564e-01 7.069119999999999848e-01 5.582420000000000160e-01 5.317819999999999769e-01
5.787910000000000554e-01 6.275950000000000140e-01 5.680260000000000309e-01 7.785950000000000371e-01 5.240470000000000406e-01 5.231430000000000247e-01 5.651350000000000540e-01 5.573500000000000121e-01
7.551170000000000382e-01 6.573050000000000281e-01 5.626649999999999707e-01 5.254520000000000302e-01 5.256229999999999514e-01 5.616729999999999778e-01 5.416940000000000088e-01 5.404999999999999805e-01
5.233700000000000019e-01 6.978239999999999998e-01 5.281930000000000236e-01 5.224299999999999500e-01 7.669869999999999743e-01 5.628990000000000382e-01 5.255130000000000079e-01 5.273189999999999822e-01
6.488319999999999643e-01 5.542470000000000452e-01 5.337960000000000482e-01 5.299920000000000186e-01 5.271019999999999595e-01 5.711230000000000473e-01 5.176070000000000393e-01 5.255389999999999784e-01
5.974429999999999463e-01 5.915880000000000027e-01 5.709539999999999615e-01 5.686259999999999648e-01 5.197920000000000318e-01 5.158789999999999765e-01 5.483639999999999626e-01 5.382449999999999735e-01
5.465050000000000185e-01 5.271289999999999587e-01 5.530709999999999793e-01 5.580150000000000388e-01 5.303550000000000209e-01 5.543970000000000287e-01 5.649279999999999857e-01 5.205959999999999477e-01
5.274609999999999577e-01 5.311360000000000525e-01 5.920419999999999572e-01 5.188049999999999606e-01 5.591819999999999569e-01 5.326039999999999663e-01 5.163419999999999677e-01 5.341909999999999714e-01
5.335569999999999480e-01 5.213609999999999634e-01 7.922730000000000050e-01 7.685999999999999499e-01 6.836510000000000087e-01 5.698499999999999677e-01 6.610009999999999497e-01 5.222869999999999457e-01
5.538769999999999527e-01 5.338159999999999572e-01 5.598009999999999931e-01 5.187669999999999781e-01 7.802989999999999648e-01 5.869699999999999918e-01 5.338380000000000347e-01 5.204830000000000290e-01
5.825249999999999595e-01 5.246070000000000455e-01 5.837689999999999824e-01 5.767679999999999474e-01 6.752780000000000449e-01 5.355339999999999545e-01 5.376539999999999653e-01 5.467520000000000158e-01
5.646750000000000380e-01 5.729670000000000041e-01 5.278789999999999871e-01 6.976529999999999676e-01 5.316859999999999919e-01 5.766959999999999864e-01 5.309899999999999620e-01 7.687110000000000332e-01
6.689019999999999966e-01 5.194330000000000336e-01 5.722099999999999964e-01 5.459220000000000184e-01 5.486159999999999926e-01 5.194100000000000383e-01 5.790899999999999936e-01 5.394240000000000146e-01
6.142739999999999867e-01 5.244809999999999750e-01 5.189510000000000511e-01 6.356849999999999445e-01 6.157449999999999868e-01 5.362289999999999557e-01 6.749619999999999509e-01 5.170850000000000168e-01
5.137009999999999632e-01 5.513980000000000548e-01 5.463599999999999568e-01 7.936090000000000089e-01 5.180329999999999657e-01 5.631490000000000107e-01 5.349549999999999583e-01 5.275640000000000329e-01
5.482110000000000039e-01 5.356400000000000050e-01 6.047569999999999890e-01 5.883789999999999853e-01 5.378880000000000328e-01 5.340439999999999632e-01 5.475929999999999964e-01 5.199209999999999665e-01
5.732180000000000053e-01 7.156689999999999996e-01 5.384320000000000217e-01 7.427150000000000141e-01 5.487619999999999720e-01 5.323600000000000554e-01 7.485749999999999904e-01 5.253999999999999782e-01
5.724620000000000264e-01 5.769140000000000379e-01 6.308369999999999811e-01 5.967879999999999852e-01 5.267950000000000133e-01 5.209040000000000337e-01 6.244389999999999663e-01 5.406279999999999974e-01
5.452360000000000539e-01 5.513810000000000100e-01 5.733399999999999608e-01 5.281090000000000506e-01 5.896719999999999740e-01 6.604609999999999648e-01 5.328600000000000003e-01 5.201609999999999845e-01
5.313700000000000090e-01 5.981720000000000370e-01 5.324339999999999629e-01 5.182320000000000260e-01 5.270249999999999657e-01 6.630639999999999867e-01 5.388249999999999984e-01 5.568260000000000431e-01
5.501759999999999984e-01 5.510159999999999503e-01 5.527330000000000298e-01 5.437689999999999468e-01 5.591939999999999689e-01 5.193560000000000398e-01 5.172309999999999963e-01 5.519800000000000262e-01
5.183339999999999614e-01 5.150700000000000278e-01 5.937299999999999800e-01 5.413379999999999859e-01 5.303799999999999626e-01 5.192780000000000173e-01 5.806740000000000235e-01 5.386980000000000102e-01
5.260820000000000496e-01 6.534200000000000008e-01 8.040629999999999722e-01 6.627950000000000230e-01 5.751500000000000501e-01 5.194109999999999561e-01 6.058459999999999956e-01 5.360350000000000392e-01
5.061459999999999848e-01 5.805209999999999537e-01 5.208169999999999744e-01 5.343360000000000332e-01 5.542430000000000412e-01 5.151670000000000416e-01 6.091750000000000220e-01 5.177519999999999900e-01
5.413510000000000266e-01 7.843320000000000292e-01 5.329460000000000308e-01 5.829469999999999930e-01 5.175049999999999928e-01 5.181529999999999747e-01 5.215579999999999661e-01 5.461679999999999868e-01
5.434080000000000021e-01 5.344459999999999766e-01 5.824380000000000113e-01 5.341920000000000002e-01 5.222839999999999705e-01 5.458579999999999544e-01 7.347939999999999472e-01 5.411489999999999911e-01
6.089360000000000328e-01 7.904219999999999580e-01 7.798089999999999744e-01 5.262599999999999500e-01 5.792140000000000066e-01 5.673460000000000170e-01 5.195140000000000313e-01 5.372479999999999478e-01
5.886149999999999993e-01 5.333280000000000243e-01 7.566979999999999817e-01 5.505609999999999671e-01 5.575280000000000236e-01 5.975300000000000056e-01 6.743259999999999810e-01 5.865650000000000031e-01
5.521540000000000337e-01 5.676029999999999687e-01 5.328650000000000331e-01 6.959370000000000278e-01 5.539399999999999880e-01 5.595620000000000038e-01 5.246769999999999490e-01 5.484430000000000138e-01
5.507140000000000368e-01 5.197349999999999470e-01 6.823609999999999953e-01 5.753810000000000313e-01 5.153529999999999500e-01 6.246519999999999850e-01 7.342619999999999703e-01 5.201480000000000548e-01
5.368049999999999766e-01 5.436379999999999546e-01 5.186030000000000362e-01 7.295439999999999703e-01 6.291579999999999950e-01 5.177079999999999460e-01 7.255829999999999780e-01 5.369990000000000041e-01
7.662120000000000042e-01 5.966160000000000352e-01 5.914409999999999945e-01 5.228310000000000457e-01 5.275239999999999929e-01 5.872260000000000257e-01 5.681190000000000406e-01 5.445410000000000528e-01
5.752570000000000183e-01 5.313719999999999555e-01 5.268580000000000485e-01 5.325189999999999646e-01 5.960050000000000070e-01 5.194790000000000241e-01 5.441040000000000321e-01 5.331160000000000343e-01
5.422639999999999683e-01 5.171780000000000266e-01 5.428849999999999509e-01 5.443799999999999750e-01 5.229430000000000467e-01 5.379040000000000488e-01 5.235680000000000334e-01 5.757590000000000208e-01
5.535200000000000120e-01 5.312559999999999505e-01 5.714770000000000127e-01 5.518330000000000179e-01 5.159989999999999855e-01 5.470899999999999652e-01 7.129959999999999631e-01 5.449019999999999975e-01
5.302040000000000086e-01 5.177810000000000468e-01 5.175720000000000320e-01 5.304640000000000466e-01 5.677959999999999674e-01 6.409439999999999582e-01 5.190050000000000496e-01 6.719760000000000177e-01
5.290599999999999747e-01 5.662380000000000191e-01 5.124090000000000034e-01 6.464349999999999818e-01 5.409380000000000299e-01 5.347309999999999564e-01 7.156019999999999603e-01 5.380260000000000042e-01
5.177349999999999453e-01 5.234299999999999509e-01 5.268340000000000245e-01 5.149179999999999868e-01 5.364280000000000159e-01 6.196779999999999511e-01 6.788619999999999655e-01 5.527750000000000163e-01
5.169169999999999598e-01 6.648180000000000200e-01 5.284830000000000361e-01 5.147300000000000209e-01 5.371590000000000531e-01 6.395290000000000141e-01 5.276009999999999867e-01 5.179620000000000335e-01
5.188559999999999839e-01 5.931079999999999686e-01 5.507880000000000553e-01 5.181919999999999860e-01 7.784010000000000096e-01 5.121630000000000349e-01 5.148470000000000546e-01 6.733780000000000321e-01
5.233579999999999899e-01 5.177819999999999645e-01 6.368509999999999449e-01 5.240529999999999911e-01 5.210860000000000491e-01 5.943840000000000234e-01 5.733700000000000463e-01 5.450129999999999697e-01
5.295849999999999724e-01 5.750579999999999581e-01 5.240829999999999655e-01 5.416729999999999601e-01 5.195610000000000506e-01 5.503980000000000539e-01 6.058440000000000492e-01 7.608409999999999895e-01
5.141869999999999497e-01 5.117969999999999464e-01 7.470839999999999703e-01 5.538459999999999495e-01 6.269959999999999978e-01 5.782580000000000497e-01 5.409410000000000052e-01 5.179240000000000510e-01
6.086819999999999453e-01 6.399399999999999533e-01 5.318979999999999819e-01 6.761279999999999513e-01 6.080879999999999619e-01 5.235480000000000134e-01 5.770819999999999839e-01 5.108359999999999568e-01
5.422439999999999483e-01 5.232860000000000289e-01 5.314649999999999652e-01 5.187310000000000532e-01 6.146359999999999602e-01 5.358500000000000485e-01 5.528300000000000436e-01 5.130930000000000213e-01
6.857450000000000490e-01 5.244569999999999510e-01 6.212940000000000129e-01 7.093859999999999610e-01 5.399950000000000028e-01 5.245680000000000343e-01 5.410669999999999646e-01 5.580939999999999790e-01
5.918200000000000127e-01 5.291550000000000420e-01 5.290669999999999540e-01 5.250700000000000367e-01 5.185130000000000017e-01 6.304629999999999956e-01 5.158289999999999820e-01 5.425229999999999775e-01
5.343499999999999917e-01 5.212539999999999951e-01 5.201519999999999477e-01 6.037059999999999649e-01 7.044880000000000031e-01 5.232769999999999921e-01 7.970810000000000395e-01 5.391860000000000541e-01
5.494830000000000547e-01 5.391810000000000214e-01 5.271959999999999980e-01 5.174419999999999575e-01 6.189700000000000202e-01 5.295309999999999739e-01 5.813829999999999831e-01 5.446229999999999682e-01
5.257849999999999469e-01 5.627630000000000132e-01 5.682920000000000194e-01 5.193619999999999903e-01 5.756989999999999608e-01 6.034779999999999589e-01 5.839800000000000546e-01 7.189320000000000155e-01
6.155129999999999768e-01 5.576020000000000421e-01 5.313849999999999962e-01 5.164980000000000127e-01 5.292590000000000350e-01 5.808010000000000117e-01 5.198129999999999695e-01 5.302280000000000326e-01
7.230790000000000273e-01 7.397890000000000299e-01 5.481420000000000181e-01 7.866440000000000099e-01 6.879330000000000167e-01 5.433769999999999989e-01 5.678229999999999666e-01 5.191900000000000404e-01
5.197450000000000125e-01 5.765019999999999589e-01 5.953509999999999636e-01 5.171499999999999986e-01 6.381860000000000310e-01 7.255369999999999875e-01 5.182120000000000060e-01 6.445629999999999971e-01
5.191419999999999924e-01 5.199359999999999538e-01 5.847040000000000015e-01 5.363379999999999814e-01 5.987780000000000324e-01 7.274599999999999955e-01 5.578370000000000273e-01 6.042149999999999466e-01
7.261649999999999494e-01 5.716900000000000315e-01 5.918769999999999865e-01 5.555219999999999603e-01 6.063349999999999573e-01 5.552059999999999773e-01 5.232719999999999594e-01 5.231360000000000454e-01
5.720530000000000337e-01 6.950119999999999632e-01 5.149650000000000061e-01 5.177070000000000283e-01 5.133180000000000520e-01 5.143600000000000394e-01 5.192320000000000269e-01 5.715310000000000112e-01
5.311460000000000070e-01 6.290799999999999725e-01 5.147450000000000081e-01 5.235220000000000429e-01 5.082849999999999868e-01 5.586020000000000429e-01 5.168920000000000181e-01 5.270500000000000185e-01
6.034659999999999469e-01 5.240719999999999823e-01 6.569049999999999612e-01 5.187709999999999821e-01 7.447599999999999776e-01 5.191719999999999668e-01 5.553329999999999655e-01 5.092999999999999750e-01
5.575189999999999868e-01 7.083260000000000112e-01 5.162160000000000082e-01 6.133020000000000138e-01 7.453279999999999905e-01 5.173320000000000141e-01 5.783300000000000107e-01 5.108869999999999800e-01
5.687510000000000066e-01 5.740429999999999700e-01 6.617800000000000349e-01 5.527750000000000163e-01 5.711410000000000098e-01 8.196010000000000240e-01 5.816919999999999868e-01 5.267049999999999788e-01
5.898400000000000309e-01 5.872929999999999540e-01 7.732250000000000512e-01 5.353409999999999558e-01 5.167819999999999636e-01 5.898870000000000502e-01 5.791450000000000209e-01 5.144539999999999669e-01
5.132280000000000175e-01 5.685860000000000358e-01 5.171299999999999786e-01 6.041009999999999991e-01 5.162630000000000274e-01 5.357929999999999637e-01 5.645879999999999788e-01 5.281259999999999843e-01
5.183339999999999614e-01 6.291959999999999775e-01 5.969370000000000509e-01 5.152510000000000145e-01 7.922930000000000250e-01 5.571009999999999573e-01 5.234199999999999964e-01 5.537279999999999980e-01
6.126430000000000486e-01 5.600460000000000438e-01 5.328310000000000546e-01 5.159960000000000102e-01 5.595729999999999871e-01 5.510549999999999615e-01 5.665550000000000308e-01 5.615430000000000144e-01
5.099320000000000519e-01 5.983600000000000030e-01 5.829029999999999490e-01 5.726390000000000091e-01 5.542430000000000412e-01 7.719540000000000290e-01 5.178850000000000398e-01 5.210900000000000531e-01
5.857599999999999474e-01 7.512219999999999454e-01 5.333520000000000483e-01 6.379139999999999810e-01 5.857489999999999641e-01 5.201959999999999917e-01 6.340409999999999657e-01 5.454069999999999752e-01
5.131949999999999568e-01 7.417569999999999997e-01 6.548819999999999641e-01 5.519159999999999622e-01 5.859400000000000164e-01 5.557649999999999535e-01 6.370599999999999596e-01 5.122510000000000119e-01
7.602600000000000469e-01 6.045099999999999918e-01 7.854910000000000503e-01 5.639119999999999688e-01 5.351519999999999611e-01 6.163279999999999870e-01 5.927639999999999576e-01 5.912039999999999518e-01
6.761289999999999800e-01 5.511009999999999520e-01 5.159700000000000397e-01 6.665189999999999726e-01 7.093960000000000266e-01 5.362040000000000139e-01 5.688260000000000538e-01 5.176150000000000473e-01
5.459190000000000431e-01 6.322060000000000457e-01 5.308990000000000098e-01 5.159799999999999942e-01 5.696890000000000009e-01 5.166030000000000344e-01 6.401240000000000263e-01 5.321200000000000374e-01
5.417370000000000241e-01 8.076699999999999990e-01 5.161949999999999594e-01 5.199350000000000360e-01 5.169000000000000261e-01 5.276729999999999476e-01 5.238660000000000538e-01 5.343040000000000012e-01
7.334249999999999936e-01 5.922389999999999599e-01 5.469530000000000225e-01 5.506720000000000503e-01 6.026989999999999847e-01 5.660429999999999628e-01 5.099580000000000224e-01 5.272409999999999597e-01
5.233419999999999739e-01 6.204920000000000435e-01 5.442460000000000075e-01 6.945149999999999935e-01 5.273170000000000357e-01 5.612709999999999644e-01 5.285069999999999490e-01 5.153750000000000275e-01
6.954099999999999726e-01 6.290120000000000156e-01 7.390860000000000207e-01 5.211350000000000149e-01 5.327629999999999866e-01 5.184950000000000392e-01 5.298119999999999497e-01 5.350690000000000168e-01
5.502879999999999994e-01 7.199370000000000491e-01 5.128409999999999913e-01 5.179190000000000182e-01 5.187599999999999989e-01 5.373189999999999911e-01 6.265309999999999491e-01 5.274410000000000487e-01
5.203719999999999457e-01 5.114840000000000497e-01 5.922290000000000054e-01 5.118409999999999904e-01 5.934639999999999915e-01 5.852279999999999704e-01 5.795890000000000208e-01 5.637060000000000404e-01
5.851520000000000055e-01 6.395769999999999511e-01 6.379709999999999548e-01 5.602859999999999507e-01 5.193680000000000518e-01 5.255619999999999736e-01 6.291259999999999630e-01 5.736759999999999637e-01
5.295189999999999619e-01 5.771969999999999601e-01 5.773530000000000051e-01 7.487129999999999619e-01 5.743420000000000192e-01 5.242970000000000130e-01 5.133670000000000178e-01 6.048350000000000115e-01
5.884599999999999831e-01 6.512489999999999668e-01 5.087479999999999780e-01 5.878079999999999972e-01 5.723169999999999646e-01 6.297479999999999745e-01 5.325889999999999791e-01 6.418829999999999814e-01
5.125790000000000068e-01 5.683409999999999851e-01 8.162080000000000446e-01 5.220989999999999798e-01 5.836630000000000429e-01 5.356619999999999715e-01 5.708029999999999493e-01 7.873759999999999648e-01
5.977369999999999628e-01 5.244849999999999790e-01 5.189430000000000431e-01 5.537469999999999892e-01 5.154189999999999605e-01 5.845029999999999948e-01 5.405149999999999677e-01 6.037580000000000169e-01
5.143029999999999546e-01 5.713089999999999558e-01 6.606309999999999683e-01 5.978980000000000405e-01 5.326199999999999823e-01 5.268840000000000190e-01 8.073329999999999673e-01 5.451529999999999987e-01
5.912560000000000038e-01 5.150829999999999576e-01 5.132179999999999520e-01 5.146659999999999568e-01 5.198730000000000295e-01 6.157319999999999460e-01 8.169899999999999940e-01 5.137270000000000447e-01
5.866019999999999568e-01 5.273689999999999767e-01 5.790739999999999776e-01 5.389319999999999666e-01 5.239599999999999813e-01 5.208500000000000352e-01 6.516340000000000465e-01 6.189489999999999714e-01
5.623129999999999518e-01 5.428589999999999804e-01 7.144740000000000535e-01 5.911980000000000013e-01 6.406450000000000200e-01 5.267359999999999820e-01 5.814169999999999616e-01 6.378709999999999658e-01
5.650180000000000202e-01 5.347629999999999884e-01 6.591550000000000464e-01 5.667849999999999833e-01 5.213179999999999481e-01 5.168089999999999629e-01 5.141170000000000462e-01 6.154610000000000358e-01
5.310460000000000180e-01 6.425189999999999513e-01 5.344010000000000149e-01 5.673300000000000010e-01 8.089530000000000332e-01 5.219489999999999963e-01 5.249869999999999814e-01 5.695869999999999544e-01
5.659079999999999666e-01 6.307760000000000034e-01 5.195520000000000138e-01 5.111130000000000395e-01 5.175849999999999618e-01 5.564820000000000322e-01 5.258920000000000261e-01 5.149559999999999693e-01
6.311379999999999768e-01 6.925019999999999509e-01 5.196990000000000220e-01 5.238410000000000011e-01 6.260440000000000449e-01 6.333619999999999806e-01 5.176849999999999508e-01 7.010629999999999917e-01
6.166730000000000267e-01 8.110990000000000144e-01 5.872849999999999460e-01 5.204569999999999474e-01 5.451279999999999459e-01 5.239789999999999726e-01 5.157549999999999635e-01 6.385969999999999702e-01
5.148930000000000451e-01 6.485549999999999926e-01 5.076509999999999634e-01 5.107469999999999510e-01 5.202440000000000397e-01 5.190080000000000249e-01 6.662940000000000529e-01 5.129970000000000363e-01
7.628709999999999658e-01 5.507170000000000121e-01 6.185610000000000275e-01 5.240299999999999958e-01 5.247680000000000122e-01 6.629669999999999730e-01 5.228150000000000297e-01 5.653380000000000072e-01
5.244109999999999605e-01 5.133290000000000353e-01 5.324989999999999446e-01 5.214600000000000346e-01 5.189519999999999689e-01 5.105429999999999691e-01 5.627630000000000132e-01 5.149700000000000388e-01
5.951400000000000023e-01 5.154079999999999773e-01 5.581180000000000030e-01 6.382999999999999785e-01 5.169580000000000286e-01 5.590519999999999934e-01 5.190200000000000369e-01 6.029930000000000012e-01
5.141559999999999464e-01 5.675449999999999662e-01 5.221909999999999608e-01 5.089960000000000040e-01 5.681619999999999449e-01 5.381780000000000452e-01 8.213660000000000405e-01 7.617239999999999567e-01
7.630320000000000435e-01 5.528830000000000133e-01 5.660469999999999668e-01 5.740389999999999660e-01 5.616790000000000393e-01 5.309939999999999660e-01 5.534909999999999553e-01 5.713519999999999710e-01
5.571450000000000014e-01 5.191989999999999661e-01 5.432200000000000362e-01 7.480250000000000510e-01 5.165960000000000552e-01 5.861159999999999703e-01 7.728949999999999987e-01 5.888339999999999685e-01
5.411569999999999991e-01 5.361749999999999572e-01 5.917769999999999975e-01 7.822320000000000384e-01 5.280939999999999523e-01 5.684010000000000451e-01 8.114369999999999639e-01 5.776069999999999816e-01
6.496760000000000312e-01 5.253299999999999637e-01 7.694830000000000281e-01 5.779680000000000373e-01 5.149110000000000076e-01 5.658819999999999961e-01 5.749790000000000179e-01 6.001379999999999493e-01
5.484620000000000051e-01 5.295149999999999579e-01 6.652310000000000167e-01 5.767700000000000049e-01 6.418030000000000124e-01 6.354119999999999768e-01 5.812450000000000117e-01 5.082929999999999948e-01
5.250150000000000095e-01 6.403889999999999860e-01 5.304640000000000466e-01 5.206600000000000117e-01 5.058660000000000379e-01 6.784219999999999695e-01 5.698590000000000044e-01 5.725999999999999979e-01
6.798739999999999783e-01 5.173140000000000516e-01 5.688210000000000210e-01 6.874080000000000190e-01 5.013790000000000191e-01 5.154919999999999503e-01 5.240070000000000006e-01 6.486640000000000184e-01
5.997329999999999606e-01 5.635919999999999819e-01 6.041760000000000463e-01 6.528829999999999911e-01 6.406650000000000400e-01 5.748360000000000136e-01 5.266699999999999715e-01 7.411440000000000250e-01
5.482150000000000079e-01 5.222539999999999960e-01 5.218639999999999946e-01 5.597400000000000153e-01 5.730969999999999676e-01 6.754019999999999468e-01 5.139169999999999572e-01 6.799490000000000256e-01
7.119550000000000045e-01 5.180129999999999457e-01 5.711359999999999770e-01 6.905189999999999939e-01 5.264689999999999648e-01 5.355849999999999778e-01 6.279719999999999747e-01 5.833700000000000552e-01
6.496729999999999450e-01 5.865890000000000271e-01 7.097029999999999728e-01 5.222580000000000000e-01 5.511209999999999720e-01 6.268489999999999895e-01 5.083419999999999606e-01 5.235680000000000334e-01
5.994209999999999816e-01 6.192090000000000094e-01 5.696160000000000112e-01 5.172090000000000298e-01 5.119340000000000002e-01 6.575860000000000039e-01 5.929489999999999483e-01 6.847820000000000018e-01
6.242910000000000403e-01 5.763700000000000490e-01 5.185800000000000409e-01 5.469270000000000520e-01 5.925669999999999549e-01 6.407580000000000497e-01 5.453249999999999487e-01 6.788049999999999917e-01
5.039630000000000498e-01 6.373309999999999809e-01 6.596049999999999969e-01 6.041530000000000511e-01 6.523889999999999967e-01 5.585489999999999622e-01 5.829220000000000512e-01 6.740070000000000228e-01
5.363289999999999447e-01 5.153699999999999948e-01 5.117190000000000349e-01 6.150609999999999689e-01 5.511150000000000215e-01 6.701679999999999859e-01 6.145760000000000112e-01 6.256190000000000362e-01
5.218859999999999610e-01 5.961899999999999977e-01 6.207270000000000287e-01 6.602230000000000043e-01 6.319810000000000150e-01 5.845869999999999678e-01 5.907299999999999773e-01 5.171649999999999858e-01
5.730199999999999738e-01 5.202980000000000382e-01 5.185319999999999929e-01 6.773209999999999509e-01 5.255579999999999696e-01 5.567579999999999751e-01 6.243929999999999758e-01 6.355929999999999636e-01
5.340279999999999472e-01 5.527619999999999756e-01 6.396659999999999568e-01 6.233100000000000307e-01 5.096840000000000259e-01 5.711789999999999923e-01 6.283239999999999936e-01 5.687670000000000226e-01
5.108700000000000463e-01 5.480469999999999509e-01 5.245339999999999447e-01 6.216340000000000199e-01 5.830440000000000067e-01 5.132179999999999520e-01 5.637050000000000116e-01 6.218219999999999859e-01
5.972340000000000426e-01 6.414119999999999822e-01 5.391920000000000046e-01 5.625069999999999792e-01 5.152600000000000513e-01 5.259540000000000326e-01 5.122640000000000526e-01 5.919649999999999634e-01
5.756059999999999510e-01 5.205100000000000282e-01 7.525779999999999692e-01 7.885689999999999644e-01 5.334799999999999542e-01 6.480700000000000349e-01 5.635139999999999594e-01 5.105250000000000066e-01
6.413410000000000499e-01 6.891150000000000331e-01 5.946059999999999679e-01 5.509530000000000260e-01 6.229700000000000237e-01 5.053480000000000194e-01 5.679450000000000331e-01 5.250740000000000407e-01
5.521880000000000122e-01 5.205880000000000507e-01 5.094980000000000064e-01 5.039400000000000546e-01 5.450350000000000472e-01 5.371660000000000323e-01 5.199249999999999705e-01 5.963509999999999645e-01
7.145489999999999897e-01 6.528549999999999631e-01 6.173530000000000406e-01 6.738039999999999585e-01 5.277549999999999741e-01 5.212219999999999631e-01 5.735240000000000338e-01 8.238440000000000207e-01
6.787999999999999590e-01 6.019320000000000226e-01 6.493060000000000498e-01 5.117359999999999687e-01 6.957830000000000403e-01 5.086330000000000018e-01 5.114809999999999635e-01 6.897429999999999950e-01
5.772410000000000041e-01 8.238410000000000455e-01 5.127960000000000296e-01 5.171700000000000186e-01 6.932519999999999794e-01 6.457479999999999887e-01 6.516990000000000283e-01 6.006820000000000492e-01
6.440069999999999961e-01 5.326269999999999616e-01 5.807620000000000005e-01 5.516999999999999682e-01 5.060099999999999598e-01 7.821540000000000159e-01 5.685189999999999966e-01 6.354710000000000081e-01
5.749900000000000011e-01 5.835690000000000044e-01 6.446809999999999485e-01 5.665900000000000380e-01 5.640650000000000386e-01 5.303660000000000041e-01 5.172330000000000538e-01 5.222069999999999768e-01
6.082389999999999741e-01 6.239919999999999911e-01 5.778459999999999708e-01 5.371169999999999556e-01 6.346770000000000467e-01 7.966259999999999453e-01 6.813590000000000479e-01 5.920579999999999732e-01
7.803700000000000081e-01 6.263020000000000254e-01 6.338880000000000070e-01 6.249689999999999968e-01 5.232219999999999649e-01 6.362700000000000022e-01 7.309039999999999981e-01 5.053199999999999914e-01
6.208270000000000177e-01 6.739570000000000283e-01 5.347760000000000291e-01 8.288919999999999622e-01 5.092759999999999510e-01 6.340069999999999872e-01 5.378270000000000550e-01 6.678990000000000204e-01
6.172429999999999861e-01 5.080550000000000344e-01 6.026270000000000238e-01 5.063349999999999795e-01 5.295570000000000555e-01 5.471240000000000547e-01 5.475400000000000267e-01 5.380390000000000450e-01
6.572099999999999609e-01 6.709570000000000256e-01 5.086199999999999610e-01 6.930790000000000006e-01 5.559199999999999697e-01 5.174480000000000190e-01 5.053879999999999484e-01 5.076079999999999481e-01
5.228030000000000177e-01 6.515910000000000313e-01 6.192309999999999759e-01 6.500169999999999559e-01 6.570859999999999479e-01 6.216829999999999856e-01 6.445109999999999451e-01 5.218920000000000226e-01
5.730319999999999858e-01 6.482860000000000289e-01 5.084849999999999648e-01 5.334950000000000525e-01 5.560169999999999835e-01 5.803779999999999495e-01 5.076450000000000129e-01 6.445039999999999658e-01
6.243710000000000093e-01 6.434779999999999944e-01 6.697070000000000523e-01 6.598300000000000276e-01 5.099320000000000519e-01 5.198739999999999473e-01 6.293889999999999763e-01 6.122060000000000279e-01
6.281010000000000204e-01 6.702660000000000284e-01 5.575229999999999908e-01 7.050229999999999553e-01 5.276009999999999867e-01 5.073530000000000539e-01 5.112609999999999655e-01 7.776750000000000052e-01
5.224680000000000435e-01 6.465600000000000236e-01 7.293889999999999540e-01 5.280120000000000369e-01 5.049949999999999717e-01 6.317089999999999650e-01 6.976529999999999676e-01 5.347030000000000394e-01
5.481650000000000134e-01 6.134380000000000388e-01 6.381269999999999998e-01 6.177120000000000388e-01 5.072769999999999779e-01 5.245309999999999695e-01 6.697889999999999677e-01 6.755050000000000221e-01
6.901699999999999502e-01 6.650850000000000373e-01 5.919140000000000512e-01 6.974900000000000544e-01 5.505679999999999463e-01 6.872329999999999828e-01 5.821929999999999605e-01 5.197310000000000541e-01
6.459700000000000442e-01 6.847529999999999450e-01 6.162039999999999740e-01 5.242219999999999658e-01 7.909249999999999892e-01 7.441119999999999957e-01 6.095340000000000202e-01 6.547079999999999567e-01
5.685400000000000453e-01 5.627299999999999525e-01 5.216669999999999918e-01 5.716029999999999722e-01 6.500160000000000382e-01 6.849279999999999813e-01 6.428209999999999757e-01 6.038459999999999939e-01
5.984059999999999935e-01 5.266920000000000490e-01 5.509089999999999820e-01 5.846400000000000485e-01 6.812730000000000175e-01 5.908330000000000526e-01 5.174710000000000143e-01 7.576199999999999601e-01
5.391249999999999654e-01 6.777879999999999461e-01 7.364490000000000203e-01 5.023440000000000127e-01 5.215359999999999996e-01 5.097500000000000364e-01 5.048010000000000552e-01 5.222639999999999505e-01
5.845110000000000028e-01 5.474520000000000497e-01 5.081799999999999651e-01 5.077359999999999651e-01 4.992969999999999908e-01 5.126829999999999998e-01 8.626859999999999529e-01 5.097059999999999924e-01
5.327720000000000233e-01 6.499460000000000237e-01 5.726820000000000244e-01 7.140159999999999840e-01 5.064490000000000380e-01 5.473649999999999904e-01 5.222170000000000423e-01 6.792510000000000492e-01
5.373440000000000438e-01 6.273630000000000040e-01 5.429920000000000302e-01 5.053680000000000394e-01 5.874470000000000525e-01 5.080249999999999488e-01 6.737009999999999943e-01 6.120849999999999902e-01
5.219650000000000123e-01 5.292409999999999615e-01 6.199729999999999963e-01 6.926700000000000079e-01 7.286669999999999536e-01 8.264500000000000179e-01 5.390260000000000051e-01 5.664569999999999883e-01
5.067700000000000538e-01 5.555649999999999755e-01 5.224760000000000515e-01 5.907550000000000301e-01 6.696609999999999507e-01 5.175419999999999465e-01 5.191019999999999524e-01 8.100779999999999648e-01
5.782770000000000410e-01 6.431719999999999660e-01 5.309310000000000418e-01 6.711540000000000283e-01 5.530340000000000256e-01 5.212219999999999631e-01 5.457049999999999956e-01 5.089329999999999687e-01
5.233550000000000146e-01 6.544269999999999810e-01 6.713419999999999943e-01 7.218710000000000404e-01 5.026270000000000460e-01 7.952580000000000204e-01 5.299110000000000209e-01 5.148730000000000251e-01
6.364750000000000130e-01 6.052119999999999722e-01 5.619049999999999878e-01 6.359799999999999898e-01 6.665339999999999598e-01 5.976510000000000433e-01 5.078909999999999814e-01 6.482639999999999514e-01
6.471639999999999615e-01 5.519800000000000262e-01 5.871480000000000032e-01 5.676710000000000367e-01 5.248329999999999940e-01 6.233499999999999597e-01 5.514980000000000437e-01 5.202219999999999622e-01
6.083380000000000454e-01 6.203689999999999483e-01 6.108000000000000096e-01 6.641740000000000421e-01 5.170289999999999608e-01 5.286549999999999860e-01 6.495729999999999560e-01 5.828499999999999792e-01
5.106460000000000443e-01 5.282240000000000268e-01 7.028889999999999860e-01 5.091059999999999475e-01 5.403520000000000545e-01 5.046730000000000382e-01 6.686830000000000274e-01 8.037840000000000540e-01
4.996680000000000010e-01 5.657950000000000479e-01 5.119299999999999962e-01 5.280059999999999754e-01 5.065169999999999950e-01 5.820410000000000306e-01 6.620300000000000074e-01 6.345070000000000432e-01
6.895580000000000043e-01 5.401340000000000030e-01 7.455079999999999485e-01 5.120559999999999556e-01 4.984359999999999902e-01 5.218909999999999938e-01 5.830459999999999532e-01 5.150369999999999671e-01
7.433340000000000503e-01 5.054450000000000331e-01 8.399879999999999569e-01 5.453449999999999687e-01 5.143189999999999706e-01 8.467179999999999707e-01 5.024060000000000192e-01 7.061770000000000547e-01
5.844719999999999915e-01 6.150790000000000424e-01 5.047679999999999945e-01 6.014369999999999994e-01 8.072989999999999888e-01 5.070919999999999872e-01 6.084000000000000519e-01 5.613120000000000331e-01
5.065429999999999655e-01 5.324179999999999469e-01 7.126780000000000337e-01 5.200489999999999835e-01 5.065469999999999695e-01 5.068500000000000227e-01 6.856889999999999930e-01 5.523860000000000436e-01
5.426079999999999792e-01 6.719279999999999697e-01 6.620909999999999851e-01 6.417439999999999811e-01 5.029810000000000114e-01 5.337739999999999707e-01 6.730679999999999996e-01 5.794089999999999518e-01
5.282980000000000453e-01 5.302170000000000494e-01 5.218519999999999825e-01 5.172799999999999621e-01 6.555140000000000411e-01 5.633970000000000367e-01 5.107949999999999990e-01 5.081599999999999451e-01
5.209150000000000169e-01 5.778729999999999700e-01 5.926700000000000301e-01 6.077620000000000244e-01 6.878600000000000270e-01 6.656229999999999647e-01 5.309589999999999588e-01 5.783169999999999700e-01
5.795529999999999848e-01 5.064650000000000540e-01 6.152530000000000499e-01 5.282909999999999551e-01 6.711749999999999661e-01 5.196669999999999900e-01 5.114809999999999635e-01 5.390409999999999924e-01
4.947090000000000098e-01 6.342539999999999845e-01 5.225610000000000532e-01 5.599340000000000428e-01 7.147099999999999564e-01 6.883960000000000079e-01 5.306250000000000133e-01 5.172020000000000506e-01
5.186880000000000379e-01 6.152499999999999636e-01 6.874190000000000023e-01 5.151989999999999625e-01 5.566680000000000517e-01 6.093089999999999895e-01 5.115809999999999524e-01 5.572179999999999911e-01
5.084870000000000223e-01 7.099879999999999525e-01 5.254900000000000126e-01 6.806130000000000235e-01 5.565360000000000307e-01 6.083429999999999671e-01 7.310210000000000319e-01 6.114469999999999628e-01
6.358669999999999600e-01 5.954840000000000133e-01 7.207540000000000058e-01 6.409960000000000102e-01 6.909859999999999891e-01 5.062900000000000178e-01 6.882869999999999822e-01 7.410050000000000248e-01
6.514060000000000406e-01 6.565260000000000540e-01 8.420250000000000234e-01 5.065469999999999695e-01 6.684780000000000166e-01 6.358160000000000478e-01 5.113999999999999657e-01 6.725780000000000092e-01
7.830899999999999528e-01 5.787970000000000059e-01 5.025979999999999892e-01 8.357170000000000432e-01 5.170179999999999776e-01 6.386100000000000110e-01 6.891509999999999581e-01 7.655980000000000008e-01
5.904810000000000336e-01 4.990780000000000216e-01 5.156910000000000105e-01 5.161219999999999697e-01 6.486769999999999481e-01 6.849680000000000213e-01 7.570170000000000510e-01 5.198519999999999808e-01
5.181149999999999922e-01 6.328200000000000491e-01 5.072710000000000274e-01 6.702160000000000339e-01 6.922479999999999745e-01 7.225049999999999528e-01 8.330429999999999779e-01 5.049900000000000500e-01
4.962980000000000169e-01 7.664100000000000357e-01 5.262630000000000363e-01 5.704540000000000166e-01 6.600430000000000463e-01 6.765280000000000182e-01 5.086270000000000513e-01 5.082780000000000076e-01
7.078790000000000360e-01 5.352019999999999555e-01 5.755919999999999925e-01 5.182179999999999565e-01 5.294799999999999507e-01 8.282169999999999810e-01 5.083429999999999893e-01 5.349690000000000278e-01
5.271000000000000130e-01 5.108559999999999768e-01 6.518310000000000493e-01 6.046390000000000375e-01 5.110540000000000083e-01 7.151189999999999491e-01 5.377250000000000085e-01 7.060020000000000184e-01
6.465919999999999446e-01 6.927699999999999969e-01 7.145949999999999802e-01 6.299120000000000275e-01 7.417340000000000044e-01 6.534510000000000041e-01 5.453329999999999567e-01 7.756690000000000529e-01
6.875280000000000280e-01 5.191869999999999541e-01 5.987630000000000452e-01 7.004449999999999843e-01 6.833569999999999922e-01 7.791979999999999462e-01 5.013079999999999758e-01 5.663890000000000313e-01
6.494039999999999813e-01 6.536809999999999565e-01 6.993810000000000304e-01 6.981990000000000141e-01 4.993509999999999893e-01 6.259949999999999681e-01 5.871159999999999712e-01 5.650629999999999820e-01
5.522399999999999531e-01 5.117509999999999559e-01 5.080379999999999896e-01 5.169010000000000549e-01 5.500030000000000197e-01 6.997120000000000006e-01 5.270789999999999642e-01 7.113049999999999651e-01
7.167519999999999447e-01 6.770969999999999489e-01 8.203930000000000389e-01 6.390500000000000069e-01 6.069020000000000525e-01 5.500310000000000477e-01 7.336709999999999621e-01 5.671819999999999640e-01
7.150649999999999507e-01 8.258029999999999538e-01 6.671249999999999680e-01 5.301249999999999574e-01 7.605169999999999986e-01 5.144729999999999581e-01 7.096430000000000238e-01 5.576090000000000213e-01
7.532149999999999679e-01 5.631209999999999827e-01 6.955510000000000304e-01 6.080240000000000089e-01 5.075809999999999489e-01 6.294920000000000515e-01 5.191599999999999548e-01 4.974100000000000188e-01
6.927240000000000064e-01 5.299739999999999451e-01 5.260420000000000096e-01 5.093029999999999502e-01 8.101779999999999538e-01 5.339990000000000014e-01 5.533709999999999463e-01 6.377969999999999473e-01
5.650880000000000347e-01 5.141769999999999952e-01 7.410679999999999490e-01 6.636579999999999702e-01 6.312149999999999705e-01 5.146589999999999776e-01 5.784820000000000517e-01 8.219790000000000152e-01
6.538300000000000223e-01 5.053189999999999626e-01 6.274480000000000057e-01 4.983469999999999844e-01 5.327490000000000281e-01 5.424029999999999685e-01 5.607259999999999467e-01 8.411680000000000268e-01
6.656039999999999734e-01 7.366970000000000462e-01 7.474220000000000308e-01 5.007930000000000437e-01 7.351499999999999702e-01 6.010269999999999779e-01 6.936210000000000431e-01 6.773810000000000109e-01
5.009839999999999849e-01 6.451580000000000092e-01 5.267990000000000173e-01 7.316629999999999523e-01 4.968310000000000226e-01 5.272670000000000412e-01 5.056070000000000286e-01 5.178690000000000238e-01
5.490369999999999973e-01 5.444050000000000278e-01 7.470189999999999886e-01 7.298529999999999740e-01 7.410930000000000017e-01 8.304840000000000000e-01 5.253900000000000237e-01 5.091130000000000377e-01
7.043730000000000269e-01 7.435629999999999740e-01 5.131769999999999943e-01 7.172159999999999647e-01 5.124339999999999451e-01 5.664540000000000131e-01 7.067149999999999821e-01 7.148729999999999807e-01
5.519500000000000517e-01 8.311619999999999564e-01 6.150799999999999601e-01 6.885259999999999714e-01 6.683200000000000252e-01 6.535980000000000123e-01 5.040799999999999725e-01 7.042599999999999971e-01
5.313250000000000473e-01 5.248000000000000442e-01 5.356269999999999643e-01 5.048070000000000057e-01 5.961260000000000447e-01 5.844240000000000546e-01 4.979899999999999882e-01 7.155679999999999819e-01
5.158770000000000300e-01 5.052649999999999642e-01 6.854729999999999990e-01 4.995310000000000028e-01 6.649540000000000450e-01 5.234379999999999589e-01 6.508180000000000076e-01 5.132839999999999625e-01
5.717839999999999590e-01 8.256470000000000198e-01 5.050369999999999582e-01 7.748310000000000475e-01 7.095740000000000380e-01 5.059559999999999613e-01 6.946639999999999482e-01 6.175169999999999826e-01
8.048720000000000319e-01 6.181929999999999925e-01 5.451019999999999754e-01 6.303860000000000019e-01 5.140940000000000509e-01 7.631569999999999743e-01 5.003680000000000350e-01 6.354330000000000256e-01
5.180090000000000527e-01 6.388789999999999747e-01 6.908309999999999729e-01 6.771080000000000432e-01 5.079399999999999471e-01 8.398360000000000269e-01 5.369110000000000271e-01 5.112109999999999710e-01
5.036040000000000516e-01 6.079059999999999464e-01 5.068000000000000282e-01 7.587329999999999908e-01 6.615520000000000289e-01 6.558359999999999745e-01 7.340379999999999683e-01 5.056819999999999649e-01
7.511989999999999501e-01 5.952309999999999546e-01 6.560559999999999725e-01 6.749760000000000204e-01 5.029529999999999834e-01 5.052969999999999962e-01 5.115579999999999572e-01 4.987440000000000206e-01
6.671939999999999538e-01 5.152280000000000193e-01 5.775470000000000326e-01 5.702920000000000211e-01 7.440999999999999837e-01 6.855780000000000207e-01 6.882610000000000117e-01 4.957579999999999765e-01
7.542379999999999640e-01 5.717940000000000245e-01 5.118489999999999984e-01 6.974679999999999769e-01 6.592869999999999564e-01 6.643390000000000128e-01 5.689640000000000253e-01 8.612279999999999935e-01
8.319100000000000383e-01 6.772540000000000227e-01 5.222259999999999680e-01 6.637440000000000007e-01 7.057029999999999692e-01 6.791960000000000219e-01 6.427789999999999893e-01 5.458739999999999704e-01
5.666790000000000438e-01 6.217970000000000441e-01 5.502380000000000049e-01 6.967189999999999772e-01 5.191489999999999716e-01 6.393309999999999826e-01 6.867370000000000418e-01 6.907830000000000359e-01
7.734440000000000204e-01 5.089890000000000247e-01 5.748870000000000369e-01 5.162940000000000307e-01 5.040769999999999973e-01 4.976559999999999873e-01 6.808929999999999705e-01 7.825410000000000421e-01
7.102140000000000120e-01 5.152780000000000138e-01 7.008130000000000193e-01 5.223109999999999697e-01 5.676539999999999919e-01 8.412560000000000038e-01 7.570419999999999927e-01 7.025780000000000358e-01
6.835630000000000317e-01 5.080259999999999776e-01 6.672749999999999515e-01 4.939540000000000042e-01 6.694440000000000390e-01 7.306439999999999602e-01 7.551480000000000414e-01 5.785879999999999912e-01
4.973299999999999943e-01 6.447749999999999870e-01 6.926339999999999719e-01 8.353869999999999907e-01 5.026770000000000405e-01 5.245640000000000303e-01 6.793580000000000174e-01 5.823150000000000270e-01
7.057590000000000252e-01 6.142320000000000002e-01 5.009130000000000527e-01 5.066439999999999833e-01 6.397289999999999921e-01 8.064470000000000249e-01 6.849840000000000373e-01 7.128700000000000037e-01
7.397310000000000274e-01 6.823700000000000321e-01 5.512989999999999835e-01 5.358680000000000110e-01 5.243320000000000203e-01 5.048650000000000082e-01 7.494619999999999616e-01 5.323630000000000306e-01
6.078599999999999559e-01 4.982130000000000170e-01 5.039240000000000386e-01 7.948939999999999895e-01 5.625449999999999617e-01 8.449759999999999494e-01 7.329649999999999777e-01 8.151950000000000029e-01
5.345429999999999904e-01 5.991649999999999476e-01 7.739399999999999613e-01 5.165960000000000552e-01 5.919780000000000042e-01 5.469410000000000105e-01 7.360959999999999726e-01 6.737919999999999465e-01
8.588740000000000263e-01 8.041620000000000434e-01 5.361930000000000307e-01 5.252130000000000409e-01 8.208790000000000253e-01 5.018799999999999928e-01 7.449249999999999483e-01 5.011259999999999604e-01
4.963870000000000227e-01 5.148409999999999931e-01 7.335840000000000138e-01 5.296039999999999637e-01 6.963179999999999925e-01 7.179140000000000521e-01 7.273060000000000080e-01 6.504119999999999902e-01
7.855830000000000313e-01 7.730169999999999542e-01 7.821090000000000542e-01 6.155559999999999921e-01 7.781590000000000451e-01 5.117789999999999839e-01 5.889560000000000350e-01 5.142870000000000497e-01
7.022589999999999666e-01 7.891099999999999781e-01 6.464429999999999898e-01 7.322809999999999597e-01 7.353910000000000169e-01 5.174830000000000263e-01 7.597110000000000252e-01 5.251590000000000424e-01
7.929439999999999822e-01 7.783539999999999903e-01 5.722589999999999621e-01 7.331469999999999931e-01 5.426339999999999497e-01 7.397860000000000547e-01 7.043289999999999829e-01 5.647069999999999590e-01
7.262819999999999832e-01 6.034129999999999772e-01 6.985519999999999508e-01 6.655280000000000085e-01 7.062490000000000157e-01 7.344589999999999730e-01 8.315630000000000521e-01 8.358389999999999986e-01
7.039239999999999942e-01 7.201509999999999856e-01 6.515520000000000200e-01 7.948730000000000517e-01 7.696570000000000356e-01 5.043180000000000440e-01 5.013009999999999966e-01 7.259299999999999642e-01
5.155349999999999655e-01 7.331590000000000051e-01 5.147540000000000449e-01 5.196030000000000371e-01 5.349620000000000486e-01 5.239859999999999518e-01 5.674289999999999612e-01 8.529579999999999940e-01
6.871439999999999770e-01 7.115380000000000038e-01 5.222280000000000255e-01 5.554919999999999858e-01 7.297059999999999658e-01 7.359630000000000338e-01 6.132450000000000401e-01 7.614389999999999770e-01
7.777260000000000284e-01 5.404010000000000202e-01 5.850049999999999972e-01 6.307679999999999954e-01 7.961369999999999836e-01 7.673189999999999733e-01 7.888819999999999721e-01 5.849699999999999900e-01
5.372050000000000436e-01 6.050250000000000350e-01 4.931050000000000155e-01 6.801669999999999661e-01 7.763780000000000125e-01 8.515939999999999621e-01 6.548979999999999801e-01 7.333190000000000541e-01
5.413670000000000426e-01 7.334950000000000081e-01 5.423810000000000020e-01 5.747499999999999831e-01 7.723560000000000425e-01 6.747260000000000479e-01 7.913799999999999724e-01 7.266399999999999526e-01
6.990669999999999940e-01 6.147610000000000019e-01 5.842359999999999776e-01 6.229900000000000437e-01 5.154830000000000245e-01 5.276100000000000234e-01 5.549809999999999466e-01 7.624760000000000426e-01
6.865499999999999936e-01 7.410560000000000480e-01 5.094229999999999592e-01 5.305149999999999588e-01 7.011840000000000295e-01 6.382139999999999480e-01 8.460729999999999640e-01 7.173230000000000439e-01
5.550730000000000386e-01 7.510689999999999866e-01 7.439710000000000489e-01 5.293499999999999872e-01 5.061130000000000351e-01 5.004370000000000207e-01 5.138120000000000465e-01 5.508239999999999803e-01
7.676870000000000083e-01 6.971969999999999557e-01 7.736560000000000104e-01 5.121029999999999749e-01 4.975260000000000238e-01 5.196279999999999788e-01 7.113859999999999628e-01 6.813740000000000352e-01
8.428689999999999793e-01 7.630059999999999620e-01 6.849189999999999445e-01 8.457270000000000065e-01 6.036099999999999799e-01 5.515989999999999505e-01 5.341200000000000392e-01 7.583609999999999518e-01
7.897319999999999895e-01 5.266420000000000545e-01 5.570150000000000379e-01 5.188700000000000534e-01 5.115159999999999707e-01 5.611610000000000209e-01 7.943750000000000533e-01 5.923979999999999801e-01
5.032600000000000406e-01 7.323380000000000445e-01 5.098549999999999471e-01 7.211309999999999665e-01 7.591809999999999947e-01 8.220849999999999547e-01 6.422639999999999461e-01 6.487659999999999538e-01
7.909530000000000172e-01 6.908469999999999889e-01 5.776120000000000143e-01 8.528679999999999595e-01 5.359319999999999640e-01 5.417229999999999546e-01 7.819479999999999764e-01 7.808190000000000408e-01
7.609299999999999953e-01 5.984450000000000047e-01 7.967410000000000325e-01 7.240010000000000057e-01 5.607149999999999634e-01 7.190309999999999757e-01 5.123189999999999689e-01 6.648960000000000425e-01
7.384319999999999773e-01 6.612890000000000157e-01 7.934379999999999766e-01 6.620789999999999731e-01 7.629050000000000553e-01 7.665349999999999664e-01 6.712580000000000213e-01 7.683370000000000477e-01
5.070059999999999567e-01 5.354619999999999935e-01 5.341900000000000537e-01 6.995059999999999611e-01 5.078920000000000101e-01 6.168789999999999552e-01 5.727579999999999893e-01 6.051530000000000520e-01
8.317759999999999598e-01 5.351359999999999451e-01 7.072650000000000325e-01 4.940620000000000012e-01 5.451880000000000059e-01 5.264349999999999863e-01 7.434509999999999730e-01 5.330420000000000158e-01
7.814729999999999732e-01 7.648049999999999571e-01 5.027479999999999727e-01 5.319199999999999484e-01 6.089200000000000168e-01 7.726439999999999975e-01 7.744929999999999870e-01 8.519449999999999523e-01
7.838690000000000380e-01 6.096190000000000220e-01 7.510879999999999779e-01 6.299439999999999484e-01 4.988440000000000096e-01 6.259609999999999896e-01 7.158229999999999871e-01 7.978600000000000136e-01
8.502760000000000318e-01 5.394860000000000211e-01 7.898460000000000480e-01 5.450580000000000425e-01 8.185679999999999623e-01 7.394549999999999734e-01 7.819720000000000004e-01 5.058319999999999483e-01
7.021810000000000551e-01 6.026209999999999622e-01 7.955710000000000282e-01 6.021320000000000006e-01 8.598080000000000167e-01 7.820380000000000109e-01 5.098960000000000159e-01 5.999809999999999865e-01
5.480190000000000339e-01 7.810939999999999550e-01 5.236650000000000471e-01 6.376479999999999926e-01 5.064870000000000205e-01 8.259570000000000523e-01 7.090170000000000083e-01 5.120369999999999644e-01
8.537369999999999681e-01 5.216340000000000421e-01 7.244950000000000001e-01 7.643769999999999731e-01 5.973840000000000261e-01 6.833169999999999522e-01 6.611920000000000019e-01 7.789760000000000018e-01
5.168220000000000036e-01 5.928090000000000304e-01 6.334980000000000055e-01 7.213540000000000507e-01 6.469939999999999580e-01 7.079680000000000417e-01 5.586670000000000247e-01 5.174809999999999688e-01
5.193529999999999536e-01 4.907949999999999813e-01 7.156420000000000003e-01 4.968690000000000051e-01 6.650420000000000220e-01 5.880030000000000534e-01 6.375560000000000116e-01 8.526249999999999662e-01
4.931590000000000140e-01 7.280370000000000452e-01 7.579550000000000454e-01 7.204359999999999653e-01 6.178409999999999735e-01 6.770479999999999832e-01 8.635249999999999870e-01 8.564349999999999463e-01
7.804370000000000474e-01 6.441210000000000546e-01 7.539080000000000226e-01 5.652430000000000510e-01 6.381580000000000030e-01 7.737100000000000088e-01 7.746210000000000040e-01 7.686859999999999804e-01
5.067390000000000505e-01 5.239110000000000156e-01 5.226150000000000517e-01 8.552840000000000442e-01 6.564370000000000482e-01 6.758880000000000443e-01 4.969410000000000216e-01 7.490590000000000304e-01
7.776849999999999596e-01 7.708460000000000312e-01 5.192440000000000389e-01 7.493339999999999446e-01 8.023050000000000459e-01 5.304410000000000514e-01 7.969580000000000553e-01 7.650730000000000031e-01
6.321440000000000392e-01 8.019969999999999599e-01 7.837420000000000497e-01 7.048240000000000061e-01 5.458749999999999991e-01 5.589060000000000139e-01 8.017900000000000027e-01 6.991939999999999822e-01
7.103270000000000417e-01 7.754269999999999774e-01 6.108379999999999921e-01 6.782049999999999468e-01 7.115179999999999838e-01 7.695769999999999555e-01 5.389070000000000249e-01 5.649899999999999922e-01
7.222169999999999979e-01 7.913989999999999636e-01 5.415980000000000238e-01 7.839960000000000262e-01 5.041320000000000245e-01 5.026059999999999972e-01 7.078140000000000542e-01 8.557219999999999827e-01
8.311460000000000514e-01 6.490949999999999775e-01 7.503400000000000070e-01 7.363520000000000065e-01 5.157150000000000345e-01 6.200029999999999708e-01 7.659610000000000030e-01 7.531700000000000061e-01
5.241559999999999553e-01 6.712230000000000141e-01 7.182579999999999520e-01 5.689300000000000468e-01 7.658099999999999907e-01 5.568370000000000264e-01 6.081469999999999931e-01 7.646669999999999856e-01
5.386579999999999702e-01 6.594440000000000301e-01 8.096039999999999903e-01 8.632469999999999866e-01 6.290310000000000068e-01 7.788850000000000495e-01 4.957340000000000080e-01 5.642719999999999958e-01
8.028060000000000196e-01 4.980930000000000080e-01 6.012170000000000014e-01 5.104840000000000488e-01 6.010010000000000074e-01 6.733540000000000081e-01 7.911160000000000414e-01 7.701999999999999957e-01
6.173589999999999911e-01 5.634419999999999984e-01 6.115519999999999845e-01 5.900729999999999587e-01 8.040380000000000305e-01 7.952799999999999869e-01 8.163789999999999658e-01 6.639199999999999546e-01
4.958480000000000110e-01 5.031170000000000364e-01 7.811630000000000518e-01 8.218889999999999807e-01 7.938129999999999908e-01 5.080310000000000104e-01 8.653819999999999846e-01 5.594299999999999828e-01
8.378330000000000499e-01 5.861250000000000071e-01 7.942970000000000308e-01 8.621720000000000494e-01 7.922409999999999730e-01 5.534580000000000055e-01 7.366200000000000525e-01 7.604109999999999481e-01
6.973660000000000414e-01 8.084440000000000515e-01 6.039470000000000116e-01 7.371640000000000414e-01 5.206269999999999509e-01 5.707339999999999636e-01 7.712200000000000166e-01 8.013529999999999820e-01
5.508990000000000276e-01 5.993129999999999846e-01 4.980820000000000247e-01 8.630539999999999878e-01 8.006170000000000231e-01 8.329360000000000097e-01 8.703920000000000545e-01 8.079079999999999595e-01
5.296669999999999989e-01 5.175699999999999745e-01 6.113819999999999810e-01 5.159979999999999567e-01 6.039139999999999509e-01 7.754029999999999534e-01 7.418289999999999607e-01 7.978690000000000504e-01
5.089310000000000223e-01 5.197739999999999583e-01 6.606239999999999890e-01 7.275749999999999718e-01 8.621619999999999839e-01 7.265819999999999501e-01 8.656249999999999778e-01 5.183799999999999519e-01
4.849519999999999942e-01 8.684169999999999945e-01 7.480259999999999687e-01 6.411339999999999817e-01 6.984810000000000185e-01 6.161769999999999747e-01 7.324150000000000382e-01 5.003090000000000037e-01
8.077710000000000168e-01 7.311710000000000154e-01 7.611480000000000468e-01 8.166889999999999983e-01 4.896309999999999829e-01 7.777049999999999796e-01 8.093500000000000139e-01 6.209360000000000435e-01
4.845260000000000122e-01 8.572589999999999932e-01 8.326400000000000468e-01 6.090590000000000170e-01 5.602960000000000163e-01 8.054369999999999585e-01 8.653049999999999908e-01 5.036819999999999631e-01
7.965630000000000210e-01 7.646150000000000446e-01 5.445799999999999530e-01 6.365389999999999660e-01 5.543289999999999607e-01 8.623760000000000314e-01 8.692900000000000071e-01 5.084769999999999568e-01
7.728439999999999754e-01 6.021250000000000213e-01 5.485020000000000451e-01 7.389569999999999750e-01 7.883529999999999704e-01 5.657750000000000279e-01 5.813450000000000006e-01 5.725489999999999746e-01
8.168189999999999618e-01 7.787929999999999575e-01 7.431720000000000548e-01 8.817519999999999802e-01 8.116520000000000401e-01 7.097740000000000160e-01 8.127010000000000067e-01 6.341470000000000162e-01
5.534550000000000303e-01 6.115239999999999565e-01 5.777539999999999898e-01 5.105709999999999971e-01 8.634819999999999718e-01 5.662390000000000478e-01 4.962659999999999849e-01 7.754069999999999574e-01
5.245349999999999735e-01 7.381379999999999608e-01 8.742790000000000283e-01 7.877669999999999950e-01 5.790239999999999831e-01 5.609950000000000214e-01 5.695980000000000487e-01 7.414450000000000207e-01
5.048939999999999539e-01 7.718509999999999538e-01 8.187780000000000058e-01 6.206279999999999575e-01 6.294750000000000068e-01 7.356139999999999901e-01 8.157330000000000414e-01 4.937659999999999827e-01
5.585320000000000285e-01 6.113699999999999690e-01 6.735219999999999541e-01 5.168810000000000349e-01 7.776739999999999764e-01 7.936410000000000409e-01 5.428319999999999812e-01 8.201190000000000424e-01
7.917739999999999778e-01 5.300979999999999581e-01 6.465119999999999756e-01 4.935280000000000222e-01 7.699719999999999898e-01 6.454159999999999897e-01 5.439380000000000326e-01 5.306849999999999623e-01
5.522439999999999571e-01 7.007400000000000295e-01 6.458660000000000512e-01 8.070209999999999884e-01 8.198879999999999502e-01 7.110910000000000286e-01 7.779040000000000399e-01 5.965979999999999617e-01
7.679510000000000502e-01 5.162949999999999484e-01 5.571099999999999941e-01 7.428700000000000303e-01 7.062289999999999957e-01 6.066719999999999891e-01 7.630620000000000180e-01 7.494849999999999568e-01
4.937400000000000122e-01 7.599209999999999576e-01 7.493539999999999646e-01 4.862449999999999828e-01 7.409339999999999815e-01 6.637239999999999807e-01 7.671430000000000193e-01 6.989959999999999507e-01
6.466210000000000013e-01 4.964649999999999896e-01 8.188809999999999700e-01 7.679979999999999585e-01 8.047809999999999686e-01 5.316450000000000342e-01 7.682649999999999757e-01 5.924970000000000514e-01
7.869150000000000311e-01 5.501580000000000359e-01 7.001180000000000181e-01 8.762689999999999646e-01 5.839820000000000011e-01 6.339580000000000215e-01 7.994329999999999492e-01 5.319319999999999604e-01
5.618889999999999718e-01 4.922159999999999869e-01 5.224499999999999700e-01 7.143899999999999695e-01 5.483080000000000176e-01 5.540030000000000232e-01 8.206160000000000121e-01 8.086659999999999959e-01
6.720890000000000475e-01 6.548779999999999601e-01 5.506680000000000463e-01 8.149699999999999722e-01 7.359670000000000378e-01 5.437689999999999468e-01 8.843969999999999887e-01 7.466829999999999856e-01
8.134369999999999656e-01 6.275690000000000435e-01 6.266819999999999613e-01 7.477439999999999642e-01 4.915200000000000125e-01 5.104130000000000056e-01 6.785539999999999905e-01 8.014999999999999902e-01
6.478990000000000027e-01 5.060090000000000421e-01 8.233669999999999600e-01 7.943489999999999718e-01 8.324030000000000040e-01 7.786349999999999660e-01 7.240689999999999626e-01 6.042490000000000361e-01
7.989960000000000395e-01 8.172019999999999840e-01 5.275699999999999834e-01 8.138760000000000439e-01 6.214589999999999836e-01 5.616619999999999946e-01 7.897420000000000551e-01 4.920849999999999946e-01
6.349970000000000336e-01 5.057049999999999601e-01 7.691069999999999851e-01 7.997999999999999554e-01 5.888799999999999590e-01 7.606610000000000316e-01 6.332370000000000498e-01 8.387259999999999716e-01
8.790200000000000236e-01 8.752769999999999717e-01 7.925269999999999815e-01 8.443019999999999969e-01 6.852690000000000170e-01 6.106749999999999678e-01 5.475710000000000299e-01 8.786929999999999463e-01
6.459089999999999554e-01 7.847769999999999468e-01 5.084689999999999488e-01 6.835470000000000157e-01 7.846729999999999539e-01 5.876010000000000399e-01 5.057220000000000049e-01 5.082910000000000483e-01
5.098279999999999479e-01 8.707880000000000065e-01 8.105700000000000127e-01 7.993219999999999770e-01 6.014819999999999611e-01 5.846519999999999495e-01 5.569070000000000409e-01 8.135329999999999506e-01
5.602960000000000163e-01 8.306810000000000027e-01 8.769909999999999650e-01 6.043619999999999548e-01 8.694209999999999994e-01 4.936400000000000232e-01 5.855139999999999789e-01 7.932470000000000354e-01
5.076070000000000304e-01 8.033550000000000413e-01 7.822770000000000001e-01 5.363499999999999934e-01 6.075239999999999529e-01 5.607370000000000410e-01 7.689829999999999721e-01 6.537030000000000340e-01
6.884930000000000216e-01 8.072070000000000078e-01 7.968380000000000463e-01 4.905419999999999781e-01 8.250889999999999613e-01 7.869469999999999521e-01 8.238969999999999905e-01 7.971479999999999677e-01
5.101580000000000004e-01 5.107909999999999950e-01 7.977589999999999959e-01 8.509179999999999522e-01 8.177339999999999609e-01 7.774140000000000494e-01 5.438319999999999821e-01 7.616169999999999884e-01
6.395710000000000006e-01 6.667640000000000233e-01 7.954269999999999952e-01 8.240929999999999644e-01 6.522270000000000012e-01 5.578480000000000105e-01 8.000800000000000134e-01 6.169270000000000032e-01
6.603280000000000260e-01 5.537389999999999812e-01 6.669000000000000483e-01 8.052899999999999503e-01 8.793119999999999825e-01 4.865320000000000200e-01 7.797619999999999552e-01 5.032450000000000534e-01
5.321460000000000079e-01 7.848640000000000061e-01 5.229430000000000467e-01 8.135040000000000049e-01 8.038560000000000150e-01 5.702300000000000146e-01 8.303190000000000293e-01 7.450210000000000443e-01
6.894099999999999673e-01 5.352890000000000148e-01 8.293310000000000404e-01 8.214939999999999465e-01 7.092009999999999703e-01 7.796389999999999709e-01 8.265080000000000204e-01 8.252089999999999703e-01
6.929530000000000411e-01 8.185559999999999503e-01 8.032909999999999773e-01 8.143829999999999680e-01 6.118270000000000097e-01 5.848229999999999817e-01 8.020810000000000439e-01 8.432020000000000071e-01
6.330519999999999481e-01 8.389400000000000190e-01 8.338839999999999586e-01 7.412900000000000045e-01 7.601750000000000451e-01 5.008080000000000309e-01 6.659840000000000204e-01 5.772559999999999913e-01
7.791529999999999845e-01 6.334640000000000271e-01 7.889230000000000409e-01 8.201000000000000512e-01 7.318400000000000460e-01 4.963529999999999887e-01 5.480890000000000484e-01 8.530159999999999965e-01
7.737610000000000321e-01 4.978630000000000000e-01 7.827830000000000066e-01 5.288329999999999975e-01 6.761310000000000375e-01 8.046189999999999731e-01 8.278469999999999995e-01 6.320390000000000175e-01
8.198229999999999684e-01 7.752059999999999507e-01 7.534920000000000506e-01 8.175130000000000452e-01 6.170299999999999674e-01 8.026450000000000529e-01 4.939890000000000114e-01 8.464469999999999494e-01
7.469329999999999581e-01 8.834809999999999608e-01 6.536030000000000451e-01 7.466880000000000184e-01 6.190710000000000379e-01 8.582319999999999949e-01 7.896779999999999911e-01 6.832920000000000105e-01
7.939680000000000071e-01 8.398510000000000142e-01 7.650059999999999638e-01 8.541410000000000391e-01 7.190480000000000205e-01 7.745339999999999447e-01 7.997539999999999649e-01 7.222709999999999964e-01
8.017900000000000027e-01 6.264969999999999706e-01 8.839979999999999505e-01 5.897750000000000492e-01 5.177850000000000508e-01 8.052690000000000126e-01 5.213229999999999809e-01 5.934390000000000498e-01
8.528189999999999937e-01 7.793269999999999920e-01 6.005779999999999452e-01 8.235820000000000363e-01 6.518890000000000517e-01 8.309389999999999832e-01 7.689970000000000416e-01 4.948560000000000181e-01
5.263879999999999670e-01 7.127130000000000409e-01 6.598969999999999558e-01 6.004209999999999825e-01 7.285559999999999814e-01 7.990460000000000340e-01 6.095629999999999660e-01 7.846149999999999514e-01
8.852900000000000214e-01 6.517849999999999477e-01 6.849889999999999590e-01 8.150089999999999835e-01 8.245419999999999972e-01 6.759730000000000461e-01 7.971789999999999710e-01 6.115209999999999813e-01
5.048510000000000497e-01 6.880859999999999754e-01 7.823050000000000281e-01 8.536920000000000064e-01 7.240569999999999506e-01 8.490609999999999546e-01 8.332690000000000374e-01 7.040999999999999481e-01
5.014870000000000161e-01 5.301590000000000469e-01 8.304489999999999927e-01 6.396070000000000366e-01 6.116099999999999870e-01 5.090080000000000160e-01 5.012219999999999454e-01 5.349439999999999751e-01
8.019880000000000342e-01 8.827930000000000499e-01 6.007130000000000525e-01 8.092470000000000496e-01 6.905339999999999812e-01 6.986729999999999885e-01 8.129380000000000495e-01 7.387510000000000465e-01
8.116120000000000001e-01 7.351560000000000317e-01 5.613909999999999734e-01 8.490140000000000464e-01 5.575980000000000381e-01 8.135210000000000496e-01 8.110180000000000167e-01 8.285059999999999647e-01
8.331439999999999957e-01 6.040839999999999543e-01 8.807909999999999906e-01 5.544019999999999504e-01 7.268219999999999681e-01 7.462189999999999657e-01 8.838470000000000493e-01 8.872229999999999839e-01
8.018750000000000044e-01 7.093120000000000536e-01 8.169490000000000363e-01 8.263070000000000137e-01 8.134730000000000016e-01 8.490879999999999539e-01 7.936320000000000041e-01 7.950789999999999802e-01
7.748469999999999525e-01 8.562570000000000459e-01 6.124290000000000012e-01 5.729899999999999993e-01 8.338459999999999761e-01 5.009569999999999856e-01 8.370990000000000375e-01 8.057790000000000230e-01
7.695020000000000193e-01 6.536769999999999525e-01 7.896969999999999823e-01 8.265479999999999494e-01 8.353859999999999619e-01 6.526039999999999619e-01 5.514630000000000365e-01 6.840100000000000069e-01
5.495200000000000085e-01 7.314070000000000293e-01 7.455070000000000308e-01 7.413100000000000245e-01 7.997459999999999569e-01 8.302500000000000435e-01 8.253179999999999961e-01 5.065779999999999728e-01
8.166160000000000085e-01 5.859020000000000339e-01 4.994049999999999878e-01 5.527250000000000218e-01 6.719870000000000010e-01 8.936399999999999899e-01 5.028420000000000112e-01 8.382910000000000084e-01
7.168700000000000072e-01 6.031509999999999927e-01 7.236909999999999732e-01 8.511090000000000044e-01 8.944990000000000441e-01 5.036909999999999998e-01 7.512529999999999486e-01 7.521250000000000435e-01
4.960769999999999902e-01 8.332659999999999512e-01 8.422619999999999552e-01 7.477270000000000305e-01 8.165790000000000548e-01 8.958629999999999649e-01 5.037599999999999856e-01 6.550850000000000284e-01
8.939709999999999601e-01 5.262890000000000068e-01 6.970629999999999882e-01 8.030119999999999481e-01 8.897599999999999953e-01 7.388099999999999667e-01 7.573389999999999844e-01 8.931989999999999652e-01
6.578490000000000171e-01 8.294979999999999576e-01 8.093970000000000331e-01 8.234829999999999650e-01 8.252080000000000526e-01 8.200990000000000224e-01 8.331880000000000397e-01 7.998239999999999794e-01
7.276660000000000350e-01 7.638319999999999554e-01 6.605419999999999625e-01 7.873179999999999623e-01 6.543900000000000272e-01 7.539190000000000058e-01 7.792649999999999855e-01 8.157290000000000374e-01
7.549160000000000315e-01 6.698359999999999870e-01 6.773390000000000244e-01 5.951959999999999473e-01 5.226720000000000255e-01 7.965079999999999938e-01 7.198630000000000306e-01 7.997910000000000297e-01
8.522690000000000543e-01 7.335040000000000449e-01 8.425529999999999964e-01 8.707960000000000145e-01 8.364859999999999518e-01 6.627779999999999783e-01 6.581650000000000000e-01 7.281999999999999584e-01
7.185620000000000340e-01 6.772700000000000387e-01 7.835490000000000510e-01 5.296959999999999447e-01 8.135430000000000161e-01 7.384159999999999613e-01 8.325690000000000035e-01 7.641200000000000214e-01
8.864450000000000385e-01 8.896950000000000136e-01 8.607709999999999528e-01 8.408710000000000351e-01 8.241180000000000172e-01 5.788389999999999924e-01 5.628720000000000390e-01 8.435150000000000148e-01
7.858000000000000540e-01 6.890690000000000426e-01 8.135090000000000376e-01 4.956229999999999802e-01 7.294500000000000428e-01 7.566389999999999505e-01 8.460330000000000350e-01 8.765049999999999786e-01
6.274239999999999817e-01 6.985989999999999700e-01 8.281939999999999857e-01 4.929830000000000045e-01 8.191599999999999993e-01 6.973369999999999846e-01 6.278620000000000312e-01 6.698020000000000085e-01
8.516620000000000301e-01 8.482859999999999845e-01 7.862749999999999462e-01 7.646239999999999704e-01 8.265730000000000022e-01 8.225510000000000321e-01 8.228550000000000031e-01 5.761619999999999520e-01
5.862300000000000288e-01 4.914279999999999760e-01 8.432760000000000256e-01 8.610430000000000028e-01 8.912430000000000074e-01 7.347770000000000135e-01 8.431680000000000286e-01 7.155049999999999466e-01
6.780110000000000303e-01 7.332629999999999981e-01 8.349100000000000410e-01 6.394769999999999621e-01 8.403770000000000406e-01 7.826729999999999521e-01 7.896309999999999718e-01 8.575139999999999985e-01
5.413369999999999571e-01 7.787230000000000540e-01 7.914440000000000364e-01 4.980470000000000175e-01 8.938500000000000334e-01 4.948659999999999726e-01 7.402649999999999508e-01 8.088100000000000289e-01
6.731770000000000254e-01 4.899040000000000061e-01 8.183009999999999451e-01 6.263539999999999663e-01 8.513540000000000552e-01 8.260520000000000085e-01 6.533719999999999528e-01 7.131150000000000544e-01
7.783170000000000366e-01 5.212269999999999959e-01 7.960990000000000011e-01 8.332260000000000222e-01 8.141639999999999988e-01 8.052390000000000381e-01 7.707479999999999887e-01 8.419299999999999562e-01
8.289309999999999734e-01 8.229579999999999673e-01 6.126219999999999999e-01 8.923900000000000166e-01 8.674629999999999841e-01 7.599200000000000399e-01 7.343199999999999728e-01 8.809360000000000523e-01
5.166300000000000336e-01 6.890699999999999603e-01 6.944360000000000532e-01 8.276130000000000431e-01 5.402190000000000047e-01 8.233740000000000503e-01 8.264059999999999739e-01 6.583160000000000123e-01
6.802759999999999918e-01 8.533429999999999627e-01 7.973729999999999984e-01 6.949130000000000029e-01 8.601950000000000429e-01 8.010399999999999743e-01 6.854529999999999790e-01 7.276610000000000023e-01
7.230429999999999913e-01 7.571280000000000232e-01 7.165190000000000170e-01 5.166779999999999706e-01 8.734210000000000029e-01 8.497010000000000396e-01 6.912589999999999568e-01 8.194960000000000022e-01
8.965990000000000348e-01 6.609059999999999935e-01 6.477070000000000327e-01 7.311509999999999954e-01 8.806979999999999809e-01 8.731160000000000032e-01 6.762979999999999547e-01 8.405610000000000026e-01
8.984499999999999709e-01 6.888069999999999471e-01 8.746019999999999905e-01 7.311900000000000066e-01 8.509470000000000089e-01 7.678650000000000198e-01 7.784250000000000336e-01 8.692290000000000294e-01
8.496359999999999468e-01 8.639250000000000540e-01 5.061360000000000303e-01 8.950939999999999452e-01 8.428309999999999969e-01 7.184359999999999635e-01 5.019649999999999945e-01 8.445259999999999989e-01
7.611769999999999925e-01 8.398360000000000269e-01 5.776489999999999680e-01 8.311009999999999787e-01 8.254019999999999690e-01 8.229649999999999466e-01 8.604169999999999874e-01 6.174889999999999546e-01
5.074180000000000357e-01 8.900120000000000253e-01 8.407270000000000021e-01 8.493199999999999639e-01 6.529220000000000024e-01 8.148929999999999785e-01 8.987429999999999586e-01 7.230149999999999633e-01
8.365590000000000526e-01 7.201089999999999991e-01 4.883939999999999948e-01 7.304760000000000142e-01 9.011829999999999563e-01 6.501810000000000089e-01 5.163560000000000372e-01 8.546679999999999833e-01
7.232469999999999732e-01 8.146170000000000355e-01 8.739559999999999551e-01 7.812609999999999832e-01 6.903230000000000199e-01 8.321709999999999940e-01 7.313809999999999478e-01 5.054469999999999796e-01
4.896619999999999862e-01 8.208480000000000221e-01 8.512370000000000214e-01 7.468390000000000306e-01 8.896190000000000486e-01 6.416699999999999626e-01 6.283590000000000009e-01 7.712120000000000086e-01
5.747830000000000439e-01 8.314139999999999864e-01 8.390330000000000288e-01 7.861380000000000035e-01 8.243219999999999992e-01 8.298769999999999758e-01 5.064579999999999638e-01 6.693999999999999950e-01
8.131199999999999539e-01 9.029979999999999674e-01 8.471899999999999986e-01 8.378139999999999477e-01 8.460149999999999615e-01 7.977130000000000054e-01 7.774050000000000127e-01 8.071120000000000516e-01
7.392300000000000537e-01 6.239930000000000199e-01 7.948020000000000085e-01 8.117240000000000011e-01 7.804640000000000466e-01 8.193350000000000355e-01 8.425219999999999931e-01 8.472490000000000299e-01
6.634660000000000002e-01 8.597489999999999855e-01 4.868500000000000050e-01 8.525939999999999630e-01 8.244169999999999554e-01 8.590710000000000290e-01 7.462450000000000472e-01 8.309060000000000334e-01
6.606210000000000138e-01 5.567299999999999471e-01 7.123129999999999740e-01 6.182250000000000245e-01 7.046179999999999666e-01 4.909319999999999795e-01 6.059039999999999981e-01 8.708320000000000505e-01
7.481020000000000447e-01 7.161189999999999500e-01 7.908250000000000002e-01 8.484779999999999545e-01 7.775459999999999594e-01 6.430590000000000472e-01 8.723830000000000195e-01 5.025349999999999540e-01
7.794990000000000530e-01 7.173899999999999721e-01 4.864780000000000215e-01 4.957119999999999860e-01 8.347649999999999793e-01 8.418480000000000407e-01 8.664009999999999767e-01 6.181330000000000435e-01
8.221770000000000467e-01 8.397540000000000004e-01 5.191320000000000379e-01 8.115560000000000551e-01 8.276480000000000503e-01 5.707649999999999668e-01 7.725940000000000030e-01 8.919430000000000414e-01
8.602300000000000502e-01 8.494669999999999721e-01 7.077130000000000365e-01 8.199020000000000197e-01 6.618800000000000239e-01 8.303490000000000038e-01 8.486510000000000442e-01 8.801149999999999807e-01
4.988900000000000001e-01 7.733980000000000299e-01 8.573499999999999455e-01 8.213789999999999702e-01 8.508449999999999624e-01 8.334629999999999539e-01 8.042749999999999622e-01 7.105700000000000349e-01
8.700489999999999613e-01 6.905590000000000339e-01 7.696399999999999908e-01 8.555110000000000214e-01 8.283009999999999540e-01 8.092759999999999954e-01 5.512040000000000273e-01 7.389959999999999862e-01
8.153089999999999504e-01 6.376690000000000413e-01 8.334150000000000169e-01 7.361259999999999470e-01 7.637859999999999649e-01 8.736129999999999729e-01 8.545749999999999735e-01 7.607420000000000293e-01
8.600750000000000339e-01 6.452569999999999695e-01 8.710499999999999909e-01 8.343580000000000441e-01 9.116659999999999764e-01 7.682949999999999502e-01 8.854729999999999546e-01 8.377040000000000042e-01
4.887639999999999763e-01 7.477099999999999858e-01 7.885419999999999652e-01 9.066469999999999807e-01 7.836589999999999945e-01 7.966429999999999900e-01 7.767720000000000180e-01 8.997389999999999555e-01
8.458700000000000108e-01 8.883210000000000273e-01 8.577209999999999557e-01 8.413650000000000295e-01 8.163519999999999666e-01 7.840439999999999632e-01 8.685950000000000060e-01 9.079779999999999518e-01
7.901430000000000398e-01 8.656120000000000481e-01 8.546359999999999513e-01 7.430130000000000345e-01 7.666039999999999521e-01 8.491300000000000514e-01 7.765419999999999545e-01 7.331109999999999571e-01
8.838960000000000150e-01 8.807390000000000496e-01 7.462130000000000152e-01 8.553720000000000212e-01 7.456880000000000175e-01 4.910160000000000080e-01 5.176770000000000538e-01 7.283589999999999787e-01
6.071760000000000490e-01 8.748909999999999743e-01 8.741619999999999946e-01 9.069310000000000427e-01 8.564119999999999511e-01 6.647309999999999608e-01 8.339259999999999451e-01 8.013590000000000435e-01
9.067920000000000424e-01 8.388280000000000181e-01 7.459559999999999524e-01 8.844210000000000127e-01 4.849950000000000094e-01 7.120220000000000438e-01 5.813709999999999711e-01 8.965049999999999963e-01
8.568120000000000180e-01 9.093620000000000037e-01 8.485270000000000312e-01 9.078990000000000116e-01 8.811729999999999841e-01 8.584939999999999793e-01 8.527449999999999752e-01 8.944910000000000361e-01
7.879080000000000528e-01 8.617329999999999712e-01 7.705410000000000315e-01 8.667799999999999949e-01 8.368219999999999548e-01 7.699270000000000280e-01 8.714819999999999789e-01 8.500999999999999668e-01
7.653149999999999675e-01 7.999070000000000347e-01 8.799139999999999739e-01 7.840639999999999832e-01 8.481570000000000498e-01 7.764689999999999648e-01 8.459079999999999933e-01 6.496100000000000207e-01
5.631549999999999612e-01 7.769460000000000255e-01 8.946840000000000348e-01 8.540699999999999958e-01 8.758709999999999551e-01 4.947400000000000131e-01 8.382990000000000164e-01 5.812789999999999901e-01
8.175149999999999917e-01 8.564829999999999943e-01 6.018179999999999641e-01 8.100309999999999455e-01 7.143979999999999775e-01 7.552389999999999937e-01 7.583189999999999653e-01 7.934350000000000014e-01
7.428160000000000318e-01 8.398149999999999782e-01 7.483229999999999604e-01 8.846779999999999644e-01 8.474730000000000318e-01 7.588449999999999918e-01 6.270270000000000010e-01 8.131040000000000489e-01
8.229610000000000536e-01 8.557099999999999707e-01 8.481809999999999627e-01 7.182669999999999888e-01 7.685410000000000297e-01 8.096940000000000248e-01 8.551950000000000385e-01 8.560159999999999991e-01
8.066870000000000429e-01 7.308099999999999596e-01 7.481119999999999992e-01 8.241079999999999517e-01 8.829369999999999719e-01 7.888859999999999761e-01 5.376079999999999748e-01 5.136760000000000215e-01
8.341899999999999871e-01 6.094939999999999802e-01 7.499759999999999760e-01 7.671189999999999953e-01 8.675680000000000058e-01 8.578090000000000437e-01 7.503600000000000270e-01 8.106170000000000320e-01
8.708350000000000257e-01 8.768299999999999983e-01 8.613570000000000393e-01 8.771780000000000133e-01 8.867450000000000054e-01 8.398980000000000334e-01 8.311680000000000179e-01 8.635810000000000430e-01
8.548059999999999548e-01 7.634560000000000235e-01 9.080979999999999608e-01 7.900300000000000100e-01 8.534199999999999564e-01 8.265209999999999502e-01 6.497239999999999682e-01 8.492739999999999734e-01
8.711689999999999712e-01 7.643710000000000226e-01 9.074539999999999829e-01 8.056510000000000060e-01 8.056720000000000548e-01 8.367550000000000265e-01 7.851240000000000441e-01 7.845760000000000511e-01
8.592370000000000285e-01 8.684560000000000057e-01 8.970609999999999973e-01 7.261729999999999574e-01 8.039640000000000120e-01 7.167649999999999855e-01 8.938989999999999991e-01 7.902040000000000175e-01
8.646139999999999937e-01 5.234320000000000084e-01 5.899649999999999617e-01 5.238390000000000546e-01 8.174129999999999452e-01 8.123019999999999685e-01 8.601119999999999877e-01 9.075260000000000549e-01
8.879660000000000331e-01 8.497169999999999446e-01 7.739129999999999621e-01 7.597030000000000172e-01 5.924810000000000354e-01 8.555409999999999959e-01 6.301280000000000214e-01 9.108669999999999822e-01
8.565230000000000343e-01 7.954750000000000432e-01 8.021390000000000464e-01 8.481790000000000163e-01 6.322140000000000537e-01 8.783879999999999466e-01 7.064970000000000416e-01 8.930949999999999722e-01
8.602210000000000134e-01 8.037659999999999805e-01 8.768310000000000271e-01 5.712679999999999980e-01 7.825199999999999934e-01 8.982210000000000472e-01 8.961130000000000484e-01 8.614810000000000523e-01
9.081869999999999665e-01 8.716070000000000206e-01 8.674410000000000176e-01 8.070040000000000546e-01 7.278440000000000465e-01 8.612109999999999488e-01 4.897790000000000199e-01 8.810519999999999463e-01
9.002660000000000107e-01 5.067460000000000298e-01 8.673279999999999879e-01 8.791330000000000533e-01 7.680040000000000200e-01 8.070850000000000524e-01 6.748560000000000114e-01 8.971320000000000405e-01
7.882050000000000445e-01 8.305730000000000057e-01 8.858789999999999720e-01 8.840980000000000505e-01 7.862059999999999604e-01 9.154600000000000515e-01 6.899340000000000472e-01 7.258010000000000295e-01
8.812839999999999563e-01 7.551569999999999672e-01 9.151089999999999502e-01 8.723109999999999475e-01 6.091210000000000235e-01 9.160380000000000189e-01 7.693649999999999656e-01 5.931030000000000468e-01
8.363180000000000058e-01 8.705439999999999845e-01 8.997349999999999515e-01 7.797629999999999839e-01 7.965590000000000170e-01 8.689170000000000504e-01 8.171680000000000055e-01 8.060599999999999987e-01
8.715519999999999934e-01 5.154570000000000540e-01 6.581590000000000495e-01 7.934569999999999679e-01 6.688889999999999558e-01 5.233809999999999851e-01 8.391669999999999963e-01 7.468280000000000474e-01
7.779479999999999729e-01 5.441529999999999978e-01 5.877809999999999979e-01 8.643199999999999772e-01 8.470370000000000399e-01 8.578390000000000182e-01 8.793959999999999555e-01 6.153290000000000148e-01
8.213270000000000293e-01 9.127690000000000525e-01 8.165200000000000236e-01 8.234470000000000400e-01 8.730400000000000382e-01 5.926379999999999981e-01 8.712630000000000097e-01 8.215489999999999737e-01
8.639639999999999542e-01 8.581750000000000211e-01 8.095369999999999511e-01 8.253289999999999793e-01 8.539889999999999981e-01 8.456719999999999793e-01 8.653199999999999781e-01 9.118979999999999864e-01
8.399780000000000024e-01 8.238419999999999632e-01 9.150169999999999693e-01 8.742149999999999643e-01 8.493650000000000366e-01 8.951230000000000020e-01 7.535720000000000196e-01 9.128730000000000455e-01
6.278920000000000057e-01 8.076710000000000278e-01 7.726640000000000175e-01 4.802460000000000062e-01 5.681969999999999521e-01 8.537109999999999976e-01 9.083790000000000475e-01 7.969749999999999890e-01
7.836309999999999665e-01 8.294859999999999456e-01 8.499719999999999498e-01 7.596570000000000267e-01 7.746739999999999737e-01 8.224040000000000239e-01 6.795499999999999874e-01 8.143150000000000110e-01
8.215879999999999850e-01 8.595140000000000002e-01 7.394870000000000054e-01 6.623470000000000191e-01 7.980300000000000171e-01 7.696809999999999485e-01 7.856630000000000003e-01 6.207329999999999792e-01
8.179480000000000084e-01 7.853419999999999845e-01 8.427470000000000239e-01 7.979749999999999899e-01 7.868559999999999999e-01 6.130449999999999511e-01 7.730369999999999742e-01 8.114529999999999799e-01
8.976110000000000477e-01 8.428080000000000016e-01 7.560230000000000006e-01 6.812810000000000255e-01 5.343719999999999581e-01 9.089840000000000142e-01 8.501389999999999780e-01 8.994130000000000180e-01
8.622100000000000319e-01 9.035060000000000313e-01 8.709510000000000307e-01 6.130870000000000486e-01 8.003890000000000171e-01 8.679259999999999753e-01 8.666430000000000522e-01 8.079760000000000275e-01
8.671210000000000306e-01 8.711090000000000222e-01 6.568289999999999962e-01 5.693420000000000147e-01 8.773360000000000047e-01 8.584019999999999984e-01 8.623189999999999467e-01 8.611299999999999510e-01
8.716530000000000111e-01 8.582079999999999709e-01 8.798270000000000257e-01 9.051510000000000389e-01 8.098579999999999668e-01 5.002210000000000267e-01 9.121010000000000506e-01 8.616129999999999622e-01
