5.634900000000000464e-01 6.134089999999999820e-01 5.833899999999999642e-01 5.406720000000000415e-01 5.403240000000000265e-01 6.169630000000000392e-01 5.466539999999999733e-01 4.837040000000000228e-01
4.965390000000000081e-01 5.396450000000000413e-01 5.679819999999999869e-01 6.580960000000000143e-01 6.693080000000000140e-01 5.286399999999999988e-01 6.543160000000000087e-01 5.553460000000000063e-01
6.728769999999999474e-01 6.541590000000000460e-01 5.003760000000000430e-01 6.016289999999999694e-01 4.839669999999999805e-01 6.984660000000000313e-01 7.196529999999999871e-01 5.710579999999999545e-01
5.658429999999999849e-01 6.032980000000000009e-01 5.751849999999999463e-01 5.514670000000000405e-01 6.958550000000000013e-01 6.061739999999999906e-01 7.078459999999999752e-01 6.036399999999999544e-01
6.230820000000000247e-01 7.043869999999999854e-01 6.208669999999999467e-01 5.900020000000000264e-01 6.703620000000000134e-01 5.367669999999999941e-01 5.072240000000000082e-01 5.584480000000000555e-01
7.087160000000000126e-01 5.611709999999999754e-01 6.754980000000000429e-01 6.908140000000000391e-01 5.981360000000000010e-01 6.532980000000000453e-01 6.066650000000000098e-01 5.846189999999999998e-01
6.512689999999999868e-01 5.446760000000000490e-01 5.971579999999999666e-01 6.278970000000000384e-01 5.662270000000000358e-01 5.332630000000000425e-01 6.503590000000000204e-01 6.927550000000000097e-01
4.983739999999999837e-01 6.634339999999999682e-01 5.176549999999999763e-01 6.896809999999999885e-01 7.117149999999999865e-01 5.472430000000000350e-01 5.534719999999999640e-01 6.189500000000000002e-01
6.501160000000000272e-01 6.011910000000000309e-01 6.204370000000000163e-01 5.543550000000000422e-01 6.541609999999999925e-01 6.747659999999999769e-01 6.290599999999999525e-01 6.113039999999999585e-01
7.764760000000000550e-01 6.608810000000000517e-01 5.065140000000000198e-01 6.747859999999999969e-01 6.005110000000000170e-01 4.798259999999999748e-01 5.085560000000000080e-01 6.175150000000000361e-01
6.452980000000000382e-01 5.565179999999999572e-01 5.610680000000000112e-01 5.722479999999999789e-01 6.170729999999999826e-01 6.041250000000000231e-01 5.156549999999999745e-01 7.049450000000000438e-01
6.015730000000000244e-01 6.870000000000000551e-01 5.985040000000000360e-01 5.629849999999999577e-01 6.319409999999999750e-01 5.802890000000000548e-01 5.961560000000000192e-01 6.510099999999999776e-01
5.820450000000000346e-01 6.894719999999999738e-01 6.730300000000000171e-01 6.519749999999999712e-01 6.316389999999999505e-01 6.938530000000000530e-01 5.001510000000000122e-01 5.627010000000000067e-01
5.641840000000000188e-01 5.753859999999999530e-01 4.628999999999999782e-01 6.117430000000000367e-01 6.949849999999999639e-01 6.422299999999999676e-01 5.516039999999999832e-01 5.706050000000000288e-01
6.632989999999999720e-01 6.431200000000000250e-01 6.489709999999999646e-01 5.015380000000000393e-01 6.952509999999999524e-01 5.499870000000000037e-01 5.472789999999999599e-01 5.150590000000000446e-01
5.728100000000000414e-01 5.895329999999999737e-01 6.658730000000000482e-01 5.464630000000000321e-01 6.399200000000000443e-01 5.072189999999999754e-01 6.599270000000000413e-01 6.182760000000000478e-01
6.729140000000000121e-01 5.571789999999999798e-01 6.229390000000000205e-01 6.301949999999999497e-01 5.101470000000000171e-01 6.442139999999999533e-01 5.759130000000000082e-01 6.339299999999999935e-01
5.431420000000000137e-01 6.087949999999999751e-01 6.459390000000000409e-01 5.843249999999999833e-01 6.593430000000000124e-01 6.769129999999999869e-01 6.282809999999999784e-01 6.247789999999999733e-01
5.339509999999999534e-01 5.361979999999999524e-01 5.608959999999999502e-01 6.800640000000000018e-01 6.136580000000000368e-01 5.705820000000000336e-01 5.725620000000000154e-01 5.056310000000000526e-01
6.333530000000000548e-01 6.759169999999999900e-01 5.553479999999999528e-01 7.055369999999999697e-01 6.053979999999999917e-01 6.252459999999999685e-01 6.336669999999999803e-01 5.374229999999999841e-01
6.129379999999999828e-01 5.976460000000000106e-01 6.318559999999999732e-01 5.282620000000000093e-01 5.755959999999999965e-01 6.037930000000000241e-01 5.400829999999999798e-01 5.843909999999999938e-01
5.992690000000000516e-01 6.728619999999999601e-01 6.202929999999999833e-01 6.585919999999999552e-01 5.638570000000000526e-01 6.822829999999999728e-01 6.321419999999999817e-01 6.807020000000000293e-01
6.425180000000000335e-01 5.617569999999999508e-01 6.920669999999999877e-01 5.615820000000000256e-01 6.577760000000000273e-01 5.708699999999999886e-01 6.734160000000000146e-01 6.249719999999999720e-01
6.632169999999999455e-01 6.406570000000000320e-01 6.358759999999999968e-01 5.545539999999999914e-01 6.449120000000000408e-01 6.691550000000000553e-01 6.015399999999999636e-01 6.806299999999999573e-01
7.063509999999999511e-01 5.680650000000000421e-01 7.158729999999999816e-01 5.839969999999999883e-01 5.537149999999999572e-01 6.268070000000000030e-01 5.948689999999999811e-01 5.933950000000000058e-01
5.349009999999999598e-01 6.428939999999999655e-01 6.373760000000000536e-01 5.708259999999999446e-01 5.132879999999999665e-01 5.908149999999999791e-01 7.244620000000000504e-01 6.575180000000000469e-01
6.306380000000000319e-01 7.238879999999999759e-01 6.578230000000000466e-01 6.243739999999999846e-01 6.059390000000000054e-01 5.343959999999999821e-01 7.033460000000000267e-01 7.141180000000000305e-01
6.140689999999999760e-01 5.672469999999999457e-01 6.790199999999999569e-01 5.566750000000000309e-01 7.173230000000000439e-01 6.810349999999999460e-01 6.571449999999999791e-01 6.298789999999999667e-01
6.919020000000000170e-01 6.650350000000000428e-01 7.348970000000000224e-01 5.642730000000000246e-01 6.074779999999999625e-01 5.974960000000000271e-01 6.327199999999999491e-01 4.946400000000000241e-01
6.745039999999999925e-01 5.826200000000000268e-01 6.099830000000000529e-01 6.201550000000000118e-01 5.885890000000000288e-01 6.558720000000000105e-01 6.369609999999999994e-01 6.042089999999999961e-01
6.502879999999999772e-01 6.836809999999999832e-01 5.591300000000000159e-01 6.517819999999999725e-01 6.636180000000000412e-01 6.303290000000000282e-01 5.653120000000000367e-01 5.696020000000000527e-01
6.222170000000000201e-01 7.018769999999999731e-01 5.419650000000000301e-01 5.729630000000000001e-01 6.123899999999999899e-01 6.642630000000000479e-01 6.266779999999999573e-01 6.258740000000000414e-01
6.308179999999999898e-01 5.779419999999999558e-01 6.445490000000000386e-01 7.068889999999999896e-01 6.891859999999999653e-01 6.272410000000000485e-01 6.970300000000000384e-01 6.710850000000000426e-01
5.591760000000000064e-01 6.386950000000000127e-01 5.772110000000000296e-01 5.806780000000000275e-01 5.240200000000000413e-01 7.258480000000000487e-01 5.464510000000000201e-01 6.782850000000000268e-01
6.516750000000000043e-01 6.406589999999999785e-01 6.368080000000000407e-01 6.857729999999999659e-01 6.290949999999999598e-01 5.033959999999999546e-01 5.917160000000000197e-01 6.394689999999999541e-01
6.270559999999999468e-01 6.634900000000000242e-01 6.858830000000000204e-01 6.889760000000000328e-01 6.614470000000000072e-01 6.201830000000000398e-01 6.754080000000000084e-01 5.902450000000000196e-01
6.260700000000000154e-01 6.120459999999999789e-01 6.279749999999999499e-01 6.205319999999999725e-01 6.671110000000000095e-01 6.104819999999999691e-01 6.268920000000000048e-01 5.880919999999999481e-01
5.788680000000000492e-01 5.214910000000000379e-01 6.761150000000000215e-01 7.076780000000000292e-01 7.157289999999999486e-01 6.695560000000000400e-01 5.412770000000000081e-01 6.047179999999999778e-01
6.704259999999999664e-01 6.599800000000000111e-01 6.738469999999999738e-01 6.626140000000000363e-01 5.718229999999999702e-01 7.418989999999999752e-01 6.646400000000000086e-01 7.309290000000000509e-01
6.743999999999999995e-01 6.334140000000000326e-01 5.431939999999999547e-01 6.014209999999999834e-01 6.639230000000000409e-01 5.911499999999999533e-01 5.240470000000000406e-01 6.227310000000000345e-01
4.890140000000000042e-01 5.514280000000000292e-01 6.100830000000000419e-01 6.973200000000000509e-01 6.348620000000000374e-01 6.053009999999999780e-01 5.332099999999999618e-01 6.171670000000000211e-01
5.656930000000000014e-01 6.939290000000000180e-01 5.852690000000000392e-01 6.079809999999999937e-01 5.828510000000000080e-01 6.198449999999999793e-01 6.116700000000000470e-01 6.174819999999999753e-01
5.968059999999999476e-01 6.022089999999999943e-01 7.027430000000000065e-01 6.630329999999999835e-01 5.913850000000000495e-01 5.534240000000000270e-01 5.203499999999999792e-01 5.767849999999999921e-01
6.306760000000000144e-01 7.134819999999999496e-01 5.521899999999999586e-01 5.715080000000000160e-01 7.160570000000000546e-01 7.104989999999999917e-01 6.992410000000000014e-01 6.598330000000000028e-01
6.460360000000000547e-01 6.616739999999999844e-01 5.714139999999999775e-01 5.724470000000000391e-01 6.496769999999999490e-01 6.072359999999999980e-01 6.652420000000000000e-01 5.424520000000000453e-01
4.303029999999999911e-01 6.908609999999999474e-01 6.979880000000000528e-01 5.650549999999999740e-01 6.555779999999999941e-01 5.935259999999999980e-01 5.148030000000000106e-01 6.261949999999999461e-01
7.031699999999999617e-01 6.998360000000000136e-01 6.964339999999999975e-01 6.303819999999999979e-01 6.997339999999999671e-01 7.634079999999999755e-01 7.089889999999999803e-01 7.073479999999999768e-01
6.250459999999999905e-01 6.123870000000000147e-01 6.203589999999999938e-01 6.662620000000000209e-01 5.882359999999999811e-01 5.777630000000000265e-01 6.704219999999999624e-01 5.897350000000000092e-01
6.996109999999999829e-01 7.020939999999999959e-01 6.078999999999999959e-01 5.956240000000000423e-01 5.527170000000000138e-01 6.670909999999999895e-01 5.960619999999999807e-01 6.643270000000000008e-01
5.860659999999999759e-01 5.468579999999999552e-01 6.845799999999999663e-01 6.161050000000000137e-01 6.788129999999999997e-01 6.272510000000000030e-01 5.875329999999999719e-01 6.469040000000000346e-01
6.666680000000000383e-01 6.183859999999999912e-01 7.341140000000000443e-01 5.130660000000000220e-01 5.778889999999999860e-01 5.975270000000000303e-01 6.661139999999999839e-01 6.862030000000000074e-01
6.799089999999999856e-01 5.529100000000000126e-01 6.367530000000000134e-01 6.449899999999999523e-01 7.297529999999999850e-01 7.040170000000000039e-01 6.048930000000000140e-01 6.693529999999999758e-01
7.016989999999999617e-01 5.460230000000000361e-01 5.911030000000000451e-01 7.173119999999999497e-01 6.094910000000000050e-01 7.520219999999999683e-01 6.623989999999999601e-01 7.040830000000000144e-01
6.312459999999999738e-01 6.883749999999999591e-01 6.314899999999999958e-01 5.619030000000000413e-01 7.647230000000000416e-01 6.055270000000000374e-01 6.662240000000000384e-01 5.635780000000000234e-01
5.501629999999999576e-01 6.883949999999999791e-01 6.782489999999999908e-01 6.963780000000000525e-01 6.125239999999999574e-01 5.255020000000000246e-01 5.515189999999999815e-01 6.127010000000000511e-01
6.047869999999999635e-01 6.477180000000000160e-01 6.112450000000000383e-01 6.963909999999999823e-01 7.036609999999999809e-01 5.917940000000000422e-01 5.673500000000000210e-01 6.694430000000000103e-01
7.306859999999999467e-01 5.810349999999999682e-01 6.642059999999999631e-01 6.770559999999999912e-01 6.115939999999999710e-01 5.889240000000000030e-01 5.242130000000000400e-01 6.453449999999999465e-01
6.310620000000000118e-01 6.033979999999999899e-01 7.187769999999999992e-01 5.884380000000000166e-01 5.234649999999999581e-01 5.767419999999999769e-01 5.844620000000000370e-01 5.814639999999999809e-01
5.966190000000000104e-01 5.571779999999999511e-01 7.297679999999999723e-01 5.754759999999999875e-01 5.735820000000000363e-01 6.827569999999999473e-01 6.730390000000000539e-01 7.227249999999999508e-01
5.195859999999999923e-01 6.557269999999999488e-01 6.088189999999999991e-01 5.345659999999999856e-01 6.849110000000000475e-01 6.498620000000000507e-01 5.930790000000000228e-01 6.872880000000000100e-01
6.889469999999999761e-01 6.218089999999999451e-01 6.810479999999999867e-01 6.971859999999999724e-01 6.715449999999999475e-01 5.787250000000000449e-01 6.075930000000000497e-01 6.165389999999999482e-01
6.034720000000000084e-01 6.661519999999999664e-01 5.778820000000000068e-01 6.196479999999999766e-01 6.825879999999999725e-01 5.161130000000000440e-01 5.746799999999999686e-01 6.264979999999999993e-01
5.976839999999999931e-01 6.571550000000000447e-01 6.364180000000000392e-01 6.957459999999999756e-01 7.142969999999999597e-01 6.393670000000000186e-01 6.904649999999999954e-01 6.536889999999999645e-01
5.788459999999999717e-01 6.704620000000000024e-01 5.969499999999999806e-01 6.338949999999999863e-01 6.963430000000000453e-01 6.654309999999999947e-01 7.065029999999999921e-01 6.555569999999999453e-01
5.966430000000000344e-01 6.896750000000000380e-01 6.340289999999999537e-01 6.534189999999999721e-01 6.587549999999999795e-01 6.908180000000000431e-01 5.606069999999999665e-01 6.581080000000000263e-01
5.796090000000000408e-01 6.239029999999999854e-01 5.895160000000000400e-01 7.135810000000000208e-01 6.384130000000000082e-01 6.664269999999999916e-01 7.073779999999999513e-01 5.701950000000000074e-01
7.741069999999999895e-01 7.226580000000000226e-01 5.951130000000000031e-01 6.174610000000000376e-01 7.183220000000000161e-01 6.182330000000000325e-01 6.555750000000000188e-01 6.804130000000000456e-01
6.931000000000000494e-01 6.655790000000000317e-01 6.121220000000000550e-01 6.112880000000000535e-01 6.508930000000000549e-01 6.274880000000000457e-01 7.343250000000000055e-01 5.520789999999999864e-01
7.045810000000000128e-01 6.814080000000000137e-01 6.479169999999999652e-01 5.784259999999999957e-01 5.431789999999999674e-01 5.174499999999999655e-01 6.816849999999999854e-01 6.897680000000000478e-01
5.378239999999999688e-01 6.999360000000000026e-01 6.526579999999999604e-01 5.529349999999999543e-01 6.407180000000000097e-01 6.547819999999999752e-01 5.983079999999999510e-01 6.836219999999999519e-01
6.875010000000000288e-01 6.859480000000000022e-01 6.063809999999999478e-01 7.050579999999999625e-01 6.789410000000000167e-01 6.016390000000000349e-01 6.619599999999999929e-01 6.539519999999999778e-01
5.996449999999999836e-01 6.709249999999999936e-01 6.655560000000000365e-01 7.583800000000000541e-01 5.687769999999999770e-01 5.793150000000000244e-01 6.756879999999999553e-01 5.797799999999999621e-01
6.736370000000000413e-01 7.014949999999999797e-01 6.794639999999999569e-01 6.649549999999999628e-01 6.496349999999999625e-01 6.134579999999999478e-01 6.194859999999999811e-01 7.649359999999999493e-01
7.050880000000000480e-01 6.280839999999999756e-01 6.555400000000000116e-01 5.638450000000000406e-01 5.417809999999999571e-01 6.957480000000000331e-01 5.585670000000000357e-01 6.573020000000000529e-01
6.763590000000000435e-01 6.004289999999999905e-01 7.114920000000000133e-01 5.582289999999999752e-01 5.364130000000000287e-01 6.738830000000000098e-01 6.507699999999999596e-01 7.364079999999999515e-01
7.664870000000000294e-01 7.098769999999999802e-01 6.621789999999999621e-01 7.304389999999999494e-01 6.454710000000000170e-01 6.272010000000000085e-01 6.101299999999999502e-01 6.351529999999999676e-01
6.699070000000000302e-01 6.929570000000000451e-01 6.768210000000000059e-01 6.713200000000000278e-01 7.111199999999999743e-01 7.126559999999999562e-01 6.285199999999999676e-01 5.875439999999999552e-01
6.023819999999999730e-01 7.220800000000000551e-01 6.747830000000000217e-01 7.366160000000000485e-01 6.759180000000000188e-01 7.092309999999999448e-01 5.903559999999999919e-01 6.848360000000000003e-01
7.497390000000000443e-01 5.947210000000000552e-01 6.317390000000000505e-01 5.804369999999999807e-01 6.269489999999999785e-01 6.983679999999999888e-01 6.744170000000000442e-01 6.757589999999999986e-01
7.084810000000000274e-01 6.725060000000000482e-01 7.151140000000000274e-01 6.270689999999999875e-01 6.364779999999999882e-01 6.851960000000000273e-01 7.672430000000000083e-01 6.719260000000000232e-01
6.580200000000000493e-01 6.742690000000000072e-01 7.095850000000000213e-01 6.795259999999999634e-01 7.150830000000000242e-01 6.343769999999999687e-01 7.280320000000000125e-01 6.719169999999999865e-01
5.678900000000000059e-01 5.851429999999999687e-01 6.219069999999999876e-01 5.677980000000000249e-01 6.691380000000000106e-01 6.644349999999999978e-01 7.108079999999999954e-01 5.655729999999999924e-01
7.157409999999999606e-01 6.648589999999999778e-01 5.517469999999999875e-01 6.662230000000000096e-01 6.143070000000000475e-01 6.314380000000000548e-01 6.845480000000000453e-01 7.004479999999999595e-01
6.435579999999999634e-01 6.417829999999999924e-01 6.489030000000000076e-01 5.066990000000000105e-01 6.944850000000000190e-01 6.191879999999999606e-01 7.127289999999999459e-01 6.668669999999999876e-01
7.401429999999999954e-01 8.016579999999999817e-01 7.312650000000000539e-01 7.304789999999999894e-01 6.793559999999999599e-01 7.336610000000000076e-01 6.792049999999999477e-01 7.092779999999999641e-01
6.011879999999999447e-01 7.042140000000000066e-01 5.845129999999999493e-01 6.828859999999999930e-01 6.462750000000000439e-01 7.690449999999999786e-01 6.746670000000000167e-01 6.289989999999999748e-01
7.318559999999999510e-01 5.791460000000000496e-01 6.734430000000000138e-01 6.866029999999999633e-01 7.297329999999999650e-01 6.330270000000000064e-01 6.260000000000000009e-01 7.131269999999999554e-01
7.333460000000000534e-01 6.889729999999999466e-01 7.115759999999999863e-01 6.086880000000000068e-01 6.676889999999999770e-01 6.285969999999999613e-01 6.870659999999999545e-01 6.826659999999999950e-01
6.082859999999999934e-01 7.910960000000000214e-01 6.150170000000000359e-01 6.948760000000000492e-01 6.691380000000000106e-01 5.559429999999999650e-01 7.035289999999999599e-01 6.486910000000000176e-01
6.675079999999999902e-01 6.900640000000000107e-01 6.714250000000000496e-01 7.050520000000000120e-01 6.351499999999999924e-01 6.811939999999999662e-01 7.373250000000000082e-01 7.166299999999999892e-01
6.309839999999999893e-01 6.276080000000000547e-01 6.739770000000000483e-01 7.052220000000000155e-01 7.071490000000000276e-01 6.859720000000000262e-01 6.721019999999999772e-01 6.924690000000000012e-01
6.999999999999999556e-01 6.986560000000000548e-01 6.589709999999999734e-01 6.712599999999999678e-01 7.234519999999999840e-01 6.477889999999999482e-01 6.734390000000000098e-01 6.469009999999999483e-01
7.745290000000000230e-01 6.413900000000000157e-01 6.531019999999999603e-01 6.228820000000000467e-01 6.731869999999999798e-01 6.187049999999999494e-01 6.427640000000000020e-01 5.813409999999999966e-01
6.950790000000000024e-01 6.931829999999999936e-01 7.095390000000000308e-01 5.933650000000000313e-01 6.280200000000000227e-01 5.612160000000000482e-01 6.377669999999999728e-01 7.334929999999999506e-01
7.011640000000000095e-01 6.949589999999999934e-01 6.806729999999999725e-01 5.826059999999999572e-01 6.325899999999999856e-01 5.651969999999999494e-01 6.696149999999999602e-01 6.966579999999999995e-01
6.768129999999999979e-01 7.195040000000000324e-01 7.140109999999999513e-01 7.205420000000000158e-01 6.565429999999999877e-01 5.618900000000000006e-01 6.089250000000000496e-01 7.467200000000000504e-01
6.068170000000000508e-01 5.988759999999999639e-01 6.766720000000000512e-01 7.432149999999999590e-01 6.941869999999999985e-01 6.802780000000000493e-01 6.287559999999999816e-01 6.086279999999999468e-01
6.130349999999999966e-01 6.635180000000000522e-01 6.295479999999999965e-01 5.633089999999999486e-01 6.212739999999999929e-01 7.119889999999999830e-01 7.459970000000000212e-01 6.497039999999999482e-01
6.741559999999999775e-01 6.607309999999999572e-01 5.942720000000000224e-01 6.647790000000000088e-01 7.428620000000000223e-01 7.022960000000000313e-01 6.520569999999999977e-01 7.339689999999999825e-01
7.126510000000000344e-01 7.044289999999999718e-01 6.981669999999999821e-01 7.403549999999999853e-01 6.790040000000000520e-01 6.643459999999999921e-01 7.011730000000000462e-01 6.742139999999999800e-01
7.197559999999999514e-01 6.221889999999999921e-01 6.389489999999999892e-01 6.515990000000000393e-01 6.732839999999999936e-01 6.920190000000000508e-01 5.924509999999999499e-01 7.105970000000000342e-01
7.125839999999999952e-01 6.351539999999999964e-01 6.361820000000000253e-01 7.221429999999999794e-01 7.036839999999999762e-01 6.647969999999999713e-01 6.544900000000000162e-01 6.677490000000000370e-01
6.640719999999999956e-01 7.081880000000000397e-01 7.675309999999999633e-01 6.965590000000000392e-01 6.704780000000000184e-01 7.226690000000000058e-01 7.256610000000000005e-01 7.291720000000000423e-01
5.687769999999999770e-01 7.131699999999999706e-01 6.191419999999999702e-01 7.061020000000000074e-01 5.504059999999999508e-01 6.693419999999999925e-01 6.381040000000000045e-01 7.117339999999999778e-01
7.471820000000000128e-01 6.361339999999999772e-01 5.623970000000000358e-01 7.105780000000000429e-01 7.417890000000000317e-01 7.570900000000000407e-01 7.829960000000000253e-01 5.892500000000000515e-01
6.120480000000000365e-01 6.742970000000000352e-01 6.978820000000000023e-01 6.790880000000000249e-01 7.494009999999999838e-01 5.952720000000000233e-01 7.748450000000000060e-01 7.121030000000000415e-01
7.186299999999999910e-01 5.915340000000000042e-01 6.507249999999999979e-01 6.872230000000000283e-01 7.133080000000000531e-01 7.241370000000000307e-01 6.460860000000000491e-01 7.238919999999999799e-01
6.226509999999999545e-01 6.803599999999999648e-01 7.174249999999999794e-01 6.827170000000000183e-01 6.974500000000000144e-01 7.649589999999999446e-01 7.413070000000000492e-01 6.634400000000000297e-01
6.454630000000000090e-01 5.959950000000000525e-01 7.934679999999999511e-01 6.582040000000000113e-01 6.377209999999999823e-01 5.798269999999999813e-01 6.408859999999999557e-01 5.699359999999999982e-01
6.713850000000000096e-01 5.925449999999999884e-01 6.191360000000000197e-01 7.073450000000000015e-01 7.034920000000000062e-01 6.825599999999999445e-01 6.281740000000000101e-01 7.054300000000000015e-01
6.995649999999999924e-01 6.863540000000000196e-01 7.064700000000000424e-01 6.640359999999999596e-01 6.909969999999999724e-01 6.986299999999999732e-01 7.099569999999999492e-01 5.746499999999999941e-01
6.902840000000000087e-01 7.527319999999999567e-01 6.518869999999999942e-01 7.251779999999999893e-01 7.370400000000000285e-01 7.699709999999999610e-01 6.209700000000000220e-01 6.590629999999999544e-01
7.718019999999999881e-01 6.592900000000000427e-01 7.451020000000000421e-01 6.288899999999999491e-01 6.343010000000000037e-01 6.395009999999999861e-01 7.033570000000000100e-01 6.986269999999999980e-01
6.414509999999999934e-01 7.180640000000000356e-01 7.155470000000000441e-01 7.198569999999999691e-01 7.172100000000000142e-01 5.913720000000000088e-01 7.166139999999999732e-01 7.587000000000000410e-01
7.251039999999999708e-01 6.277500000000000302e-01 6.972899999999999654e-01 5.863000000000000433e-01 6.848919999999999453e-01 6.281590000000000229e-01 6.371780000000000221e-01 6.947459999999999747e-01
6.539319999999999578e-01 7.872299999999999853e-01 7.075059999999999683e-01 5.817719999999999558e-01 5.952370000000000161e-01 7.144599999999999840e-01 6.972150000000000292e-01 7.167839999999999767e-01
7.255730000000000235e-01 7.007889999999999953e-01 6.556410000000000293e-01 6.626739999999999853e-01 7.503710000000000102e-01 7.204570000000000141e-01 6.117380000000000040e-01 6.888840000000000519e-01
7.182859999999999800e-01 5.344389999999999974e-01 6.202039999999999775e-01 6.400500000000000078e-01 5.984730000000000327e-01 7.444049999999999834e-01 6.992639999999999967e-01 7.068959999999999688e-01
7.286439999999999584e-01 6.703710000000000502e-01 6.819180000000000241e-01 6.049590000000000245e-01 6.959319999999999951e-01 7.085339999999999971e-01 6.165059999999999985e-01 7.220769999999999689e-01
6.967569999999999597e-01 6.709060000000000024e-01 7.241410000000000347e-01 6.500860000000000527e-01 6.933399999999999563e-01 6.916130000000000333e-01 4.980430000000000135e-01 6.991699999999999582e-01
7.250879999999999548e-01 7.370069999999999677e-01 6.595739999999999936e-01 6.595860000000000056e-01 7.131629999999999914e-01 6.345429999999999682e-01 8.065890000000000004e-01 6.784510000000000263e-01
6.534590000000000121e-01 6.556880000000000486e-01 7.189429999999999987e-01 5.618389999999999773e-01 7.144800000000000040e-01 6.121670000000000167e-01 6.655280000000000085e-01 7.088100000000000511e-01
6.772470000000000434e-01 5.600579999999999448e-01 6.837590000000000057e-01 6.973409999999999886e-01 6.927039999999999864e-01 6.501879999999999882e-01 6.230219999999999647e-01 6.833810000000000162e-01
7.108330000000000481e-01 6.789279999999999760e-01 6.068740000000000245e-01 7.949610000000000287e-01 6.677699999999999747e-01 6.426250000000000018e-01 6.606699999999999795e-01 7.211410000000000320e-01
5.901880000000000459e-01 6.923939999999999539e-01 6.891990000000000061e-01 6.778640000000000221e-01 6.859659999999999647e-01 6.615569999999999506e-01 6.608309999999999462e-01 5.783859999999999557e-01
7.155569999999999986e-01 5.526050000000000129e-01 7.196139999999999759e-01 5.722779999999999534e-01 6.446250000000000036e-01 6.829910000000000148e-01 6.831570000000000142e-01 6.945059999999999567e-01
7.632640000000000535e-01 7.213300000000000267e-01 7.463689999999999491e-01 6.418390000000000484e-01 6.859680000000000222e-01 6.600260000000000016e-01 6.593900000000000317e-01 7.504680000000000240e-01
7.104709999999999637e-01 7.401999999999999691e-01 6.862439999999999651e-01 7.668110000000000204e-01 7.864860000000000184e-01 6.627589999999999870e-01 7.579059999999999686e-01 7.936549999999999994e-01
7.029180000000000428e-01 5.650519999999999987e-01 7.504070000000000462e-01 7.297169999999999490e-01 6.683069999999999844e-01 6.248909999999999743e-01 5.326859999999999928e-01 6.970119999999999649e-01
7.292929999999999691e-01 6.229040000000000132e-01 7.171720000000000317e-01 6.676440000000000152e-01 7.572410000000000529e-01 7.778749999999999831e-01 7.741139999999999688e-01 7.288620000000000099e-01
7.384230000000000516e-01 8.791590000000000238e-01 6.152670000000000083e-01 7.045900000000000496e-01 7.134209999999999718e-01 6.678049999999999820e-01 7.190530000000000532e-01 6.093849999999999545e-01
6.633289999999999464e-01 6.617030000000000411e-01 6.097599999999999687e-01 6.771460000000000257e-01 7.350820000000000132e-01 6.448209999999999775e-01 6.706779999999999964e-01 6.882639999999999869e-01
5.380369999999999875e-01 5.965240000000000542e-01 6.195730000000000404e-01 7.255770000000000275e-01 6.863650000000000029e-01 7.699059999999999793e-01 6.512329999999999508e-01 6.973209999999999686e-01
5.746510000000000229e-01 6.991319999999999757e-01 6.224450000000000260e-01 7.255319999999999547e-01 7.027109999999999745e-01 6.996200000000000196e-01 7.142140000000000155e-01 6.961800000000000210e-01
5.221919999999999895e-01 6.903190000000000159e-01 7.534070000000000489e-01 6.720859999999999612e-01 6.402189999999999825e-01 7.007550000000000168e-01 7.383910000000000196e-01 5.971760000000000401e-01
6.089529999999999665e-01 7.401480000000000281e-01 6.705410000000000537e-01 7.182659999999999600e-01 7.760409999999999808e-01 6.581280000000000463e-01 6.860330000000000039e-01 7.159830000000000361e-01
6.860549999999999704e-01 7.429200000000000248e-01 7.287860000000000449e-01 7.110490000000000421e-01 6.966919999999999780e-01 6.797530000000000516e-01 6.915970000000000173e-01 7.136339999999999906e-01
7.303610000000000380e-01 7.094319999999999515e-01 6.208019999999999650e-01 6.490869999999999695e-01 5.482019999999999671e-01 7.016809999999999992e-01 7.136770000000000058e-01 7.192070000000000407e-01
7.057579999999999965e-01 6.359609999999999985e-01 6.787039999999999740e-01 7.589139999999999775e-01 6.738009999999999833e-01 7.381320000000000103e-01 6.845959999999999823e-01 6.044620000000000548e-01
6.593809999999999949e-01 6.728359999999999896e-01 6.964529999999999887e-01 6.423489999999999478e-01 8.022890000000000299e-01 6.535490000000000466e-01 7.163159999999999528e-01 6.422320000000000251e-01
7.197630000000000416e-01 6.711730000000000196e-01 7.407439999999999580e-01 6.364140000000000352e-01 6.599690000000000278e-01 7.852270000000000083e-01 6.994010000000000504e-01 6.864090000000000469e-01
6.647490000000000343e-01 6.592320000000000402e-01 7.164150000000000240e-01 7.099710000000000187e-01 6.519300000000000095e-01 7.315789999999999793e-01 7.209360000000000213e-01 5.987999999999999989e-01
7.357120000000000326e-01 6.113509999999999778e-01 7.435659999999999492e-01 7.245249999999999746e-01 6.175490000000000146e-01 7.566779999999999617e-01 6.626429999999999820e-01 7.358679999999999666e-01
6.884409999999999696e-01 7.245449999999999946e-01 7.363180000000000280e-01 6.943099999999999827e-01 5.937440000000000495e-01 7.341569999999999485e-01 6.437950000000000061e-01 6.644970000000000043e-01
7.140030000000000543e-01 7.378179999999999739e-01 7.125359999999999472e-01 7.160760000000000458e-01 6.813519999999999577e-01 6.674710000000000365e-01 7.240630000000000122e-01 6.917510000000000048e-01
7.182089999999999863e-01 7.328850000000000087e-01 7.226120000000000321e-01 6.039099999999999469e-01 5.453540000000000054e-01 7.159980000000000233e-01 6.205150000000000388e-01 7.248210000000000486e-01
6.771089999999999609e-01 6.538030000000000230e-01 6.622519999999999518e-01 6.230219999999999647e-01 7.102770000000000472e-01 7.410919999999999730e-01 7.372640000000000304e-01 7.411330000000000418e-01
7.332089999999999996e-01 6.768920000000000492e-01 6.725940000000000252e-01 5.741020000000000012e-01 6.677110000000000545e-01 6.945059999999999567e-01 7.396049999999999569e-01 7.068339999999999623e-01
7.014350000000000307e-01 5.873660000000000547e-01 4.964740000000000264e-01 7.231720000000000370e-01 7.973029999999999839e-01 7.489460000000000006e-01 7.422619999999999774e-01 6.781789999999999763e-01
6.260470000000000201e-01 8.108969999999999789e-01 7.277339999999999920e-01 7.038630000000000164e-01 6.035070000000000157e-01 7.730609999999999982e-01 5.514670000000000405e-01 8.189849999999999630e-01
7.089530000000000554e-01 7.088130000000000264e-01 6.899009999999999865e-01 6.166129999999999667e-01 7.299710000000000365e-01 6.532970000000000166e-01 6.301740000000000119e-01 6.871570000000000178e-01
8.325719999999999787e-01 7.065259999999999874e-01 5.007279999999999509e-01 6.468439999999999745e-01 7.111730000000000551e-01 5.864530000000000021e-01 7.074799999999999978e-01 6.827189999999999648e-01
7.345359999999999667e-01 5.762279999999999625e-01 7.458420000000000050e-01 7.749049999999999550e-01 6.138599999999999612e-01 7.067059999999999453e-01 5.899379999999999624e-01 6.493520000000000403e-01
6.943789999999999685e-01 6.235829999999999984e-01 6.014909999999999979e-01 6.388869999999999827e-01 7.233640000000000070e-01 6.727790000000000159e-01 7.330799999999999539e-01 7.487439999999999651e-01
7.022680000000000033e-01 7.510200000000000209e-01 6.263779999999999903e-01 7.901899999999999480e-01 5.606010000000000160e-01 6.816389999999999949e-01 7.539810000000000123e-01 6.260580000000000034e-01
6.154509999999999703e-01 7.610780000000000323e-01 6.715339999999999643e-01 7.337430000000000341e-01 6.323469999999999924e-01 6.625309999999999810e-01 7.353469999999999729e-01 6.924559999999999604e-01
6.548699999999999521e-01 6.860129999999999839e-01 6.282339999999999591e-01 6.956949999999999523e-01 6.109580000000000011e-01 6.314229999999999565e-01 6.886539999999999884e-01 6.691989999999999883e-01
6.646929999999999783e-01 7.372710000000000097e-01 7.032289999999999930e-01 7.154220000000000024e-01 6.766579999999999817e-01 7.850610000000000088e-01 7.335409999999999986e-01 7.573490000000000499e-01
7.032509999999999595e-01 6.402079999999999993e-01 5.898919999999999719e-01 7.307320000000000482e-01 6.095699999999999452e-01 6.752590000000000536e-01 7.145639999999999770e-01 7.061680000000000179e-01
7.913080000000000114e-01 7.677720000000000100e-01 7.498930000000000318e-01 7.682320000000000260e-01 6.688779999999999726e-01 7.356310000000000349e-01 7.232739999999999725e-01 6.557699999999999640e-01
7.328149999999999942e-01 6.158449999999999758e-01 7.206850000000000200e-01 6.457690000000000374e-01 7.175700000000000411e-01 6.464680000000000426e-01 6.214790000000000036e-01 7.673609999999999598e-01
6.615900000000000114e-01 8.106130000000000280e-01 7.136599999999999611e-01 6.205509999999999637e-01 6.187570000000000014e-01 6.434779999999999944e-01 7.821960000000000024e-01 7.675220000000000375e-01
7.423800000000000399e-01 6.623710000000000431e-01 6.635189999999999699e-01 6.941779999999999617e-01 7.234469999999999512e-01 6.486539999999999528e-01 7.258790000000000520e-01 6.278380000000000072e-01
5.715940000000000465e-01 6.810370000000000035e-01 7.208630000000000315e-01 6.428890000000000438e-01 7.099590000000000067e-01 7.139860000000000095e-01 6.750310000000000477e-01 7.269320000000000226e-01
7.252570000000000405e-01 6.680589999999999584e-01 6.901289999999999925e-01 7.792989999999999640e-01 7.676509999999999723e-01 6.571820000000000439e-01 6.954890000000000239e-01 6.856959999999999722e-01
7.946100000000000385e-01 7.686030000000000362e-01 6.953179999999999916e-01 7.208459999999999868e-01 6.182800000000000518e-01 7.799230000000000329e-01 7.069729999999999626e-01 7.002739999999999521e-01
7.891280000000000516e-01 7.293720000000000203e-01 7.307609999999999939e-01 6.115209999999999813e-01 6.974470000000000391e-01 7.555960000000000454e-01 6.902449999999999974e-01 7.557549999999999546e-01
5.828670000000000240e-01 6.886210000000000386e-01 7.591369999999999507e-01 7.718460000000000321e-01 6.579450000000000021e-01 6.258510000000000462e-01 7.460189999999999877e-01 7.088860000000000161e-01
7.308890000000000109e-01 6.241970000000000018e-01 6.438080000000000469e-01 7.007510000000000128e-01 5.766829999999999457e-01 6.174429999999999641e-01 5.058439999999999603e-01 6.980779999999999763e-01
6.423290000000000388e-01 6.110619999999999941e-01 7.049159999999999870e-01 7.544499999999999540e-01 6.715339999999999643e-01 6.139780000000000237e-01 7.384500000000000508e-01 6.029839999999999645e-01
8.025430000000000064e-01 7.038170000000000259e-01 6.506549999999999834e-01 7.024599999999999733e-01 5.513489999999999780e-01 6.905850000000000044e-01 7.635009999999999852e-01 6.821359999999999646e-01
7.364969999999999573e-01 6.956940000000000346e-01 6.162339999999999485e-01 6.526720000000000299e-01 5.334039999999999893e-01 7.587439999999999740e-01 7.746950000000000225e-01 6.820300000000000251e-01
6.486619999999999608e-01 7.559019999999999628e-01 7.233600000000000030e-01 5.597459999999999658e-01 7.693349999999999911e-01 6.573280000000000234e-01 7.408599999999999630e-01 6.497380000000000377e-01
6.996539999999999981e-01 6.115500000000000380e-01 6.531749999999999501e-01 6.565990000000000437e-01 5.741840000000000277e-01 7.586490000000000178e-01 7.384610000000000340e-01 7.140689999999999538e-01
7.438979999999999482e-01 7.487390000000000434e-01 7.436819999999999542e-01 8.071409999999999973e-01 6.806269999999999820e-01 7.403049999999999908e-01 7.322830000000000172e-01 7.606009999999999716e-01
7.476120000000000543e-01 7.802489999999999704e-01 7.451900000000000190e-01 6.374189999999999579e-01 7.529390000000000249e-01 6.121980000000000199e-01 6.728490000000000304e-01 6.485060000000000269e-01
7.197869999999999546e-01 6.371510000000000229e-01 7.400430000000000064e-01 7.446390000000000509e-01 6.953780000000000516e-01 6.496699999999999697e-01 5.757229999999999848e-01 6.461959999999999926e-01
6.971110000000000362e-01 7.418860000000000454e-01 5.844559999999999755e-01 6.226230000000000375e-01 6.595109999999999584e-01 6.854569999999999830e-01 7.711449999999999694e-01 7.227419999999999956e-01
6.944160000000000332e-01 6.081720000000000459e-01 5.902709999999999901e-01 7.594459999999999544e-01 6.716339999999999533e-01 5.976550000000000473e-01 6.208449999999999802e-01 6.816189999999999749e-01
7.197930000000000161e-01 6.966229999999999922e-01 5.620699999999999585e-01 6.569249999999999812e-01 7.368970000000000242e-01 7.653659999999999908e-01 6.227319999999999522e-01 7.332220000000000404e-01
6.796060000000000434e-01 6.367530000000000134e-01 7.183979999999999810e-01 7.151619999999999644e-01 6.154690000000000438e-01 7.706450000000000244e-01 6.803540000000000143e-01 7.407470000000000443e-01
7.899979999999999780e-01 8.359990000000000476e-01 5.792410000000000059e-01 7.100790000000000157e-01 6.423619999999999886e-01 7.316120000000000401e-01 7.659359999999999502e-01 6.953080000000000371e-01
7.008339999999999570e-01 7.624710000000000099e-01 7.705990000000000339e-01 6.879830000000000112e-01 7.236420000000000075e-01 5.611890000000000489e-01 7.202520000000000033e-01 7.543640000000000345e-01
7.424150000000000471e-01 7.357660000000000311e-01 6.522670000000000412e-01 6.537819999999999743e-01 7.011020000000000030e-01 7.899760000000000115e-01 5.674080000000000235e-01 7.579059999999999686e-01
7.019060000000000299e-01 6.977649999999999686e-01 6.951899999999999746e-01 5.802469999999999573e-01 7.584070000000000533e-01 6.995379999999999932e-01 6.903080000000000327e-01 7.046970000000000178e-01
6.609469999999999512e-01 6.763609999999999900e-01 7.109480000000000244e-01 5.486870000000000358e-01 7.741710000000000536e-01 7.428150000000000031e-01 6.942460000000000298e-01 6.905229999999999979e-01
7.625309999999999588e-01 7.116869999999999585e-01 5.995489999999999986e-01 6.948490000000000499e-01 6.361379999999999812e-01 6.996989999999999599e-01 7.851609999999999978e-01 7.964609999999999745e-01
7.420350000000000001e-01 6.781949999999999923e-01 8.036510000000000042e-01 6.612980000000000524e-01 7.331969999999999876e-01 7.516549999999999621e-01 5.244929999999999870e-01 6.298599999999999755e-01
7.947920000000000540e-01 6.175519999999999898e-01 6.027109999999999967e-01 7.057069999999999732e-01 7.015580000000000149e-01 5.655550000000000299e-01 7.235930000000000417e-01 7.397160000000000402e-01
7.027710000000000345e-01 6.119999999999999885e-01 6.096639999999999837e-01 7.314359999999999751e-01 7.364570000000000283e-01 6.959060000000000246e-01 7.532720000000000526e-01 5.660530000000000284e-01
5.829170000000000185e-01 6.984409999999999785e-01 6.994169999999999554e-01 5.240359999999999463e-01 7.113159999999999483e-01 8.166670000000000318e-01 6.058099999999999596e-01 7.936950000000000394e-01
6.296659999999999480e-01 6.444929999999999826e-01 5.441970000000000418e-01 7.295169999999999710e-01 7.280839999999999534e-01 7.690369999999999706e-01 7.258660000000000112e-01 6.229019999999999557e-01
5.600749999999999895e-01 6.108339999999999881e-01 6.371160000000000156e-01 8.160380000000000411e-01 6.140700000000000047e-01 7.178510000000000169e-01 6.004009999999999625e-01 7.290510000000000046e-01
8.549780000000000157e-01 7.490350000000000064e-01 6.997769999999999824e-01 7.879490000000000105e-01 6.687229999999999563e-01 6.887339999999999574e-01 7.208930000000000060e-01 7.125340000000000007e-01
6.025760000000000005e-01 7.750620000000000287e-01 6.175899999999999723e-01 7.687760000000000149e-01 7.265679999999999916e-01 7.535199999999999676e-01 6.475319999999999965e-01 6.195739999999999581e-01
7.884670000000000289e-01 7.483379999999999477e-01 6.803649999999999975e-01 7.290619999999999878e-01 7.739679999999999893e-01 7.086390000000000189e-01 7.681130000000000457e-01 5.813960000000000239e-01
5.738799999999999457e-01 5.143630000000000146e-01 7.641970000000000152e-01 6.716379999999999573e-01 7.004399999999999515e-01 4.299910000000000121e-01 7.875360000000000138e-01 7.450210000000000443e-01
6.855269999999999975e-01 6.892740000000000533e-01 6.394159999999999844e-01 8.033970000000000278e-01 7.695239999999999858e-01 7.762120000000000131e-01 6.430289999999999617e-01 6.524349999999999872e-01
7.582940000000000236e-01 7.620149999999999979e-01 7.802200000000000246e-01 8.129760000000000320e-01 7.025470000000000326e-01 7.463710000000000067e-01 7.713649999999999674e-01 7.610740000000000283e-01
6.827919999999999545e-01 7.700709999999999500e-01 6.490930000000000311e-01 7.817079999999999584e-01 7.560369999999999591e-01 6.721230000000000260e-01 6.149740000000000206e-01 6.544919999999999627e-01
6.796060000000000434e-01 7.464840000000000364e-01 6.375439999999999996e-01 7.155190000000000161e-01 7.584039999999999671e-01 7.014540000000000219e-01 7.770979999999999555e-01 6.887320000000000109e-01
7.610559999999999548e-01 7.602320000000000189e-01 7.840989999999999904e-01 5.024220000000000352e-01 6.798030000000000461e-01 6.342069999999999652e-01 6.812190000000000190e-01 7.224030000000000173e-01
6.814810000000000034e-01 6.975670000000000481e-01 5.947029999999999816e-01 7.424809999999999466e-01 6.153579999999999606e-01 7.223559999999999981e-01 5.806350000000000122e-01 7.170279999999999987e-01
7.404969999999999608e-01 7.117529999999999690e-01 6.523369999999999447e-01 7.088039999999999896e-01 8.203819999999999446e-01 7.407270000000000243e-01 6.567220000000000280e-01 7.051699999999999635e-01
7.302570000000000450e-01 6.173980000000000024e-01 6.843019999999999659e-01 6.490409999999999791e-01 6.754459999999999908e-01 7.208419999999999828e-01 6.198069999999999968e-01 6.793590000000000462e-01
6.837820000000000009e-01 6.762010000000000520e-01 6.819990000000000219e-01 6.278110000000000079e-01 7.291299999999999448e-01 7.419769999999999976e-01 6.707260000000000444e-01 7.499209999999999487e-01
5.977360000000000451e-01 6.969100000000000295e-01 7.801620000000000221e-01 7.010579999999999590e-01 6.916740000000000110e-01 7.090229999999999588e-01 7.027930000000000010e-01 5.914629999999999610e-01
8.040810000000000457e-01 5.783890000000000420e-01 6.552559999999999496e-01 6.544689999999999674e-01 7.115650000000000031e-01 6.481440000000000534e-01 6.672730000000000050e-01 7.446720000000000006e-01
6.484509999999999996e-01 7.284080000000000554e-01 6.236000000000000432e-01 6.727100000000000302e-01 6.312470000000000026e-01 6.436220000000000274e-01 7.697889999999999455e-01 6.315229999999999455e-01
6.346669999999999812e-01 6.406939999999999857e-01 6.241269999999999873e-01 7.449580000000000091e-01 6.376039999999999486e-01 5.966280000000000472e-01 8.055700000000000083e-01 7.433480000000000087e-01
7.328519999999999479e-01 7.653309999999999835e-01 8.092500000000000249e-01 8.021779999999999466e-01 7.850390000000000423e-01 8.398349999999999982e-01 6.817149999999999599e-01 6.827779999999999960e-01
7.018419999999999659e-01 6.435459999999999514e-01 6.470270000000000188e-01 6.462400000000000366e-01 7.744760000000000533e-01 5.889839999999999520e-01 7.951690000000000147e-01 7.899070000000000258e-01
8.642250000000000210e-01 6.824829999999999508e-01 8.228029999999999511e-01 6.881739999999999524e-01 8.071819999999999551e-01 6.886390000000000011e-01 7.593280000000000030e-01 6.309519999999999573e-01
7.225660000000000416e-01 8.097600000000000353e-01 6.870169999999999888e-01 7.235129999999999617e-01 6.984749999999999570e-01 7.626749999999999918e-01 8.334829999999999739e-01 7.771479999999999499e-01
7.771869999999999612e-01 7.190809999999999702e-01 7.448129999999999473e-01 7.057689999999999797e-01 6.617239999999999789e-01 7.918030000000000346e-01 6.258610000000000007e-01 7.187930000000000152e-01
7.842710000000000514e-01 7.173680000000000057e-01 7.617000000000000437e-01 6.319909999999999695e-01 7.302480000000000082e-01 7.562950000000000506e-01 6.609469999999999512e-01 6.934940000000000548e-01
6.294319999999999915e-01 7.670649999999999968e-01 7.413469999999999782e-01 6.606370000000000298e-01 7.920469999999999455e-01 7.611660000000000093e-01 7.433469999999999800e-01 6.493929999999999980e-01
7.320809999999999818e-01 7.982439999999999536e-01 7.910880000000000134e-01 6.943059999999999787e-01 6.700509999999999522e-01 7.216550000000000464e-01 7.639200000000000434e-01 7.436249999999999805e-01
7.078689999999999705e-01 8.117640000000000411e-01 8.309079999999999799e-01 7.044139999999999846e-01 7.639219999999999899e-01 5.863429999999999476e-01 6.424299999999999455e-01 7.659129999999999550e-01
7.869760000000000089e-01 6.877619999999999845e-01 6.040860000000000118e-01 7.376049999999999551e-01 6.701009999999999467e-01 6.747030000000000527e-01 6.411200000000000232e-01 7.919500000000000428e-01
6.173760000000000359e-01 6.286869999999999958e-01 8.205489999999999728e-01 6.740909999999999958e-01 7.294019999999999948e-01 7.195129999999999582e-01 6.991789999999999949e-01 7.670700000000000296e-01
7.739570000000000061e-01 6.527619999999999534e-01 6.421689999999999898e-01 6.321870000000000545e-01 8.159229999999999539e-01 6.608800000000000230e-01 6.019090000000000273e-01 7.938530000000000308e-01
8.350309999999999677e-01 6.068719999999999670e-01 7.221619999999999706e-01 7.556559999999999944e-01 6.649239999999999595e-01 7.649089999999999501e-01 6.520639999999999770e-01 6.880220000000000224e-01
7.611869999999999470e-01 6.817429999999999879e-01 7.945579999999999865e-01 7.077269999999999950e-01 7.352929999999999744e-01 7.514269999999999561e-01 6.782629999999999493e-01 7.364070000000000338e-01
7.543959999999999555e-01 6.772350000000000314e-01 8.458879999999999733e-01 6.916309999999999958e-01 7.242349999999999621e-01 8.051789999999999781e-01 7.078489999999999505e-01 6.403339999999999588e-01
6.334130000000000038e-01 7.392800000000000482e-01 7.771219999999999795e-01 7.941470000000000473e-01 6.153119999999999701e-01 6.644719999999999516e-01 6.542350000000000110e-01 7.627150000000000318e-01
8.095210000000000461e-01 6.819610000000000394e-01 6.409439999999999582e-01 7.343450000000000255e-01 7.033800000000000052e-01 7.779930000000000456e-01 7.460120000000000084e-01 7.394659999999999567e-01
8.269530000000000491e-01 6.928819999999999979e-01 7.908760000000000234e-01 7.976079999999999837e-01 7.272349999999999648e-01 7.524319999999999897e-01 7.934660000000000046e-01 5.526529999999999498e-01
6.717570000000000485e-01 7.315009999999999568e-01 7.986529999999999463e-01 7.894379999999999731e-01 7.049929999999999808e-01 7.096080000000000165e-01 5.509199999999999653e-01 7.728110000000000257e-01
7.552470000000000017e-01 7.324500000000000455e-01 7.192049999999999832e-01 8.440879999999999495e-01 7.906640000000000335e-01 7.507800000000000029e-01 7.169100000000000472e-01 7.085770000000000124e-01
6.598730000000000429e-01 8.300060000000000215e-01 7.119069999999999565e-01 7.058720000000000550e-01 6.938889999999999780e-01 7.589949999999999752e-01 6.799330000000000096e-01 7.079919999999999547e-01
5.962150000000000505e-01 7.181929999999999703e-01 8.060840000000000227e-01 7.687969999999999526e-01 7.304939999999999767e-01 7.983390000000000208e-01 7.603330000000000366e-01 7.720529999999999893e-01
6.714809999999999945e-01 7.310210000000000319e-01 7.208240000000000203e-01 7.962369999999999726e-01 7.093720000000000026e-01 7.798159999999999537e-01 6.664090000000000291e-01 7.565770000000000550e-01
7.750150000000000095e-01 7.224239999999999551e-01 7.151880000000000459e-01 6.547370000000000134e-01 6.800559999999999938e-01 6.454520000000000257e-01 6.512970000000000148e-01 8.151359999999999717e-01
7.043199999999999461e-01 7.645619999999999639e-01 7.196939999999999449e-01 6.565910000000000357e-01 7.926309999999999745e-01 6.116930000000000422e-01 7.590639999999999610e-01 6.563980000000000370e-01
4.556029999999999802e-01 7.577650000000000219e-01 7.587840000000000140e-01 6.371170000000000444e-01 6.960389999999999633e-01 7.268280000000000296e-01 7.748840000000000172e-01 7.553879999999999484e-01
8.584509999999999641e-01 7.381609999999999561e-01 7.780650000000000066e-01 7.484220000000000317e-01 6.076340000000000074e-01 7.359799999999999676e-01 8.161800000000000166e-01 6.325380000000000447e-01
5.802659999999999485e-01 8.022200000000000442e-01 6.415840000000000432e-01 5.585409999999999542e-01 7.145160000000000400e-01 7.317110000000000003e-01 5.847459999999999880e-01 6.066289999999999738e-01
7.281180000000000430e-01 6.822599999999999776e-01 7.261969999999999814e-01 7.983109999999999928e-01 8.327930000000000055e-01 6.762599999999999723e-01 5.845979999999999510e-01 7.703430000000000000e-01
7.297799999999999843e-01 7.381849999999999801e-01 8.010059999999999958e-01 8.219640000000000279e-01 6.736410000000000453e-01 7.516300000000000203e-01 7.520630000000000370e-01 7.698880000000000168e-01
6.393130000000000202e-01 7.202070000000000416e-01 7.519660000000000233e-01 7.393300000000000427e-01 6.834940000000000460e-01 9.017159999999999620e-01 7.124030000000000085e-01 6.230970000000000120e-01
8.154420000000000002e-01 8.322939999999999783e-01 6.503980000000000317e-01 7.243239999999999679e-01 8.304519999999999680e-01 7.918479999999999963e-01 7.046660000000000146e-01 7.733079999999999954e-01
6.517779999999999685e-01 8.562849999999999628e-01 5.642559999999999798e-01 7.658500000000000307e-01 6.722380000000000022e-01 7.594459999999999544e-01 7.109910000000000396e-01 7.114209999999999701e-01
7.623619999999999841e-01 6.940920000000000423e-01 7.008339999999999570e-01 5.346710000000000074e-01 7.580400000000000471e-01 7.245120000000000449e-01 6.997539999999999871e-01 6.776029999999999553e-01
6.972549999999999581e-01 7.913900000000000379e-01 6.659049999999999692e-01 7.694260000000000543e-01 7.460040000000000004e-01 6.837450000000000472e-01 7.096320000000000405e-01 7.789939999999999642e-01
6.385420000000000540e-01 7.656739999999999657e-01 6.325819999999999776e-01 8.568160000000000220e-01 7.478050000000000530e-01 6.545469999999999899e-01 7.010429999999999717e-01 7.719869999999999788e-01
6.988809999999999745e-01 7.188050000000000272e-01 6.654910000000000547e-01 7.622219999999999551e-01 6.481109999999999927e-01 5.410970000000000502e-01 7.011500000000000510e-01 8.101509999999999545e-01
7.647420000000000329e-01 7.112960000000000393e-01 5.954840000000000133e-01 7.147419999999999884e-01 7.653860000000000108e-01 7.846570000000000489e-01 6.594410000000000549e-01 7.157170000000000476e-01
7.017069999999999697e-01 6.524119999999999919e-01 6.399780000000000468e-01 7.441440000000000277e-01 7.851540000000000186e-01 7.541970000000000063e-01 6.956149999999999833e-01 7.821099999999999719e-01
7.120239999999999903e-01 6.864970000000000239e-01 7.271739999999999871e-01 7.438540000000000152e-01 7.002329999999999943e-01 5.883110000000000284e-01 6.211179999999999479e-01 5.901760000000000339e-01
8.232770000000000366e-01 8.264289999999999692e-01 7.485840000000000272e-01 7.308139999999999636e-01 7.546960000000000335e-01 8.081990000000000007e-01 7.379299999999999748e-01 6.592459999999999987e-01
7.659510000000000485e-01 6.285500000000000531e-01 7.324690000000000367e-01 6.565339999999999510e-01 6.214439999999999964e-01 7.651069999999999816e-01 6.455589999999999939e-01 6.547899999999999832e-01
5.761730000000000462e-01 7.075289999999999635e-01 7.210509999999999975e-01 7.052310000000000523e-01 6.533379999999999743e-01 6.629150000000000320e-01 8.103139999999999787e-01 7.176709999999999479e-01
7.815260000000000540e-01 7.042460000000000386e-01 7.541109999999999758e-01 6.560179999999999900e-01 7.840549999999999464e-01 7.585359999999999880e-01 8.413789999999999880e-01 5.929339999999999611e-01
5.953370000000000051e-01 7.749639999999999862e-01 7.235869999999999802e-01 7.147339999999999804e-01 6.861469999999999514e-01 8.312789999999999901e-01 6.475640000000000285e-01 6.418260000000000076e-01
6.154819999999999736e-01 6.085260000000000113e-01 6.987250000000000405e-01 7.712440000000000406e-01 7.848600000000000021e-01 6.148249999999999549e-01 7.315509999999999513e-01 6.797459999999999614e-01
8.629360000000000364e-01 6.642919999999999936e-01 8.039659999999999584e-01 7.232450000000000268e-01 7.319390000000000063e-01 8.421039999999999637e-01 6.747720000000000384e-01 6.344779999999999864e-01
7.888079999999999536e-01 6.684560000000000501e-01 6.730030000000000179e-01 6.499599999999999822e-01 7.804750000000000298e-01 5.315969999999999862e-01 6.754780000000000229e-01 7.898020000000000040e-01
8.455310000000000326e-01 7.697199999999999598e-01 6.980539999999999523e-01 8.239429999999999810e-01 6.195429999999999549e-01 7.643760000000000554e-01 6.449979999999999603e-01 7.268769999999999953e-01
6.751530000000000031e-01 7.614210000000000145e-01 6.247559999999999780e-01 6.719410000000000105e-01 8.682130000000000125e-01 6.871270000000000433e-01 4.690810000000000257e-01 7.400660000000000016e-01
7.424380000000000424e-01 6.321630000000000305e-01 7.009319999999999995e-01 6.238240000000000451e-01 6.953810000000000269e-01 6.163499999999999535e-01 7.309210000000000429e-01 7.124040000000000372e-01
5.288589999999999680e-01 6.888600000000000279e-01 8.506359999999999477e-01 7.292450000000000321e-01 7.492609999999999548e-01 7.041739999999999666e-01 8.610360000000000236e-01 7.235679999999999890e-01
7.886900000000000022e-01 6.153729999999999478e-01 7.309590000000000254e-01 6.528399999999999759e-01 7.819530000000000092e-01 7.827020000000000088e-01 7.181669999999999998e-01 7.389229999999999965e-01
9.065239999999999965e-01 7.294840000000000213e-01 7.442579999999999751e-01 7.086179999999999701e-01 6.304269999999999596e-01 6.507070000000000354e-01 8.176999999999999824e-01 7.483009999999999939e-01
7.089790000000000258e-01 6.869690000000000518e-01 7.386120000000000463e-01 7.900230000000000308e-01 8.053069999999999951e-01 6.987299999999999622e-01 7.255770000000000275e-01 5.483820000000000361e-01
7.172410000000000174e-01 7.363129999999999953e-01 8.096999999999999753e-01 7.974649999999999794e-01 6.874240000000000350e-01 6.674619999999999997e-01 6.954120000000000301e-01 5.720730000000000537e-01
7.486450000000000049e-01 7.293169999999999931e-01 5.265790000000000193e-01 6.567880000000000384e-01 6.690599999999999881e-01 8.268459999999999699e-01 7.673510000000000053e-01 7.698960000000000248e-01
6.002129999999999965e-01 7.677040000000000530e-01 6.837739999999999929e-01 6.969809999999999617e-01 6.401550000000000296e-01 7.987250000000000183e-01 7.351799999999999446e-01 7.540350000000000108e-01
7.432260000000000533e-01 6.188500000000000112e-01 6.185079999999999467e-01 7.289219999999999589e-01 7.336240000000000538e-01 7.477279999999999482e-01 6.884090000000000487e-01 7.470189999999999886e-01
6.427859999999999685e-01 6.698979999999999935e-01 7.732120000000000104e-01 7.739960000000000173e-01 7.472239999999999993e-01 7.019870000000000276e-01 7.275160000000000515e-01 7.203040000000000553e-01
6.112579999999999680e-01 6.229289999999999550e-01 7.118900000000000228e-01 7.303920000000000412e-01 7.426749999999999741e-01 8.797319999999999585e-01 8.063379999999999992e-01 7.852069999999999883e-01
6.865769999999999929e-01 8.339320000000000066e-01 6.275560000000000027e-01 6.950680000000000192e-01 7.014709999999999557e-01 7.336920000000000108e-01 7.605420000000000513e-01 6.155169999999999808e-01
7.722069999999999768e-01 7.961819999999999453e-01 6.863050000000000539e-01 6.993540000000000312e-01 6.306969999999999521e-01 7.039950000000000374e-01 6.433400000000000230e-01 7.011469999999999647e-01
7.024430000000000396e-01 7.782700000000000173e-01 8.128229999999999622e-01 6.465610000000000523e-01 7.674509999999999943e-01 8.790550000000000308e-01 6.083600000000000119e-01 7.883149999999999880e-01
7.503109999999999502e-01 5.486790000000000278e-01 7.728979999999999739e-01 7.005540000000000100e-01 7.195850000000000302e-01 8.112479999999999691e-01 6.806060000000000443e-01 7.920030000000000125e-01
7.941350000000000353e-01 7.937760000000000371e-01 7.372159999999999824e-01 6.358669999999999600e-01 6.143049999999999899e-01 8.081359999999999655e-01 7.508390000000000342e-01 6.924179999999999779e-01
6.629749999999999810e-01 7.545969999999999622e-01 6.659469999999999557e-01 7.964139999999999553e-01 5.756339999999999790e-01 6.578669999999999796e-01 5.619939999999999936e-01 7.715199999999999836e-01
6.900669999999999860e-01 7.797279999999999767e-01 7.676020000000000065e-01 6.725449999999999484e-01 7.826779999999999848e-01 7.990580000000000460e-01 8.650499999999999856e-01 6.722280000000000477e-01
7.840160000000000462e-01 7.682440000000000380e-01 5.789389999999999814e-01 5.639619999999999633e-01 7.270180000000000531e-01 7.119309999999999805e-01 6.976890000000000036e-01 7.609829999999999650e-01
6.305779999999999719e-01 7.302300000000000457e-01 6.721669999999999590e-01 6.791779999999999484e-01 7.501250000000000417e-01 7.808920000000000305e-01 7.161020000000000163e-01 7.174829999999999819e-01
7.917729999999999491e-01 8.076090000000000213e-01 8.136569999999999636e-01 6.333339999999999526e-01 7.318839999999999790e-01 7.956109999999999571e-01 7.095960000000000045e-01 8.132470000000000532e-01
7.148999999999999799e-01 7.457089999999999552e-01 6.952260000000000106e-01 5.878999999999999782e-01 8.035320000000000240e-01 7.034399999999999542e-01 7.024190000000000156e-01 7.591179999999999595e-01
6.908140000000000391e-01 7.392769999999999619e-01 6.677999999999999492e-01 6.555849999999999733e-01 7.955619999999999914e-01 6.994949999999999779e-01 8.576369999999999827e-01 7.829089999999999661e-01
7.873890000000000056e-01 6.274910000000000210e-01 6.123210000000000042e-01 7.191969999999999752e-01 6.707189999999999541e-01 5.322050000000000392e-01 7.046550000000000313e-01 8.060329999999999995e-01
7.560320000000000373e-01 6.988400000000000167e-01 7.515279999999999738e-01 6.179949999999999610e-01 5.449829999999999952e-01 6.350350000000000161e-01 7.702560000000000517e-01 7.257919999999999927e-01
8.434580000000000410e-01 6.719589999999999730e-01 6.659150000000000347e-01 7.365699999999999470e-01 6.325359999999999872e-01 7.509219999999999784e-01 7.419970000000000176e-01 7.971939999999999582e-01
6.676260000000000527e-01 6.967879999999999630e-01 6.266439999999999788e-01 7.531360000000000277e-01 7.016160000000000174e-01 5.509570000000000300e-01 6.525549999999999962e-01 7.556490000000000151e-01
6.747610000000000552e-01 7.631850000000000023e-01 7.119950000000000445e-01 6.688009999999999788e-01 7.688420000000000254e-01 7.854039999999999910e-01 6.750890000000000502e-01 7.181110000000000548e-01
9.027789999999999981e-01 6.100569999999999604e-01 7.884320000000000217e-01 6.948199999999999932e-01 6.727889999999999704e-01 7.294009999999999661e-01 8.126120000000000010e-01 8.739299999999999846e-01
7.800399999999999556e-01 7.095019999999999660e-01 6.684099999999999486e-01 7.716420000000000501e-01 7.869680000000000009e-01 6.259310000000000151e-01 8.006199999999999983e-01 7.752149999999999874e-01
5.959299999999999597e-01 8.440499999999999670e-01 7.321269999999999722e-01 7.278219999999999690e-01 7.369440000000000435e-01 7.379700000000000149e-01 7.020650000000000501e-01 7.463530000000000442e-01
7.319890000000000008e-01 8.282049999999999690e-01 8.314209999999999656e-01 7.348609999999999864e-01 6.221459999999999768e-01 6.620059999999999834e-01 5.737060000000000493e-01 5.898550000000000182e-01
7.736819999999999808e-01 8.024210000000000509e-01 7.026029999999999776e-01 7.520350000000000090e-01 6.962249999999999828e-01 6.261489999999999556e-01 8.395040000000000280e-01 8.006480000000000263e-01
7.407529999999999948e-01 7.178970000000000073e-01 7.796359999999999957e-01 7.161800000000000388e-01 7.240229999999999722e-01 8.057429999999999870e-01 7.286920000000000064e-01 5.427039999999999642e-01
7.354880000000000306e-01 6.072389999999999732e-01 6.684210000000000429e-01 8.235789999999999500e-01 7.508310000000000262e-01 8.105980000000000407e-01 5.834160000000000457e-01 7.372889999999999722e-01
6.027670000000000528e-01 6.834759999999999724e-01 6.394300000000000539e-01 8.067020000000000302e-01 7.808370000000000033e-01 7.746450000000000280e-01 6.548349999999999449e-01 7.406490000000000018e-01
7.965790000000000370e-01 8.509390000000000009e-01 7.020129999999999981e-01 7.557350000000000456e-01 7.927710000000000035e-01 7.536329999999999973e-01 6.644870000000000498e-01 7.269170000000000353e-01
6.410449999999999759e-01 6.925700000000000189e-01 6.592799999999999772e-01 6.932350000000000456e-01 7.586140000000000105e-01 7.443089999999999984e-01 7.630059999999999620e-01 6.974749999999999561e-01
6.580300000000000038e-01 6.992380000000000262e-01 8.048880000000000479e-01 5.679830000000000156e-01 5.060090000000000421e-01 7.914769999999999861e-01 7.027250000000000441e-01 8.155179999999999652e-01
8.124550000000000383e-01 4.586589999999999834e-01 6.592430000000000234e-01 7.270489999999999453e-01 8.194820000000000437e-01 7.012460000000000360e-01 7.889950000000000019e-01 8.681790000000000340e-01
6.508239999999999581e-01 6.115939999999999710e-01 7.777549999999999741e-01 7.177559999999999496e-01 7.525549999999999740e-01 8.492800000000000349e-01 6.865200000000000191e-01 7.209419999999999717e-01
6.157110000000000083e-01 8.265419999999999989e-01 8.271190000000000486e-01 6.963749999999999662e-01 6.433849999999999847e-01 8.600590000000000179e-01 8.281840000000000312e-01 7.472109999999999586e-01
7.190630000000000077e-01 6.666530000000000511e-01 8.113329999999999709e-01 8.707730000000000192e-01 7.981089999999999574e-01 7.705100000000000282e-01 6.367760000000000087e-01 7.100049999999999972e-01
7.344749999999999890e-01 7.524999999999999467e-01 7.495060000000000056e-01 6.413349999999999884e-01 7.752599999999999492e-01 5.809729999999999617e-01 7.013439999999999674e-01 7.267949999999999688e-01
7.596570000000000267e-01 7.181570000000000453e-01 6.661430000000000407e-01 7.808500000000000441e-01 7.633910000000000418e-01 7.989509999999999668e-01 7.077930000000000055e-01 7.511729999999999796e-01
7.224070000000000213e-01 7.669219999999999926e-01 7.097710000000000408e-01 8.171859999999999680e-01 6.878060000000000285e-01 8.161380000000000301e-01 7.847060000000000146e-01 6.977449999999999486e-01
7.792540000000000022e-01 6.755309999999999926e-01 7.409459999999999935e-01 5.789760000000000462e-01 5.936129999999999463e-01 7.421609999999999596e-01 8.176959999999999784e-01 7.139969999999999928e-01
6.634970000000000034e-01 6.935240000000000293e-01 6.564640000000000475e-01 7.153199999999999559e-01 7.379689999999999861e-01 6.932430000000000536e-01 5.773500000000000298e-01 8.210739999999999705e-01
7.143040000000000500e-01 7.298679999999999612e-01 7.095799999999999885e-01 4.193999999999999950e-01 6.236939999999999706e-01 6.659110000000000307e-01 7.512020000000000364e-01 7.100239999999999885e-01
8.198649999999999549e-01 7.218170000000000419e-01 6.829800000000000315e-01 8.329509999999999970e-01 5.729619999999999713e-01 7.427839999999999998e-01 7.104070000000000107e-01 6.009700000000000042e-01
7.441229999999999789e-01 7.647089999999999721e-01 7.095650000000000013e-01 5.151529999999999720e-01 7.591630000000000322e-01 8.072489999999999943e-01 6.867079999999999851e-01 7.020600000000000174e-01
8.493330000000000046e-01 7.494539999999999536e-01 6.303180000000000449e-01 8.171359999999999735e-01 7.328299999999999814e-01 7.805940000000000101e-01 7.862710000000000532e-01 7.420309999999999961e-01
8.029789999999999983e-01 7.592929999999999957e-01 5.856740000000000279e-01 7.698829999999999840e-01 6.390439999999999454e-01 7.812689999999999912e-01 6.095679999999999987e-01 8.531490000000000462e-01
7.056270000000000042e-01 7.483269999999999644e-01 6.727499999999999591e-01 7.430590000000000250e-01 6.580230000000000246e-01 6.801110000000000211e-01 7.467070000000000096e-01 8.684659999999999602e-01
7.974440000000000417e-01 7.904250000000000442e-01 4.418059999999999765e-01 8.481440000000000090e-01 6.406359999999999832e-01 7.463579999999999659e-01 6.670669999999999655e-01 7.352379999999999471e-01
6.750960000000000294e-01 6.481919999999999904e-01 6.720140000000000002e-01 7.385570000000000190e-01 7.513600000000000279e-01 6.133180000000000298e-01 8.190469999999999695e-01 7.504889999999999617e-01
8.555199999999999472e-01 7.054300000000000015e-01 7.271210000000000173e-01 6.780279999999999641e-01 7.824459999999999749e-01 8.018750000000000044e-01 6.985839999999999828e-01 6.744710000000000427e-01
6.230649999999999800e-01 7.948929999999999607e-01 7.677399999999999780e-01 7.027550000000000185e-01 7.357000000000000206e-01 7.372649999999999482e-01 6.899969999999999715e-01 6.942829999999999835e-01
7.618719999999999937e-01 6.866910000000000514e-01 5.965479999999999672e-01 7.519780000000000353e-01 7.394490000000000229e-01 7.635159999999999725e-01 8.189079999999999693e-01 8.453380000000000338e-01
7.007989999999999498e-01 6.998140000000000471e-01 7.793849999999999945e-01 7.025869999999999616e-01 8.569020000000000525e-01 8.179380000000000539e-01 7.933510000000000284e-01 6.234180000000000277e-01
7.112230000000000496e-01 7.621809999999999974e-01 8.003479999999999484e-01 7.530810000000000004e-01 6.267430000000000501e-01 6.785149999999999793e-01 8.280079999999999663e-01 5.999740000000000073e-01
7.856889999999999707e-01 6.709640000000000049e-01 6.781209999999999738e-01 6.781289999999999818e-01 6.989999999999999547e-01 7.920979999999999688e-01 7.471999999999999753e-01 7.722299999999999720e-01
6.678020000000000067e-01 4.026919999999999944e-01 7.337150000000000061e-01 8.537059999999999649e-01 6.093319999999999848e-01 8.109189999999999454e-01 7.064920000000000089e-01 6.593229999999999924e-01
7.508500000000000174e-01 7.053249999999999797e-01 6.229010000000000380e-01 7.255230000000000290e-01 7.133899999999999686e-01 7.542769999999999753e-01 6.961410000000000098e-01 6.546549999999999869e-01
7.077149999999999830e-01 7.569160000000000332e-01 6.942909999999999915e-01 6.789389999999999592e-01 6.651860000000000550e-01 5.668279999999999985e-01 5.934209999999999763e-01 8.058180000000000343e-01
5.960990000000000455e-01 7.867870000000000141e-01 7.501529999999999587e-01 8.613750000000000018e-01 7.884809999999999874e-01 6.037029999999999896e-01 6.317289999999999850e-01 7.850399999999999601e-01
7.466960000000000264e-01 6.930720000000000214e-01 7.459770000000000012e-01 7.909129999999999772e-01 8.091230000000000366e-01 7.514199999999999768e-01 8.125109999999999832e-01 7.487369999999999859e-01
7.971540000000000292e-01 8.106480000000000352e-01 7.550459999999999949e-01 6.462930000000000064e-01 6.634349999999999969e-01 7.011939999999999840e-01 7.432800000000000518e-01 7.412509999999999932e-01
9.026999999999999469e-01 8.634429999999999605e-01 6.108040000000000136e-01 7.738779999999999548e-01 6.477600000000000025e-01 6.913789999999999658e-01 7.535640000000000116e-01 7.652379999999999738e-01
6.438319999999999599e-01 8.156759999999999566e-01 6.587870000000000115e-01 7.626020000000000021e-01 6.265870000000000051e-01 6.249550000000000383e-01 7.843569999999999709e-01 8.189640000000000253e-01
7.589740000000000375e-01 6.024439999999999795e-01 7.091560000000000086e-01 5.667520000000000335e-01 8.069429999999999659e-01 5.609579999999999567e-01 6.363689999999999625e-01 8.129279999999999839e-01
6.815099999999999492e-01 5.629349999999999632e-01 4.750050000000000106e-01 6.068569999999999798e-01 7.289799999999999613e-01 6.500320000000000542e-01 5.065439999999999943e-01 7.695800000000000418e-01
6.288529999999999953e-01 7.075759999999999827e-01 7.303319999999999812e-01 6.521869999999999612e-01 8.211920000000000330e-01 7.520419999999999883e-01 7.282480000000000064e-01 7.042629999999999724e-01
8.561520000000000241e-01 7.568719999999999892e-01 8.008420000000000538e-01 6.876959999999999740e-01 8.540830000000000366e-01 4.951409999999999978e-01 7.647329999999999961e-01 7.008349999999999858e-01
7.456359999999999655e-01 7.901820000000000510e-01 5.439079999999999471e-01 7.436009999999999565e-01 6.801920000000000188e-01 7.028290000000000370e-01 7.693640000000000478e-01 7.322969999999999757e-01
6.247880000000000100e-01 6.511090000000000488e-01 7.257099999999999662e-01 6.907060000000000421e-01 6.019409999999999483e-01 6.616490000000000427e-01 7.506410000000000027e-01 8.327390000000000070e-01
6.933190000000000186e-01 8.114799999999999791e-01 7.465490000000000181e-01 7.901949999999999807e-01 7.251640000000000308e-01 6.476750000000000007e-01 6.566429999999999767e-01 8.157940000000000191e-01
6.840070000000000316e-01 7.473300000000000498e-01 6.163870000000000182e-01 7.413239999999999830e-01 6.617450000000000276e-01 8.030129999999999768e-01 8.009830000000000005e-01 8.133860000000000534e-01
8.490410000000000457e-01 7.269229999999999858e-01 6.606119999999999770e-01 6.339599999999999680e-01 7.867439999999999989e-01 6.771650000000000169e-01 5.802610000000000268e-01 8.194660000000000277e-01
7.605870000000000131e-01 6.348409999999999886e-01 7.283129999999999882e-01 7.088750000000000329e-01 7.640299999999999869e-01 6.206540000000000390e-01 6.444800000000000528e-01 6.412489999999999579e-01
6.738009999999999833e-01 7.008760000000000545e-01 7.136799999999999811e-01 8.981409999999999672e-01 6.809790000000000010e-01 8.209750000000000103e-01 7.623780000000000001e-01 6.393459999999999699e-01
8.871280000000000276e-01 6.258949999999999791e-01 6.144610000000000349e-01 6.582909999999999595e-01 7.381670000000000176e-01 6.510040000000000271e-01 6.659140000000000059e-01 7.793889999999999985e-01
5.995009999999999506e-01 6.739089999999999803e-01 6.720509999999999540e-01 6.495210000000000150e-01 7.621390000000000109e-01 6.352360000000000229e-01 6.680490000000000039e-01 7.213019999999999987e-01
6.164730000000000487e-01 6.722160000000000357e-01 7.480339999999999767e-01 4.230610000000000204e-01 7.799239999999999506e-01 6.244089999999999918e-01 6.219930000000000181e-01 7.049860000000000015e-01
7.436540000000000372e-01 6.082290000000000196e-01 4.922300000000000009e-01 6.457030000000000269e-01 7.577289999999999859e-01 6.270170000000000465e-01 8.170539999999999470e-01 7.783759999999999568e-01
7.036959999999999882e-01 7.656880000000000353e-01 6.425039999999999640e-01 7.127700000000000147e-01 8.526909999999999767e-01 6.606330000000000258e-01 7.880629999999999580e-01 7.411649999999999627e-01
6.234340000000000437e-01 7.168010000000000215e-01 7.536079999999999446e-01 6.521919999999999940e-01 8.259870000000000267e-01 7.075919999999999987e-01 7.231699999999999795e-01 6.850190000000000445e-01
7.913860000000000339e-01 6.769319999999999782e-01 6.399510000000000476e-01 5.365990000000000482e-01 6.815050000000000274e-01 6.837109999999999577e-01 7.091009999999999813e-01 7.510609999999999786e-01
5.499450000000000172e-01 7.759359999999999591e-01 7.693159999999999998e-01 8.040629999999999722e-01 7.500520000000000520e-01 5.832230000000000469e-01 7.936360000000000081e-01 6.561219999999999830e-01
8.501600000000000268e-01 8.524850000000000483e-01 6.896189999999999820e-01 6.907710000000000239e-01 7.077459999999999862e-01 7.281260000000000510e-01 6.863780000000000436e-01 7.670930000000000248e-01
7.604340000000000543e-01 7.350889999999999924e-01 6.731719999999999926e-01 7.836670000000000025e-01 7.875400000000000178e-01 7.149149999999999672e-01 7.433450000000000335e-01 6.879699999999999704e-01
6.727340000000000542e-01 6.377720000000000056e-01 8.536740000000000439e-01 6.704970000000000097e-01 5.962669999999999915e-01 7.565680000000000183e-01 7.284690000000000332e-01 7.197219999999999729e-01
7.910979999999999679e-01 6.950669999999999904e-01 8.344279999999999475e-01 8.538449999999999651e-01 8.265029999999999877e-01 7.248630000000000351e-01 7.137630000000000363e-01 6.122910000000000297e-01
5.282170000000000476e-01 8.214540000000000175e-01 6.494870000000000365e-01 7.758760000000000101e-01 6.839990000000000236e-01 6.926670000000000327e-01 7.781400000000000539e-01 6.153279999999999861e-01
7.832869999999999555e-01 8.012320000000000553e-01 7.006459999999999910e-01 6.826999999999999735e-01 6.083809999999999496e-01 7.263629999999999809e-01 6.615459999999999674e-01 7.076980000000000492e-01
7.789080000000000448e-01 6.662099999999999689e-01 7.473459999999999548e-01 7.440849999999999964e-01 8.217299999999999605e-01 7.455140000000000100e-01 5.576510000000000078e-01 7.999519999999999964e-01
7.960930000000000506e-01 6.405960000000000543e-01 8.233829999999999760e-01 7.873139999999999583e-01 7.077609999999999735e-01 6.942059999999999897e-01 8.105200000000000182e-01 7.625729999999999453e-01
7.438799999999999857e-01 5.725660000000000194e-01 6.504630000000000134e-01 6.287949999999999928e-01 7.703170000000000295e-01 6.649239999999999595e-01 7.363279999999999825e-01 6.869870000000000143e-01
6.749249999999999972e-01 7.357289999999999663e-01 8.601999999999999647e-01 6.180090000000000305e-01 6.521839999999999860e-01 7.293819999999999748e-01 8.274190000000000156e-01 6.728110000000000479e-01
5.434970000000000079e-01 8.325360000000000538e-01 8.287130000000000329e-01 7.950580000000000425e-01 6.307479999999999754e-01 6.831030000000000157e-01 6.783770000000000078e-01 6.309399999999999453e-01
7.462410000000000432e-01 7.047210000000000418e-01 6.201290000000000413e-01 7.138959999999999750e-01 6.795780000000000154e-01 7.021650000000000391e-01 6.514879999999999560e-01 7.824889999999999901e-01
8.526439999999999575e-01 7.788289999999999935e-01 7.805140000000000411e-01 5.775639999999999663e-01 7.763330000000000508e-01 8.098880000000000523e-01 8.070739999999999581e-01 5.364520000000000399e-01
6.582909999999999595e-01 3.923690000000000233e-01 7.411370000000000458e-01 7.787920000000000398e-01 7.808340000000000281e-01 6.992099999999999982e-01 7.849960000000000271e-01 6.596790000000000154e-01
6.907499999999999751e-01 6.895949999999999580e-01 5.810380000000000544e-01 7.416700000000000514e-01 8.577289999999999637e-01 7.631999999999999895e-01 8.000909999999999966e-01 6.443769999999999776e-01
6.163880000000000470e-01 8.124740000000000295e-01 7.481370000000000520e-01 8.659949999999999593e-01 6.566119999999999735e-01 7.799559999999999826e-01 8.143249999999999655e-01 7.176580000000000181e-01
5.675719999999999654e-01 6.507490000000000219e-01 7.542360000000000175e-01 5.887809999999999988e-01 7.207710000000000505e-01 7.473579999999999668e-01 5.904129999999999656e-01 8.389219999999999455e-01
5.087289999999999868e-01 7.691639999999999588e-01 7.414939999999999864e-01 7.865090000000000137e-01 6.917649999999999633e-01 7.946060000000000345e-01 6.094619999999999482e-01 7.445270000000000499e-01
6.034829999999999917e-01 7.429310000000000080e-01 6.129379999999999828e-01 8.268109999999999626e-01 7.597810000000000397e-01 6.638619999999999521e-01 7.701839999999999797e-01 7.703440000000000287e-01
6.308639999999999803e-01 8.113749999999999574e-01 6.218939999999999468e-01 8.050709999999999811e-01 7.762850000000000028e-01 5.917980000000000462e-01 6.991119999999999557e-01 8.089709999999999956e-01
4.566000000000000059e-01 6.533949999999999481e-01 7.079550000000000010e-01 6.698150000000000492e-01 6.554809999999999803e-01 8.129189999999999472e-01 5.788299999999999557e-01 8.003519999999999524e-01
7.148980000000000334e-01 6.421829999999999483e-01 8.465040000000000342e-01 8.358910000000000506e-01 7.462480000000000224e-01 7.349729999999999874e-01 6.459700000000000442e-01 7.629639999999999755e-01
6.334859999999999935e-01 6.420519999999999561e-01 7.500499999999999945e-01 6.115310000000000468e-01 5.902290000000000036e-01 8.308440000000000270e-01 6.156380000000000186e-01 6.572500000000000009e-01
7.797020000000000062e-01 5.796710000000000473e-01 6.984799999999999898e-01 5.932060000000000111e-01 7.678570000000000118e-01 6.542970000000000175e-01 6.274070000000000480e-01 6.325849999999999529e-01
7.831810000000000160e-01 7.810810000000000253e-01 6.737689999999999513e-01 8.655730000000000368e-01 8.105850000000000000e-01 8.042740000000000444e-01 8.580419999999999714e-01 8.104860000000000397e-01
8.199319999999999942e-01 7.511529999999999596e-01 8.203289999999999749e-01 6.160539999999999905e-01 7.313830000000000053e-01 8.326280000000000348e-01 7.417040000000000299e-01 7.197719999999999674e-01
7.149170000000000247e-01 6.202199999999999935e-01 6.089750000000000441e-01 7.256709999999999550e-01 7.051349999999999563e-01 6.441329999999999556e-01 6.929659999999999709e-01 6.938180000000000458e-01
7.703870000000000440e-01 5.861969999999999681e-01 6.334870000000000223e-01 7.021319999999999784e-01 8.150129999999999875e-01 7.836720000000000352e-01 7.185139999999999860e-01 7.258299999999999752e-01
7.168339999999999712e-01 8.134249999999999536e-01 8.314740000000000464e-01 7.905999999999999694e-01 5.916590000000000460e-01 8.908470000000000555e-01 7.385450000000000070e-01 7.856279999999999930e-01
7.918190000000000506e-01 7.146209999999999507e-01 5.844049999999999523e-01 6.955930000000000168e-01 7.499900000000000455e-01 8.646779999999999466e-01 6.891260000000000163e-01 8.213880000000000070e-01
7.521060000000000523e-01 7.142039999999999500e-01 7.439510000000000289e-01 5.506950000000000456e-01 8.208210000000000228e-01 6.720939999999999692e-01 7.378850000000000131e-01 6.597669999999999924e-01
6.882409999999999917e-01 5.954369999999999941e-01 8.166369999999999463e-01 6.233210000000000139e-01 6.709979999999999833e-01 8.621379999999999599e-01 8.342370000000000063e-01 7.243500000000000494e-01
5.762490000000000112e-01 8.574979999999999825e-01 7.396019999999999817e-01 7.923620000000000108e-01 7.297709999999999475e-01 3.811669999999999781e-01 8.418039999999999967e-01 5.763479999999999714e-01
7.176759999999999806e-01 8.214449999999999807e-01 6.902700000000000502e-01 7.565229999999999455e-01 6.151379999999999626e-01 7.832369999999999610e-01 8.104670000000000485e-01 6.113030000000000408e-01
6.216679999999999984e-01 7.659700000000000397e-01 6.419979999999999576e-01 7.724189999999999667e-01 7.771519999999999539e-01 6.931680000000000064e-01 5.816409999999999636e-01 6.687699999999999756e-01
7.003700000000000481e-01 8.182599999999999874e-01 7.193850000000000522e-01 6.840220000000000189e-01 8.221070000000000322e-01 7.883250000000000535e-01 7.547570000000000112e-01 7.361069999999999558e-01
5.706390000000000073e-01 6.868809999999999638e-01 8.287799999999999612e-01 7.910869999999999846e-01 7.757490000000000219e-01 7.314720000000000111e-01 6.600669999999999593e-01 6.256979999999999764e-01
6.863909999999999734e-01 7.967119999999999758e-01 6.652470000000000327e-01 6.346749999999999892e-01 7.995120000000000005e-01 5.887149999999999883e-01 7.761379999999999946e-01 8.111439999999999761e-01
6.463189999999999769e-01 7.367179999999999840e-01 7.842559999999999532e-01 5.648849999999999705e-01 8.051930000000000476e-01 7.035780000000000367e-01 4.281229999999999758e-01 7.857539999999999525e-01
6.890370000000000106e-01 6.760890000000000510e-01 6.887480000000000269e-01 7.283910000000000107e-01 7.845020000000000326e-01 7.118219999999999548e-01 7.679949999999999832e-01 7.146050000000000457e-01
7.133249999999999869e-01 6.358200000000000518e-01 7.156719999999999748e-01 7.128160000000000052e-01 6.487030000000000296e-01 6.830239999999999645e-01 7.566699999999999537e-01 7.918690000000000451e-01
7.531600000000000517e-01 8.109739999999999727e-01 6.829560000000000075e-01 7.125679999999999792e-01 7.453769999999999563e-01 7.063230000000000341e-01 7.921730000000000160e-01 7.904369999999999452e-01
8.608789999999999498e-01 7.005590000000000428e-01 5.300599999999999756e-01 8.100359999999999783e-01 6.571449999999999791e-01 7.680879999999999930e-01 4.626859999999999862e-01 7.846039999999999681e-01
8.030749999999999833e-01 7.953820000000000334e-01 7.221579999999999666e-01 7.258400000000000407e-01 7.586000000000000520e-01 6.224460000000000548e-01 5.995690000000000186e-01 8.174320000000000475e-01
7.602600000000000469e-01 6.476319999999999855e-01 6.685269999999999824e-01 7.656079999999999552e-01 6.299120000000000275e-01 7.368630000000000457e-01 7.412130000000000107e-01 5.793449999999999989e-01
7.356880000000000086e-01 7.080499999999999572e-01 7.862930000000000197e-01 7.274829999999999908e-01 7.445380000000000331e-01 6.684909999999999464e-01 6.273509999999999920e-01 7.649589999999999446e-01
7.055639999999999690e-01 5.909830000000000361e-01 7.162399999999999878e-01 6.412860000000000227e-01 6.909330000000000194e-01 6.388500000000000290e-01 6.884339999999999904e-01 7.465450000000000141e-01
6.002589999999999870e-01 7.491569999999999618e-01 6.040729999999999711e-01 7.413180000000000325e-01 7.757610000000000339e-01 6.768060000000000187e-01 7.623240000000000016e-01 6.672749999999999515e-01
6.683670000000000444e-01 6.838659999999999739e-01 6.156730000000000258e-01 6.457450000000000134e-01 6.117240000000000455e-01 7.215329999999999799e-01 6.524539999999999784e-01 7.259480000000000377e-01
6.403640000000000443e-01 7.702170000000000405e-01 6.522160000000000180e-01 7.224159999999999471e-01 7.657730000000000370e-01 6.913150000000000128e-01 6.409259999999999957e-01 6.375290000000000123e-01
6.660449999999999982e-01 6.133849999999999580e-01 5.983659999999999535e-01 7.244080000000000519e-01 4.081830000000000180e-01 4.568099999999999938e-01 7.924769999999999870e-01 8.343249999999999833e-01
8.182150000000000256e-01 5.308650000000000313e-01 7.471590000000000176e-01 8.237729999999999775e-01 6.957330000000000458e-01 6.022560000000000136e-01 8.190370000000000150e-01 7.835370000000000390e-01
8.251990000000000158e-01 7.275650000000000173e-01 7.942970000000000308e-01 7.663820000000000077e-01 8.661529999999999507e-01 6.996940000000000381e-01 7.823160000000000114e-01 6.827800000000000535e-01
8.188839999999999453e-01 7.168590000000000240e-01 6.879830000000000112e-01 6.385750000000000037e-01 7.318139999999999645e-01 7.462370000000000392e-01 6.417629999999999724e-01 5.495419999999999749e-01
7.051450000000000218e-01 7.219389999999999974e-01 7.053469999999999462e-01 5.816630000000000411e-01 7.818380000000000329e-01 5.548530000000000406e-01 7.438679999999999737e-01 7.459379999999999900e-01
6.857079999999999842e-01 6.938010000000000010e-01 3.982809999999999961e-01 6.104910000000000059e-01 7.237270000000000092e-01 6.420900000000000496e-01 8.764420000000000543e-01 6.974510000000000431e-01
7.843750000000000444e-01 6.114060000000000050e-01 5.947959999999999914e-01 7.000399999999999956e-01 6.958180000000000476e-01 6.975489999999999746e-01 6.346330000000000027e-01 6.601439999999999531e-01
7.654140000000000388e-01 6.772810000000000219e-01 6.904550000000000409e-01 6.178930000000000256e-01 6.633550000000000280e-01 7.790080000000000338e-01 5.636830000000000451e-01 7.355019999999999891e-01
6.974679999999999769e-01 7.995750000000000357e-01 6.809190000000000520e-01 5.987959999999999949e-01 7.787659999999999583e-01 6.578110000000000346e-01 7.766929999999999668e-01 7.922979999999999468e-01
7.097329999999999472e-01 6.137470000000000425e-01 8.188760000000000483e-01 7.250410000000000466e-01 7.000920000000000476e-01 6.337380000000000235e-01 7.072519999999999918e-01 6.768349999999999644e-01
5.743859999999999522e-01 8.217499999999999805e-01 7.783700000000000063e-01 7.001549999999999718e-01 5.840079999999999716e-01 7.704560000000000297e-01 6.283790000000000209e-01 7.367639999999999745e-01
7.321809999999999707e-01 6.669709999999999805e-01 8.052920000000000078e-01 5.700429999999999664e-01 7.882550000000000390e-01 7.965910000000000490e-01 8.031709999999999683e-01 7.661219999999999697e-01
7.575429999999999664e-01 7.505910000000000082e-01 7.702210000000000445e-01 7.592959999999999710e-01 6.659530000000000172e-01 6.855860000000000287e-01 7.179360000000000186e-01 6.670660000000000478e-01
7.959310000000000551e-01 6.413689999999999669e-01 7.856279999999999930e-01 7.465929999999999511e-01 8.916279999999999761e-01 5.828020000000000422e-01 6.305330000000000101e-01 7.818910000000000027e-01
7.907340000000000479e-01 6.023899999999999810e-01 7.097679999999999545e-01 8.321450000000000236e-01 7.902209999999999512e-01 8.314599999999999769e-01 6.136599999999999833e-01 7.390870000000000495e-01
7.933649999999999869e-01 7.318210000000000548e-01 5.771060000000000079e-01 6.805909999999999460e-01 7.941460000000000186e-01 7.802529999999999744e-01 5.814829999999999721e-01 7.842820000000000347e-01
6.417629999999999724e-01 6.135869999999999935e-01 8.145280000000000298e-01 7.644680000000000364e-01 6.070410000000000528e-01 6.848049999999999971e-01 8.307989999999999542e-01 8.455880000000000063e-01
7.409569999999999768e-01 7.768950000000000022e-01 6.058689999999999909e-01 7.780099999999999794e-01 5.644569999999999865e-01 7.398390000000000244e-01 6.442569999999999686e-01 7.065970000000000306e-01
5.786609999999999809e-01 7.803689999999999793e-01 7.350680000000000547e-01 6.395389999999999686e-01 7.008870000000000378e-01 8.416660000000000252e-01 6.829380000000000450e-01 7.714969999999999883e-01
7.650919999999999943e-01 8.050530000000000186e-01 6.600570000000000048e-01 7.501050000000000217e-01 5.488659999999999650e-01 7.519010000000000415e-01 6.831429999999999447e-01 7.129919999999999591e-01
7.283870000000000067e-01 7.605629999999999891e-01 6.788980000000000015e-01 7.445279999999999676e-01 6.990140000000000242e-01 6.187660000000000382e-01 6.886719999999999509e-01 6.149459999999999926e-01
7.320489999999999498e-01 7.105270000000000197e-01 7.692550000000000221e-01 7.207879999999999843e-01 7.488029999999999964e-01 5.772460000000000369e-01 7.923270000000000035e-01 7.345829999999999860e-01
7.105040000000000244e-01 5.535919999999999730e-01 7.272910000000000208e-01 5.110660000000000203e-01 8.438510000000000177e-01 5.928080000000000016e-01 6.271409999999999485e-01 7.218989999999999574e-01
7.522229999999999750e-01 8.021340000000000137e-01 7.464720000000000244e-01 8.111340000000000217e-01 6.887429999999999941e-01 6.817239999999999966e-01 7.512729999999999686e-01 7.336799999999999988e-01
5.969149999999999734e-01 7.646410000000000151e-01 6.385039999999999605e-01 7.209710000000000285e-01 6.790319999999999689e-01 7.006569999999999743e-01 6.972329999999999917e-01 7.224110000000000253e-01
5.361259999999999915e-01 6.317949999999999955e-01 5.879039999999999822e-01 7.815140000000000420e-01 6.854010000000000380e-01 7.672799999999999621e-01 7.432879999999999487e-01 6.073229999999999462e-01
7.331520000000000259e-01 7.103749999999999787e-01 6.805130000000000345e-01 8.138609999999999456e-01 7.166489999999999805e-01 6.545269999999999699e-01 7.636150000000000437e-01 7.408200000000000340e-01
7.936940000000000106e-01 6.302250000000000352e-01 8.578069999999999862e-01 8.072789999999999688e-01 6.549669999999999659e-01 8.482269999999999532e-01 5.568750000000000089e-01 6.776560000000000361e-01
7.815990000000000437e-01 5.348330000000000028e-01 7.530909999999999549e-01 7.018579999999999819e-01 8.031789999999999763e-01 5.972340000000000426e-01 6.766229999999999745e-01 6.478089999999999682e-01
7.938250000000000028e-01 7.656549999999999745e-01 6.977910000000000501e-01 7.151760000000000339e-01 6.698830000000000062e-01 5.443750000000000533e-01 6.606969999999999787e-01 6.516380000000000505e-01
6.722500000000000142e-01 6.754959999999999853e-01 5.085049999999999848e-01 7.193260000000000209e-01 5.576860000000000150e-01 5.644059999999999633e-01 7.750780000000000447e-01 7.753449999999999509e-01
7.546899999999999720e-01 6.753200000000000314e-01 8.465510000000000534e-01 7.400780000000000136e-01 8.295949999999999713e-01 5.506569999999999521e-01 8.080559999999999965e-01 8.263850000000000362e-01
4.515750000000000042e-01 8.156949999999999479e-01 6.913350000000000328e-01 7.714320000000000066e-01 7.632590000000000208e-01 5.610309999999999464e-01 8.182239999999999513e-01 8.333690000000000264e-01
7.647659999999999458e-01 7.797239999999999727e-01 7.132209999999999939e-01 5.483670000000000488e-01 6.661299999999999999e-01 6.526880000000000459e-01 7.584469999999999823e-01 6.699549999999999672e-01
7.267050000000000454e-01 5.342099999999999627e-01 7.472379999999999578e-01 6.313779999999999948e-01 6.849680000000000213e-01 7.230039999999999800e-01 6.526009999999999867e-01 5.844880000000000075e-01
7.743139999999999468e-01 7.484870000000000134e-01 3.154319999999999902e-01 7.112749999999999906e-01 7.578930000000000389e-01 7.520729999999999915e-01 7.097970000000000113e-01 6.655889999999999862e-01
7.265759999999999996e-01 5.552019999999999733e-01 6.498589999999999645e-01 7.627530000000000143e-01 6.062220000000000386e-01 6.745419999999999749e-01 6.156829999999999803e-01 8.652530000000000499e-01
7.207810000000000050e-01 6.699969999999999537e-01 6.427490000000000148e-01 4.765829999999999789e-01 7.855699999999999905e-01 5.936869999999999647e-01 6.050590000000000135e-01 8.199089999999999989e-01
7.297900000000000498e-01 6.755449999999999511e-01 7.852930000000000188e-01 7.630620000000000180e-01 6.702559999999999629e-01 8.033860000000000445e-01 6.923030000000000017e-01 7.795090000000000074e-01
6.715020000000000433e-01 5.837940000000000351e-01 6.338030000000000053e-01 6.466009999999999813e-01 8.446609999999999951e-01 5.539070000000000382e-01 6.945670000000000455e-01 7.168360000000000287e-01
6.160870000000000513e-01 7.068870000000000431e-01 5.291230000000000100e-01 8.024860000000000326e-01 7.311349999999999794e-01 8.296900000000000386e-01 6.877490000000000547e-01 7.466939999999999689e-01
7.906229999999999647e-01 7.969829999999999970e-01 8.123179999999999845e-01 5.613280000000000491e-01 7.607629999999999670e-01 7.091469999999999718e-01 7.204899999999999638e-01 8.182850000000000401e-01
