6.765269999999999895e-01 6.752359999999999474e-01 7.113880000000000203e-01 6.887879999999999558e-01 5.070670000000000455e-01 6.875790000000000513e-01 6.918879999999999475e-01 6.866799999999999571e-01
7.514800000000000368e-01 7.708930000000000504e-01 6.833470000000000377e-01 6.638460000000000472e-01 6.769420000000000437e-01 6.196329999999999893e-01 6.888130000000000086e-01 6.845280000000000253e-01
7.848800000000000221e-01 7.195730000000000182e-01 7.072469999999999590e-01 6.856550000000000145e-01 7.543330000000000313e-01 7.260870000000000379e-01 6.690580000000000416e-01 7.303389999999999604e-01
6.948609999999999509e-01 7.343659999999999632e-01 7.693999999999999728e-01 7.550160000000000204e-01 7.573370000000000379e-01 7.371400000000000174e-01 7.845370000000000399e-01 7.975759999999999517e-01
7.084610000000000074e-01 6.654120000000000035e-01 7.387000000000000233e-01 6.943380000000000107e-01 7.269240000000000146e-01 6.972969999999999446e-01 6.823050000000000503e-01 7.271060000000000301e-01
7.350060000000000482e-01 8.851780000000000204e-01 7.854440000000000310e-01 8.529900000000000260e-01 6.561059999999999670e-01 7.289539999999999909e-01 6.647490000000000343e-01 8.373460000000000347e-01
6.591059999999999697e-01 6.978480000000000238e-01 7.473459999999999548e-01 8.739299999999999846e-01 7.114740000000000508e-01 6.790810000000000457e-01 7.605819999999999803e-01 7.933019999999999516e-01
9.342019999999999769e-01 7.004329999999999723e-01 8.975710000000000077e-01 9.102050000000000418e-01 7.325350000000000472e-01 6.327810000000000379e-01 9.387269999999999781e-01 7.446800000000000086e-01
7.953249999999999487e-01 7.546450000000000102e-01 7.874630000000000241e-01 9.129380000000000273e-01 7.172380000000000422e-01 7.015890000000000182e-01 8.766920000000000268e-01 9.075119999999999854e-01
8.563340000000000396e-01 7.954949999999999521e-01 6.155319999999999681e-01 9.376579999999999915e-01 8.162899999999999601e-01 8.476129999999999498e-01 7.417810000000000237e-01 7.827579999999999538e-01
8.122160000000000490e-01 8.032669999999999533e-01 9.579640000000000377e-01 8.909799999999999942e-01 8.466639999999999722e-01 7.862310000000000132e-01 7.020629999999999926e-01 5.029169999999999474e-01
8.053329999999999655e-01 7.389980000000000437e-01 7.143159999999999510e-01 9.423660000000000370e-01 5.785130000000000550e-01 6.283980000000000121e-01 9.160650000000000182e-01 7.837469999999999715e-01
6.717130000000000045e-01 7.142260000000000275e-01 8.011639999999999873e-01 6.746720000000000494e-01 8.416299999999999892e-01 6.207780000000000520e-01 7.685650000000000537e-01 6.993380000000000152e-01
7.828600000000000003e-01 3.032020000000000270e-01 8.343289999999999873e-01 7.153249999999999886e-01 6.589570000000000149e-01 7.464300000000000379e-01 7.537599999999999856e-01 6.423560000000000381e-01
7.650460000000000038e-01 6.753139999999999699e-01 7.232060000000000155e-01 5.850459999999999550e-01 7.572600000000000442e-01 3.514559999999999906e-01 4.850419999999999732e-01 6.261830000000000451e-01
6.445180000000000353e-01 5.018010000000000526e-01 5.414729999999999821e-01 2.470960000000000101e-01 6.228700000000000347e-01 6.788189999999999502e-01 6.370569999999999844e-01 6.098470000000000280e-01
2.357509999999999883e-01 5.737130000000000285e-01 3.828719999999999901e-01 1.818059999999999954e-01 1.944609999999999950e-01 4.986829999999999874e-01 5.709220000000000406e-01 5.606659999999999977e-01
8.040300000000000225e-02 4.827940000000000009e-01 1.821790000000000076e-01 1.563430000000000097e-01 1.800920000000000021e-01 4.960169999999999857e-01 3.621940000000000159e-01 1.654930000000000012e-01
1.110300000000000037e-01 3.025410000000000044e-01 1.415470000000000061e-01 1.600769999999999971e-01 2.455150000000000110e-01 1.880830000000000002e-01 2.277160000000000017e-01 2.904260000000000175e-01
1.996020000000000016e-01 1.746270000000000044e-01 7.264740000000000086e-02 1.674269999999999925e-01 1.853440000000000087e-01 1.115889999999999938e-01 2.066870000000000096e-01 1.995560000000000112e-01
3.289580000000000282e-02 4.700490000000000224e-02 4.553150000000000253e-02 4.584520000000000262e-02 4.616300000000000264e-02 4.062319999999999820e-02 5.194909999999999806e-02 4.415650000000000130e-02
6.903899999999999482e-01 6.935769999999999991e-01 6.835430000000000117e-01 6.901610000000000245e-01 7.470799999999999663e-01 7.463899999999999979e-01 7.109529999999999461e-01 7.455429999999999557e-01
7.393659999999999677e-01 6.803860000000000463e-01 7.432440000000000158e-01 6.678330000000000100e-01 6.838910000000000267e-01 6.672209999999999530e-01 7.293490000000000251e-01 7.349849999999999994e-01
7.436000000000000387e-01 7.463549999999999907e-01 7.541919999999999735e-01 7.029499999999999638e-01 6.741780000000000550e-01 7.537139999999999951e-01 7.800019999999999731e-01 6.913880000000000026e-01
7.333119999999999639e-01 7.313330000000000108e-01 6.779150000000000453e-01 7.978819999999999801e-01 6.839229999999999476e-01 7.494060000000000166e-01 7.949319999999999720e-01 7.282779999999999809e-01
7.138499999999999845e-01 7.415049999999999697e-01 8.339039999999999786e-01 6.722900000000000542e-01 7.806819999999999871e-01 6.834449999999999692e-01 6.548620000000000552e-01 7.063530000000000086e-01
6.782650000000000068e-01 7.922590000000000465e-01 8.021390000000000464e-01 6.773109999999999964e-01 8.267240000000000144e-01 7.053970000000000518e-01 6.737220000000000431e-01 8.126579999999999915e-01
8.213310000000000333e-01 7.991789999999999727e-01 8.503270000000000550e-01 7.723060000000000480e-01 9.719400000000000261e-01 6.131809999999999761e-01 8.275050000000000461e-01 8.190429999999999655e-01
6.358510000000000550e-01 6.982690000000000285e-01 9.512880000000000225e-01 7.071910000000000140e-01 8.018480000000000052e-01 8.217560000000000420e-01 6.630580000000000362e-01 7.192199999999999704e-01
8.348370000000000513e-01 7.930129999999999679e-01 8.834079999999999711e-01 6.574520000000000364e-01 8.765579999999999483e-01 8.112179999999999946e-01 6.453309999999999880e-01 8.452079999999999593e-01
8.484699999999999465e-01 8.093200000000000394e-01 7.125890000000000279e-01 7.399270000000000014e-01 6.696250000000000258e-01 5.889060000000000406e-01 6.028170000000000472e-01 8.757979999999999654e-01
8.909259999999999957e-01 7.545720000000000205e-01 7.557589999999999586e-01 7.847830000000000084e-01 7.016329999999999512e-01 8.000099999999999989e-01 9.212339999999999973e-01 8.321250000000000036e-01
7.080729999999999524e-01 7.031119999999999592e-01 6.285089999999999844e-01 8.265059999999999629e-01 6.798030000000000461e-01 7.993149999999999977e-01 6.126120000000000454e-01 7.394939999999999847e-01
7.431720000000000548e-01 8.560119999999999951e-01 6.197329999999999783e-01 6.786720000000000530e-01 7.883040000000000047e-01 8.606340000000000101e-01 7.526040000000000507e-01 8.057170000000000165e-01
6.073060000000000125e-01 7.417510000000000492e-01 6.445340000000000513e-01 7.938709999999999933e-01 6.735360000000000236e-01 8.224989999999999801e-01 7.218930000000000069e-01 7.432119999999999838e-01
7.699519999999999698e-01 6.947569999999999579e-01 7.796170000000000044e-01 6.940669999999999895e-01 7.496289999999999898e-01 6.913780000000000481e-01 7.795570000000000555e-01 7.474939999999999918e-01
6.303499999999999659e-01 6.861479999999999801e-01 6.907659999999999911e-01 6.417559999999999931e-01 4.660099999999999798e-01 6.587049999999999850e-01 6.721610000000000085e-01 6.611850000000000227e-01
4.574690000000000145e-01 3.883920000000000150e-01 5.809689999999999577e-01 4.198009999999999797e-01 5.839020000000000321e-01 6.051530000000000520e-01 4.793279999999999763e-01 5.124429999999999819e-01
3.345920000000000005e-01 2.342359999999999998e-01 1.839220000000000022e-01 3.981480000000000019e-01 4.595210000000000128e-01 4.644429999999999947e-01 4.739129999999999732e-01 4.906980000000000230e-01
3.505639999999999867e-01 2.845579999999999776e-01 1.103630000000000028e-01 3.102079999999999838e-01 2.308659999999999879e-01 3.165100000000000136e-01 3.111829999999999874e-01 2.588280000000000025e-01
8.648390000000000244e-02 1.954680000000000029e-01 1.648119999999999863e-01 2.003810000000000036e-01 9.193320000000000658e-02 1.190319999999999989e-01 7.685670000000000002e-02 1.060239999999999932e-01
3.373129999999999878e-02 4.646689999999999848e-02 3.537099999999999966e-02 4.928389999999999854e-02 5.146099999999999980e-02 5.341280000000000333e-02 4.000349999999999739e-02 4.465190000000000131e-02
6.547830000000000039e-01 6.985409999999999675e-01 7.016799999999999704e-01 6.836539999999999839e-01 7.741900000000000448e-01 3.390980000000000105e-01 7.049450000000000438e-01 6.994190000000000129e-01
7.201980000000000048e-01 6.326739999999999586e-01 7.300159999999999982e-01 6.838220000000000409e-01 6.830019999999999980e-01 6.607309999999999572e-01 7.202690000000000481e-01 6.542639999999999567e-01
7.127999999999999892e-01 7.849629999999999663e-01 7.472929999999999851e-01 6.922500000000000320e-01 6.703040000000000109e-01 7.252819999999999823e-01 7.536819999999999631e-01 6.962139999999999995e-01
7.076500000000000012e-01 6.825029999999999708e-01 7.592189999999999772e-01 7.769460000000000255e-01 8.076149999999999718e-01 7.310879999999999601e-01 7.898730000000000473e-01 6.784679999999999600e-01
6.880849999999999467e-01 7.060589999999999922e-01 6.646750000000000158e-01 6.995559999999999556e-01 7.742930000000000090e-01 7.188050000000000272e-01 7.012650000000000272e-01 7.136479999999999491e-01
8.480990000000000473e-01 7.714180000000000481e-01 7.567289999999999850e-01 8.659040000000000070e-01 7.547650000000000192e-01 7.448430000000000328e-01 7.032920000000000282e-01 8.365420000000000078e-01
8.929979999999999585e-01 6.585029999999999495e-01 8.843769999999999687e-01 6.916560000000000485e-01 7.558570000000000011e-01 8.135010000000000296e-01 8.103040000000000243e-01 7.253110000000000390e-01
6.995270000000000099e-01 6.175329999999999986e-01 7.777129999999999876e-01 7.127949999999999564e-01 7.824710000000000276e-01 8.470750000000000224e-01 7.907760000000000344e-01 8.677970000000000406e-01
7.000999999999999446e-01 7.311210000000000209e-01 7.879629999999999690e-01 9.314609999999999834e-01 6.892859999999999543e-01 7.982960000000000056e-01 9.286450000000000538e-01 6.392419999999999769e-01
7.524070000000000480e-01 8.388719999999999510e-01 7.299609999999999710e-01 6.900089999999999835e-01 8.339590000000000058e-01 9.646099999999999675e-01 9.070089999999999542e-01 8.523789999999999978e-01
6.474640000000000395e-01 8.274070000000000036e-01 7.382300000000000528e-01 7.734240000000000004e-01 8.317130000000000356e-01 9.324799999999999756e-01 7.090670000000000028e-01 6.519359999999999600e-01
7.747300000000000297e-01 8.698890000000000233e-01 7.548589999999999467e-01 8.582309999999999661e-01 8.332979999999999832e-01 7.349149999999999849e-01 6.985719999999999708e-01 6.668819999999999748e-01
8.543290000000000051e-01 6.077209999999999557e-01 5.482559999999999656e-01 8.999570000000000070e-01 9.013250000000000428e-01 8.151929999999999454e-01 8.213449999999999918e-01 7.609789999999999610e-01
6.278010000000000534e-01 7.284720000000000084e-01 7.759549999999999503e-01 7.516840000000000188e-01 6.887119999999999909e-01 6.161600000000000410e-01 7.177789999999999448e-01 5.588170000000000082e-01
7.759160000000000501e-01 7.261239999999999917e-01 7.051129999999999898e-01 7.330529999999999546e-01 7.476479999999999793e-01 6.633539999999999992e-01 6.614529999999999577e-01 7.485619999999999497e-01
2.702609999999999735e-01 6.423590000000000133e-01 6.375899999999999901e-01 6.646969999999999823e-01 5.356199999999999850e-01 6.539380000000000193e-01 4.831590000000000051e-01 6.063100000000000156e-01
5.126659999999999551e-01 4.850769999999999804e-01 5.035500000000000531e-01 5.946289999999999631e-01 5.942610000000000392e-01 2.383339999999999903e-01 5.789630000000000054e-01 5.750180000000000291e-01
4.922480000000000189e-01 2.804860000000000131e-01 4.868190000000000017e-01 2.736839999999999828e-01 2.878830000000000000e-01 4.701119999999999743e-01 4.742500000000000049e-01 1.223420000000000063e-01
3.560280000000000111e-01 2.313219999999999998e-01 2.713749999999999774e-01 2.637220000000000120e-01 3.635059999999999958e-01 4.017620000000000219e-02 3.739810000000000079e-01 1.481149999999999967e-01
2.096189999999999998e-01 2.064290000000000014e-01 1.587649999999999895e-01 1.768909999999999927e-01 2.042039999999999966e-01 2.208320000000000005e-01 1.478700000000000014e-01 1.876420000000000032e-01
4.663400000000000184e-02 5.026219999999999993e-02 4.303529999999999855e-02 3.705710000000000254e-02 4.659560000000000091e-02 3.974160000000000192e-02 3.778809999999999808e-02 5.051699999999999940e-02
7.024949999999999806e-01 5.099879999999999969e-01 7.196599999999999664e-01 6.665499999999999758e-01 6.804210000000000536e-01 3.905560000000000143e-01 6.835290000000000532e-01 7.647890000000000521e-01
6.990920000000000467e-01 7.907859999999999889e-01 7.210889999999999800e-01 6.550340000000000051e-01 7.022070000000000256e-01 7.973350000000000160e-01 6.980819999999999803e-01 6.933080000000000354e-01
7.247470000000000301e-01 7.103460000000000329e-01 6.247260000000000035e-01 6.703670000000000462e-01 6.851230000000000375e-01 7.389369999999999550e-01 6.766980000000000217e-01 8.048070000000000501e-01
7.511740000000000084e-01 7.509400000000000519e-01 7.361079999999999846e-01 7.210630000000000095e-01 7.985569999999999613e-01 7.080899999999999972e-01 7.226679999999999771e-01 7.302359999999999962e-01
6.959899999999999975e-01 7.197729999999999961e-01 8.916920000000000401e-01 7.136259999999999826e-01 7.021589999999999776e-01 7.587159999999999460e-01 7.951979999999999604e-01 8.326829999999999510e-01
6.702219999999999844e-01 7.037679999999999492e-01 8.548980000000000468e-01 8.297269999999999923e-01 7.869169999999999776e-01 8.176409999999999512e-01 7.701620000000000132e-01 6.778469999999999773e-01
6.724930000000000074e-01 6.685609999999999609e-01 7.417350000000000332e-01 8.253770000000000273e-01 8.849679999999999769e-01 7.353920000000000456e-01 6.874320000000000430e-01 8.342199999999999616e-01
8.049589999999999801e-01 8.018319999999999892e-01 7.400630000000000264e-01 8.886619999999999520e-01 6.651850000000000263e-01 6.645919999999999606e-01 8.797719999999999985e-01 6.632109999999999950e-01
8.583830000000000071e-01 6.624980000000000313e-01 6.689800000000000191e-01 6.394750000000000156e-01 7.518749999999999600e-01 8.535700000000000509e-01 6.569059999999999899e-01 6.947370000000000489e-01
7.945010000000000128e-01 8.209269999999999623e-01 7.161729999999999485e-01 6.900180000000000202e-01 8.316289999999999516e-01 9.359490000000000309e-01 7.379379999999999828e-01 6.864390000000000214e-01
6.156230000000000313e-01 8.280410000000000270e-01 7.595730000000000537e-01 8.864649999999999475e-01 8.545009999999999550e-01 6.859129999999999949e-01 7.090290000000000203e-01 5.717349999999999932e-01
7.486960000000000282e-01 8.486759999999999859e-01 8.679829999999999490e-01 7.911070000000000046e-01 6.493809999999999860e-01 9.071420000000000039e-01 8.276069999999999816e-01 8.750689999999999857e-01
9.131590000000000540e-01 7.389179999999999637e-01 7.407700000000000395e-01 8.377160000000000162e-01 8.220629999999999882e-01 7.985649999999999693e-01 8.373300000000000187e-01 7.705429999999999779e-01
8.009039999999999493e-01 6.010109999999999619e-01 7.224150000000000293e-01 6.006489999999999885e-01 5.568729999999999514e-01 7.227789999999999493e-01 7.646209999999999951e-01 8.556409999999999849e-01
6.844010000000000371e-01 6.733069999999999888e-01 7.382079999999999753e-01 6.932239999999999513e-01 5.962669999999999915e-01 7.456199999999999495e-01 6.216000000000000414e-01 7.482720000000000482e-01
6.827320000000000055e-01 5.501660000000000439e-01 6.542540000000000022e-01 6.733059999999999601e-01 6.883449999999999847e-01 2.678639999999999910e-01 6.246110000000000273e-01 5.750779999999999781e-01
6.048580000000000068e-01 5.754029999999999978e-01 5.997350000000000181e-01 5.911089999999999955e-01 4.786610000000000031e-01 5.799389999999999823e-01 5.794789999999999663e-01 2.080990000000000062e-01
4.387900000000000134e-01 2.365140000000000020e-01 3.948499999999999788e-01 3.719950000000000201e-01 2.951980000000000159e-01 4.741119999999999779e-01 4.687760000000000260e-01 4.104650000000000243e-01
1.236749999999999933e-01 3.144609999999999905e-01 3.446500000000000119e-01 3.507779999999999787e-01 1.302470000000000017e-01 2.376030000000000086e-01 3.633460000000000023e-01 1.628850000000000020e-01
1.982599999999999918e-01 1.299170000000000047e-01 2.016300000000000037e-01 2.087789999999999924e-01 6.916970000000000063e-02 2.010119999999999962e-01 1.776389999999999914e-01 1.929480000000000084e-01
4.028000000000000330e-02 4.160049999999999859e-02 3.744309999999999999e-02 4.534799999999999942e-02 5.023650000000000337e-02 3.568539999999999907e-02 4.805199999999999749e-02 4.253849999999999992e-02
6.629099999999999993e-01 7.109459999999999669e-01 3.565510000000000068e-01 5.521829999999999794e-01 6.942239999999999522e-01 7.270299999999999541e-01 7.299390000000000045e-01 7.259100000000000552e-01
7.073909999999999920e-01 7.710110000000000019e-01 7.412999999999999590e-01 6.742749999999999577e-01 7.032829999999999915e-01 6.369160000000000377e-01 7.308710000000000484e-01 7.489099999999999646e-01
6.742190000000000127e-01 7.729000000000000314e-01 8.173340000000000050e-01 7.685170000000000057e-01 7.179079999999999906e-01 7.749390000000000445e-01 7.092920000000000336e-01 7.290320000000000134e-01
7.355000000000000426e-01 7.017539999999999889e-01 6.614430000000000032e-01 7.160919999999999508e-01 6.729000000000000536e-01 7.282990000000000297e-01 7.567610000000000170e-01 7.210950000000000415e-01
7.059149999999999592e-01 7.030490000000000350e-01 7.452760000000000495e-01 7.045449999999999768e-01 8.700670000000000348e-01 7.381100000000000438e-01 7.069220000000000503e-01 6.868849999999999678e-01
8.385340000000000016e-01 8.231009999999999716e-01 6.297709999999999697e-01 6.437040000000000539e-01 6.426720000000000210e-01 9.086279999999999912e-01 6.518680000000000030e-01 7.745840000000000503e-01
6.597180000000000266e-01 8.747749999999999693e-01 9.083740000000000148e-01 7.250330000000000386e-01 9.098720000000000141e-01 7.674279999999999990e-01 7.598150000000000182e-01 6.535250000000000226e-01
8.444340000000000179e-01 9.485740000000000283e-01 6.545680000000000387e-01 7.861390000000000322e-01 6.288660000000000361e-01 7.652489999999999570e-01 9.414989999999999748e-01 8.610330000000000483e-01
7.694220000000000503e-01 8.499470000000000081e-01 6.399580000000000268e-01 6.898389999999999800e-01 6.082109999999999461e-01 7.755459999999999576e-01 9.002919999999999812e-01 7.175799999999999956e-01
8.193089999999999540e-01 6.759659999999999558e-01 9.068199999999999594e-01 8.238419999999999632e-01 7.707629999999999759e-01 7.329529999999999657e-01 8.627860000000000529e-01 7.872879999999999878e-01
7.881359999999999477e-01 8.239919999999999467e-01 8.316149999999999931e-01 9.071960000000000024e-01 8.911400000000000432e-01 7.537819999999999521e-01 6.964559999999999640e-01 8.349250000000000282e-01
7.213490000000000180e-01 9.441340000000000288e-01 6.774170000000000469e-01 5.978449999999999598e-01 8.284479999999999622e-01 8.620700000000000029e-01 9.126269999999999660e-01 9.199969999999999537e-01
8.275569999999999871e-01 6.574330000000000451e-01 6.406920000000000393e-01 7.552670000000000217e-01 8.663340000000000485e-01 7.147679999999999589e-01 6.634529999999999594e-01 7.194880000000000164e-01
7.352079999999999727e-01 7.537979999999999681e-01 7.195270000000000277e-01 7.137829999999999453e-01 6.238519999999999621e-01 7.019180000000000419e-01 7.240140000000000464e-01 6.943700000000000427e-01
4.676040000000000196e-01 6.364300000000000512e-01 6.627859999999999863e-01 7.815469999999999917e-01 7.315890000000000448e-01 7.568089999999999540e-01 6.701080000000000370e-01 7.604410000000000336e-01
1.511339999999999906e-01 6.777919999999999501e-01 4.325450000000000128e-01 6.929450000000000331e-01 4.254859999999999753e-01 6.775290000000000479e-01 6.781460000000000266e-01 5.916169999999999485e-01
6.033399999999999874e-01 3.299340000000000050e-01 5.565970000000000084e-01 6.025589999999999558e-01 4.784939999999999749e-01 5.774479999999999613e-01 5.762599999999999945e-01 5.816240000000000299e-01
2.185910000000000075e-01 2.161369999999999958e-01 4.902050000000000018e-01 4.411050000000000249e-01 2.984010000000000273e-01 4.516470000000000207e-01 2.494540000000000091e-01 3.558839999999999781e-01
2.387410000000000088e-01 3.269920000000000049e-01 3.312669999999999781e-01 1.907200000000000006e-01 2.377279999999999949e-01 4.731699999999999795e-02 3.524260000000000170e-01 2.915280000000000094e-01
1.928159999999999874e-01 1.518380000000000007e-01 1.569599999999999884e-01 9.168039999999999523e-02 1.905509999999999982e-01 1.313789999999999958e-01 1.578749999999999876e-01 1.313590000000000035e-01
3.923669999999999936e-02 2.927919999999999828e-02 4.746779999999999750e-02 4.446880000000000277e-02 5.289789999999999770e-02 3.063130000000000019e-02 4.178119999999999751e-02 4.279220000000000246e-02
6.977719999999999478e-01 7.301509999999999945e-01 6.871000000000000441e-01 6.714269999999999960e-01 7.046820000000000306e-01 6.797360000000000069e-01 7.634229999999999627e-01 7.045339999999999936e-01
6.955179999999999696e-01 7.245270000000000321e-01 6.859159999999999702e-01 7.330499999999999794e-01 7.510050000000000336e-01 7.524039999999999617e-01 7.278059999999999530e-01 7.692480000000000429e-01
7.045179999999999776e-01 7.615859999999999852e-01 6.777119999999999811e-01 7.395119999999999472e-01 7.160199999999999898e-01 6.892260000000000053e-01 7.942029999999999923e-01 7.462389999999999857e-01
7.518150000000000110e-01 6.920800000000000285e-01 7.185829999999999718e-01 7.110469999999999846e-01 5.868649999999999700e-01 6.961789999999999923e-01 7.159619999999999873e-01 6.986689999999999845e-01
7.398479999999999501e-01 6.640049999999999564e-01 7.894339999999999691e-01 7.523490000000000455e-01 7.171889999999999654e-01 7.655030000000000445e-01 8.887169999999999792e-01 7.162049999999999805e-01
7.008159999999999945e-01 8.446700000000000319e-01 7.983749999999999458e-01 7.987539999999999640e-01 8.063430000000000319e-01 7.121669999999999945e-01 8.071300000000000141e-01 6.795020000000000504e-01
6.926679999999999504e-01 7.624210000000000154e-01 7.877439999999999998e-01 8.754309999999999592e-01 8.111580000000000457e-01 7.280550000000000077e-01 8.181549999999999656e-01 8.002639999999999754e-01
9.139110000000000289e-01 9.191259999999999986e-01 9.225780000000000092e-01 7.305169999999999719e-01 6.991929999999999534e-01 9.101580000000000226e-01 6.925329999999999542e-01 7.014500000000000179e-01
7.964400000000000368e-01 7.668970000000000509e-01 8.655929999999999458e-01 9.326389999999999958e-01 7.333650000000000446e-01 6.360010000000000385e-01 7.879169999999999785e-01 8.002320000000000544e-01
8.769879999999999898e-01 6.130999999999999783e-01 7.598059999999999814e-01 9.238260000000000360e-01 8.699409999999999643e-01 6.580610000000000070e-01 7.169520000000000337e-01 6.564579999999999860e-01
8.585840000000000138e-01 8.847620000000000484e-01 6.603069999999999773e-01 6.497220000000000217e-01 9.514089999999999492e-01 8.228229999999999711e-01 6.317340000000000177e-01 6.879490000000000327e-01
6.292400000000000215e-01 9.051460000000000061e-01 5.765369999999999662e-01 7.335559999999999858e-01 6.825999999999999845e-01 7.809800000000000075e-01 6.520399999999999530e-01 6.349620000000000264e-01
7.040939999999999976e-01 8.947249999999999925e-01 8.108720000000000372e-01 7.883250000000000535e-01 8.051859999999999573e-01 8.258849999999999802e-01 8.442450000000000232e-01 8.570210000000000328e-01
8.326860000000000372e-01 7.141199999999999770e-01 7.959460000000000424e-01 6.499019999999999797e-01 8.027879999999999461e-01 8.231749999999999901e-01 6.364060000000000272e-01 7.062019999999999964e-01
5.976780000000000426e-01 7.791989999999999750e-01 7.170819999999999972e-01 5.595539999999999958e-01 7.280870000000000397e-01 7.162640000000000118e-01 5.700610000000000399e-01 7.367629999999999457e-01
6.539859999999999562e-01 6.287740000000000551e-01 6.771390000000000464e-01 6.218730000000000091e-01 6.702320000000000499e-01 4.918560000000000154e-01 6.857130000000000170e-01 6.519040000000000390e-01
2.431030000000000135e-01 5.821389999999999620e-01 3.282700000000000062e-01 5.065049999999999830e-01 5.218789999999999818e-01 3.530150000000000232e-01 5.339920000000000222e-01 1.183570000000000039e-01
1.035689999999999944e-01 4.936340000000000172e-01 3.874889999999999723e-01 4.105480000000000240e-01 4.113169999999999882e-01 1.747150000000000092e-01 4.604639999999999844e-01 2.851290000000000213e-01
2.115070000000000006e-01 1.448990000000000000e-01 3.133259999999999934e-01 3.215749999999999997e-01 3.537020000000000164e-01 1.585989999999999900e-01 2.684449999999999892e-01 6.195660000000000056e-02
1.230809999999999960e-01 1.726000000000000034e-01 1.465599999999999958e-01 1.962009999999999865e-01 1.738770000000000038e-01 1.027629999999999932e-01 1.014609999999999956e-01 9.959110000000000185e-02
4.823650000000000160e-02 3.968250000000000249e-02 3.769440000000000290e-02 4.511380000000000251e-02 3.899350000000000038e-02 4.158640000000000253e-02 4.298910000000000231e-02 4.692099999999999743e-02
7.218790000000000484e-01 7.485779999999999657e-01 7.633149999999999658e-01 3.476299999999999946e-01 4.861650000000000138e-01 6.618950000000000111e-01 7.333420000000000494e-01 7.239269999999999872e-01
7.093810000000000393e-01 6.931580000000000519e-01 7.047630000000000283e-01 6.932829999999999826e-01 8.133010000000000517e-01 7.931289999999999729e-01 7.170060000000000322e-01 6.651740000000000430e-01
7.396880000000000122e-01 6.664719999999999533e-01 6.906660000000000021e-01 6.898769999999999625e-01 7.683159999999999989e-01 7.158010000000000206e-01 6.842169999999999641e-01 6.821620000000000461e-01
8.449330000000000451e-01 8.387250000000000538e-01 7.232619999999999605e-01 8.165440000000000476e-01 7.324770000000000447e-01 8.281300000000000328e-01 7.120819999999999927e-01 6.675560000000000382e-01
8.666620000000000434e-01 7.463379999999999459e-01 7.451670000000000238e-01 7.347970000000000335e-01 7.465650000000000341e-01 8.736629999999999674e-01 8.348269999999999857e-01 8.632210000000000161e-01
7.659120000000000372e-01 6.884069999999999911e-01 7.736399999999999944e-01 7.118290000000000450e-01 8.784950000000000259e-01 7.755260000000000487e-01 9.189690000000000358e-01 6.575079999999999814e-01
8.002839999999999954e-01 8.662309999999999732e-01 8.187640000000000473e-01 6.987079999999999957e-01 7.486019999999999897e-01 7.421360000000000179e-01 7.130680000000000351e-01 7.008590000000000098e-01
8.107959999999999612e-01 6.304410000000000291e-01 7.109699999999999909e-01 7.478740000000000387e-01 7.391339999999999577e-01 7.604159999999999808e-01 7.459909999999999597e-01 8.484479999999999800e-01
7.436289999999999845e-01 7.194939999999999669e-01 6.752179999999999849e-01 6.076240000000000530e-01 9.300429999999999531e-01 6.693729999999999958e-01 7.460350000000000037e-01 5.934789999999999788e-01
6.810850000000000515e-01 9.903790000000000093e-01 7.091610000000000413e-01 7.598979999999999624e-01 7.079410000000000425e-01 8.847709999999999742e-01 6.775379999999999736e-01 9.396039999999999948e-01
8.056090000000000195e-01 7.209400000000000253e-01 5.912250000000000005e-01 7.803200000000000136e-01 8.128790000000000182e-01 6.813120000000000287e-01 9.010620000000000296e-01 6.468570000000000153e-01
7.158520000000000438e-01 9.403629999999999489e-01 8.112650000000000139e-01 7.348310000000000120e-01 8.908070000000000155e-01 6.536710000000000020e-01 8.935419999999999474e-01 7.532269999999999799e-01
8.854739999999999833e-01 8.576099999999999834e-01 8.144749999999999490e-01 6.796119999999999939e-01 8.229750000000000121e-01 6.200269999999999948e-01 9.063740000000000130e-01 5.224619999999999820e-01
8.161939999999999751e-01 7.187489999999999712e-01 7.748289999999999900e-01 8.264280000000000515e-01 7.916549999999999976e-01 8.353380000000000249e-01 6.778980000000000006e-01 7.817659999999999609e-01
7.676070000000000393e-01 7.191039999999999655e-01 7.636389999999999567e-01 7.394020000000000037e-01 5.884239999999999471e-01 6.154699999999999616e-01 6.046759999999999913e-01 6.221330000000000471e-01
4.952619999999999800e-01 6.603660000000000085e-01 6.784609999999999808e-01 6.784510000000000263e-01 2.854019999999999890e-01 6.900889999999999525e-01 6.745139999999999469e-01 6.803979999999999473e-01
1.940759999999999985e-01 1.319760000000000100e-01 5.703540000000000276e-01 5.502839999999999954e-01 3.977689999999999837e-01 4.426760000000000139e-01 5.757330000000000503e-01 1.754070000000000074e-01
3.695120000000000071e-01 3.945859999999999923e-01 4.723899999999999766e-01 4.747040000000000148e-01 9.222539999999999905e-02 4.900430000000000064e-01 2.641470000000000207e-01 3.601610000000000089e-01
3.343519999999999825e-01 1.534989999999999966e-01 2.546100000000000030e-01 2.121520000000000072e-01 3.236269999999999980e-01 3.239119999999999777e-01 9.613639999999999686e-02 3.250339999999999896e-01
1.579139999999999988e-01 2.038760000000000017e-01 9.121460000000000679e-02 2.010220000000000062e-01 9.786069999999999491e-02 1.670169999999999988e-01 2.066270000000000051e-01 1.625080000000000136e-01
5.907500000000000251e-02 5.635439999999999894e-02 4.557320000000000121e-02 4.162430000000000296e-02 4.202569999999999917e-02 4.617829999999999852e-02 4.498629999999999990e-02 4.688200000000000006e-02
7.757009999999999739e-01 6.652639999999999665e-01 6.902679999999999927e-01 6.898640000000000327e-01 3.696019999999999861e-01 7.531769999999999854e-01 7.143709999999999782e-01 7.613130000000000175e-01
7.414809999999999457e-01 7.615800000000000347e-01 6.803409999999999735e-01 8.003000000000000114e-01 6.994479999999999587e-01 3.947010000000000240e-01 6.908570000000000544e-01 7.758500000000000396e-01
6.953300000000000036e-01 8.371150000000000535e-01 7.494650000000000478e-01 7.166040000000000187e-01 7.027130000000000321e-01 7.003169999999999673e-01 7.021720000000000184e-01 7.174730000000000274e-01
7.765159999999999840e-01 7.652510000000000145e-01 6.742749999999999577e-01 7.281109999999999527e-01 7.195880000000000054e-01 6.658250000000000002e-01 7.361330000000000373e-01 8.051829999999999821e-01
7.952099999999999724e-01 9.064769999999999772e-01 7.150870000000000282e-01 8.164430000000000298e-01 8.593600000000000128e-01 6.931570000000000231e-01 8.343390000000000528e-01 7.477709999999999635e-01
8.217989999999999462e-01 7.239320000000000199e-01 7.790540000000000243e-01 7.306040000000000312e-01 6.413309999999999844e-01 7.546840000000000215e-01 6.796980000000000244e-01 7.296920000000000073e-01
8.751280000000000170e-01 8.269699999999999829e-01 7.138440000000000341e-01 7.769150000000000222e-01 7.248219999999999663e-01 8.086160000000000014e-01 8.220509999999999762e-01 7.337409999999999766e-01
7.012720000000000065e-01 9.541659999999999586e-01 7.718599999999999905e-01 7.627180000000000071e-01 6.403379999999999628e-01 7.408540000000000125e-01 8.385059999999999736e-01 7.593879999999999519e-01
6.742529999999999912e-01 9.757310000000000150e-01 7.552889999999999882e-01 6.742709999999999537e-01 7.268520000000000536e-01 6.446079999999999588e-01 7.056259999999999755e-01 8.476089999999999458e-01
6.560350000000000348e-01 9.161380000000000079e-01 7.912280000000000424e-01 8.809839999999999893e-01 7.592050000000000187e-01 6.380230000000000068e-01 6.370730000000000004e-01 7.702120000000000077e-01
6.076869999999999772e-01 6.564590000000000147e-01 7.352469999999999839e-01 7.446660000000000501e-01 5.981250000000000178e-01 7.527770000000000294e-01 8.839439999999999520e-01 8.666700000000000514e-01
6.243490000000000428e-01 8.132190000000000252e-01 8.134179999999999744e-01 6.391850000000000032e-01 7.007149999999999768e-01 7.907650000000000512e-01 6.464259999999999451e-01 7.087860000000000271e-01
7.282889999999999642e-01 6.198249999999999593e-01 7.798960000000000337e-01 8.671640000000000459e-01 6.119850000000000012e-01 8.296299999999999786e-01 6.940129999999999910e-01 7.158520000000000438e-01
6.456840000000000357e-01 7.935670000000000224e-01 7.232800000000000340e-01 7.546650000000000302e-01 6.353069999999999551e-01 8.125090000000000368e-01 8.282629999999999715e-01 7.009830000000000227e-01
7.571369999999999489e-01 4.167489999999999806e-01 6.779380000000000406e-01 6.872770000000000268e-01 7.053749999999999742e-01 7.449670000000000458e-01 7.099229999999999707e-01 2.900200000000000000e-01
6.816489999999999494e-01 6.892369999999999886e-01 6.535320000000000018e-01 6.632900000000000462e-01 4.474230000000000151e-01 5.770629999999999926e-01 6.531010000000000426e-01 5.932579999999999520e-01
5.359140000000000015e-01 2.400210000000000121e-01 2.508619999999999739e-01 5.506640000000000423e-01 4.628450000000000064e-01 5.727499999999999813e-01 5.955479999999999663e-01 6.014140000000000041e-01
4.759550000000000169e-01 4.325919999999999765e-01 3.464969999999999994e-01 4.748319999999999763e-01 4.849700000000000122e-01 3.200189999999999979e-01 4.661589999999999900e-01 1.192229999999999956e-01
2.823729999999999851e-01 1.179140000000000049e-01 3.159669999999999979e-01 3.301629999999999843e-01 2.394419999999999882e-01 2.785750000000000171e-01 1.017720000000000014e-01 1.875970000000000137e-01
1.941330000000000000e-01 1.535120000000000096e-01 1.180350000000000010e-01 2.051340000000000108e-01 1.842100000000000126e-01 1.187229999999999952e-01 1.717269999999999908e-01 2.127419999999999867e-01
4.448509999999999964e-02 4.332280000000000159e-02 4.685740000000000044e-02 3.648509999999999948e-02 4.114919999999999689e-02 4.541359999999999841e-02 4.121210000000000151e-02 4.010539999999999938e-02
7.164800000000000058e-01 6.933599999999999763e-01 7.054840000000000000e-01 7.023230000000000306e-01 6.909239999999999826e-01 3.412490000000000245e-01 6.966780000000000195e-01 6.732890000000000263e-01
6.969140000000000335e-01 7.219780000000000086e-01 7.469099999999999628e-01 7.468209999999999571e-01 6.040039999999999853e-01 4.982989999999999919e-01 6.585680000000000422e-01 7.216069999999999984e-01
6.670829999999999815e-01 7.479050000000000420e-01 8.087450000000000472e-01 7.174679999999999946e-01 7.702360000000000317e-01 7.412919999999999510e-01 6.715229999999999810e-01 7.193500000000000449e-01
6.987659999999999982e-01 7.089769999999999683e-01 7.916309999999999736e-01 6.902470000000000550e-01 7.126710000000000544e-01 6.922789999999999777e-01 6.918590000000000018e-01 7.581299999999999706e-01
6.719030000000000280e-01 7.671719999999999651e-01 6.673550000000000315e-01 8.967640000000000056e-01 7.178630000000000289e-01 7.560599999999999543e-01 7.540529999999999733e-01 7.051399999999999890e-01
8.145109999999999850e-01 7.678549999999999542e-01 7.727789999999999937e-01 8.947530000000000205e-01 6.663759999999999684e-01 8.367750000000000465e-01 7.524039999999999617e-01 6.459219999999999962e-01
7.705809999999999604e-01 8.501919999999999478e-01 7.844579999999999886e-01 8.560910000000000464e-01 6.849380000000000468e-01 8.438390000000000057e-01 7.326059999999999794e-01 7.522309999999999830e-01
8.601440000000000197e-01 8.450929999999999831e-01 8.051030000000000131e-01 8.052510000000000501e-01 7.135669999999999513e-01 8.718240000000000434e-01 7.255899999999999572e-01 8.895009999999999861e-01
8.031989999999999963e-01 6.413640000000000452e-01 8.726500000000000368e-01 7.248170000000000446e-01 6.242900000000000116e-01 6.315169999999999950e-01 7.854980000000000295e-01 8.038290000000000157e-01
6.836370000000000502e-01 7.509569999999999856e-01 9.770499999999999741e-01 7.783569999999999656e-01 7.941799999999999971e-01 8.443720000000000114e-01 8.905189999999999495e-01 6.851969999999999450e-01
6.713639999999999608e-01 6.122959999999999514e-01 7.891399999999999526e-01 7.018560000000000354e-01 7.346660000000000412e-01 8.297619999999999996e-01 7.945940000000000225e-01 7.122589999999999755e-01
7.068600000000000438e-01 7.197139999999999649e-01 8.776770000000000405e-01 9.116610000000000547e-01 8.909749999999999615e-01 9.139850000000000474e-01 9.175680000000000502e-01 7.180959999999999566e-01
8.604190000000000449e-01 8.277510000000000145e-01 7.519810000000000105e-01 7.173129999999999784e-01 7.496279999999999610e-01 8.559200000000000141e-01 6.916670000000000318e-01 6.566279999999999895e-01
8.098090000000000011e-01 7.594560000000000199e-01 8.333199999999999497e-01 5.054119999999999724e-01 7.944369999999999488e-01 8.086419999999999719e-01 7.358970000000000233e-01 7.187839999999999785e-01
4.870479999999999809e-01 7.433410000000000295e-01 7.105160000000000364e-01 7.520050000000000345e-01 7.440379999999999772e-01 5.340500000000000247e-01 6.597269999999999524e-01 7.565380000000000438e-01
6.833409999999999762e-01 6.775240000000000151e-01 6.537220000000000253e-01 6.316439999999999833e-01 6.264889999999999626e-01 5.252869999999999484e-01 5.786419999999999897e-01 6.600679999999999881e-01
6.017959999999999976e-01 5.809509999999999952e-01 3.265279999999999849e-01 5.157669999999999755e-01 2.770889999999999742e-01 5.196840000000000348e-01 5.493609999999999882e-01 5.932410000000000183e-01
4.774360000000000270e-01 4.727430000000000243e-01 2.093079999999999941e-01 2.381070000000000131e-01 3.281680000000000152e-01 1.144609999999999933e-01 4.808490000000000264e-01 2.130110000000000059e-01
3.522950000000000248e-01 3.651610000000000134e-01 1.658330000000000082e-01 1.603370000000000073e-01 3.489249999999999852e-01 1.151969999999999938e-01 6.455279999999999352e-02 2.706330000000000124e-01
1.744199999999999917e-01 1.810730000000000117e-01 1.929019999999999901e-01 1.091030000000000055e-01 1.563660000000000050e-01 1.889409999999999978e-01 1.345030000000000114e-01 1.763740000000000030e-01
4.382040000000000241e-02 4.601859999999999978e-02 3.598590000000000122e-02 5.188340000000000313e-02 4.567809999999999926e-02 4.535469999999999779e-02 5.310750000000000193e-02 5.024689999999999712e-02
7.263950000000000129e-01 5.682089999999999641e-01 6.550420000000000131e-01 6.672749999999999515e-01 7.099189999999999667e-01 7.096719999999999695e-01 7.094310000000000338e-01 6.664309999999999956e-01
6.961570000000000258e-01 6.781070000000000153e-01 7.195399999999999574e-01 8.067940000000000111e-01 7.542349999999999888e-01 6.883559999999999679e-01 7.268320000000000336e-01 8.264660000000000339e-01
8.616700000000000470e-01 6.935379999999999878e-01 6.810169999999999835e-01 7.933000000000000052e-01 7.117029999999999745e-01 7.049929999999999808e-01 8.324080000000000368e-01 7.506129999999999747e-01
7.930380000000000207e-01 6.792110000000000092e-01 6.642609999999999904e-01 7.080220000000000402e-01 7.506279999999999619e-01 7.682849999999999957e-01 6.801570000000000116e-01 7.323479999999999990e-01
7.634300000000000530e-01 7.432010000000000005e-01 6.768579999999999597e-01 7.824980000000000269e-01 7.323169999999999957e-01 7.772559999999999469e-01 6.718640000000000168e-01 7.383300000000000418e-01
7.964959999999999818e-01 6.240679999999999561e-01 7.061420000000000474e-01 7.055979999999999475e-01 6.658129999999999882e-01 6.855409999999999560e-01 7.261290000000000244e-01 7.372809999999999642e-01
6.724649999999999794e-01 6.480960000000000054e-01 8.840249999999999497e-01 8.453070000000000306e-01 7.137200000000000211e-01 7.034989999999999855e-01 7.185550000000000548e-01 7.108029999999999626e-01
6.257920000000000149e-01 7.645610000000000461e-01 7.941920000000000091e-01 7.459430000000000227e-01 6.889859999999999873e-01 6.500789999999999624e-01 7.227609999999999868e-01 9.129739999999999522e-01
6.097510000000000430e-01 6.709230000000000471e-01 6.749009999999999732e-01 7.050009999999999888e-01 8.869219999999999882e-01 6.642379999999999951e-01 8.488029999999999742e-01 8.831890000000000018e-01
8.189889999999999670e-01 7.140549999999999953e-01 8.885619999999999630e-01 9.270279999999999632e-01 7.874949999999999450e-01 8.995159999999999823e-01 7.046510000000000273e-01 8.204259999999999886e-01
9.561880000000000379e-01 8.245620000000000172e-01 7.607549999999999590e-01 6.577269999999999506e-01 8.728099999999999747e-01 8.211829999999999963e-01 8.089089999999999892e-01 6.883299999999999974e-01
6.287899999999999601e-01 6.804099999999999593e-01 8.228339999999999543e-01 9.363909999999999734e-01 8.062279999999999447e-01 7.800709999999999589e-01 7.252100000000000213e-01 7.930460000000000287e-01
8.819900000000000517e-01 8.788099999999999801e-01 6.645990000000000508e-01 7.475220000000000198e-01 9.161439999999999584e-01 7.570780000000000287e-01 7.682250000000000467e-01 7.782130000000000436e-01
8.245569999999999844e-01 7.736790000000000056e-01 6.489859999999999518e-01 7.254709999999999770e-01 7.408630000000000493e-01 7.755239999999999911e-01 8.507059999999999622e-01 7.888669999999999849e-01
7.318320000000000380e-01 7.512879999999999558e-01 7.012800000000000145e-01 7.166620000000000212e-01 7.478399999999999492e-01 6.765799999999999592e-01 6.668650000000000411e-01 6.277850000000000374e-01
6.556629999999999958e-01 6.721909999999999830e-01 6.965999999999999970e-01 6.391409999999999592e-01 4.255869999999999931e-01 6.524149999999999672e-01 6.693259999999999765e-01 2.667109999999999759e-01
4.311849999999999850e-01 3.131300000000000194e-01 4.108510000000000217e-01 5.405400000000000205e-01 5.479870000000000019e-01 5.699140000000000317e-01 6.036970000000000391e-01 4.651870000000000172e-01
1.214340000000000003e-01 9.540099999999999969e-02 4.629539999999999766e-01 3.740189999999999904e-01 4.725889999999999813e-01 4.631680000000000241e-01 1.730889999999999929e-01 2.599420000000000064e-01
3.587040000000000228e-01 3.536790000000000211e-01 2.733119999999999994e-01 2.095390000000000030e-01 1.170230000000000020e-01 2.740230000000000166e-01 3.162260000000000071e-01 3.126419999999999755e-01
9.324290000000000356e-02 1.979710000000000081e-01 1.861430000000000029e-01 1.129209999999999936e-01 1.792650000000000077e-01 1.120069999999999955e-01 8.464259999999999839e-02 1.128989999999999994e-01
4.745610000000000106e-02 4.546349999999999697e-02 4.779730000000000090e-02 4.679679999999999951e-02 4.531700000000000311e-02 4.392209999999999864e-02 5.020750000000000213e-02 4.201119999999999854e-02
6.809579999999999522e-01 7.230839999999999490e-01 7.396059999999999857e-01 7.420510000000000161e-01 7.205160000000000453e-01 6.784630000000000383e-01 7.204199999999999493e-01 7.208769999999999900e-01
5.596259999999999568e-01 7.157710000000000461e-01 6.723649999999999904e-01 6.966609999999999747e-01 7.648049999999999571e-01 6.853939999999999477e-01 7.040370000000000239e-01 6.706010000000000026e-01
6.584900000000000198e-01 7.963500000000000023e-01 6.413400000000000212e-01 7.122720000000000162e-01 7.683119999999999949e-01 7.895229999999999748e-01 7.089410000000000434e-01 7.024970000000000381e-01
7.271630000000000038e-01 7.751620000000000177e-01 8.845389999999999642e-01 6.956459999999999866e-01 6.794769999999999976e-01 8.334639999999999826e-01 6.061079999999999801e-01 8.552819999999999867e-01
7.603419999999999623e-01 6.844209999999999461e-01 6.989880000000000537e-01 7.918290000000000051e-01 7.358289999999999553e-01 8.462939999999999907e-01 7.551639999999999464e-01 7.449179999999999691e-01
7.318829999999999503e-01 6.622139999999999693e-01 8.472899999999999876e-01 7.054719999999999880e-01 7.484939999999999927e-01 7.884050000000000225e-01 8.594359999999999777e-01 7.109079999999999844e-01
8.501579999999999693e-01 8.908770000000000300e-01 7.235530000000000017e-01 8.335580000000000211e-01 8.426150000000000029e-01 8.802470000000000017e-01 7.076210000000000555e-01 7.445690000000000364e-01
8.754840000000000400e-01 7.065759999999999819e-01 8.987960000000000393e-01 6.707899999999999974e-01 6.689659999999999496e-01 8.426660000000000261e-01 6.791869999999999852e-01 8.579740000000000144e-01
8.093350000000000266e-01 7.801890000000000214e-01 7.236700000000000355e-01 8.930799999999999850e-01 8.572210000000000107e-01 7.280330000000000412e-01 8.109929999999999639e-01 7.698139999999999983e-01
9.983859999999999957e-01 5.827780000000000182e-01 7.519430000000000280e-01 8.562480000000000091e-01 7.938589999999999813e-01 8.681330000000000435e-01 7.424889999999999546e-01 7.882000000000000117e-01
7.541710000000000358e-01 8.624540000000000539e-01 6.898940000000000072e-01 7.865280000000000049e-01 8.880829999999999558e-01 5.880100000000000326e-01 8.193620000000000347e-01 7.061539999999999484e-01
8.055219999999999603e-01 9.435670000000000446e-01 7.815069999999999517e-01 8.266369999999999552e-01 8.610750000000000348e-01 7.695130000000000026e-01 9.102350000000000163e-01 9.194689999999999808e-01
5.634710000000000552e-01 8.183979999999999588e-01 6.502909999999999524e-01 8.335270000000000179e-01 8.071970000000000534e-01 8.625519999999999854e-01 7.335920000000000218e-01 7.127769999999999939e-01
6.634809999999999874e-01 8.127400000000000180e-01 7.760160000000000391e-01 8.320650000000000546e-01 6.301039999999999974e-01 6.948309999999999764e-01 7.742790000000000505e-01 8.095480000000000453e-01
6.656879999999999464e-01 7.100950000000000317e-01 7.502699999999999925e-01 7.356829999999999758e-01 6.125310000000000477e-01 7.256340000000000012e-01 8.015830000000000455e-01 6.549509999999999499e-01
6.756419999999999648e-01 6.758640000000000203e-01 2.328749999999999987e-01 6.671049999999999480e-01 6.710920000000000218e-01 5.568769999999999554e-01 6.484509999999999996e-01 6.476169999999999982e-01
5.384219999999999562e-01 5.960379999999999567e-01 5.495959999999999734e-01 4.197790000000000132e-01 5.482500000000000151e-01 5.644569999999999865e-01 5.854899999999999549e-01 5.660530000000000284e-01
3.810529999999999751e-01 4.685670000000000113e-01 4.943529999999999869e-01 4.738950000000000107e-01 4.815940000000000221e-01 1.929960000000000009e-01 4.902960000000000096e-01 3.600920000000000232e-01
2.088369999999999949e-01 9.590619999999999701e-02 3.574060000000000015e-01 3.466770000000000129e-01 1.076190000000000063e-01 2.873680000000000123e-01 2.317559999999999898e-01 2.226889999999999981e-01
1.884790000000000076e-01 8.959630000000000372e-02 1.027330000000000049e-01 1.414910000000000057e-01 1.407160000000000077e-01 1.852090000000000125e-01 7.769769999999999455e-02 1.829230000000000023e-01
5.000380000000000102e-02 4.390539999999999721e-02 5.114479999999999721e-02 3.415440000000000142e-02 3.557600000000000345e-02 4.498570000000000346e-02 3.872389999999999860e-02 5.692939999999999806e-02
5.264010000000000078e-01 7.167810000000000015e-01 6.978790000000000271e-01 6.769209999999999949e-01 7.824079999999999924e-01 7.550379999999999869e-01 7.496890000000000498e-01 6.683230000000000004e-01
7.951489999999999947e-01 6.922570000000000112e-01 7.004620000000000291e-01 7.256700000000000372e-01 7.476939999999999698e-01 7.365089999999999693e-01 6.993049999999999544e-01 6.877659999999999885e-01
7.795849999999999724e-01 7.599209999999999576e-01 7.354680000000000106e-01 8.674800000000000288e-01 7.863750000000000462e-01 7.314030000000000253e-01 7.249379999999999713e-01 6.681409999999999849e-01
7.843400000000000372e-01 6.640920000000000156e-01 7.226550000000000473e-01 7.485570000000000279e-01 7.313159999999999661e-01 6.771620000000000417e-01 6.804010000000000336e-01 7.936250000000000249e-01
7.533649999999999514e-01 7.577909999999999924e-01 7.741519999999999513e-01 6.741470000000000518e-01 7.586319999999999730e-01 7.356260000000000021e-01 7.162230000000000540e-01 7.178130000000000344e-01
9.295649999999999746e-01 8.271439999999999904e-01 7.395249999999999879e-01 7.829610000000000181e-01 6.837509999999999977e-01 7.032650000000000290e-01 8.261140000000000150e-01 8.278889999999999860e-01
6.443179999999999463e-01 6.766929999999999890e-01 8.386749999999999483e-01 6.608859999999999735e-01 7.917600000000000193e-01 7.794910000000000450e-01 8.445369999999999822e-01 8.458369999999999500e-01
6.426290000000000058e-01 9.367280000000000051e-01 8.189349999999999685e-01 8.668839999999999879e-01 7.222039999999999571e-01 7.176799999999999846e-01 9.059260000000000090e-01 6.794430000000000192e-01
7.762580000000000036e-01 6.139970000000000150e-01 8.142989999999999950e-01 8.299379999999999535e-01 9.159969999999999501e-01 6.979990000000000361e-01 6.328030000000000044e-01 8.345249999999999613e-01
8.354340000000000099e-01 6.717880000000000518e-01 9.083080000000000043e-01 6.424710000000000143e-01 8.205500000000000016e-01 7.546100000000000030e-01 6.751559999999999784e-01 6.663860000000000339e-01
8.405319999999999458e-01 6.385410000000000252e-01 6.749150000000000427e-01 8.671470000000000011e-01 6.861289999999999889e-01 8.823370000000000379e-01 6.417530000000000179e-01 7.499860000000000415e-01
6.959359999999999991e-01 8.925239999999999840e-01 9.579969999999999875e-01 6.437889999999999446e-01 6.357599999999999918e-01 6.085040000000000449e-01 6.790990000000000082e-01 8.441629999999999967e-01
8.186350000000000016e-01 7.821620000000000239e-01 8.805960000000000454e-01 6.646370000000000333e-01 8.143620000000000303e-01 7.660620000000000207e-01 8.600219999999999532e-01 9.047169999999999934e-01
6.757720000000000393e-01 6.646410000000000373e-01 7.918300000000000338e-01 7.882660000000000222e-01 6.413769999999999749e-01 7.816100000000000270e-01 5.886829999999999563e-01 8.358200000000000074e-01
7.496490000000000098e-01 6.948469999999999924e-01 7.552780000000000049e-01 7.431820000000000093e-01 7.392980000000000107e-01 2.567849999999999855e-01 7.364640000000000075e-01 6.280599999999999516e-01
6.548100000000000032e-01 6.655269999999999797e-01 2.658519999999999772e-01 6.744949999999999557e-01 6.850389999999999535e-01 6.156449999999999978e-01 5.735529999999999795e-01 1.636930000000000052e-01
3.412789999999999990e-01 5.118300000000000072e-01 2.796719999999999762e-01 5.524299999999999766e-01 5.879720000000000502e-01 2.790340000000000042e-01 5.490680000000000005e-01 5.074720000000000342e-01
4.848560000000000092e-01 3.875319999999999876e-01 1.845819999999999961e-01 1.516589999999999883e-01 3.979150000000000187e-01 1.171780000000000044e-01 3.066579999999999862e-01 2.771680000000000255e-01
3.545980000000000243e-01 2.087229999999999919e-01 1.880459999999999909e-01 2.596990000000000132e-01 3.459729999999999750e-01 2.686029999999999807e-01 2.695839999999999903e-01 3.585780000000000078e-01
1.517000000000000015e-01 2.091449999999999976e-01 2.055950000000000000e-01 1.022880000000000039e-01 1.413800000000000057e-01 1.883769999999999889e-01 1.935580000000000078e-01 1.642480000000000051e-01
4.423189999999999761e-02 4.892660000000000065e-02 4.249680000000000124e-02 4.968000000000000194e-02 4.612329999999999902e-02 4.196600000000000330e-02 4.752270000000000105e-02 4.053799999999999765e-02
6.876419999999999755e-01 5.828769999999999785e-01 7.353159999999999696e-01 4.567959999999999798e-01 7.138430000000000053e-01 6.702439999999999509e-01 6.705630000000000202e-01 7.100469999999999837e-01
3.422799999999999732e-01 7.525840000000000307e-01 7.076900000000000412e-01 5.677090000000000192e-01 6.856219999999999537e-01 6.655309999999999837e-01 7.633339999999999570e-01 7.090239999999999876e-01
8.199309999999999654e-01 8.337860000000000271e-01 7.775560000000000249e-01 7.149860000000000104e-01 7.654300000000000548e-01 6.829079999999999595e-01 7.320020000000000415e-01 7.623130000000000184e-01
7.450240000000000196e-01 7.271480000000000166e-01 7.539770000000000083e-01 7.784670000000000201e-01 7.148930000000000007e-01 7.921000000000000263e-01 8.249220000000000441e-01 8.205890000000000128e-01
8.153139999999999832e-01 6.476330000000000142e-01 7.360750000000000348e-01 7.636450000000000182e-01 8.598670000000000480e-01 6.959830000000000183e-01 7.904499999999999860e-01 9.270100000000000007e-01
7.992679999999999785e-01 7.334030000000000271e-01 7.265409999999999924e-01 7.419869999999999521e-01 8.517510000000000359e-01 7.278050000000000352e-01 8.104040000000000132e-01 7.333039999999999559e-01
8.368010000000000170e-01 8.280870000000000175e-01 8.486110000000000042e-01 8.196839999999999682e-01 9.065720000000000445e-01 7.419019999999999504e-01 9.427259999999999529e-01 9.271629999999999594e-01
7.522950000000000470e-01 6.823179999999999801e-01 7.374220000000000219e-01 7.606829999999999981e-01 6.788579999999999615e-01 7.957490000000000396e-01 6.782150000000000123e-01 6.848189999999999555e-01
8.903450000000000530e-01 9.836700000000000443e-01 6.954080000000000261e-01 6.789039999999999520e-01 7.644119999999999804e-01 7.805130000000000123e-01 6.306540000000000479e-01 6.467100000000000071e-01
8.204609999999999959e-01 7.186169999999999503e-01 6.401660000000000128e-01 6.797560000000000269e-01 7.784079999999999888e-01 6.167420000000000124e-01 8.533199999999999674e-01 9.590349999999999708e-01
8.188959999999999573e-01 6.969929999999999737e-01 7.415270000000000472e-01 8.855469999999999731e-01 8.258680000000000465e-01 5.906740000000000324e-01 8.035219999999999585e-01 8.559889999999999999e-01
7.737020000000000008e-01 9.359049999999999869e-01 8.006680000000000463e-01 8.805560000000000054e-01 8.099790000000000045e-01 7.061979999999999924e-01 9.287659999999999805e-01 7.010619999999999630e-01
7.861399999999999499e-01 7.936459999999999626e-01 7.842130000000000489e-01 7.285800000000000054e-01 8.689540000000000042e-01 8.573209999999999997e-01 8.617650000000000032e-01 8.420959999999999557e-01
7.557209999999999761e-01 8.234839999999999938e-01 6.694409999999999528e-01 8.165459999999999940e-01 8.550670000000000215e-01 6.874249999999999527e-01 7.981460000000000221e-01 7.446430000000000549e-01
6.019440000000000346e-01 6.594929999999999959e-01 7.679840000000000000e-01 6.818779999999999841e-01 5.052130000000000232e-01 2.825019999999999754e-01 6.249639999999999640e-01 7.590949999999999642e-01
6.517269999999999452e-01 6.592719999999999692e-01 6.331250000000000488e-01 6.611270000000000202e-01 6.670559999999999823e-01 4.942489999999999939e-01 6.886769999999999836e-01 5.678649999999999531e-01
5.896989999999999732e-01 5.965470000000000494e-01 2.039519999999999944e-01 4.916110000000000202e-01 5.089630000000000543e-01 5.671199999999999575e-01 5.669119999999999715e-01 5.652589999999999559e-01
4.820420000000000260e-01 4.782980000000000009e-01 4.194370000000000043e-01 3.616679999999999895e-01 3.284679999999999822e-01 2.247800000000000076e-01 2.423049999999999926e-01 4.732520000000000060e-01
2.173009999999999942e-01 1.529540000000000066e-01 1.858879999999999977e-01 3.427109999999999879e-01 2.244960000000000011e-01 3.370520000000000183e-01 2.837279999999999802e-01 3.652670000000000083e-01
2.133160000000000056e-01 8.173850000000000560e-02 1.875749999999999917e-01 1.775370000000000004e-01 8.665119999999999767e-02 1.375439999999999996e-01 1.950020000000000087e-01 6.809830000000000050e-02
4.779830000000000190e-02 4.550200000000000078e-02 4.641780000000000211e-02 4.634150000000000075e-02 5.050380000000000147e-02 4.277360000000000190e-02 3.832929999999999671e-02 4.799590000000000106e-02
7.013270000000000337e-01 7.486930000000000529e-01 6.090959999999999708e-01 6.932800000000000074e-01 6.948560000000000292e-01 3.588709999999999956e-01 7.579019999999999646e-01 6.032800000000000384e-01
7.094449999999999923e-01 7.569550000000000445e-01 6.705240000000000089e-01 7.910819999999999519e-01 7.179820000000000091e-01 3.395020000000000260e-01 7.265439999999999676e-01 7.654779999999999918e-01
6.991330000000000044e-01 7.762970000000000148e-01 7.316700000000000426e-01 7.480930000000000080e-01 7.107259999999999689e-01 7.050490000000000368e-01 7.233939999999999815e-01 7.441719999999999446e-01
6.843700000000000339e-01 7.193920000000000314e-01 6.652839999999999865e-01 7.370970000000000022e-01 7.301590000000000025e-01 7.251069999999999460e-01 7.196379999999999999e-01 7.276000000000000245e-01
7.130640000000000311e-01 8.647850000000000259e-01 7.446469999999999478e-01 7.091910000000000158e-01 8.321110000000000451e-01 8.745230000000000503e-01 6.769830000000000014e-01 7.490919999999999801e-01
7.914400000000000324e-01 7.413330000000000197e-01 8.701710000000000278e-01 7.429059999999999553e-01 7.018269999999999786e-01 6.377159999999999496e-01 7.899899999999999700e-01 7.235679999999999890e-01
7.610590000000000410e-01 8.590119999999999978e-01 7.655100000000000238e-01 7.230269999999999753e-01 6.570380000000000109e-01 7.612360000000000237e-01 7.830629999999999535e-01 8.315329999999999666e-01
8.201619999999999466e-01 7.768680000000000030e-01 8.122960000000000180e-01 6.318089999999999540e-01 7.011939999999999840e-01 8.628679999999999684e-01 7.456380000000000230e-01 9.367450000000000498e-01
8.269879999999999454e-01 7.280200000000000005e-01 9.470319999999999849e-01 8.226430000000000131e-01 6.418970000000000509e-01 6.598450000000000149e-01 7.494199999999999751e-01 7.521769999999999845e-01
6.973080000000000389e-01 8.913649999999999629e-01 6.858210000000000139e-01 7.197949999999999626e-01 5.368070000000000341e-01 8.750949999999999562e-01 6.801080000000000458e-01 7.656739999999999657e-01
7.270550000000000068e-01 9.362549999999999484e-01 9.393749999999999600e-01 6.499200000000000532e-01 9.222820000000000462e-01 6.493929999999999980e-01 7.728519999999999834e-01 8.293880000000000141e-01
8.481269999999999643e-01 8.405639999999999779e-01 7.903700000000000170e-01 8.069110000000000449e-01 8.961470000000000269e-01 6.169400000000000439e-01 6.973930000000000407e-01 5.588509999999999867e-01
8.941839999999999788e-01 8.510910000000000419e-01 6.692749999999999533e-01 8.536880000000000024e-01 5.988210000000000477e-01 6.564940000000000220e-01 8.517000000000000126e-01 7.484680000000000222e-01
7.654330000000000300e-01 7.528740000000000432e-01 8.136919999999999709e-01 7.508770000000000167e-01 8.135740000000000194e-01 6.578000000000000513e-01 7.295739999999999448e-01 6.915179999999999660e-01
7.345289999999999875e-01 6.900659999999999572e-01 7.234070000000000222e-01 7.369200000000000195e-01 7.647279999999999633e-01 5.840499999999999581e-01 7.346209999999999685e-01 6.818459999999999521e-01
6.554520000000000346e-01 6.861319999999999641e-01 5.797050000000000258e-01 6.563630000000000297e-01 2.374850000000000017e-01 6.563839999999999675e-01 6.493039999999999923e-01 4.665090000000000070e-01
5.611699999999999466e-01 5.195309999999999651e-01 5.918320000000000247e-01 5.987559999999999549e-01 5.783690000000000220e-01 5.440409999999999968e-01 3.438729999999999842e-01 5.547060000000000324e-01
4.748080000000000078e-01 4.540930000000000244e-01 4.541279999999999761e-01 4.769630000000000258e-01 4.364160000000000261e-01 8.884730000000000405e-02 4.834789999999999921e-01 4.006210000000000049e-01
1.654799999999999882e-01 2.851170000000000093e-01 2.853359999999999785e-01 3.548339999999999828e-01 2.698820000000000108e-01 2.861009999999999942e-01 3.621110000000000162e-01 1.266029999999999933e-01
9.247529999999999639e-02 1.632510000000000072e-01 6.289809999999999846e-02 1.997079999999999966e-01 1.863090000000000024e-01 1.017050000000000037e-01 1.342059999999999920e-01 7.728250000000000397e-02
4.670169999999999877e-02 4.399720000000000020e-02 4.453390000000000126e-02 4.277079999999999771e-02 3.920610000000000067e-02 4.490840000000000110e-02 4.697729999999999961e-02 4.743560000000000137e-02
5.359369999999999967e-01 7.260689999999999644e-01 7.465180000000000149e-01 6.839709999999999956e-01 7.072929999999999495e-01 6.810549999999999660e-01 4.376499999999999835e-01 6.496539999999999537e-01
6.952570000000000139e-01 7.553450000000000442e-01 5.610359999999999792e-01 7.232520000000000060e-01 7.249550000000000161e-01 6.840540000000000509e-01 8.275299999999999878e-01 6.946670000000000345e-01
7.382100000000000328e-01 7.951380000000000114e-01 6.664069999999999716e-01 7.339099999999999513e-01 6.860079999999999512e-01 7.284939999999999749e-01 7.690420000000000034e-01 7.124740000000000517e-01
7.497789999999999733e-01 7.501729999999999787e-01 6.801979999999999693e-01 6.578899999999999748e-01 7.887170000000000014e-01 8.231370000000000076e-01 7.625800000000000356e-01 7.006440000000000445e-01
7.092070000000000318e-01 7.208010000000000250e-01 9.380460000000000464e-01 7.335230000000000361e-01 7.625170000000000003e-01 6.543769999999999865e-01 7.379689999999999861e-01 6.975360000000000449e-01
7.492790000000000283e-01 7.541069999999999718e-01 7.421280000000000099e-01 7.558679999999999843e-01 8.764760000000000328e-01 7.579970000000000319e-01 7.254709999999999770e-01 8.438449999999999562e-01
7.162650000000000405e-01 7.210999999999999632e-01 8.590900000000000203e-01 8.261610000000000342e-01 9.389560000000000128e-01 7.467409999999999881e-01 7.319499999999999895e-01 8.482680000000000220e-01
6.826219999999999510e-01 7.550799999999999734e-01 7.619179999999999842e-01 7.813280000000000225e-01 7.783010000000000206e-01 8.047779999999999934e-01 7.041549999999999754e-01 7.272570000000000423e-01
9.488269999999999760e-01 7.450579999999999981e-01 7.749700000000000477e-01 8.163080000000000336e-01 8.184219999999999828e-01 6.494100000000000428e-01 7.457439999999999625e-01 6.201780000000000070e-01
8.745910000000000073e-01 9.570889999999999675e-01 7.030140000000000278e-01 8.689360000000000417e-01 8.778329999999999744e-01 7.606929999999999525e-01 6.031459999999999599e-01 8.018420000000000547e-01
7.914569999999999661e-01 7.596739999999999604e-01 6.992469999999999519e-01 7.184519999999999795e-01 7.406589999999999563e-01 8.179549999999999876e-01 6.906820000000000181e-01 7.228499999999999925e-01
7.798690000000000344e-01 6.890450000000000186e-01 6.176199999999999468e-01 8.614960000000000395e-01 6.238129999999999509e-01 8.883339999999999570e-01 8.327250000000000485e-01 8.388929999999999998e-01
8.340739999999999821e-01 9.164670000000000316e-01 8.003839999999999844e-01 8.485730000000000217e-01 8.516599999999999726e-01 9.106450000000000378e-01 6.001760000000000428e-01 6.365769999999999484e-01
7.648800000000000043e-01 7.782970000000000166e-01 7.487730000000000219e-01 6.820239999999999636e-01 7.817680000000000184e-01 8.031760000000000010e-01 6.716469999999999940e-01 6.474259999999999460e-01
7.173220000000000152e-01 6.954200000000000381e-01 7.242260000000000364e-01 7.422440000000000149e-01 7.330839999999999579e-01 6.386549999999999727e-01 7.402119999999999811e-01 6.675619999999999887e-01
3.811939999999999773e-01 6.860800000000000232e-01 6.487389999999999546e-01 6.472940000000000360e-01 6.473759999999999515e-01 5.894209999999999727e-01 5.604740000000000277e-01 6.615569999999999506e-01
1.619680000000000009e-01 5.705139999999999656e-01 3.230609999999999871e-01 5.238990000000000036e-01 5.347199999999999731e-01 5.486799999999999455e-01 5.854430000000000467e-01 5.610410000000000119e-01
4.702950000000000186e-01 4.600139999999999785e-01 3.827809999999999824e-01 2.010290000000000132e-01 4.631199999999999761e-01 4.793209999999999971e-01 1.480100000000000027e-01 4.051299999999999901e-01
2.860150000000000192e-01 3.329940000000000122e-01 2.878109999999999835e-01 2.088399999999999979e-01 3.661519999999999775e-01 2.930130000000000234e-01 3.324050000000000060e-01 3.209770000000000123e-01
1.266170000000000073e-01 1.768830000000000124e-01 1.804399999999999893e-01 8.674610000000000654e-02 1.336219999999999908e-01 1.779699999999999893e-01 1.207789999999999975e-01 1.864939999999999931e-01
4.448359999999999814e-02 4.085810000000000136e-02 3.572789999999999994e-02 4.994379999999999653e-02 4.190429999999999849e-02 4.584450000000000330e-02 3.619760000000000338e-02 5.035359999999999836e-02
6.958090000000000108e-01 6.990859999999999852e-01 7.193599999999999994e-01 6.742150000000000087e-01 6.882249999999999757e-01 6.685710000000000264e-01 6.827769999999999673e-01 6.871009999999999618e-01
7.588730000000000198e-01 7.292199999999999793e-01 7.833400000000000363e-01 6.859800000000000342e-01 6.629690000000000305e-01 6.671420000000000128e-01 6.751009999999999511e-01 7.120880000000000543e-01
7.769639999999999880e-01 7.337939999999999463e-01 6.720660000000000522e-01 7.055320000000000480e-01 6.729359999999999786e-01 6.921920000000000295e-01 6.537100000000000133e-01 5.255950000000000344e-01
7.797469999999999679e-01 8.078990000000000338e-01 6.648399999999999865e-01 9.090279999999999472e-01 6.595280000000000031e-01 7.238019999999999454e-01 7.514229999999999521e-01 7.764780000000000015e-01
8.103550000000000475e-01 7.076839999999999797e-01 6.852479999999999682e-01 6.852160000000000473e-01 7.812430000000000208e-01 6.925719999999999654e-01 7.945250000000000368e-01 6.975240000000000329e-01
7.505979999999999874e-01 7.032559999999999922e-01 7.735260000000000469e-01 8.326149999999999940e-01 7.743579999999999908e-01 7.975130000000000274e-01 7.462919999999999554e-01 7.902569999999999872e-01
8.593579999999999552e-01 6.243319999999999981e-01 6.517049999999999788e-01 8.404359999999999609e-01 7.562999999999999723e-01 6.779659999999999576e-01 6.913740000000000441e-01 6.765590000000000215e-01
6.411080000000000112e-01 7.401100000000000456e-01 6.580049999999999510e-01 7.193169999999999842e-01 6.118679999999999675e-01 8.063590000000000479e-01 6.457070000000000309e-01 8.071620000000000461e-01
6.859189999999999454e-01 9.491859999999999742e-01 7.442689999999999584e-01 7.945689999999999698e-01 7.450529999999999653e-01 6.193769999999999554e-01 7.578749999999999654e-01 9.067229999999999457e-01
9.001190000000000024e-01 8.671100000000000474e-01 7.443619999999999681e-01 9.869299999999999740e-01 6.770599999999999952e-01 7.917260000000000408e-01 7.921219999999999928e-01 6.501289999999999569e-01
6.962089999999999668e-01 8.060150000000000370e-01 9.664660000000000473e-01 8.435289999999999733e-01 6.276819999999999622e-01 7.301130000000000120e-01 8.188900000000000068e-01 7.930359999999999632e-01
6.304859999999999909e-01 6.226690000000000280e-01 8.017509999999999915e-01 5.876350000000000184e-01 9.070920000000000094e-01 7.218750000000000444e-01 7.811649999999999983e-01 9.011959999999999971e-01
7.666030000000000344e-01 8.830010000000000359e-01 5.889419999999999655e-01 7.589860000000000495e-01 7.043179999999999996e-01 5.982220000000000315e-01 7.507009999999999517e-01 7.446490000000000054e-01
7.844510000000000094e-01 7.419890000000000096e-01 8.328079999999999927e-01 8.299760000000000471e-01 5.582559999999999745e-01 7.635659999999999670e-01 7.529069999999999929e-01 6.538190000000000390e-01
7.349630000000000329e-01 6.918189999999999618e-01 7.444150000000000489e-01 6.408300000000000107e-01 7.277580000000000160e-01 7.247780000000000333e-01 6.793989999999999752e-01 7.525669999999999860e-01
6.845390000000000086e-01 6.956550000000000233e-01 6.659929999999999461e-01 6.697880000000000500e-01 6.598230000000000484e-01 6.083300000000000374e-01 4.791719999999999868e-01 2.422509999999999941e-01
1.890880000000000061e-01 5.923669999999999769e-01 1.472600000000000020e-01 5.719779999999999864e-01 5.759840000000000515e-01 2.217339999999999867e-01 3.041989999999999972e-01 5.732270000000000421e-01
3.680729999999999835e-01 3.067509999999999959e-01 1.214520000000000044e-01 4.398360000000000047e-01 1.503400000000000014e-01 5.037939999999999641e-01 4.447729999999999739e-01 2.890750000000000264e-01
3.567139999999999755e-01 3.479369999999999963e-01 2.102469999999999895e-01 3.349619999999999820e-01 3.717719999999999914e-01 1.473140000000000005e-01 3.530130000000000212e-01 2.564569999999999905e-01
2.083260000000000112e-01 1.698490000000000000e-01 1.898370000000000057e-01 2.116580000000000128e-01 1.976779999999999926e-01 1.549989999999999979e-01 1.290590000000000070e-01 1.757219999999999893e-01
4.237889999999999713e-02 4.346219999999999944e-02 4.198349999999999999e-02 4.760000000000000342e-02 4.668300000000000227e-02 4.928010000000000029e-02 4.871369999999999867e-02 4.497489999999999821e-02
7.330219999999999514e-01 4.534889999999999755e-01 4.922570000000000001e-01 6.688159999999999661e-01 7.715619999999999701e-01 6.950619999999999576e-01 7.374340000000000339e-01 7.128929999999999989e-01
4.683519999999999905e-01 7.427930000000000366e-01 8.134599999999999609e-01 6.614900000000000224e-01 7.173979999999999801e-01 8.143270000000000231e-01 6.800450000000000106e-01 5.134689999999999532e-01
6.676959999999999562e-01 7.135240000000000471e-01 6.995749999999999469e-01 7.251450000000000395e-01 6.968760000000000510e-01 6.706779999999999964e-01 7.568449999999999900e-01 7.023749999999999716e-01
7.045439999999999481e-01 7.134489999999999998e-01 7.495610000000000328e-01 6.895499999999999963e-01 7.141239999999999810e-01 8.509839999999999627e-01 6.441449999999999676e-01 7.076059999999999572e-01
6.974630000000000551e-01 7.354079999999999506e-01 6.691399999999999570e-01 7.907769999999999522e-01 7.157179999999999653e-01 7.790200000000000458e-01 8.427139999999999631e-01 7.635659999999999670e-01
7.034390000000000365e-01 7.292170000000000041e-01 7.482889999999999819e-01 7.215409999999999879e-01 7.883280000000000287e-01 6.615220000000000544e-01 7.161330000000000195e-01 7.102000000000000535e-01
6.664520000000000444e-01 7.506509999999999572e-01 7.495500000000000496e-01 8.082989999999999897e-01 7.265819999999999501e-01 7.517399999999999638e-01 7.772289999999999477e-01 6.710779999999999523e-01
8.059079999999999577e-01 8.372709999999999875e-01 8.827169999999999739e-01 6.788419999999999455e-01 7.030239999999999823e-01 7.938490000000000268e-01 8.212120000000000530e-01 7.751660000000000217e-01
6.352849999999999886e-01 9.059730000000000283e-01 8.130540000000000544e-01 8.493349999999999511e-01 8.562560000000000171e-01 6.417990000000000084e-01 6.245140000000000136e-01 7.866790000000000171e-01
8.373150000000000315e-01 8.183679999999999843e-01 6.690220000000000056e-01 7.700989999999999780e-01 8.204519999999999591e-01 7.864929999999999977e-01 6.930990000000000206e-01 9.082249999999999490e-01
7.088149999999999729e-01 9.783519999999999994e-01 7.210560000000000302e-01 7.484610000000000429e-01 7.530540000000000012e-01 9.290230000000000432e-01 7.282389999999999697e-01 8.964530000000000554e-01
8.637599999999999723e-01 8.041059999999999874e-01 7.252720000000000278e-01 8.781619999999999981e-01 7.957800000000000429e-01 6.893930000000000335e-01 6.720639999999999947e-01 7.707650000000000334e-01
8.435880000000000045e-01 8.396310000000000162e-01 8.979740000000000499e-01 8.430419999999999581e-01 8.521279999999999966e-01 8.626939999999999609e-01 9.235550000000000148e-01 6.775590000000000224e-01
7.725710000000000077e-01 6.439279999999999449e-01 8.554089999999999749e-01 8.372760000000000202e-01 7.734680000000000444e-01 5.403729999999999922e-01 7.144409999999999927e-01 7.012169999999999792e-01
5.733519999999999728e-01 7.330860000000000154e-01 7.486760000000000081e-01 7.460750000000000437e-01 5.321580000000000199e-01 7.642210000000000392e-01 6.698979999999999935e-01 7.605180000000000273e-01
6.475840000000000485e-01 6.964879999999999960e-01 5.567720000000000447e-01 6.599099999999999966e-01 6.752620000000000289e-01 6.432320000000000260e-01 6.858610000000000539e-01 6.942399999999999682e-01
5.204539999999999722e-01 5.596400000000000263e-01 2.181170000000000053e-01 5.823700000000000543e-01 5.672190000000000287e-01 5.850389999999999757e-01 2.083869999999999889e-01 5.568319999999999936e-01
3.563089999999999868e-01 3.900190000000000046e-01 2.269680000000000031e-01 2.235439999999999927e-01 4.960160000000000124e-01 4.846989999999999910e-01 4.926730000000000276e-01 4.344069999999999876e-01
1.450470000000000093e-01 3.179509999999999836e-01 2.362799999999999900e-01 2.153229999999999866e-01 3.425940000000000096e-01 2.645549999999999846e-01 2.054670000000000107e-01 1.370069999999999899e-01
1.985989999999999978e-01 1.608209999999999917e-01 1.962180000000000035e-01 9.916659999999999364e-02 1.477950000000000097e-01 2.318139999999999923e-01 8.635070000000000245e-02 1.897949999999999915e-01
4.826509999999999828e-02 4.931599999999999873e-02 4.557610000000000133e-02 3.600310000000000316e-02 5.216130000000000072e-02 4.673599999999999977e-02 5.031759999999999705e-02 4.935880000000000128e-02
5.890300000000000535e-01 6.364980000000000082e-01 6.857269999999999754e-01 6.020910000000000428e-01 7.333129999999999926e-01 7.209900000000000198e-01 7.319740000000000135e-01 7.179569999999999563e-01
6.702569999999999917e-01 7.641139999999999599e-01 6.746149999999999647e-01 6.574440000000000284e-01 7.660289999999999599e-01 7.393690000000000540e-01 7.546979999999999800e-01 6.857010000000000050e-01
7.951890000000000347e-01 6.712909999999999711e-01 7.441299999999999581e-01 6.720679999999999987e-01 7.114319999999999533e-01 7.075360000000000538e-01 7.380269999999999886e-01 6.080950000000000522e-01
7.242800000000000349e-01 7.237050000000000427e-01 6.676220000000000487e-01 7.041290000000000049e-01 6.668600000000000083e-01 8.599740000000000162e-01 7.185430000000000428e-01 6.902439999999999687e-01
8.590870000000000450e-01 6.758480000000000043e-01 7.886670000000000069e-01 8.131460000000000354e-01 7.389639999999999542e-01 7.583259999999999446e-01 8.223240000000000549e-01 7.195559999999999734e-01
7.076510000000000300e-01 6.963219999999999965e-01 7.567139999999999977e-01 6.538779999999999593e-01 7.330820000000000114e-01 8.778890000000000304e-01 7.159069999999999601e-01 8.480400000000000160e-01
8.662609999999999477e-01 8.720379999999999798e-01 6.580359999999999543e-01 6.315159999999999663e-01 7.378310000000000146e-01 7.506159999999999499e-01 8.822029999999999594e-01 7.310389999999999944e-01
7.291480000000000183e-01 6.561590000000000478e-01 6.642529999999999824e-01 7.535159999999999636e-01 7.202830000000000066e-01 8.919589999999999463e-01 8.237409999999999455e-01 7.551900000000000279e-01
8.695570000000000244e-01 6.320000000000000062e-01 7.982519999999999616e-01 7.994799999999999685e-01 7.948490000000000277e-01 9.128730000000000455e-01 6.917900000000000160e-01 7.296270000000000255e-01
8.988899999999999668e-01 7.386470000000000535e-01 9.307670000000000110e-01 9.538029999999999564e-01 7.417479999999999629e-01 8.013289999999999580e-01 8.966910000000000158e-01 9.411720000000000086e-01
6.215060000000000029e-01 8.326120000000000188e-01 8.476679999999999771e-01 9.097460000000000546e-01 9.540549999999999864e-01 6.887299999999999534e-01 8.052259999999999973e-01 5.592409999999999881e-01
8.137910000000000421e-01 6.233940000000000037e-01 9.630999999999999561e-01 6.102469999999999839e-01 9.239290000000000003e-01 7.440569999999999684e-01 8.862210000000000365e-01 8.659719999999999640e-01
8.307050000000000267e-01 6.001279999999999948e-01 6.942909999999999915e-01 8.085679999999999534e-01 7.933419999999999916e-01 6.191839999999999566e-01 8.991860000000000408e-01 8.591309999999999780e-01
6.428120000000000500e-01 6.669100000000000028e-01 8.076849999999999863e-01 5.947689999999999921e-01 8.017560000000000242e-01 6.640030000000000099e-01 6.666590000000000016e-01 7.380280000000000173e-01
7.406409999999999938e-01 7.533279999999999976e-01 7.458360000000000545e-01 5.733190000000000230e-01 7.592649999999999677e-01 7.251480000000000148e-01 7.587169999999999748e-01 7.184660000000000490e-01
6.074359999999999760e-01 6.740949999999999998e-01 6.999649999999999483e-01 5.823869999999999880e-01 6.792500000000000204e-01 6.770770000000000399e-01 5.679929999999999701e-01 6.821789999999999798e-01
5.825040000000000218e-01 5.754719999999999835e-01 5.441009999999999458e-01 5.704529999999999879e-01 5.621890000000000498e-01 4.643470000000000097e-01 5.824690000000000145e-01 2.195179999999999909e-01
4.718579999999999997e-01 5.017359999999999598e-01 3.631969999999999921e-01 1.874210000000000043e-01 4.237429999999999808e-01 1.954059999999999964e-01 4.723499999999999921e-01 1.583670000000000078e-01
1.354859999999999953e-01 2.567260000000000097e-01 1.453029999999999877e-01 8.839869999999999672e-02 1.783990000000000020e-01 3.076110000000000233e-01 1.477860000000000007e-01 2.129260000000000042e-01
1.049849999999999950e-01 1.658560000000000034e-01 1.391249999999999987e-01 9.359049999999999314e-02 1.559159999999999990e-01 1.645290000000000086e-01 1.996330000000000049e-01 1.426080000000000125e-01
5.070410000000000195e-02 4.319060000000000260e-02 5.175149999999999889e-02 4.827000000000000041e-02 4.607920000000000071e-02 3.650819999999999760e-02 4.369680000000000092e-02 5.358419999999999850e-02
7.126320000000000432e-01 7.301609999999999490e-01 6.650800000000000045e-01 6.922979999999999690e-01 6.972749999999999782e-01 7.313420000000000476e-01 7.413440000000000030e-01 7.181830000000000158e-01
8.010070000000000245e-01 7.067309999999999981e-01 7.125369999999999759e-01 6.813160000000000327e-01 7.584680000000000311e-01 6.764750000000000485e-01 6.875999999999999890e-01 7.450080000000000036e-01
7.747640000000000082e-01 7.344640000000000057e-01 7.369310000000000027e-01 7.552659999999999929e-01 7.621900000000000341e-01 7.246650000000000036e-01 6.765539999999999887e-01 7.227219999999999756e-01
8.910900000000000487e-01 6.929140000000000299e-01 7.349149999999999849e-01 6.350649999999999906e-01 6.964789999999999592e-01 8.461549999999999905e-01 6.647399999999999975e-01 6.777039999999999731e-01
7.469109999999999916e-01 7.452429999999999888e-01 8.830519999999999481e-01 8.106670000000000265e-01 7.715220000000000411e-01 6.777189999999999603e-01 7.658199999999999452e-01 7.237299999999999844e-01
8.094400000000000484e-01 7.429799999999999738e-01 7.915820000000000078e-01 7.769420000000000215e-01 6.287500000000000311e-01 6.577889999999999571e-01 7.302389999999999715e-01 7.281020000000000270e-01
7.123030000000000195e-01 8.669700000000000184e-01 8.573300000000000365e-01 8.919270000000000254e-01 9.084470000000000045e-01 7.283579999999999499e-01 7.313380000000000436e-01 8.186759999999999593e-01
8.538440000000000474e-01 6.946170000000000400e-01 7.289989999999999526e-01 8.240349999999999620e-01 6.259479999999999489e-01 7.138719999999999510e-01 7.544370000000000243e-01 7.800479999999999636e-01
6.847940000000000138e-01 7.947499999999999565e-01 8.047790000000000221e-01 6.973049999999999526e-01 8.461400000000000032e-01 6.139679999999999582e-01 7.825389999999999846e-01 8.814109999999999445e-01
9.001320000000000432e-01 7.799409999999999954e-01 7.918560000000000043e-01 9.130570000000000075e-01 7.898279999999999745e-01 6.207089999999999552e-01 9.262730000000000130e-01 7.846929999999999739e-01
8.353120000000000545e-01 7.469959999999999933e-01 6.831939999999999680e-01 8.725610000000000310e-01 7.011859999999999760e-01 7.898020000000000040e-01 8.311610000000000387e-01 8.015480000000000382e-01
7.838899999999999757e-01 7.751540000000000097e-01 8.664709999999999912e-01 6.948370000000000379e-01 7.758199999999999541e-01 6.058120000000000172e-01 8.133789999999999631e-01 8.754960000000000520e-01
7.851930000000000298e-01 7.654750000000000165e-01 8.784180000000000321e-01 8.046600000000000419e-01 8.046919999999999629e-01 7.800979999999999581e-01 7.894229999999999858e-01 8.733360000000000012e-01
8.484140000000000015e-01 6.638669999999999849e-01 8.000960000000000294e-01 7.514819999999999833e-01 6.714130000000000376e-01 7.652459999999999818e-01 5.888849999999999918e-01 7.020279999999999854e-01
7.275559999999999805e-01 7.714879999999999516e-01 7.419869999999999521e-01 7.228729999999999878e-01 7.609900000000000553e-01 7.347209999999999575e-01 6.860180000000000167e-01 7.032920000000000282e-01
6.843630000000000546e-01 6.490329999999999711e-01 5.741849999999999454e-01 6.346829999999999972e-01 5.051949999999999497e-01 4.678340000000000276e-01 6.716900000000000093e-01 4.747370000000000201e-01
4.676580000000000181e-01 5.732410000000000005e-01 3.377970000000000139e-01 5.226750000000000007e-01 5.558480000000000087e-01 6.070680000000000520e-01 5.762890000000000512e-01 5.939640000000000475e-01
2.092680000000000096e-01 4.188839999999999786e-01 2.301650000000000085e-01 4.850400000000000267e-01 1.892510000000000026e-01 4.744269999999999876e-01 4.860700000000000021e-01 2.782870000000000066e-01
2.527940000000000187e-01 1.143080000000000068e-01 3.645090000000000274e-01 3.640530000000000155e-01 2.325909999999999922e-01 3.340839999999999921e-01 1.059429999999999955e-01 3.688819999999999877e-01
1.705550000000000122e-01 1.736399999999999888e-01 1.471320000000000128e-01 2.049420000000000130e-01 7.118249999999999578e-02 1.196610000000000035e-01 9.086729999999999807e-02 9.493360000000000687e-02
4.999769999999999909e-02 2.575960000000000055e-02 4.373869999999999841e-02 4.147499999999999798e-02 4.457799999999999957e-02 4.527590000000000087e-02 3.413830000000000336e-02 3.716289999999999871e-02
6.990880000000000427e-01 6.893909999999999760e-01 7.593790000000000262e-01 7.116989999999999705e-01 6.037379999999999969e-01 7.121030000000000415e-01 6.987670000000000270e-01 4.075639999999999818e-01
5.158279999999999532e-01 6.946860000000000257e-01 6.989539999999999642e-01 6.884829999999999561e-01 8.337809999999999944e-01 6.951640000000000041e-01 7.287240000000000384e-01 7.496000000000000441e-01
6.683940000000000436e-01 7.228489999999999638e-01 8.321359999999999868e-01 7.219560000000000421e-01 8.425280000000000546e-01 7.298289999999999500e-01 7.318040000000000100e-01 7.254509999999999570e-01
8.907749999999999835e-01 8.640430000000000055e-01 6.855259999999999687e-01 7.162560000000000038e-01 8.254639999999999755e-01 6.756790000000000296e-01 8.441020000000000190e-01 8.084679999999999644e-01
7.552309999999999857e-01 7.407759999999999900e-01 7.922749999999999515e-01 8.782910000000000439e-01 8.294880000000000031e-01 6.648110000000000408e-01 6.918889999999999763e-01 7.446739999999999471e-01
7.545429999999999637e-01 6.991570000000000285e-01 7.158470000000000111e-01 7.045460000000000056e-01 6.463179999999999481e-01 7.626410000000000133e-01 7.263960000000000417e-01 7.681700000000000195e-01
6.820009999999999684e-01 7.153319999999999679e-01 8.348809999999999842e-01 6.832120000000000415e-01 7.403399999999999981e-01 7.426019999999999843e-01 8.757169999999999677e-01 7.133920000000000261e-01
7.671320000000000361e-01 8.336130000000000484e-01 8.028060000000000196e-01 9.233850000000000113e-01 8.822820000000000107e-01 7.523499999999999632e-01 6.465039999999999676e-01 6.432330000000000547e-01
8.855380000000000473e-01 6.566769999999999552e-01 8.453169999999999851e-01 9.368239999999999901e-01 6.723689999999999944e-01 9.367090000000000138e-01 6.604389999999999983e-01 9.195459999999999745e-01
8.405010000000000536e-01 8.121519999999999850e-01 7.658989999999999965e-01 9.000569999999999959e-01 8.478430000000000133e-01 6.417410000000000059e-01 8.482279999999999820e-01 7.950859999999999594e-01
5.980560000000000320e-01 7.576540000000000497e-01 9.233479999999999466e-01 7.046700000000000186e-01 7.570949999999999624e-01 7.460200000000000164e-01 7.029689999999999550e-01 5.925049999999999484e-01
7.173810000000000464e-01 5.820089999999999986e-01 6.398639999999999883e-01 6.782120000000000370e-01 9.056560000000000166e-01 7.654389999999999805e-01 8.316820000000000324e-01 6.823890000000000233e-01
9.004429999999999934e-01 8.840879999999999850e-01 8.340999999999999526e-01 7.160990000000000411e-01 6.460590000000000499e-01 7.823369999999999491e-01 8.860989999999999700e-01 8.425759999999999916e-01
7.680040000000000200e-01 7.568979999999999597e-01 6.598429999999999573e-01 7.091779999999999751e-01 8.402629999999999821e-01 7.140969999999999818e-01 7.456009999999999582e-01 7.950089999999999657e-01
6.528310000000000501e-01 6.199999999999999956e-01 6.870530000000000248e-01 7.583630000000000093e-01 4.209519999999999929e-01 7.067510000000000181e-01 7.562680000000000513e-01 6.634330000000000505e-01
6.066599999999999770e-01 6.347329999999999917e-01 6.989689999999999515e-01 6.456749999999999989e-01 6.483349999999999946e-01 5.449899999999999745e-01 3.557759999999999811e-01 6.726079999999999837e-01
3.154689999999999994e-01 2.929309999999999969e-01 4.132140000000000257e-01 5.699920000000000542e-01 4.819450000000000123e-01 5.829509999999999970e-01 5.602420000000000178e-01 5.673000000000000265e-01
1.654750000000000110e-01 2.080869999999999942e-01 3.452379999999999893e-01 2.569589999999999930e-01 4.707290000000000085e-01 4.475089999999999901e-01 3.481480000000000130e-01 4.478920000000000123e-01
1.325510000000000022e-01 3.693969999999999754e-01 2.708949999999999969e-01 2.392130000000000090e-01 3.025530000000000164e-01 2.088800000000000101e-01 2.597720000000000029e-01 4.964070000000000288e-02
8.015970000000000040e-02 1.595630000000000104e-01 7.995270000000000155e-02 1.824669999999999903e-01 1.116840000000000055e-01 2.027670000000000028e-01 2.006000000000000005e-01 9.661759999999999793e-02
3.411390000000000255e-02 3.767299999999999816e-02 4.389730000000000021e-02 5.213020000000000154e-02 4.876810000000000173e-02 4.898949999999999833e-02 3.803879999999999761e-02 4.095920000000000116e-02
7.071220000000000283e-01 3.127170000000000227e-01 6.951019999999999976e-01 7.309459999999999846e-01 6.781319999999999570e-01 6.978980000000000183e-01 6.829300000000000370e-01 6.988659999999999872e-01
7.343439999999999968e-01 8.064639999999999587e-01 7.129619999999999846e-01 6.426790000000000003e-01 4.196460000000000190e-01 7.122359999999999802e-01 7.935240000000000071e-01 8.124940000000000495e-01
7.336230000000000251e-01 8.198229999999999684e-01 7.266000000000000236e-01 6.829260000000000330e-01 7.502729999999999677e-01 7.185949999999999838e-01 7.669030000000000014e-01 8.206419999999999826e-01
7.662489999999999579e-01 6.970460000000000544e-01 7.632729999999999793e-01 7.893809999999999993e-01 7.874860000000000193e-01 8.490510000000000002e-01 7.863459999999999894e-01 7.547380000000000200e-01
7.937689999999999468e-01 7.505819999999999714e-01 8.772480000000000278e-01 6.778410000000000268e-01 8.541640000000000343e-01 6.236249999999999849e-01 7.339849999999999985e-01 6.928239999999999954e-01
6.777560000000000251e-01 8.619639999999999525e-01 7.317909999999999693e-01 7.058839999999999559e-01 7.342919999999999447e-01 8.290880000000000472e-01 8.293409999999999949e-01 7.187940000000000440e-01
7.250450000000000506e-01 7.716499999999999471e-01 7.043129999999999669e-01 6.549420000000000242e-01 6.677760000000000362e-01 7.658850000000000380e-01 7.468299999999999939e-01 6.897459999999999702e-01
9.046589999999999909e-01 7.048569999999999558e-01 6.336330000000000018e-01 8.487729999999999997e-01 8.949989999999999890e-01 7.696349999999999580e-01 9.337990000000000457e-01 7.749390000000000445e-01
6.478150000000000297e-01 6.888779999999999903e-01 6.495119999999999783e-01 6.299200000000000355e-01 7.669479999999999631e-01 6.286640000000000006e-01 8.237309999999999910e-01 6.916560000000000485e-01
8.501649999999999485e-01 8.897639999999999993e-01 9.776920000000000055e-01 8.102519999999999722e-01 6.812840000000000007e-01 6.751430000000000486e-01 9.375820000000000265e-01 8.124980000000000535e-01
6.703090000000000437e-01 9.012639999999999540e-01 8.564889999999999448e-01 8.402650000000000396e-01 8.468480000000000452e-01 8.715640000000000054e-01 7.064409999999999856e-01 7.089250000000000274e-01
8.419860000000000122e-01 7.852320000000000411e-01 7.073139999999999983e-01 8.093470000000000386e-01 6.684889999999999999e-01 8.998429999999999485e-01 8.052789999999999671e-01 5.805930000000000257e-01
7.222570000000000379e-01 5.758219999999999450e-01 8.808850000000000291e-01 6.597840000000000371e-01 9.063879999999999715e-01 6.784029999999999783e-01 7.682780000000000165e-01 7.253300000000000303e-01
7.470139999999999558e-01 6.921000000000000485e-01 8.093000000000000194e-01 8.186350000000000016e-01 8.291199999999999681e-01 6.509479999999999711e-01 7.506720000000000059e-01 6.806499999999999773e-01
6.902129999999999654e-01 7.436450000000000005e-01 6.413090000000000179e-01 7.621970000000000134e-01 7.185909999999999798e-01 7.746399999999999952e-01 6.072790000000000132e-01 7.555490000000000261e-01
4.198549999999999782e-01 4.026609999999999912e-01 6.667769999999999531e-01 6.609720000000000040e-01 6.961260000000000225e-01 6.659789999999999877e-01 6.322630000000000194e-01 6.419709999999999583e-01
3.735370000000000079e-01 5.008320000000000549e-01 4.195570000000000133e-01 4.975609999999999755e-01 4.061330000000000218e-01 3.293679999999999941e-01 5.585489999999999622e-01 4.676669999999999994e-01
3.744210000000000038e-01 4.651339999999999919e-01 3.945429999999999771e-01 4.590310000000000223e-01 1.730970000000000009e-01 3.660249999999999893e-01 3.979099999999999859e-01 4.603929999999999967e-01
1.878720000000000112e-01 1.382110000000000005e-01 3.458570000000000255e-01 2.041759999999999964e-01 1.441099999999999881e-01 1.410909999999999942e-01 3.082090000000000107e-01 2.260119999999999907e-01
1.494169999999999943e-01 1.930230000000000001e-01 1.908239999999999936e-01 1.041959999999999970e-01 2.025349999999999928e-01 1.938139999999999863e-01 2.208320000000000005e-01 1.972589999999999899e-01
4.979689999999999811e-02 4.566329999999999695e-02 4.193369999999999737e-02 4.197589999999999655e-02 4.562999999999999695e-02 4.378119999999999928e-02 5.276610000000000328e-02 4.146060000000000023e-02
