0 0 0 0
1 0 0 0
2 0 0 0
3 0 0 0
4 0 0 0
5 0 0 0
6 0 0 0
7 0 0 0
8 0 0 0
9 0 0 0
10 0 0 0
11 0 0 0
12 0 0 0
13 0 0 0
14 0 0 0
15 0 0 0
16 0 0 0
17 0 0 0
18 0 0 0
19 0 0 0
20 0 0 0
21 0 0 0
22 0 0 0
23 0 0 0
24 0 0 0
25 0 0 0
26 0 0 0
27 3.11241409e-12 3.11241409e-14 9.687121466e-26
28 1.711606532e-09 1.714718947e-11 2.929498988e-20
29 1.711606532e-09 3.944795172e-11 4.614561098e-20
30 1.212701366e-08 1.671728743e-10 1.507658905e-18
31 0.0001862312776 1.870221871e-06 3.467971373e-10
32 0.0001862312776 1.981516812e-06 3.476152176e-10
33 0.0001862312776 2.91751952e-06 4.309649164e-10
34 0.0001862312776 3.062147607e-06 4.310246661e-10
35 0.0001862312776 3.003575819e-06 4.312078352e-10
36 0.0002889924468 6.215443252e-06 1.256008985e-09
37 0.0002889924468 6.020478775e-06 1.256414186e-09
38 0.0005412689787 1.337866395e-05 4.325919198e-09
39 0.0005412689787 1.603497667e-05 5.521222578e-09
40 0.0005770226431 2.049906224e-05 8.495708798e-09
41 0.0006535282567 3.010521062e-05 1.350433013e-08
42 0.001890089728 4.896807039e-05 4.949134074e-08
43 0.001890089728 4.846249862e-05 4.907587212e-08
44 0.002039773495 8.139493548e-05 1.167144614e-07
45 0.002039773495 6.738117536e-05 1.105426841e-07
46 0.004002689304 0.0001185561242 2.843140231e-07
47 0.004002689304 0.0001219474813 2.867747623e-07
48 0.004002689304 9.763466943e-05 2.622880317e-07
49 0.004069761134 0.0001625811315 4.511476258e-07
50 0.03874797056 0.0006408125046 1.563720229e-05
51 0.04534813054 0.001225122929 3.722524082e-05
52 0.04550181427 0.001894185035 6.593896619e-05
53 0.04644705948 0.002247813612 8.501485735e-05
54 0.07522941312 0.003613131293 0.0001591683925
55 0.07522941312 0.004577123737 0.0002124139708
56 0.07522941312 0.006156257607 0.0002904325245
57 0.1334095641 0.008484074668 0.0005887954246
58 0.1560290436 0.009189128022 0.0008038760934
59 0.1560290436 0.01030727446 0.0009617172041
60 0.1692285624 0.01128929626 0.001272802088
61 0.1917970739 0.01232211825 0.001553000553
62 0.1917970739 0.012297362 0.001623686448
63 0.2349262292 0.0147537759 0.002189171157
64 0.2349262292 0.01171641044 0.001845806858
65 0.2408137916 0.01315721661 0.002183968705
66 0.3069973771 0.01654098658 0.003284308233
67 0.3109514267 0.02343114723 0.00441716345
68 0.3109514267 0.02606656819 0.004949747561
69 0.4185451927 0.02898362126 0.006320867265
70 0.4185451927 0.02808674233 0.006190928957
71 0.4185451927 0.02766749045 0.006456124056
72 0.4185451927 0.03395048884 0.008458898179
73 0.4185451927 0.03303242468 0.008615254541
74 0.4286421771 0.0422626673 0.01120252385
75 0.4286421771 0.03776874194 0.01086353413
76 0.4286421771 0.03316569155 0.008317136379
77 0.4286421771 0.03770081722 0.009927831604
78 0.4286421771 0.03738532997 0.00906971428
79 0.433824114 0.04318950244 0.0109376921
80 0.433824114 0.04363142149 0.01027760603
81 0.433824114 0.04531361064 0.01017679496
82 0.433824114 0.04144514632 0.01008171398
83 0.433824114 0.05219544454 0.01199731397
84 0.433824114 0.04199854452 0.01181021704
85 0.4449247953 0.03972332672 0.0109876766
86 0.4449247953 0.04734057831 0.01063375167
87 0.4449247953 0.04450312024 0.009297061468
88 0.4449247953 0.05462806242 0.01137370017
89 0.4449247953 0.05479722835 0.01132638828
90 0.4449247953 0.05475624552 0.01179294985
91 0.4449247953 0.05201784229 0.01121530355
92 0.4449247953 0.0563449976 0.01233297293
93 0.4449247953 0.06529627332 0.01332718954
94 0.4449247953 0.07232928303 0.01433205362
95 0.4449247953 0.06925131477 0.01387142554
96 0.4449247953 0.06970877233 0.0134255166
97 0.4449247953 0.07256691242 0.01445623882
98 0.4449247953 0.07905848708 0.01615540782
99 0.4535978695 0.07735891272 0.01446556772
100 0.4535978695 0.07132165848 0.01210332808
101 0.4535978695 0.0714402693 0.01352403127
102 0.4535978695 0.06292347111 0.01125804479
103 0.4569085816 0.08796205456 0.01639972695
104 0.4569085816 0.08767458496 0.01480636636
105 0.4569085816 0.08697189807 0.01423409772
106 0.4569085816 0.08962624453 0.01422163108
107 0.4680878856 0.08894390292 0.01662947123
108 0.4771444351 0.0875500217 0.01563786026
109 0.4771444351 0.07240133062 0.01223209687
110 0.4771444351 0.07967082004 0.01520669147
111 0.4771444351 0.06682181932 0.01238384745
112 0.4771444351 0.06738382489 0.01220206402
113 0.4771444351 0.06609172949 0.01370548591
114 0.4771444351 0.07954930425 0.01540264308
115 0.4771444351 0.08267369743 0.01617397727
116 0.4955472418 0.08176083478 0.01521616893
117 0.4955472418 0.07659701293 0.01414980795
118 0.4955472418 0.09603238238 0.01753022068
119 0.4955472418 0.0812237162 0.01481770607
120 0.4955472418 0.08339808795 0.01601019902
121 0.4955472418 0.07435468926 0.01423906469
122 0.5041107737 0.0848557198 0.01867403596
123 0.5041107737 0.08516254495 0.01783090677
124 0.5871578757 0.07831123612 0.01924268606
125 0.9393350794 0.1120033792 0.03355369915
126 0.9393350794 0.09834466156 0.02808689578
127 0.9393350794 0.09944204994 0.03268059427
128 0.9393350794 0.1028879998 0.03642701931
129 0.9393350794 0.1091128734 0.03767821175
130 0.9393350794 0.09201601088 0.03800044822
131 0.9945497327 0.1113382637 0.05477820881
131 3.159160971e-09 4.454604163e-11 1.147732906e-19
132 3.159160971e-09 4.761820305e-11 1.149255607e-19
133 1.839572302e-08 2.973844646e-10 3.646804925e-18
134 1.941812854e-08 5.986698358e-10 7.717932631e-18
135 1.941812854e-08 7.520624392e-10 1.14764576e-17
136 4.917608478e-08 2.001925414e-09 6.22671061e-17
137 1.613503704e-07 5.1350148e-09 5.592889841e-16
138 7.663733693e-05 7.760556518e-07 5.872077549e-11
139 0.0001813118461 2.601241241e-06 3.845655609e-10
140 0.0005580207744 9.079021418e-06 3.488791469e-09
141 0.0005580207744 1.188499164e-05 3.927760064e-09
142 0.002025373751 4.911942764e-05 6.899081974e-08
143 0.01075767985 0.0003420933997 2.091220429e-06
144 0.01075767985 0.0004066495862 2.262095481e-06
145 0.01083045166 0.0006507823891 4.511062321e-06
146 0.01083045166 0.0005940902491 4.455885328e-06
147 0.01180117224 0.0007092975542 5.707423571e-06
148 0.0119410834 0.0008732657502 7.15086852e-06
149 0.0119410834 0.0008521634942 6.678033645e-06
150 0.0119410834 0.001032763815 8.034209885e-06
151 0.0119410834 0.0009548732791 6.862943704e-06
152 0.02116778162 0.00127352602 1.191052376e-05
153 0.02116778162 0.001157671254 1.192185853e-05
154 0.02394777752 0.001565301258 2.001343297e-05
155 0.04609452425 0.002532439863 5.252211606e-05
156 0.04609452425 0.002066400434 4.702040349e-05
157 0.04609452425 0.002239985367 5.671680728e-05
158 0.04609452425 0.00229122345 5.90157812e-05
159 0.04609452425 0.002635486691 7.407566542e-05
160 0.04609452425 0.003811813839 0.0001145659209
161 0.04775089423 0.003484961973 0.0001179749306
162 0.04792809199 0.004002919582 0.000127167447
163 0.04792809199 0.004505180638 0.0001447744893
164 0.04792809199 0.003772020667 0.0001161839797
165 0.04792809199 0.003920014553 0.0001271423299
166 0.04792809199 0.004111824862 0.0001285857569
167 0.04792809199 0.003839221889 0.0001130361088
168 0.07309188932 0.004466794871 0.0001524164253
169 0.07309188932 0.003558082365 0.0001425729177
170 0.07472848431 0.005081519497 0.0002223135258
171 0.07472848431 0.005294927575 0.0002162889627
172 0.1018357986 0.007606400451 0.0003807179248
173 0.1068437838 0.009309467714 0.0006193073814
174 0.1068437838 0.009320207688 0.0007019490718
175 0.1068437838 0.008904880977 0.0006213745066
176 0.1068437838 0.00876162897 0.0006825651398
177 0.1138056345 0.01159230279 0.0007881628096
178 0.1138056345 0.00846518565 0.0006133722882
179 0.1138056345 0.008379092589 0.0005609290161
180 0.1138056345 0.01111323616 0.0006849339292
181 0.1138056345 0.008911952635 0.0006176646947
182 0.1483443096 0.01187254366 0.0009549847184
183 0.1483443096 0.01606044375 0.001078299798
184 0.1483443096 0.0162870849 0.001199375473
185 0.1483443096 0.01594376152 0.001414833658
186 0.1483443096 0.01577548528 0.001265549996
187 0.1483443096 0.01527758589 0.001178285678
188 0.1499977556 0.01627075383 0.001300535
189 0.1563845682 0.0207509736 0.001616628765
190 0.1563845682 0.01623580814 0.001240032815
191 0.1563845682 0.0188108459 0.001544639722
192 0.2095447358 0.01864486072 0.001882411466
193 0.2095447358 0.01967392394 0.001959590264
194 0.2095447358 0.02466942448 0.002429092398
195 0.2102872716 0.02310088587 0.002178132449
196 0.2319483563 0.02344518224 0.002590081427
197 0.2319483563 0.02807575124 0.003205447939
198 0.2319483563 0.02838729707 0.00361966744
199 0.3187688001 0.02681942271 0.003660142278
200 0.3187688001 0.02215667332 0.003093009148
201 0.3187688001 0.03069463731 0.004413735094
202 0.3187688001 0.0286639104 0.004661815901
203 0.3187688001 0.02906740458 0.004720825477
204 0.3187688001 0.0281126682 0.004305587249
205 0.3187688001 0.02636615626 0.003665250546
206 0.3187688001 0.02873524858 0.004756141244
207 0.3187688001 0.02929745461 0.004528821206
208 0.3187688001 0.02460627573 0.003877776402
209 0.3187688001 0.02667438616 0.004282629535
210 0.3297814503 0.03028190683 0.005406530265
211 0.3445667045 0.03476753815 0.006693046156
212 0.3523540267 0.03549141815 0.006952071345
213 0.3696257778 0.03345663158 0.008278907331
214 0.3696257778 0.0316192594 0.008310187263
215 0.3696257778 0.03927222249 0.009892853538
216 0.3703627164 0.03405245071 0.00789275866
217 0.4225430802 0.03421597876 0.00867638869
218 0.4225430802 0.03255238493 0.008824118574
219 0.4225430802 0.05076210241 0.01276271354
220 0.4225430802 0.04300906021 0.0105443382
221 0.4225430802 0.04469880132 0.01042088163
222 0.4225430802 0.04373806794 0.01132674077
223 0.4225430802 0.04395976163 0.01161904485
224 0.4225430802 0.03856077756 0.009846129815
225 0.6241464628 0.04883371117 0.01306899655
226 0.6241464628 0.0513163594 0.0140595527
227 0.6241464628 0.04591215329 0.01262371273
228 0.6241464628 0.04163891218 0.01101228325
229 0.6354357013 0.05469171739 0.01609030182
230 0.6354357013 0.06132007585 0.0175476027
231 0.6354357013 0.06487956253 0.01704676242
232 0.6354357013 0.0750268945 0.02124530885
233 0.6415211975 0.08326341146 0.02337292919
234 0.6415211975 0.07007497219 0.02438616383
235 0.6415211975 0.06143816025 0.0225029492
236 0.6730785766 0.07459174332 0.02900939797
237 0.6730785766 0.06138634433 0.0227276634
238 0.6730785766 0.07549638181 0.02608579054
239 0.6730785766 0.0829784057 0.03002085684
240 0.6730785766 0.08648438976 0.02618052626
241 0.6730785766 0.08867860428 0.02879617403
242 0.6730785766 0.08471638024 0.0315024865
243 0.6730785766 0.08124635387 0.02861185297
244 0.6730785766 0.07173468715 0.02465293802
245 0.7120474959 0.06708445526 0.02321249038
246 0.7120474959 0.08086961264 0.03025143072
247 0.7120474959 0.08436701733 0.02882858177
248 0.7120474959 0.07591707259 0.02804405178
249 0.7247190938 0.09204509361 0.0293715956
250 0.7667219856 0.09773718131 0.03058603002
251 0.7667219856 0.1019590624 0.03698702231
252 0.7667219856 0.09283647183 0.03277210794
253 0.7667219856 0.08717192662 0.02856521207
254 0.7667219856 0.08228870363 0.02376188592
255 0.7667219856 0.08466385742 0.03055055932
256 0.7667219856 0.08368700015 0.03085237358
257 0.7667219856 0.07861406307 0.02752111746
258 0.7667219856 0.08193988358 0.03286303617
259 0.8295006602 0.09487346731 0.04226612009
260 0.8295006602 0.08349003498 0.03270269238
261 0.8295006602 0.0801065032 0.03134814786
262 0.8295006602 0.09281804297 0.03309152959
263 0.8295006602 0.1149027718 0.04134079613
264 0.8295006602 0.09177834409 0.03589315927
265 0.8295006602 0.08114929331 0.03196365746
266 0.8295006602 0.09565519088 0.04059874146
267 0.8295006602 0.1040000081 0.03973091056
268 0.948474346 0.102038674 0.04155930826
269 0.948474346 0.09462782737 0.03706743633
270 0.948474346 0.08740304298 0.03649487911
271 0.948474346 0.1075494008 0.04473560932
272 0.948474346 0.09168815046 0.03647302422
273 0.948474346 0.1167011426 0.05276266138
274 0.948474346 0.110398871 0.04513862204
275 0.948474346 0.1277188367 0.05268672472
276 0.948474346 0.1260841511 0.05313445259
277 0.948474346 0.1164694068 0.05967043717
278 0.948474346 0.1296442353 0.05642035696
279 0.948474346 0.1127127761 0.04598491611
280 0.948474346 0.1064620632 0.04831366422
281 0.948474346 0.1319651887 0.05866756853
282 0.948474346 0.1177289946 0.05288725928
283 0.948474346 0.1139999768 0.05006261422
284 0.948474346 0.1064054965 0.04669197909
285 0.948474346 0.1089366652 0.04826543072
286 0.948474346 0.1369786812 0.06275740598
287 0.948474346 0.105817817 0.05216794825
288 0.948474346 0.1144280666 0.05460078218
289 0.948474346 0.09860529844 0.05111715995
290 0.948474346 0.1061187339 0.05700838992
291 0.948474346 0.07101977027 0.03793259123
292 0.948474346 0.102178724 0.05157407314
293 0.948474346 0.1148825477 0.05406973422
294 0.948474346 0.1171573953 0.06359066905
295 0.948474346 0.1270955619 0.06191641129
296 0.948474346 0.1317491116 0.07015796561
297 0.948474346 0.09834709201 0.04426314864
298 0.948474346 0.09852535943 0.05509540649
299 0.948474346 0.1112814729 0.05904869793
300 0.948474346 0.1196494852 0.06501771853
301 0.948474346 0.1114158149 0.05758135091
302 0.948474346 0.108964883 0.05672131489
303 0.948474346 0.1223080678 0.06397256037
304 0.948474346 0.1204613119 0.05950956913
305 0.948474346 0.1203641949 0.05638360977
306 0.9585033805 0.1251242721 0.06296977364
307 0.9585033805 0.1005761048 0.05061307879
308 0.9585033805 0.1102495373 0.06077142594
309 0.9585033805 0.1127417906 0.06140826018
310 0.9585033805 0.09880356366 0.05658623681
311 0.9585033805 0.1353011644 0.06238686248
312 0.9585033805 0.1294619191 0.06518696726
313 0.9585033805 0.110433946 0.05569706204
314 0.9585033805 0.1296933098 0.06840921191
315 0.9585033805 0.1391312369 0.06550587349
316 0.9585033805 0.1423447638 0.07129366203
317 0.9585033805 0.1538599158 0.07186592037
318 0.9585033805 0.1281594858 0.05740406976
319 0.9661347365 0.147376597 0.06802858463
320 0.9661347365 0.1399514601 0.06257465633
321 0.975529492 0.1247112521 0.06786164234
322 0.975529492 0.1315020427 0.06855310017
323 0.975529492 0.1239582271 0.05746048133
324 0.975529492 0.1105644527 0.04935041407
325 0.975529492 0.1227727892 0.05971394196
326 0.975529492 0.1330928973 0.06530155236
327 0.9864834093 0.1444323567 0.06404288423
328 0.9864834093 0.1247713135 0.05269920805
329 0.9864834093 0.132338658 0.06045061496
330 0.9864834093 0.1570083018 0.06669017209
331 0.9864834093 0.1559145387 0.07253273023
332 0.9864834093 0.1483962878 0.07045444756
333 0.9864834093 0.1764187733 0.07076610743
334 0.9864834093 0.1804387278 0.07539430881
335 0.9864834093 0.1835041177 0.07349117115
336 0.9864834093 0.1493099647 0.06623172935
337 0.9864834093 0.1381685552 0.06428177107
338 0.9864834093 0.1086087137 0.04835016577
339 0.9864834093 0.1357181214 0.07654486918
340 0.9864834093 0.1259982937 0.06404893243
341 0.9864834093 0.1341688937 0.06478811087
342 0.9864834093 0.1391312692 0.07208339966
343 0.9864834093 0.1485976276 0.07204439556
344 0.9864834093 0.1608965263 0.07269525218
345 0.9864834093 0.1761079379 0.07460119993
346 0.9864834093 0.186754615 0.07588275977
347 0.9864834093 0.1783932031 0.07711789658
348 0.9864834093 0.1709438695 0.06815187317
349 0.9864834093 0.1683575151 0.06998063429
350 0.9864834093 0.1720423078 0.0778704322
351 0.9864834093 0.1442397131 0.06565248359
352 0.9864834093 0.1356120059 0.07116961321
353 0.9864834093 0.1490159617 0.05968707746
354 0.9864834093 0.1466499947 0.06425262882
355 0.9864834093 0.1837303983 0.08129918847
356 0.9864834093 0.1491162179 0.07051662955
357 0.9864834093 0.1353847519 0.060320676
358 0.9864834093 0.1423865098 0.07496636287
359 0.9864834093 0.1120753471 0.05982026226
360 0.9864834093 0.1136589857 0.06488029981
361 0.9864834093 0.1123651809 0.06234229601
362 0.991003551 0.1229300667 0.06590046035
363 0.991003551 0.1071317694 0.05240126221
364 0.991003551 0.1301866093 0.06125441037
365 0.991003551 0.1349140908 0.06356265119
366 0.991003551 0.135685708 0.07034341055
367 0.991003551 0.1815408031 0.08226535283
368 0.991003551 0.1589220252 0.07022234092
369 0.999164554 0.1719215609 0.08816327847
370 0.999164554 0.1503675972 0.07112864773
371 0.999164554 0.1279846456 0.06618771874
372 0.999164554 0.1244422415 0.0634348751
373 0.999164554 0.1222897649 0.05458776637
374 0.999164554 0.1350786679 0.06764703138
375 0.999164554 0.1229693879 0.06655488585
376 0.999164554 0.1123942005 0.05870976877
377 0.999164554 0.1193343254 0.06005795218
378 0.999164554 0.1305158926 0.07029975894
379 0.999164554 0.1154016809 0.06734381978
380 0.999164554 0.1153595608 0.05146763008
381 0.999164554 0.1243877998 0.06366359704
382 0.999164554 0.113110247 0.05768820986
383 0.999164554 0.1065039308 0.05204254144
384 0.999164554 0.1411770006 0.07068223105
385 0.999164554 0.1401220896 0.06463727432
386 0.999164554 0.1324165782 0.06384025353
387 0.999164554 0.1168378198 0.05558655552
388 0.999164554 0.1300921205 0.06508173976
389 0.999164554 0.1229529167 0.05842566293
390 0.999164554 0.1255576761 0.0700211386
391 0.999164554 0.1367439667 0.0659173774
392 0.999164554 0.1496388047 0.06685752104
393 0.999164554 0.1448063479 0.06579092923
394 0.999164554 0.1330691814 0.06605360087
395 0.999164554 0.1232454831 0.06394796997
396 0.999164554 0.1056756598 0.0548730708
397 0.999164554 0.09487382376 0.04841560685
398 0.999164554 0.111738321 0.06041782726
399 0.999164554 0.1220627285 0.05680277014
400 0.999164554 0.1273646592 0.06679941736
401 0.999164554 0.1445193335 0.07380397151
402 0.999164554 0.151786065 0.06786251469
403 0.999164554 0.1495595642 0.07553328557
404 0.999164554 0.136078519 0.0713851156
405 0.999164554 0.145566306 0.07835010557
406 0.999164554 0.132125738 0.05989561705
407 0.999164554 0.1471451553 0.07196079994
408 0.999164554 0.1436488326 0.0715790596
409 0.999164554 0.1468275444 0.06589634922
410 0.999164554 0.1507031605 0.0728248347
411 0.999164554 0.1613764931 0.07891407399
412 0.999164554 0.1582472803 0.07315770381
413 0.999164554 0.1491750196 0.06671486483
414 0.999164554 0.1647875163 0.07908786606
415 0.999164554 0.186159948 0.08301847446
416 0.999164554 0.1842406479 0.07834822298
417 0.999164554 0.1764488694 0.07200691129
418 0.999164554 0.1465747203 0.06558541013
419 0.999164554 0.1467926383 0.06711611493
420 0.999164554 0.1458350301 0.06376482638
421 0.999164554 0.1554140491 0.06372862684
422 0.999164554 0.1418559362 0.06730880995
423 0.999164554 0.1193716268 0.05904708448
424 0.999164554 0.1215141399 0.06050694987
425 0.999164554 0.1443338581 0.07878924479
426 0.999164554 0.1305253354 0.07376688605
427 0.999164554 0.1415151211 0.06387775495
428 0.999164554 0.159074685 0.07228826018
429 0.999164554 0.1630289924 0.07402642967
430 0.999164554 0.1787709276 0.08669517345
431 0.999164554 0.148064985 0.07229330174
432 0.999164554 0.127084113 0.06188919436
433 0.999164554 0.1340296332 0.06632783141
434 0.999164554 0.1122171061 0.05627916325
435 0.999164554 0.1417239188 0.06139429411
436 0.999164554 0.1378083267 0.06304346389
437 0.999164554 0.1317413542 0.06015033724
438 0.999164554 0.1406268239 0.06757474375
439 0.999164554 0.1523448958 0.07045084794
440 0.999164554 0.1597253364 0.06886624569
441 0.999164554 0.1721126013 0.07422384018
442 0.999164554 0.1940061477 0.08187559638
443 0.999164554 0.174466604 0.06812106347
444 0.999164554 0.1713436406 0.07710727962
445 0.999164554 0.1613464643 0.06887383665
446 0.999164554 0.1617833364 0.0670401372
447 0.999164554 0.154095218 0.07283932753
448 0.999164554 0.1793610301 0.08050117041
449 0.999164554 0.1695688318 0.07520471735
450 0.999164554 0.1617039472 0.07175942372
451 0.999164554 0.1496962072 0.06559144259
452 0.999164554 0.1017458652 0.04834205603
453 0.999164554 0.09580343768 0.04859049931
454 0.999164554 0.1268779318 0.06396675863
455 0.999164554 0.109400447 0.05960480803
456 0.999164554 0.1128543338 0.06663603824
457 0.999164554 0.08137928853 0.04598776752
458 0.9994495521 0.1302944977 0.07653564985
459 0.9994495521 0.1430708988 0.07595494272
460 0.9994495521 0.1338698606 0.07113627428
461 0.9994495521 0.1571878193 0.0833618396
462 0.9994495521 0.1275953163 0.06583499721
463 0.9994495521 0.1350013215 0.06819509537
464 0.9994495521 0.1104838353 0.0630380624
465 0.9994495521 0.1253765691 0.06918646338
466 0.9994495521 0.1209978345 0.07023255104
467 0.9994495521 0.135443463 0.06912004801
468 0.9994495521 0.128283664 0.06337125158
469 0.9994495521 0.1207374479 0.05928154686
470 0.9994495521 0.1175706459 0.06316468352
471 0.9994495521 0.1318208057 0.06443772448
472 0.9994495521 0.1183883634 0.0629476819
473 0.9994495521 0.1082318551 0.05506217829
474 0.9994495521 0.1361499133 0.06753193996
475 0.9994495521 0.1397862162 0.07375607722
476 0.9994495521 0.131443585 0.07164249692
477 0.9994495521 0.1343601982 0.06891586232
478 0.9994495521 0.118149973 0.06100324115
479 0.9994495521 0.1246711668 0.07288141772
480 0.9994495521 0.1091042837 0.05395332947
481 0.9994495521 0.08089379815 0.04718343402
482 0.9994495521 0.0953282705 0.05241312251
483 0.9994495521 0.1158434652 0.06632519437
484 0.9994495521 0.1251138147 0.06617333404
485 0.9994495521 0.1169459359 0.06656811007
486 0.9994495521 0.1205879728 0.06030250665
487 0.9994495521 0.1128130631 0.06014683247
488 0.9994495521 0.117101508 0.05891655658
489 0.9994495521 0.1119765864 0.05670612442
490 0.9994495521 0.1265434479 0.06639685023
491 0.9994495521 0.1438168563 0.07023164486
492 0.9994495521 0.1363914405 0.07046685516
493 0.9994495521 0.1448525069 0.07524207312
494 0.9994495521 0.1401523717 0.07105672335
495 0.9994495521 0.1381764992 0.06902835971
496 0.9994495521 0.1270078204 0.07002604505
497 0.9994495521 0.1330019871 0.07128886185
498 0.9994495521 0.1555948399 0.0775714711
499 0.9994495521 0.1114718543 0.06055111304
500 0.9994495521 0.1632666549 0.09213550751
501 0.9994495521 0.1697078967 0.08180613874
502 0.9994495521 0.1663616059 0.07436369417
503 0.9994495521 0.1785166937 0.08083663417
504 0.9994495521 0.1930350754 0.08171837466
505 0.9994495521 0.1703085667 0.07628996517
506 0.9994495521 0.1515184752 0.07150799346
507 0.9994495521 0.1598947845 0.07330106979
508 0.9994495521 0.1471754053 0.0659287431
509 0.9994495521 0.165819051 0.07470789586
510 0.9994495521 0.1743952584 0.07945476404
511 0.9994495521 0.1623903802 0.06987610021
512 0.9994495521 0.145060183 0.07367009962
513 0.9994495521 0.1330180781 0.06854613941
514 0.9994495521 0.1554730113 0.07067646842
515 0.9994495521 0.1366262203 0.06565252735
516 0.9994495521 0.1504389715 0.06740478405
517 0.9994495521 0.173625305 0.08232029498
518 0.9994495521 0.1405614216 0.06794229831
519 0.9994495521 0.1734416819 0.0825454888
520 0.9994495521 0.1555521426 0.07516586553
521 0.9994495521 0.1456531488 0.07236147358
522 0.9994495521 0.1243100689 0.06091673368
523 0.9994495521 0.173237917 0.08278504489
524 0.9994495521 0.1659074237 0.07106555313
525 0.9994495521 0.1795650315 0.07566629012
526 0.9994495521 0.1394120733 0.06391752976
527 0.9994495521 0.1397847595 0.061652769
528 0.9994495521 0.1419167375 0.06295040965
529 0.9994495521 0.1121693724 0.05276190083
530 0.9994495521 0.1195133715 0.05623886069
531 0.9994495521 0.1047010177 0.05535363503
532 0.9994495521 0.1065364907 0.0593957796
533 0.9994495521 0.1000634923 0.05795157852
534 0.9994495521 0.1047902015 0.05212683176
535 0.9994495521 0.1331751707 0.06405150945
536 0.9994495521 0.1295184323 0.06865558804
537 0.9994495521 0.1131493554 0.0585101983
538 0.9994495521 0.1337066961 0.07168240082
539 0.9994495521 0.1212795226 0.06005815926
540 0.9994495521 0.1535078688 0.07075234723
541 0.9994495521 0.1380589434 0.05883448258
542 0.9994495521 0.1343576335 0.06251670471
543 0.9994495521 0.1520909157 0.06291741868
544 0.9994495521 0.1746254332 0.08286828313
545 0.9994495521 0.165121045 0.07804153635
546 0.9994495521 0.1438685189 0.06707828505
547 0.9994495521 0.1167163359 0.05934941709
548 0.9994495521 0.1278563958 0.06278329535
549 0.9994495521 0.1376591148 0.07289620959
550 0.9994495521 0.1280816715 0.06417274279
551 0.9994495521 0.1252958532 0.0536116418
552 0.9994495521 0.1417372125 0.06804517797
553 0.9994495521 0.1513478627 0.06944795838
554 0.9994495521 0.1451025437 0.07741346983
555 0.9994495521 0.1366939084 0.06964243773
556 0.9994495521 0.1537596827 0.0806169246
557 0.9994495521 0.1424908441 0.06645736921
558 0.9994495521 0.1584596702 0.07942365319
559 0.9994495521 0.1612647516 0.08334034928
560 0.9994495521 0.1225663627 0.05992050713
561 0.9994495521 0.1288442471 0.06487323281
562 0.9994495521 0.1176793752 0.06671213181
563 0.9994495521 0.143838969 0.06867127009
564 0.9994495521 0.1341836428 0.07527564282
565 0.9994495521 0.1219922274 0.06862672864
566 0.9994495521 0.1152697277 0.05785144852
567 0.9994495521 0.1196125719 0.0651151745
568 0.9994495521 0.1298931981 0.06994032512
569 0.9994495521 0.1521348217 0.08474256341
570 0.9994495521 0.1029469231 0.05817769151
571 0.9994495521 0.1236285775 0.05972597204
572 0.9994495521 0.1263792514 0.06370296322
573 0.9994495521 0.1337212273 0.06114726965
574 0.9994495521 0.129427008 0.06880067055
575 0.9994495521 0.1299418346 0.06730700156
576 0.9994993517 0.1438910878 0.07849947849
577 0.9994993517 0.1271699167 0.06130273163
578 0.9994993517 0.09792956702 0.05380872889
579 0.9994993517 0.1004773897 0.05948929322
580 0.9994993517 0.1039318242 0.05669694779
581 0.9994993517 0.1032141161 0.05800665458
582 0.9994993517 0.09610060481 0.05148473222
583 0.9994993517 0.103948554 0.05593914348
584 0.9994993517 0.1164463852 0.06480544674
585 0.9994993517 0.1314488933 0.07450371161
586 0.9994993517 0.1078902007 0.06115285977
587 0.9994993517 0.1158987716 0.06219095375
588 0.9994993517 0.1427863275 0.07324425686
589 0.9994993517 0.1214069862 0.05950250223
590 0.9994993517 0.08562476511 0.04771667403
591 0.9994993517 0.09504993803 0.0605843165
592 0.9994993517 0.09422741246 0.05656838707
593 0.9994993517 0.1088401057 0.06221726448
594 0.9994993517 0.1238821549 0.06837737895
595 0.9994993517 0.1277952464 0.06308796619
596 0.9994993517 0.139903251 0.06677943129
597 0.9994993517 0.1231525673 0.06138920449
598 0.9994993517 0.1198580786 0.06023168311
599 0.9996934549 0.1213682577 0.06512137948
600 0.9996934549 0.1386364551 0.0658170807
601 0.9996934549 0.1302290825 0.05858229204
602 0.9996934549 0.1390300745 0.06401669116
603 0.9996934549 0.1376004697 0.06576611014
604 0.9996934549 0.1553881605 0.07901496263
605 0.9996934549 0.1541192203 0.0728469844
606 0.9996934549 0.157291133 0.07547950653
607 0.9996934549 0.1369080434 0.06385407709
608 0.9996934549 0.1477149257 0.07419974626
609 0.9996934549 0.142156578 0.06823985232
610 0.9996934549 0.113383819 0.05254053517
611 0.9996934549 0.1191531005 0.06005673677
612 0.9996934549 0.1240059509 0.06393205524
613 0.9996934549 0.12349346 0.07081858637
614 0.9996934549 0.1153208176 0.06227672903
615 0.9996934549 0.1347386748 0.07109389927
616 0.9996934549 0.1165696025 0.05125058863
617 0.9996934549 0.1467923868 0.07859020578
618 0.9996934549 0.1428103038 0.07303304828
619 0.9996934549 0.1240899988 0.06002242618
620 0.9996934549 0.1541374491 0.06850046847
621 0.9996934549 0.124466834 0.0544536919
622 0.9996934549 0.1335901244 0.05901490325
623 0.9996934549 0.1293355626 0.06352776707
624 0.9996934549 0.1401592485 0.06285028768
625 0.9996934549 0.135748173 0.06595477101
626 0.9996934549 0.159759442 0.07769458911
627 0.9996934549 0.1657671173 0.06777740902
628 0.9996934549 0.1356680572 0.07014378396
629 0.9996934549 0.1237977469 0.06859028905
630 0.9996934549 0.1411034616 0.07541332767
631 0.9996934549 0.1275760515 0.07242797668
632 0.9996934549 0.1021076277 0.06038238586
633 0.9996934549 0.1369079389 0.07045131618
634 0.9996934549 0.1271269764 0.06487492753
635 0.9996934549 0.1108145562 0.05821788533
636 0.9996934549 0.1251242254 0.06352652877
637 0.9996934549 0.1298356965 0.06269894379
638 0.9996934549 0.1505439732 0.07871177308
639 0.9996934549 0.1104458572 0.06546145732
640 0.9996934549 0.1029602932 0.06014740976
641 0.9996934549 0.1128201164 0.06162207061
642 0.9996934549 0.1076581917 0.07032316693
643 0.9996934549 0.1308227737 0.07349054951
644 0.9996934549 0.1079914981 0.0608673755
645 0.9996934549 0.1222732366 0.06564062469
646 0.9996934549 0.1129232722 0.05816019352
647 0.9996934549 0.1142630794 0.05154502664
648 0.9996934549 0.1254792357 0.05632925532
649 0.9996934549 0.1193545067 0.06372912572
650 0.9996934549 0.1457325784 0.08044017623
651 0.9996934549 0.1374834009 0.05832336196
652 0.9996934549 0.1387964206 0.06330450553
653 0.9996934549 0.1278790913 0.06717703231
654 0.9996934549 0.1282871563 0.06867482288
655 0.9996934549 0.1381242727 0.07337982415
656 0.9996934549 0.1312187011 0.07214754664
657 0.9996934549 0.1281899054 0.06541681705
658 0.9996934549 0.1429354405 0.07398576733
659 0.9997173545 0.1261201409 0.07272754577
660 0.9997173545 0.1390766871 0.06858539116
661 0.9997173545 0.1520089381 0.07089963061
662 0.9997173545 0.1370664751 0.06576814452
663 0.9997173545 0.1643785589 0.08100926002
664 0.9997173545 0.1961242663 0.07530219955
665 0.9997173545 0.1405585247 0.06061677059
666 0.9997173545 0.1656512313 0.07412812792
667 0.9997173545 0.1426396529 0.06644725612
668 0.9997173545 0.1494476612 0.0709866919
669 0.9997173545 0.1511378319 0.07057270174
670 0.9997173545 0.1575167604 0.07171377884
671 0.9997173545 0.1385617447 0.0702593251
672 0.9997173545 0.1274487844 0.06176447181
673 0.9997173545 0.1478267471 0.07018991997
674 0.9997173545 0.1310357234 0.06007010706
675 0.9997173545 0.1419518529 0.06680323704
676 0.9997173545 0.139981252 0.07215566582
677 0.9997173545 0.1546104292 0.07894877072
678 0.9997173545 0.1732768958 0.07938400599
679 0.9997173545 0.1316216125 0.07248126187
680 0.9997173545 0.1393664613 0.06872837479
681 0.9997173545 0.1308468832 0.06655048158
682 0.9997173545 0.1236492437 0.06796848297
683 0.9997173545 0.11930103 0.0621051443
684 0.9997173545 0.131767525 0.06513131553
685 0.9997173545 0.1267253855 0.06024880196
686 0.9997173545 0.1340759216 0.06495948877
687 0.9997173545 0.1496242706 0.07380473417
688 0.9997173545 0.1117735251 0.05822880998
689 0.9997173545 0.1273269034 0.06266725112
690 0.9997173545 0.1333836746 0.06086677265
691 0.9997173545 0.1441952292 0.07836755997
692 0.9997173545 0.119434333 0.07024588561
693 0.9997173545 0.1009758768 0.05339883587
694 0.9997173545 0.1192594957 0.06237886108
695 0.9997173545 0.1014960484 0.04885675063
696 0.9997173545 0.1111909664 0.05806743885
697 0.9997173545 0.1107459255 0.06102268356
698 0.9997173545 0.117054332 0.05911880176
699 0.9997173545 0.111828612 0.05692617916
700 0.9997173545 0.1213769116 0.06703498752
701 0.9997173545 0.1392022849 0.06264345823
702 0.9997173545 0.1213876412 0.06121671231
703 0.9997173545 0.1276996726 0.06209285813
704 0.9997173545 0.1265735205 0.07372384408
705 0.9997173545 0.1140351033 0.06603820754
706 0.9997173545 0.1226122724 0.06933407898
707 0.9997173545 0.1029502308 0.05894162492
708 0.9997173545 0.1369057615 0.07679628223
709 0.9997173545 0.137133169 0.07235903813
710 0.9997173545 0.1253972831 0.06682342565
711 0.9997173545 0.1112164126 0.06211216914
712 0.9997173545 0.1044331314 0.05747204608
713 0.9997173545 0.1279041722 0.06850754192
714 0.9997173545 0.105304848 0.05812146399
715 0.9997173545 0.1020740042 0.06741883216
716 0.9997173545 0.09345169548 0.05221661505
717 0.9997173545 0.09202569161 0.0559585372
718 0.9997173545 0.09993654044 0.05967351188
719 0.9997173545 0.1114947322 0.05832888244
720 0.9997173545 0.1123405285 0.07678723077
721 0.9997173545 0.0955024125 0.05217237134
722 0.9997173545 0.1153772447 0.07185784596
723 0.9997173545 0.115533979 0.06862344413
724 0.9997173545 0.08756843595 0.05547072315
725 0.9997173545 0.09890537151 0.05663369987
726 0.9997173545 0.1123877752 0.0636585049
727 0.9997173545 0.1159877909 0.0730341138
728 0.9997173545 0.1046115234 0.05711868604
729 0.9997173545 0.1158600348 0.06187101799
730 0.9997173545 0.1036052983 0.05741227032
731 0.9997173545 0.1136310513 0.06095610395
732 0.9997173545 0.1298722049 0.07107046943
733 0.9997173545 0.1081191809 0.06199807871
734 0.9997173545 0.1208248055 0.06887380464
735 0.9997173545 0.1421070405 0.08354323484
736 0.9997173545 0.106469582 0.05703395041
737 0.9997173545 0.1106908854 0.0595682738
738 0.9997173545 0.09551155043 0.05508651258
739 0.9997173545 0.1325375556 0.07405574203
740 0.9997173545 0.1164898115 0.06269998912
741 0.9997173545 0.1080099509 0.05499056135
742 0.9997173545 0.08235526422 0.04991834471
743 0.9997173545 0.1219724786 0.0686991027
744 0.9997173545 0.1202900526 0.06766205699
745 0.9997173545 0.116251723 0.06144192977
746 0.9997173545 0.1053313404 0.06276969845
747 0.9997173545 0.1145449012 0.06324351243
748 0.9997173545 0.1259914354 0.07738453863
749 0.9997173545 0.105208274 0.06270589456
750 0.9997173545 0.1220635883 0.06453323459
751 0.9997173545 0.1266332978 0.07331811529
752 0.9997173545 0.1134639467 0.07098337193
753 0.9997173545 0.1175010202 0.07015236787
754 0.9997173545 0.1201211687 0.06850648388
755 0.9997173545 0.117001681 0.06739903417
756 0.9997173545 0.1006776848 0.05702300466
757 0.9997173545 0.100616612 0.05181547966
758 0.9997173545 0.1038801902 0.05863684284
759 0.9997173545 0.08670668081 0.04932761954
760 0.9997173545 0.09839604978 0.05824946178
761 0.9997173545 0.08784464954 0.05301180162
762 0.9997173545 0.1032064602 0.06712163188
763 0.9997173545 0.07835279515 0.04603769827
764 0.9997173545 0.07490391693 0.04520332198
765 0.9997173545 0.1009503276 0.06755224109
766 0.9997173545 0.1320123597 0.08208661307
767 0.9997173545 0.131538028 0.07935715705
768 0.9997173545 0.1173778422 0.07061209577
769 0.9997173545 0.09800486293 0.0603593949
770 0.9997173545 0.0878027385 0.04918184833
771 0.9997173545 0.0909229704 0.05199048024
772 0.9997173545 0.08256778331 0.04601487881
773 0.9997173545 0.09379707797 0.0548000117
774 0.9997173545 0.1213359602 0.06874255801
775 0.9997173545 0.1045180483 0.05560848101
776 0.9997173545 0.1200087484 0.06414260439
777 0.9997173545 0.09326698989 0.05658051374
778 0.9997173545 0.0964355488 0.05496755997
779 0.9997173545 0.1020002593 0.06446939325
780 0.9997173545 0.09587362913 0.05941182903
781 0.9997173545 0.1183026078 0.06558289103
782 0.9997173545 0.1131878041 0.06041942768
783 0.9997173545 0.1290342901 0.07504588327
784 0.9997173545 0.1303870464 0.06885238513
785 0.9997173545 0.1120709528 0.06516203933
786 0.9997173545 0.1584445629 0.07747320529
787 0.9997173545 0.1374943329 0.06958460244
788 0.9997173545 0.1268096089 0.06312281229
789 0.9997173545 0.1334864612 0.06839623502
790 0.9997173545 0.1285923076 0.06544691724
791 0.9997173545 0.1157337402 0.06124356792
792 0.9997173545 0.1104481231 0.05320109602
793 0.9997173545 0.1196497366 0.06102695953
794 0.9997173545 0.1451380485 0.06939415067
795 0.9997173545 0.1524523278 0.0761653145
796 0.9997173545 0.1299718401 0.06928394344
797 0.9997173545 0.1361745251 0.07504255608
798 0.9997173545 0.1080712927 0.05700512735
799 0.9997173545 0.1003592559 0.05708491948
800 0.9997173545 0.1012053418 0.05966718961
801 0.9997173545 0.09997717889 0.05298590792
802 0.9997173545 0.1115845111 0.06183619593
803 0.9997173545 0.1075817858 0.05787604119
804 0.9997173545 0.1338435659 0.07148045543
805 0.9997173545 0.1264646741 0.06719630403
806 0.9997173545 0.1290839341 0.06269980981
807 0.9997173545 0.1215101658 0.06339194341
808 0.9997173545 0.1086485181 0.05958523032
809 0.9997173545 0.140639785 0.07058206244
810 0.9997173545 0.1410868689 0.06847054212
811 0.9997173545 0.1124203381 0.05316658859
812 0.9997173545 0.1355870382 0.06590226927
813 0.9997173545 0.1237527961 0.05921615999
814 0.9997173545 0.105433811 0.05830406569
815 0.9997173545 0.1333302117 0.07199254468
816 0.9997173545 0.1455244555 0.07280667531
817 0.9997173545 0.1182452185 0.05403282727
818 0.9997173545 0.1129978267 0.05204978714
819 0.9997173545 0.1206240615 0.05771535963
820 0.9997173545 0.1625756853 0.08035164828
821 0.9997173545 0.1762600968 0.07696523102
822 0.9997173545 0.1266374994 0.0615498487
823 0.9997173545 0.1523788305 0.06962979798
824 0.9997173545 0.1653239439 0.07685932542
825 0.9997173545 0.1543129619 0.07302217426
826 0.9997173545 0.1717870642 0.08050451728
827 0.9997173545 0.1924702426 0.09018800841
828 0.9997173545 0.1438692935 0.07118733849
829 0.9997173545 0.1565737917 0.08212288747
830 0.9997173545 0.1227674436 0.06209594622
831 0.9997173545 0.11845118 0.06276846573
832 0.9997173545 0.1420620441 0.06260346617
833 0.9997173545 0.1340320909 0.06219010427
834 0.9997173545 0.1074438703 0.05801092931
835 0.9997173545 0.1157019328 0.06513148097
836 0.9997173545 0.1235701719 0.0636297058
837 0.9997173545 0.1236115234 0.06498200102
838 0.9997173545 0.1260062612 0.06037710436
839 0.9997173545 0.1423513739 0.0740792446
840 0.9997173545 0.1098062244 0.06493014304
841 0.9997173545 0.1264124822 0.06763382787
842 0.9997173545 0.09591848631 0.05760266301
843 0.9997173545 0.1014011027 0.05393956119
844 0.9997173545 0.1296117573 0.06789723491
845 0.9997173545 0.1192016265 0.06842958341
846 0.9997173545 0.1022322115 0.04919561894
847 0.9997173545 0.1061475233 0.05201991506
848 0.9997173545 0.09422090805 0.05041546856
849 0.9997173623 0.1151332448 0.07324076821
850 0.9998599969 0.1065973371 0.07194165084
851 0.9998599969 0.09022093209 0.05220323011
852 0.9998599969 0.1186981271 0.0713530084
853 0.9998599969 0.1138413399 0.0669378881
854 0.9998599969 0.1389470586 0.06567238297
855 0.9998599969 0.1117631384 0.05921827756
856 0.9998599969 0.1180242027 0.05775022495
857 0.9998599969 0.1146699399 0.05215685394
858 0.9998599969 0.1388662622 0.06606585565
859 0.9998599969 0.1501902829 0.0804686456
860 0.9998599969 0.1548489982 0.07432432049
861 0.9998599969 0.1524003752 0.07109171653
862 0.9998599969 0.1176147595 0.06509455203
863 0.9998599969 0.113403376 0.06377858425
864 0.9998599969 0.1280298625 0.05885696267
865 0.9998599969 0.1483254514 0.0727230489
866 0.9998599969 0.1472813379 0.08003993653
867 0.9998599969 0.1391336593 0.08182676996
868 0.9998599969 0.1421580225 0.06946265465
869 0.9998599969 0.1321033782 0.0707268028
870 0.9998599969 0.1219374002 0.06362460512
871 0.9998599969 0.1117749652 0.06124440885
872 0.9998599969 0.1202252727 0.06520022102
873 0.9998599969 0.1427049806 0.07911940544
874 0.9998599969 0.1015960324 0.05486367886
875 0.9998599969 0.122535562 0.06715629303
876 0.9998599969 0.1158651813 0.06022586162
877 0.9998599969 0.1013948902 0.05824148834
878 0.9998599969 0.1030762205 0.06467667543
879 0.9998599969 0.08225470388 0.0476485961
880 0.9998599969 0.1233614571 0.06012497464
881 0.9998599969 0.1228726572 0.0615027079
882 0.9998599969 0.1220060351 0.06526901559
883 0.9998599969 0.1117286871 0.05734056211
884 0.9998599969 0.1213994595 0.05464649552
885 0.9998599969 0.1206629218 0.06138547552
886 0.9998599969 0.1537247304 0.07545184109
887 0.9998599969 0.144808475 0.07328203946
888 0.9998599969 0.1211944754 0.06479273542
889 0.9998599969 0.1176450874 0.05980911401
890 0.9998599969 0.1230874158 0.05754455547
891 0.9998599969 0.1238667529 0.06374695216
892 0.9998599969 0.1241176703 0.06513306472
893 0.9998599969 0.1237096537 0.06563576593
894 0.9998599969 0.1064749282 0.05696006792
895 0.9998599969 0.1237970185 0.06094545921
896 0.9998599969 0.1496983162 0.07928894297
897 0.9998599969 0.1303322332 0.05755485882
898 0.9998599969 0.1568765698 0.07388500378
899 0.9998599969 0.1393733457 0.07083800996
900 0.9998599969 0.1542269098 0.07996060682
901 0.9998599969 0.1657811356 0.07971968052
902 0.9998599969 0.1721028528 0.07840103993
903 0.9998599969 0.1176361964 0.06888601418
904 0.9998599969 0.1442074641 0.08148189852
905 0.9998599969 0.1219816654 0.06630346627
906 0.9998599969 0.1055619615 0.05614450241
907 0.9998599969 0.1200244801 0.06453644525
908 0.9998599969 0.1250470947 0.0709681273
909 0.9998599969 0.1152793427 0.06604045001
910 0.9998599969 0.1105715611 0.05689243036
911 0.9998599969 0.126236273 0.06817247074
912 0.9998599969 0.1212438919 0.0634435389
913 0.9998599969 0.1312799396 0.07241833218
914 0.9998599969 0.1204809107 0.0662091837
915 0.9998599969 0.1141381457 0.0554326539
916 0.9998599969 0.1073698657 0.05629638315
917 0.9998599969 0.1347013241 0.06628534271
918 0.9998599969 0.1107647391 0.05737401519
919 0.9998599969 0.1143544733 0.05443603934
920 0.9998599969 0.1301789974 0.06239045275
921 0.9998599969 0.1415825219 0.06971028565
922 0.9998599969 0.1372529645 0.06742711587
923 0.9998599969 0.138287164 0.06898531858
924 0.9998599969 0.1234829169 0.06622369746
925 0.9998599969 0.1077461058 0.04808985627
926 0.9998599969 0.1565025444 0.0685574593
927 0.9998599969 0.142443938 0.06489470387
928 0.9998599969 0.1289976373 0.06024882598
929 0.9998599969 0.1321710956 0.06449215942
930 0.9998599969 0.141700731 0.08394572194
931 0.9998599969 0.1455186036 0.08767025502
932 0.9998599969 0.1470301963 0.07618666266
933 0.9998599969 0.1380486553 0.06817325515
934 0.9998599969 0.156925166 0.080018152
935 0.9998599969 0.1238095185 0.06562544339
936 0.9998599969 0.1353173773 0.07671430155
937 0.9998599969 0.1355632988 0.08054885907
938 0.9998599969 0.137825694 0.07113071565
939 0.9998599969 0.1562748907 0.07181348176
940 0.9998599969 0.160699654 0.08062679622
941 0.9998599969 0.1375212086 0.07447333437
942 0.9998599969 0.1412721438 0.06932479607
943 0.9998599969 0.1345951576 0.06917732053
944 0.9998599969 0.1313531148 0.05964185698
945 0.9998599969 0.1235143983 0.06358592519
946 0.9998599969 0.1369273087 0.07048335043
947 0.9998599969 0.1138089614 0.0509143361
948 0.9998599969 0.124965583 0.05708234746
949 0.9998599969 0.108884413 0.05169734201
950 0.9998614749 0.1281821606 0.06388622431
951 0.9998614749 0.1392473736 0.06281205965
952 0.9998614749 0.1294758479 0.05529718125
953 0.9998614749 0.1159624302 0.05364262811
954 0.9998614749 0.1252535537 0.06575364953
955 0.9998614749 0.1095957997 0.05481893029
956 0.9998614749 0.09918489368 0.05144303276
957 0.9998614749 0.1294032334 0.07015415241
958 0.9998614749 0.1380820268 0.07024360761
959 0.9998614749 0.1656688223 0.08126259371
960 0.9998614749 0.1519847442 0.08569422174
961 0.9998614749 0.1317515921 0.06960243038
962 0.9998614749 0.1502883171 0.07759941709
963 0.9998614749 0.1435462055 0.06777602709
964 0.9998614749 0.1279259009 0.06349955994
965 0.9998614749 0.1316742843 0.06692462526
966 0.9998614749 0.110782535 0.06335314619
967 0.9998614749 0.1096443424 0.06367294004
968 0.9998614749 0.1116946643 0.06084993585
969 0.9998614749 0.116603291 0.06296326392
970 0.9998614749 0.118973353 0.06762934897
971 0.9998614749 0.1457953203 0.07149194871
972 0.9998614749 0.1380253126 0.06452016136
973 0.9998614749 0.1597951324 0.06969512165
974 0.9998614749 0.1493441576 0.08215781895
975 0.9998614749 0.1649369607 0.08031230268
976 0.9998614749 0.1353980885 0.06297433161
977 0.9998614749 0.1417183239 0.06261989421
978 0.9998614749 0.1792087632 0.07527016666
979 0.9998614749 0.159982138 0.06994156532
980 0.9998614749 0.165401733 0.0682097263
981 0.9998614749 0.1499879912 0.07539291925
982 0.9998614749 0.169110534 0.08255550248
983 0.9998614749 0.1589091546 0.07444783209
984 0.9998614749 0.1467778823 0.06703232575
985 0.9998614749 0.1348664748 0.07209872596
986 0.9998614749 0.1351648807 0.0647386966
987 0.9998614749 0.1517556861 0.0793388764
988 0.9998614749 0.1367058255 0.06607461417
989 0.9998614749 0.1350068144 0.06897798356
990 0.9998614749 0.1426751081 0.07738387374
991 0.9998614749 0.1517379774 0.07322389045
992 0.9998614749 0.1530647297 0.07107403241
993 0.9998614749 0.1622583651 0.07689777743
994 0.9998614749 0.1543234499 0.06797663423
995 0.9998614749 0.1399242743 0.06236863853
996 0.9998614749 0.1553549291 0.07647870131
997 0.9998614749 0.144599646 0.06958169403
998 0.9998614749 0.1085593822 0.0590689496
999 0.9998614749 0.1558401149 0.07230980398
1000 0.9998614749 0.1530455935 0.078340179
1001 0.9998614749 0.1607716451 0.07801792926
1002 0.9998614749 0.1376867028 0.06369884021
1003 0.9998649582 0.1274273094 0.07385353959
1004 0.9998649582 0.13407043 0.07321031205
1005 0.9998649582 0.1226037242 0.06692018158
1006 0.9998649582 0.1396840054 0.06690120533
1007 0.9998649582 0.1507363437 0.07022388819
1008 0.9998649582 0.1243311765 0.05920851356
1009 0.9998649582 0.1474849545 0.07223200314
1010 0.9998649582 0.108593874 0.05893824747
1011 0.9998649582 0.1175308521 0.06628703942
1012 0.9998649582 0.1057925912 0.05297033316
1013 0.9998649582 0.09853908138 0.05594521146
1014 0.9998649582 0.1076037623 0.05680942966
1015 0.9998649582 0.1269663948 0.0712902929
1016 0.9998649582 0.106200703 0.05775162055
1017 0.9998649582 0.1103960409 0.05959240255
1018 0.9998649582 0.1066912034 0.06448024898
1019 0.9998649582 0.1468694541 0.07996777456
1020 0.9998649582 0.1302395909 0.07090504767
1021 0.9998649582 0.09743440217 0.05448123426
1022 0.9998649582 0.1053135995 0.05424451381
1023 0.9998649582 0.1011484311 0.05477911714
1024 0.9998649582 0.107302852 0.06039816651
1025 0.9998649582 0.113003899 0.0610044776
1026 0.9998649582 0.1271676035 0.0679493882
1027 0.9998649582 0.1076500799 0.06161203501
1028 0.9998649582 0.09483551407 0.05315687156
1029 0.9998649582 0.1204748991 0.0634969349
1030 0.9998649582 0.1138580966 0.05922627858
1031 0.9998649582 0.1130780621 0.0663877024
1032 0.9998649582 0.1179018834 0.06450624583
1033 0.9998649582 0.1082210389 0.05943165336
1034 0.9998649582 0.1085378963 0.05995937906
1035 0.9998649582 0.119651143 0.06275452809
1036 0.9998649582 0.1254647226 0.0734333552
1037 0.9998649582 0.1556602036 0.08021693481
1038 0.9998649582 0.1198006928 0.06461274384
1039 0.9998649582 0.141078043 0.07078823618
1040 0.9998649582 0.1239509009 0.06127855624
1041 0.9998649582 0.1550831995 0.07746050801
1042 0.9998649582 0.1308724996 0.06521972326
1043 0.9998649582 0.1275990125 0.05505867
1044 0.9998649582 0.1346539705 0.05961081653
1045 0.9998649582 0.1401213314 0.06754286596
1046 0.9998649582 0.125427957 0.05972537706
1047 0.9998649582 0.1095570879 0.05688176708
1048 0.9998649582 0.1083786142 0.0628349832
1049 0.9998649582 0.1218449696 0.06843357295
1050 0.9998649582 0.1533129857 0.07559368805
1051 0.9998649582 0.1383314733 0.06687240824
1052 0.9998649582 0.1580607583 0.07704592507
1053 0.9998649582 0.1432976319 0.07193896537
1054 0.9998649582 0.1603045472 0.07712979699
1055 0.9998649582 0.1799073643 0.07056889705
1056 0.9998649582 0.09941287591 0.04504422419
1057 0.9998649582 0.1135505278 0.05481824461
1058 0.9998649582 0.1296744666 0.06438831032
1059 0.9998649582 0.113848289 0.05574561932
1060 0.9998667761 0.1295434144 0.06316499709
1061 0.9998667761 0.1254080388 0.05600824659
1062 0.9998667761 0.15846264 0.08060028466
1063 0.9998667761 0.1236235526 0.06359998673
1064 0.9998667761 0.1173983561 0.06182277804
1065 0.9998667761 0.1139772601 0.06099606787
1066 0.9998667761 0.1297352204 0.06682798043
1067 0.9998667761 0.1233889769 0.06506246754
1068 0.9998667761 0.1196131705 0.06177448006
1069 0.9998667761 0.1418776831 0.0593984287
1070 0.9998667761 0.1377322015 0.06781279353
1071 0.9998667761 0.137642413 0.07370765104
1072 0.9998667761 0.1094754492 0.05327175776
1073 0.9998667761 0.1142779605 0.06179543593
1074 0.9998667761 0.154744832 0.07768449547
1075 0.9998667761 0.140854611 0.06365768572
1076 0.9998667761 0.1203677657 0.06070526179
1077 0.9998667761 0.1360512168 0.06870265956
1078 0.9998667761 0.1299318768 0.06845132438
1079 0.9998667761 0.1433393671 0.07574958929
1080 0.9998667761 0.1324024183 0.06136419282
1081 0.9998667761 0.130463996 0.07213737655
1082 0.9998667761 0.1336935031 0.06858939198
1083 0.9998667761 0.1286809435 0.05925237619
1084 0.9998667761 0.1254323897 0.06177375355
1085 0.9998667761 0.1472731206 0.06846415822
1086 0.9998667761 0.1546148727 0.07571776023
1087 0.9998667761 0.1513702417 0.07669707478
1088 0.9998667761 0.1449933698 0.06900291747
1089 0.9998667761 0.1152123142 0.06067740291
1090 0.9998667761 0.1517564726 0.07022591213
1091 0.9998667761 0.1244215121 0.057621459
1092 0.9998667761 0.1478101008 0.07084000177
1093 0.9998667761 0.1582289645 0.07662616622
1094 0.9998667761 0.1329381162 0.06495518137
1095 0.9998667761 0.1342757096 0.05547237911
1096 0.9998667761 0.1408027539 0.06383339044
1097 0.9998667761 0.1736757876 0.07314358046
1098 0.9998667761 0.1814356981 0.08858996728
1099 0.9998667761 0.1728398157 0.07402928012
1100 0.9998667761 0.1388689374 0.06130806815
1101 0.9998667761 0.1401546853 0.0720107703
1102 0.9998667761 0.1406403387 0.07633741908
1103 0.9998667761 0.1258628565 0.06800447436
1104 0.9998667761 0.1546230652 0.06833893878
1105 0.9998667761 0.1660072242 0.07449640701
1106 0.9998670421 0.1234054318 0.06027317579
1107 0.9998670421 0.1272092553 0.06330340071
1108 0.9998670421 0.1363468411 0.07272014541
1109 0.9998670421 0.1404099938 0.0657421902
1110 0.9998670421 0.1294501321 0.06796650023
1111 0.9998670421 0.1368996086 0.06773450079
1112 0.9998670421 0.1232997895 0.06221835359
1113 0.9998670421 0.1105168169 0.05170507723
1114 0.9998670421 0.1232004933 0.06527547826
1115 0.9998670421 0.1277432987 0.06129449798
1116 0.9998670421 0.1179984323 0.06570519842
1117 0.9998670421 0.1262389325 0.06831669091
1118 0.9998670421 0.1132601483 0.06116453836
1119 0.9998670421 0.08498746302 0.05050971097
1120 0.9998670421 0.1367898505 0.0706236037
1121 0.9998670421 0.1227429729 0.06920127536
1122 0.9998686837 0.1271613089 0.06302773356
1123 0.9998686837 0.1074114906 0.05371980776
1124 0.9998686837 0.1020696303 0.05218477372
1125 0.9998686837 0.09777514081 0.05567843918
1126 0.9998686837 0.1325468896 0.07805296697
1127 0.9998686837 0.13163089 0.06708836192
1128 0.9998686837 0.1221626197 0.06076169642
1129 0.9998686837 0.1185124704 0.0589898288
1130 0.9998686837 0.1264231773 0.05517571884
1131 0.9998686837 0.1354980769 0.06201301938
1132 0.9998686837 0.1351783331 0.06189764579
1133 0.9998686837 0.1327150851 0.06255138746
1134 0.9998686837 0.1239651883 0.06553536506
1135 0.9998686837 0.1037641882 0.05538402378
1136 0.9998686837 0.08299743727 0.04656776818
1137 0.9998686837 0.1035996764 0.05622522322
1138 0.9998686837 0.1155920189 0.0584439962
1139 0.9998686837 0.1374311042 0.06683799469
1140 0.9998686837 0.1398513432 0.07877261688
1141 0.9998686837 0.1124646564 0.06568305905
1142 0.9998686837 0.1069261138 0.0583290922
1143 0.9998686837 0.1124240834 0.0571172386
1144 0.9998686837 0.1159505383 0.06212537243
1145 0.9998686837 0.1211141619 0.0670434485
1146 0.9998686837 0.1228648628 0.06636914753
1147 0.9998686837 0.110233048 0.06815894665
1148 0.9998686837 0.09585118668 0.06073167381
1149 0.9998686837 0.09505064999 0.05778229418
1150 0.9998686837 0.09715258595 0.05282178876
1151 0.9998686837 0.1226622747 0.06164134676
1152 0.9998686837 0.1100010064 0.05771325637
1153 0.9998686837 0.1308873004 0.0743503564
1154 0.9998686837 0.1303250645 0.06730419371
1155 0.9998686837 0.1224418132 0.06643410764
1156 0.9998686837 0.1171366878 0.06776224196
1157 0.9998686837 0.09341684027 0.05396512191
1158 0.9998686837 0.09319997346 0.04990561331
1159 0.9998686837 0.1180728973 0.06414633254
1160 0.9998686837 0.1414416633 0.06783547185
1161 0.9998686837 0.1010654281 0.0521897699
1162 0.9998686837 0.1264345713 0.07008485168
1163 0.9998686837 0.120948318 0.0634362559
1164 0.9998686837 0.1054774553 0.05262305857
1165 0.9998686837 0.1176874295 0.06047175001
1166 0.9998686837 0.1103301755 0.05848019653
1167 0.9998686837 0.1103983771 0.05400634574
1168 0.9998686837 0.1176695434 0.06009653444
1169 0.9998686837 0.1141185953 0.05707937627
1170 0.9998686837 0.1413583871 0.06710539648
1171 0.9998686837 0.135171744 0.06535879288
1172 0.9998686837 0.13057771 0.06292991206
1173 0.9998686837 0.1149199073 0.05710175171
1174 0.9998686837 0.1502206767 0.06818427989
1175 0.9998686837 0.1800386199 0.07714608063
1176 0.9998686837 0.1901560023 0.08433796133
1177 0.9998686837 0.1780470023 0.0738595377
1178 0.9998686837 0.1763376552 0.07599554394
1179 0.9998686837 0.1236125368 0.05394841727
1180 0.9998686837 0.1360909692 0.07160911018
1181 0.9998686837 0.1271483136 0.06624672787
1182 0.9998686837 0.1562101432 0.07942601716
1183 0.9998686837 0.1115625904 0.05209776832
1184 0.9998686837 0.1118305263 0.05885911466
1185 0.9998686837 0.1322969489 0.06649864686
1186 0.9998686837 0.1448797565 0.07142213134
1187 0.9998686837 0.1670277975 0.07795259525
1188 0.9998686837 0.1411237815 0.06199514544
1189 0.9998686837 0.1232864273 0.05393614316
1190 0.9998686837 0.1335128834 0.07180074674
1191 0.9998686837 0.1364616003 0.0621707412
1192 0.9998686837 0.1226533805 0.05739907236
1193 0.9998686837 0.1280847068 0.06668847791
1194 0.9998686837 0.1482683678 0.07822798824
1195 0.9998686837 0.1675624582 0.0840769337
1196 0.9998686837 0.1376528681 0.06525379909
1197 0.9998686837 0.1204271645 0.0625729434
1198 0.9998686837 0.1267512394 0.06706401496
1199 0.9998686837 0.1432047981 0.0668678651
1200 0.9998686837 0.134078019 0.05938326204
1201 0.9998686837 0.1197364869 0.05841762401
1202 0.9998686837 0.1227325826 0.05747259831
1203 0.9998686837 0.1260988006 0.05190058356
1204 0.9998686837 0.1517594779 0.07275512138
1205 0.9998686837 0.1429108386 0.08418876132
1206 0.9998686837 0.158580645 0.08548453598
1207 0.9998686837 0.1561008097 0.07536207644
1208 0.9998686837 0.173980792 0.08088098296
1209 0.9998686837 0.1880845816 0.07747234923
1210 0.9998686837 0.1663899356 0.07433410721
1211 0.9998686837 0.1377036693 0.06479746337
1212 0.9998686837 0.1200767229 0.05993803895
1213 0.9998686837 0.1461842554 0.07731235245
1214 0.9998686837 0.1376445012 0.06838031881
1215 0.9998686837 0.1400464925 0.07175796284
1216 0.9998686837 0.1312798953 0.06341370312
1217 0.9998686837 0.128500989 0.06177301125
1218 0.9998686837 0.1260986519 0.06740394707
1219 0.9998686837 0.1561819203 0.07687850428
1220 0.9998686837 0.1300603921 0.06106539769
1221 0.9998686837 0.1418558249 0.06983292912
1222 0.9998686837 0.1811680628 0.09041987844
1223 0.9998686837 0.1649147598 0.08188182092
1224 0.9998686837 0.171174443 0.09066592676
1225 0.9998686837 0.1609924772 0.08767451806
1226 0.9998686837 0.1275781131 0.06178232263
1227 0.9998686837 0.1425790982 0.05840997012
1228 0.9998686837 0.1359095383 0.06492296103
1229 0.9998686837 0.1440175008 0.07207207531
1230 0.9998686837 0.1616493237 0.07686348816
1231 0.9998686837 0.1407003856 0.06875134062
1232 0.9998686837 0.133576089 0.06479859737
1233 0.9998686837 0.1300660166 0.07206166527
1234 0.9998686837 0.1064206173 0.0594344734
1235 0.9998686837 0.109922109 0.05630769974
1236 0.9998686837 0.1272710091 0.06107345473
1237 0.9998686837 0.1069726043 0.05365509474
1238 0.9998686837 0.1163038939 0.06494332052
1239 0.9998686837 0.1223866542 0.06291189269
1240 0.9998686837 0.1100449124 0.06279233824
1241 0.9998686837 0.09443925689 0.05042806582
1242 0.9998686837 0.1161574704 0.06830638345
1243 0.9998686837 0.1387261918 0.06388439968
1244 0.9998686837 0.1042675069 0.05939452475
1245 0.9998686837 0.1396613055 0.06950262404
1246 0.9998686837 0.155577928 0.06923037798
1247 0.9998686837 0.1503348164 0.07426914918
1248 0.9998686837 0.1692625734 0.07950561233
1249 0.9998686837 0.114544498 0.05233012889
1250 0.9998686837 0.1358109293 0.06229507127
1251 0.9998686837 0.1142590776 0.05859995502
1252 0.9998686837 0.1298540844 0.06736477431
1253 0.9998686837 0.1460673821 0.07445524834
1254 0.9998686837 0.1261028583 0.06632812655
1255 0.9998686837 0.1231857757 0.06063326049
1256 0.9998686837 0.1145632268 0.05544439564
1257 0.9998686837 0.1346025606 0.0737106441
1258 0.9998686837 0.1519485752 0.0806334966
1259 0.9998686837 0.1484668863 0.0761775007
1260 0.9998686837 0.1308766086 0.06145729789
1261 0.9998686837 0.1415998649 0.07004410249
1262 0.9998686837 0.1565580798 0.06833743594
1263 0.9998686837 0.1390925376 0.07030112957
1264 0.9998686837 0.1063778518 0.05631665918
1265 0.9998686837 0.1237738555 0.06455470105
1266 0.9998686837 0.1144306973 0.06345200192
1267 0.9998686837 0.1164174607 0.06206806837
1268 0.9998686837 0.1323845523 0.07518930828
1269 0.9998686837 0.1301717449 0.07347699222
1270 0.9998686837 0.1019101653 0.06549623533
1271 0.9998686837 0.09944100805 0.05461365786
1272 0.9998686837 0.134537773 0.06699011015
1273 0.9998686837 0.1389524339 0.06750617467
1274 0.9998686837 0.13845778 0.07108706339
1275 0.9998686837 0.1120118496 0.05450286847
1276 0.9998686837 0.1360292856 0.06420107983
1277 0.9998686837 0.1191071804 0.06202725419
1278 0.9998686837 0.1501991327 0.07991709998
1279 0.9998686837 0.1500353577 0.07627416645
1280 0.9998686837 0.1386551281 0.06929329857
1281 0.9998686837 0.1427795397 0.0686539068
1282 0.9998686837 0.1576047044 0.07556215903
1283 0.9998686837 0.1366953515 0.07492770902
1284 0.9998686837 0.1500243934 0.07915152116
1285 0.9998686837 0.1425896805 0.07544838278
1286 0.9998686837 0.164195991 0.08150655789
1287 0.9998686837 0.1756006725 0.07817309305
1288 0.9998686837 0.1461492569 0.07157227922
1289 0.9998686837 0.1278271509 0.06462754127
1290 0.9998686837 0.1359736449 0.06480648581
1291 0.9998686837 0.1587424292 0.06830117391
1292 0.9998686837 0.1493260653 0.06945596733
1293 0.9998686837 0.1649130511 0.07542758801
1294 0.9998686837 0.1481107235 0.06646031437
1295 0.9998686837 0.1459171327 0.07255334838
1296 0.9998686837 0.1633964858 0.07312142363
1297 0.9998686837 0.1653763566 0.07942649251
1298 0.9998686837 0.1698398875 0.08076799273
1299 0.9998686837 0.1702508069 0.090228065
1300 0.9998686837 0.1723582596 0.08007157464
1301 0.9998686837 0.1336101862 0.0694732187
1302 0.9998686837 0.1073181141 0.05112175228
1303 0.9998686837 0.1166225884 0.05385904051
1304 0.9998686837 0.1330279833 0.061986023
1305 0.9998686837 0.1227482222 0.05272059786
1306 0.9998686837 0.1139901558 0.06198114216
1307 0.9998686837 0.1315129404 0.05912934524
1308 0.9998686837 0.1197408296 0.06287849067
1309 0.9998686837 0.114336813 0.06438974388
1310 0.9998686837 0.1228085805 0.06186483651
1311 0.9998686837 0.1003896421 0.04845242528
1312 0.9998686837 0.1023167735 0.05619963898
1313 0.9998686837 0.136123636 0.07097081426
1314 0.9998686837 0.1296995169 0.07287934683
1315 0.9998686837 0.1308298434 0.06254117565
1316 0.9998686837 0.1390530959 0.06802925309
1317 0.9998686837 0.1313473242 0.06841709814
1318 0.9998686837 0.1539967905 0.07424134795
1319 0.9998686837 0.1485216423 0.06770183628
1320 0.9998686837 0.1414314195 0.07261200605
1321 0.9998686837 0.1431935374 0.06737814227
1322 0.9998686837 0.1465871443 0.07940023802
1323 0.9998686837 0.1174158091 0.05792204908
1324 0.9998686837 0.1336227108 0.06737330274
1325 0.9998686837 0.1487316644 0.07786591468
1326 0.9998686837 0.1491804587 0.06794416136
1327 0.9998686837 0.1223249207 0.06091771416
1328 0.9998686837 0.1335741526 0.07491153327
1329 0.9998686837 0.152063382 0.07548626101
1330 0.9998686837 0.1310532226 0.06392463558
1331 0.9998686837 0.1164829139 0.06146405147
1332 0.9998686837 0.110855051 0.05736693447
1333 0.9998686837 0.1199310581 0.06601119917
1334 0.9998686837 0.1463101405 0.07218571713
1335 0.9998686837 0.1384698124 0.07434930514
1336 0.9998686837 0.1080398631 0.05311658445
1337 0.9998686837 0.1433952847 0.06542960159
1338 0.9998686837 0.1336280929 0.06784894266
1339 0.9998686837 0.1340080883 0.05696572039
1340 0.9998686837 0.1173013978 0.06073400037
1341 0.9998686837 0.1033154797 0.05782078611
1342 0.9998686837 0.106499898 0.05351283303
1343 0.9998686837 0.1190248438 0.06455393564
1344 0.9998686837 0.1365290997 0.06893991034
1345 0.9998686837 0.1550680897 0.07797447083
1346 0.9998686837 0.1422672928 0.07231167613
1347 0.9998686837 0.1329840608 0.07048157577
1348 0.9998686837 0.1383893794 0.0682335659
1349 0.9998686837 0.1232441984 0.067402177
1350 0.9998686837 0.1314074641 0.07134580013
1351 0.9998686837 0.1334860381 0.06644981869
1352 0.9998686837 0.1649219646 0.08012312832
1353 0.9998686837 0.1920677878 0.08205124317
1354 0.9998686837 0.1739575567 0.07384347743
1355 0.9998686837 0.1682261965 0.07644703834
1356 0.9998686837 0.1975640459 0.08225899899
1357 0.9998686837 0.1488822025 0.0608351808
1358 0.9998686837 0.1576983535 0.07090310491
1359 0.9998686837 0.165128219 0.06462828683
1360 0.9998686837 0.1546042341 0.05480115747
1361 0.9998686837 0.1496393918 0.06477031748
1362 0.9998686837 0.1664710588 0.06500047118
1363 0.9998686837 0.1835214546 0.07502961717
1364 0.9998686837 0.1793637603 0.08225427007
1365 0.9998686837 0.173896083 0.07782241329
1366 0.9998686837 0.1451791524 0.05995759649
1367 0.9998686837 0.1767807469 0.06881793946
1368 0.9998686837 0.1808650382 0.07815651204
1369 0.9998686837 0.1655287876 0.07511765131
1370 0.9998686837 0.1403022665 0.0662324964
1371 0.9998686837 0.134063336 0.06607526242
1372 0.9998686837 0.1587395015 0.07351548656
1373 0.9998686837 0.1454052477 0.07356077217
1374 0.9998686837 0.1443087677 0.07033050248
1375 0.9998686837 0.1499760279 0.0692601787
1376 0.9998686837 0.1527707224 0.07531397018
1377 0.9998686837 0.1498687317 0.07046730226
1378 0.9998686837 0.1247310081 0.05446838238
1379 0.9998686837 0.1446795734 0.0646747045
1380 0.9998686837 0.1299549214 0.05497013489
1381 0.9998686837 0.1338108179 0.05710667135
1382 0.9998686837 0.1435647652 0.0610883151
1383 0.9998686837 0.136731914 0.06313975908
1384 0.9998686837 0.1473711324 0.07055992627
1385 0.9998686837 0.1434885305 0.07290030825
1386 0.9998686837 0.1514498603 0.07856967815
1387 0.9998686837 0.142425124 0.08160622667
1388 0.9998686837 0.1232524051 0.06409208013
1389 0.9998686837 0.1492938594 0.06672621114
1390 0.9998686837 0.1385193833 0.06491179276
1391 0.9998686837 0.1320726855 0.06484189686
1392 0.9998686837 0.1527479852 0.0789084739
1393 0.9998686837 0.1367540719 0.06889380169
1394 0.9998686837 0.1173934738 0.05670660182
1395 0.9998686837 0.1332899714 0.07215390751
1396 0.9998686837 0.1639408545 0.07634222139
1397 0.9998686837 0.1532028731 0.06497643578
1398 0.9998686837 0.1161514715 0.05677296478
1399 0.9998686837 0.1164354545 0.05290513442
1400 0.9998686837 0.1274027773 0.06461292115
1401 0.9998686837 0.1190268307 0.06391935809
1402 0.9998686837 0.1284930076 0.06757649359
1403 0.9998686837 0.1212105521 0.06137281707
1404 0.9998686837 0.1464427826 0.06799738078
1405 0.9998686837 0.1338414727 0.06517497067
1406 0.9998686837 0.134926311 0.06654161972
1407 0.9998686837 0.1394493434 0.07549547996
1408 0.9998686837 0.1153163624 0.07012629357
1409 0.9998686837 0.1295158918 0.06409392944
1410 0.9998686837 0.128254597 0.06569532856
1411 0.9998686837 0.1405842046 0.06804378355
1412 0.9998686837 0.1136115739 0.06206155679
1413 0.9998686837 0.1131237322 0.06310665461
1414 0.9998686837 0.1053322529 0.04883971626
1415 0.9998686837 0.1055557166 0.05109400247
1416 0.9998686837 0.1132858453 0.05692853435
1417 0.9998686837 0.1291559114 0.06905815343
1418 0.9998686837 0.1380238221 0.07450236814
1419 0.9998686837 0.1474077305 0.08604590949
1420 0.9998686837 0.1474885655 0.07706473378
1421 0.9998686837 0.1448536054 0.08094690324
1422 0.9998686837 0.1403235494 0.07001639964
1423 0.9998686837 0.1269737794 0.06847213506
1424 0.9998686837 0.09944670563 0.05156451755
1425 0.9998686837 0.1191236378 0.06420323142
1426 0.9998686837 0.1324035678 0.06744390452
1427 0.9998686837 0.1260954508 0.0558261821
1428 0.9998686837 0.145848072 0.06875544316
1429 0.9998686837 0.1360165453 0.06785489828
1430 0.9998686837 0.1331910412 0.07060348119
1431 0.9998686837 0.1482183143 0.06762799063
1432 0.9998686837 0.1396755174 0.06371565084
1433 0.9998686837 0.1273673721 0.06029219321
1434 0.9998686837 0.1360379909 0.06976118789
1435 0.9998686837 0.1152638237 0.05805938757
1436 0.9998686837 0.129500403 0.06678032752
1437 0.9998686837 0.1465301608 0.0756230992
1438 0.9998686837 0.1160814833 0.05736358657
1439 0.9998686837 0.119838025 0.06336527346
1440 0.9998686837 0.1289831514 0.06849578905
1441 0.9998686837 0.1427428616 0.06990057339
1442 0.9998686837 0.1329198595 0.06227895564
1443 0.9998686837 0.1126339458 0.0572982083
1444 0.9998686837 0.1242230509 0.06663537548
1445 0.9998686837 0.1284744928 0.07115090122
1446 0.9998686837 0.1476260574 0.07313848547
1447 0.9998686837 0.1396637692 0.06264510201
1448 0.9998686837 0.1377653456 0.0687343572
1449 0.9998686837 0.1555531258 0.07031457239
1450 0.9998686837 0.1488709976 0.06986035472
1451 0.9998686837 0.1395435561 0.06673196196
1452 0.9998686837 0.1222122851 0.05816070688
1453 0.9998686837 0.1069483346 0.05172419906
1454 0.9998686837 0.1418077464 0.06273485007
1455 0.9998686837 0.1418457309 0.06905109323
1456 0.9998686837 0.1539517598 0.07354457223
1457 0.9998686837 0.1421427722 0.07265601143
1458 0.9998686837 0.1491682756 0.07502678424
1459 0.9998686837 0.1184399314 0.05887257633
1460 0.9998686837 0.1094245712 0.06451893607
1461 0.9998686837 0.09273573164 0.05575602184
1462 0.9998686837 0.1352721887 0.06915593128
1463 0.9998686837 0.1338100565 0.06325654359
1464 0.9998686837 0.1124734449 0.05656710726
1465 0.9998686837 0.1344345828 0.06538317424
1466 0.9998686837 0.1325417264 0.06155580376
1467 0.9998686837 0.1114593846 0.05760748919
1468 0.9998686837 0.09819653064 0.05434579569
1469 0.9998686837 0.115415501 0.06047400507
1470 0.9998686837 0.1103901097 0.0596646581
1471 0.9998686837 0.1437170914 0.07469577371
1472 0.9998686837 0.1561375761 0.08302097014
1473 0.9998686837 0.1588224404 0.07917891719
1474 0.9998686837 0.1411720891 0.06790865205
1475 0.9998686837 0.148212247 0.06665562692
1476 0.9998686837 0.1358349373 0.06710041645
1477 0.9998686837 0.1280251937 0.06824346763
1478 0.9998686837 0.1143576777 0.07185863456
1479 0.9998686837 0.1132111434 0.06305296512
1480 0.9998686837 0.1208979231 0.06041903673
1481 0.9998686837 0.1277943256 0.06623072675
1482 0.9998686837 0.1264182219 0.06334994927
1483 0.9998686837 0.1386503209 0.0668339219
1484 0.9998686837 0.1593280038 0.07415317514
1485 0.9998686837 0.1303956453 0.06642022242
1486 0.9998686837 0.1218269283 0.05882247187
1487 0.9998686837 0.118991944 0.06435919791
1488 0.9998686837 0.1213901756 0.05836816937
1489 0.9998686837 0.153385467 0.0752799971
1490 0.9998686837 0.1664082475 0.07767637728
1491 0.9998686837 0.1490086192 0.07024314551
1492 0.9998686837 0.1361622663 0.0656828642
1493 0.9998686837 0.1254681552 0.05947467808
1494 0.9998686837 0.138837045 0.07013570801
1495 0.9998686837 0.1391128336 0.07092117714
1496 0.9998686837 0.1308609151 0.0622301791
1497 0.9998686837 0.1154028528 0.05470856161
1498 0.9998686837 0.1366017065 0.06772112914
1499 0.9998686837 0.1299563656 0.0607303813
1500 0.9998686837 0.13334993 0.06387331395
1501 0.9998686837 0.1394341949 0.06199994217
1502 0.9998686837 0.1370127343 0.05481626571
1503 0.9998686837 0.1448255 0.06738628521
1504 0.9998686837 0.1335791037 0.06069519685
1505 0.9998686837 0.1374065907 0.07681186162
1506 0.9998686837 0.1325624073 0.06832631977
1507 0.9998686837 0.1420647989 0.0741834211
1508 0.9998686837 0.1414198667 0.06651778879
1509 0.9998686837 0.1559632122 0.07783917208
1510 0.9998686837 0.1294362598 0.06368539736
1511 0.9998686837 0.1343137338 0.06396160578
1512 0.9998686837 0.1445023142 0.06930322404
1513 0.9998686837 0.1598996358 0.06946573417
1514 0.9998686837 0.1719198274 0.08049709252
1515 0.9998686837 0.1351794744 0.05947356536
1516 0.9998686837 0.1322442846 0.06545247635
1517 0.9998686837 0.126318594 0.07054803614
1518 0.9998686837 0.1336017193 0.06876133202
1519 0.9998686837 0.1384459673 0.0688471221
1520 0.9998686837 0.1279605299 0.05928219007
1521 0.9998686837 0.1353499022 0.06482347693
1522 0.9998686837 0.1243855411 0.06545325472
1523 0.9998686837 0.1155536536 0.05925886174
1524 0.9998686837 0.1332774886 0.06458614689
1525 0.9998686837 0.1336297158 0.06186925444
1526 0.9998686837 0.1473928314 0.06866787969
1527 0.9998686837 0.1680357994 0.07285528375
1528 0.9998686837 0.154179659 0.06258673686
1529 0.9998686837 0.1473580182 0.05975760889
1530 0.9998686837 0.1556261441 0.07213438712
1531 0.9998686837 0.1413251819 0.05899234619
1532 0.9998686837 0.1416673478 0.06428149103
1533 0.9998686837 0.1465737465 0.06309650397
1534 0.9998686837 0.1521269327 0.06028129964
1535 0.9998686837 0.181640098 0.07949406956
1536 0.9998686837 0.1697478947 0.07823251304
1537 0.9998686837 0.143213714 0.06433139189
1538 0.9998686837 0.1451002771 0.0614774285
1539 0.9998686837 0.1483620418 0.06412433263
1540 0.9998686837 0.1459345459 0.06579029611
1541 0.9998686837 0.1655403382 0.07369886944
1542 0.9998686837 0.1349145498 0.05779834826
1543 0.9998686837 0.1382256491 0.06028595251
1544 0.9998686837 0.1359338861 0.06241801931
1545 0.9998686837 0.1352205407 0.06928834765
1546 0.9998686837 0.1547478939 0.07091438507
1547 0.9998686837 0.1128016578 0.05143976368
1548 0.9998686837 0.1283415969 0.06905972831
1549 0.9998686837 0.1507251915 0.07456543798
1550 0.9998686837 0.1241576552 0.06854766288
1551 0.9998686837 0.135702861 0.07640418352
1552 0.9998686837 0.1509865455 0.0823926062
1553 0.9998686837 0.1387655631 0.07125373163
1554 0.9998686837 0.1132966564 0.06037631716
1555 0.9998686837 0.1179675148 0.05874953976
1556 0.9998686837 0.1322830399 0.06762331855
1557 0.9998686837 0.154964234 0.07009479415
1558 0.9998686837 0.1588684275 0.07299404276
1559 0.9998686837 0.1208296011 0.06629862343
1560 0.9998686837 0.1309607903 0.07462636189
1561 0.9998686837 0.1210377305 0.06248479841
1562 0.9998686837 0.1173226944 0.06047962751
1563 0.9998686837 0.09348178277 0.0471460542
1564 0.9998686837 0.111447301 0.06872193504
1565 0.9998686837 0.1227959161 0.06397359979
1566 0.9998686837 0.1075759832 0.05888752766
1567 0.9998686837 0.1103985856 0.05471127197
1568 0.9998686837 0.1033466765 0.05661241146
1569 0.9998686837 0.09924885658 0.06023349733
1570 0.9998686837 0.1155093285 0.06265406229
1571 0.9998686837 0.1244847476 0.06193736198
1572 0.9998686837 0.1150378294 0.05229390444
1573 0.9998686837 0.1235313568 0.05462713218
1574 0.9998686837 0.1194983203 0.05895072418
1575 0.9998686837 0.1339465571 0.06933507351
1576 0.9998686837 0.1108996905 0.06559314231
1577 0.9998686837 0.09668595402 0.05671067716
1578 0.9998686837 0.118686406 0.06051067084
1579 0.9998686837 0.1055433021 0.05216393056
1580 0.9998686837 0.123269369 0.05461539375
1581 0.9998686837 0.1208064508 0.0654047598
1582 0.9998686837 0.09909848753 0.05177881621
1583 0.9998686837 0.1315672787 0.07775722812
1584 0.9998686837 0.1086928629 0.0581974239
1585 0.9998686837 0.1054347263 0.06259758749
1586 0.9998686837 0.1077322818 0.05978610324
1587 0.9998686837 0.1123318002 0.06752229103
1588 0.9998686837 0.1390254017 0.08349557503
1589 0.9998686837 0.1280917395 0.0680756349
1590 0.9998686837 0.124588825 0.06242448616
1591 0.9998686837 0.1224369852 0.06389988257
1592 0.9998686837 0.1383867654 0.07017586355
1593 0.9998686837 0.1351980025 0.070176086
1594 0.9998686837 0.1160636442 0.06406972832
1595 0.9998686837 0.09818862851 0.05583997881
1596 0.9998686837 0.1054421987 0.0586401299
1597 0.9998686837 0.1097627384 0.06607883368
1598 0.9998686837 0.1169455591 0.06455526759
1599 0.9998686837 0.1234599229 0.06976065631
1600 0.9998686837 0.1096729119 0.05921547182
1601 0.9998686837 0.1055186374 0.0558025284
1602 0.9998686837 0.1371750292 0.0779466231
1603 0.9998686837 0.09459353763 0.0549045951
1604 0.9998686837 0.1145164113 0.06250591687
1605 0.9998686837 0.1460352482 0.0789880715
1606 0.9998686837 0.1070574255 0.0573635472
1607 0.9998686837 0.1050042218 0.06012504344
1608 0.9998686837 0.1234417121 0.06597211627
1609 0.9998686837 0.1395451031 0.0711649064
1610 0.9998686837 0.1247897392 0.06391441863
1611 0.9998686837 0.1330663089 0.06376102597
1612 0.9998686837 0.1498358343 0.07846284796
1613 0.9998686837 0.1381589016 0.07374302906
1614 0.9998686837 0.1051481904 0.05814841855
1615 0.9998686837 0.1073667805 0.06075668109
1616 0.9998686837 0.1127097757 0.06267177209
1617 0.9998686837 0.1321757071 0.0671168771
1618 0.9998686837 0.1158665902 0.06122972277
1619 0.9998686837 0.1028848663 0.05609559301
1620 0.9998686837 0.1076634621 0.05388754277
1621 0.9998686837 0.09864042485 0.05729473821
1622 0.9998686837 0.1315034183 0.07357135998
1623 0.9998686837 0.1197410936 0.06454847886
1624 0.9998686837 0.112146063 0.0580749257
1625 0.9998686837 0.09987079009 0.05594212258
1626 0.9998686837 0.1281558891 0.07164323013
1627 0.9998686837 0.1161339264 0.06005667625
1628 0.9998686837 0.1262824292 0.06599726988
1629 0.9998686837 0.1031931178 0.0556942119
1630 0.9998686837 0.1204283966 0.06568915905
1631 0.9998686837 0.1099024618 0.05411725643
1632 0.9998686837 0.1089636256 0.0600880365
1633 0.9998686837 0.1212732822 0.06177369417
1634 0.9998686837 0.1087749655 0.05435633543
1635 0.9998686837 0.1286404463 0.06441635899
1636 0.9998686837 0.1261504839 0.06789749042
1637 0.9998686837 0.08734829981 0.04683058559
1638 0.9998686837 0.128362423 0.07473386522
1639 0.9998686837 0.1442986599 0.08533802654
1640 0.9998686837 0.1493239161 0.09206365241
1641 0.9998686837 0.1233925882 0.06938684317
1642 0.9998686837 0.132692656 0.06561920044
1643 0.9998686837 0.121541234 0.06579789083
1644 0.9998686837 0.1227941392 0.0648628329
1645 0.9998686837 0.1444939765 0.08005887559
1646 0.9998686837 0.1167684311 0.06130933659
1647 0.9998686837 0.1270260361 0.06464770851
1648 0.9998686837 0.09988747534 0.04900807389
1649 0.9998686837 0.1207679905 0.06430896192
1650 0.9998686837 0.1199270996 0.06233475408
1651 0.9998686837 0.1344415472 0.07057142087
1652 0.9998686837 0.1315737415 0.06068550457
1653 0.9998686837 0.1392156804 0.07353767634
1654 0.9998686837 0.1440248036 0.07783793654
1655 0.9998686837 0.1266188407 0.05551834667
1656 0.9998686837 0.148868485 0.06560611021
1657 0.9998686837 0.159193945 0.06700249777
1658 0.9998686837 0.1797212486 0.08618568165
1659 0.9998686837 0.1522479722 0.07335070345
1660 0.9998686837 0.1385530098 0.06257031673
1661 0.9998686837 0.1284595073 0.06429401121
1662 0.9998686837 0.1325320794 0.07366153582
1663 0.9998686837 0.1346275161 0.06451167137
1664 0.9998686837 0.1323514436 0.06433851802
1665 0.9998686837 0.1243168477 0.06804741178
1666 0.9998686837 0.1382982081 0.07566345498
1667 0.9998686837 0.1632020809 0.07890879119
1668 0.9998686837 0.1440480759 0.07187203738
1669 0.9998686837 0.1199994657 0.05716775824
1670 0.9998686837 0.1360648135 0.05958744242
1671 0.9998686837 0.1359190318 0.0612359915
1672 0.9998686837 0.1261691633 0.06025906326
1673 0.9998686837 0.1303630003 0.06696541358
1674 0.9998686837 0.1273806752 0.0608059402
1675 0.9998686837 0.1620943561 0.07254713858
1676 0.9998686837 0.1352249303 0.06087192842
1677 0.9998686837 0.1217227233 0.05655919357
1678 0.9998686837 0.1301307974 0.077833068
1679 0.9998686837 0.1224700695 0.05901510015
1680 0.9998686837 0.1003278564 0.05717278916
1681 0.9998686837 0.1233289251 0.0540105982
1682 0.9998686837 0.1240605369 0.06122707236
1683 0.9998686837 0.129757999 0.05668349184
1684 0.9998686837 0.1621591539 0.07078667104
1685 0.9998686837 0.1571777957 0.07557047305
1686 0.9998686837 0.1638191132 0.07980165461
1687 0.9998686837 0.1456554614 0.06958534227
1688 0.9998686837 0.1340096357 0.06239138416
1689 0.9998686837 0.1321130947 0.06302599292
1690 0.9998686837 0.1133401612 0.0596747052
1691 0.9998686837 0.122394796 0.06227500012
1692 0.9998686837 0.1314117884 0.06277744212
1693 0.9998686837 0.1340583417 0.0665795359
1694 0.9998686837 0.1017626794 0.05520366302
1695 0.9998686837 0.1124997847 0.06640961607
1696 0.9998686837 0.1100485719 0.06447047193
1697 0.9998686837 0.111768003 0.06359776265
1698 0.9998686837 0.1329521395 0.07035143176
1699 0.9998686837 0.1049239898 0.05498128277
1700 0.9998686837 0.1065451436 0.06269985451
1701 0.9998686837 0.1215627124 0.06691508011
1702 0.9998686837 0.1464012102 0.07296718177
1703 0.9998686837 0.1509820954 0.06785917258
1704 0.9998686837 0.1016776205 0.04571426101
1705 0.9998686837 0.1046893373 0.05187619976
1706 0.9998686837 0.1129702943 0.05925333253
1707 0.9998686837 0.09467319649 0.05963302374
1708 0.9998686837 0.1011873385 0.06071008717
1709 0.9998686837 0.1017056052 0.06441944692
1710 0.9998686837 0.1223875815 0.06414244207
1711 0.9998686837 0.1274486408 0.06484698295
1712 0.9998686837 0.1198110474 0.06029877078
1713 0.9998686837 0.1213632041 0.05745895987
1714 0.9998686837 0.1355105437 0.07461022892
1715 0.9998686837 0.151453764 0.07685261345
1716 0.9998686837 0.1266008125 0.06256618942
1717 0.9998686837 0.1279804155 0.0613682906
1718 0.9998686837 0.121624405 0.06214841937
1719 0.9998686837 0.1189513419 0.0627153566
1720 0.9998686837 0.1149104075 0.05954250606
1721 0.9998686837 0.1226873586 0.06376744555
1722 0.9998686837 0.1282252845 0.06859376623
1723 0.9998686837 0.1216850467 0.06779889166
1724 0.9998686837 0.1300218113 0.06346151919
1725 0.9998686837 0.118200977 0.07013828021
1726 0.9998686837 0.1244006536 0.06847494249
1727 0.9998686837 0.1155846174 0.06751578122
1728 0.9998686837 0.09853763764 0.05873263775
1729 0.9998686837 0.1105357022 0.05971250913
1730 0.9998686837 0.1398607022 0.06989563785
1731 0.9998686837 0.1222694502 0.07079245919
1732 0.9998686837 0.107317566 0.06101092733
1733 0.9998686837 0.1169534743 0.06113481232
1734 0.9998686837 0.1143634641 0.05795994509
1735 0.9998686837 0.102439562 0.0585965911
1736 0.9998686837 0.1077579595 0.06547684188
1737 0.9998686837 0.08312377823 0.05043435849
1738 0.9998686837 0.09253482604 0.06342492998
1739 0.9998686837 0.1161359688 0.06897217054
1740 0.9998686837 0.1334770072 0.08237021154
1741 0.9998686837 0.09808121707 0.06553705418
1742 0.9998686837 0.1123448807 0.06220097229
1743 0.9998686837 0.09551324608 0.05058822815
1744 0.9998686837 0.1128511253 0.05752813493
1745 0.9998686837 0.1142083315 0.05814576402
1746 0.9998686837 0.1477657607 0.06881763395
1747 0.9998686837 0.1127334644 0.05530421257
1748 0.9998686837 0.1266425855 0.06129150078
1749 0.9998686837 0.1300319836 0.06130125094
1750 0.9998686837 0.1223776343 0.05569149168
1751 0.9998686837 0.1274417202 0.06734163281
1752 0.9998686837 0.144875295 0.07066870971
1753 0.9998686837 0.1395736465 0.06991639047
1754 0.9998686837 0.127202237 0.06936695905
1755 0.9998686837 0.1279536981 0.06871742873
1756 0.9998686837 0.1389386619 0.07052117936
1757 0.9998686837 0.1045563965 0.05111431039
1758 0.9998686837 0.1336463818 0.06864476293
1759 0.9998686837 0.1422893509 0.06774642933
1760 0.9998686837 0.1521822045 0.081363723
1761 0.9998686837 0.15129766 0.07125329997
1762 0.9998686837 0.1409642857 0.05999904186
1763 0.9998686837 0.1662561536 0.07961788274
1764 0.9998686837 0.1286010113 0.06149323997
1765 0.9998686837 0.1421047187 0.06805849829
1766 0.9998686837 0.1338497372 0.0645400893
1767 0.9998686837 0.136215976 0.06241569904
1768 0.9998686837 0.1221733297 0.05547194843
1769 0.9998686837 0.1500205461 0.06867114077
1770 0.9998686837 0.1591835574 0.06368314059
1771 0.9998686837 0.1294692218 0.05993994211
1772 0.9998686837 0.1165609901 0.05466236791
1773 0.9998686837 0.1251109244 0.05765888836
1774 0.9998686837 0.122677317 0.06413365085
1775 0.9998686837 0.1293395852 0.0683428208
1776 0.9998686837 0.1327033927 0.06691557913
1777 0.9998686837 0.1296876982 0.07154909992
1778 0.9998686837 0.1339741342 0.06658381482
1779 0.9998686837 0.1421864904 0.06741214667
1780 0.9998686837 0.1303245597 0.07031579109
1781 0.9998686837 0.1030870668 0.0570503063
1782 0.9998686837 0.1156171815 0.05919579417
1783 0.9998686837 0.1146910715 0.05540765262
1784 0.9998686837 0.1098243952 0.06649100303
1785 0.9998686837 0.1155824855 0.06105573151
1786 0.9998686837 0.1116908864 0.06185526751
1787 0.9998686837 0.1215681503 0.06168582861
1788 0.9998686837 0.1092731745 0.05350314675
1789 0.9998686837 0.1184352308 0.0563064031
1790 0.9998686837 0.1175297341 0.05966355467
1791 0.9998686837 0.1153525057 0.06064072442
1792 0.9998686837 0.1389725113 0.06852864108
1793 0.9998686837 0.1310615716 0.06720161205
1794 0.9998686837 0.1133425608 0.06050193566
1795 0.9998686837 0.1123047093 0.05856544671
1796 0.9998686837 0.1033484409 0.05242458567
1797 0.9998686837 0.1218875208 0.06039308718
1798 0.9998686837 0.1051319483 0.05421232699
1799 0.9998686837 0.1114704108 0.05594877393
1800 0.9998686837 0.07750894817 0.04267064366
1801 0.9998686837 0.1128271443 0.06925024707
1802 0.9998686837 0.1370498858 0.07760677539
1803 0.9998686837 0.1430734877 0.07597928057
1804 0.9998686837 0.140541851 0.06738023443
1805 0.9998686837 0.1132211506 0.06340668882
1806 0.9998686837 0.1388674089 0.0795284923
1807 0.9998686837 0.1412907681 0.06712537249
1808 0.9998686837 0.1392422715 0.08049625433
1809 0.9998686837 0.1195116663 0.06537089703
1810 0.9998686837 0.1160148612 0.066242291
1811 0.9998686837 0.1504982465 0.07871264184
1812 0.9998686837 0.1491472781 0.08604545717
1813 0.9998686837 0.1286091662 0.07768069377
1814 0.9998686837 0.09347081521 0.05848470455
1815 0.9998686837 0.08514454094 0.05504613839
1816 0.9998686837 0.1114507218 0.06611466173
1817 0.9998686837 0.1215926009 0.06800441984
1818 0.9998686837 0.1431375421 0.08078960556
1819 0.9998686837 0.1435629762 0.07975121746
1820 0.9998686837 0.1356711499 0.06851983844
1821 0.9998686837 0.1151492018 0.06343808804
1822 0.9998686837 0.1345975282 0.07575001181
1823 0.9998686837 0.1550220799 0.08390379047
1824 0.9998686837 0.1314659893 0.07651171028
1825 0.9998686837 0.1352992778 0.06682600322
1826 0.9998686837 0.1240884603 0.06811269263
1827 0.9998686837 0.1616060308 0.08534079791
1828 0.9998686837 0.1225564363 0.06205107817
1829 0.9998686837 0.1295677894 0.06065229966
1830 0.9998686837 0.1236297114 0.06170372008
1831 0.9998686837 0.1420239585 0.05946082309
1832 0.9998686837 0.1506474476 0.06902595953
1833 0.9998686837 0.1384449927 0.06755164496
1834 0.9998686837 0.103531748 0.05653951354
1835 0.9998686837 0.1448245929 0.07617616612
1836 0.9998686837 0.1614486248 0.07480131639
1837 0.9998686837 0.1216337279 0.05474330914
1838 0.9998686837 0.1778845521 0.0817447617
1839 0.9998686837 0.1392982198 0.06206237504
1840 0.9998686837 0.1129051874 0.05472424966
1841 0.9998686837 0.1381686434 0.06469679877
1842 0.9998686837 0.1527645318 0.0749779506
1843 0.9998686837 0.1365659084 0.0740473699
1844 0.9998686837 0.1301663877 0.07012982065
1845 0.9998686837 0.1297623178 0.06588342341
1846 0.9998686837 0.1638734347 0.08124481181
1847 0.9998686837 0.1790654166 0.0851059732
1848 0.9998686837 0.1849852609 0.07878771342
1849 0.9998686837 0.1860867052 0.08270337854
1850 0.9998686837 0.1378428967 0.07039417912
1851 0.9998686837 0.1593576381 0.08352743181
1852 0.9998686837 0.1118699165 0.05234362206
1853 0.9998686837 0.1359915279 0.06291556065
1854 0.9998686837 0.1317209511 0.06468432786
1855 0.9998686837 0.1090594907 0.05650579516
1856 0.9998686837 0.1261243262 0.06585599556
1857 0.9998686837 0.1012803656 0.05355504531
1858 0.9998686837 0.1255573334 0.07372829717
1859 0.9998686837 0.1252546358 0.06767162845
1860 0.9998686837 0.1191258188 0.05731891547
1861 0.9998686837 0.1187855611 0.07055997996
1862 0.9998686837 0.1164399478 0.06377790728
1863 0.9998686837 0.1512642848 0.08434233001
1864 0.9998686837 0.1419821817 0.07541583747
1865 0.9998686837 0.1473373458 0.07591113416
1866 0.9998686837 0.1350574893 0.0670189016
1867 0.9998686837 0.1605996147 0.07098094192
1868 0.9998686837 0.1326196311 0.06055027557
1869 0.9998686837 0.1240127066 0.06576233786
1870 0.9998686837 0.1119234598 0.06374624492
1871 0.9998686837 0.1344911607 0.07178607796
1872 0.9998686837 0.1171754764 0.06401576598
1873 0.9998686837 0.1152301164 0.06073831156
1874 0.9998686837 0.1129303521 0.05837782673
1875 0.9998686837 0.1442824973 0.06361431614
1876 0.9998686837 0.1614894749 0.08436416859
1877 0.9998686837 0.1241112266 0.05522117216
1878 0.9998686837 0.1437638148 0.0704385094
1879 0.9998686837 0.1342744642 0.06115085509
1880 0.9998686837 0.0961997026 0.04819380525
1881 0.9998686837 0.1043731987 0.05002460015
1882 0.9998686837 0.1206687344 0.05660194523
1883 0.9998686837 0.1157239838 0.05783061612
1884 0.9998686837 0.1108500293 0.05268615222
1885 0.9998686837 0.127615818 0.05793399319
1886 0.9998686837 0.1509568725 0.06963386861
1887 0.9998686837 0.1613034037 0.07523694919
1888 0.9998686837 0.1205563767 0.05972914257
1889 0.9998686837 0.1336536075 0.05630692763
1890 0.9998686837 0.1333946981 0.0634929485
1891 0.9998686837 0.1590449059 0.07300353412
1892 0.9998686837 0.1601689657 0.07318817788
1893 0.9998686837 0.1439183042 0.06555153629
1894 0.9998686837 0.1553721816 0.07474639053
1895 0.9998686837 0.166450986 0.0790460532
1896 0.9998686837 0.1761024162 0.07422554512
1897 0.9998686837 0.1414436511 0.06027679885
1898 0.9998686837 0.139059625 0.05747209203
1899 0.9998686837 0.1765246376 0.07638879214
1900 0.9998686837 0.1505193352 0.06817363739
1901 0.9998686837 0.1368857789 0.06696922987
1902 0.9998686837 0.1423782519 0.06464837052
1903 0.9998686837 0.1434791281 0.06225110216
1904 0.9998686837 0.1204784435 0.05856204986
1905 0.9998686837 0.1267101654 0.06474396412
1906 0.9998686837 0.1273706457 0.06109612568
1907 0.9998686837 0.1092955425 0.05701760343
1908 0.9998686837 0.1121811721 0.059334549
1909 0.9998686837 0.1187063107 0.05970583121
1910 0.9998686837 0.1219860598 0.06373284709
1911 0.9998686837 0.1112839642 0.05713156042
1912 0.9998686837 0.1006953484 0.0533439958
1913 0.9998686837 0.1385207385 0.0659010663
1914 0.9998686837 0.1371240519 0.0715118791
1915 0.9998686837 0.1080520394 0.0515166588
1916 0.9998686837 0.09781970621 0.04931973778
1917 0.9998686837 0.1037816438 0.053296827
1918 0.9998686837 0.1051648435 0.05965940434
1919 0.9998686837 0.11519361 0.06502075788
1920 0.9998686837 0.1330335918 0.07287013836
1921 0.9998686837 0.1075614905 0.06408712571
1922 0.9998686837 0.1146056355 0.05775353864
1923 0.9998686837 0.1250064534 0.06314834557
1924 0.9998686837 0.1480590217 0.0735261209
1925 0.9998686837 0.136918821 0.07498141487
1926 0.9998686837 0.131925804 0.0660861672
1927 0.9998686837 0.124525242 0.05793079021
1928 0.9998686837 0.1345042768 0.06499906472
1929 0.9998686837 0.1402262422 0.07183686811
1930 0.9998686837 0.1385972494 0.07283724287
1931 0.9998686837 0.1251534847 0.06594911722
1932 0.9998686837 0.1128583675 0.05794438677
1933 0.9998686837 0.131955331 0.06714655262
1934 0.9998686837 0.1326402316 0.06514003148
1935 0.9998686837 0.1214388468 0.06052758279
1936 0.9998686837 0.1309225643 0.06305024688
1937 0.9998686837 0.1231342139 0.05995116025
1938 0.9998686837 0.1679968227 0.07805863492
1939 0.9998686837 0.1310199986 0.05941656188
1940 0.9998686837 0.1595092655 0.0754397332
1941 0.9998686837 0.1505612682 0.06012659074
1942 0.9998686837 0.156901616 0.067182281
1943 0.9998686837 0.1603310536 0.07188076232
1944 0.9998686837 0.1476702981 0.06088661645
1945 0.9998686837 0.1519410374 0.06772035692
1946 0.9998686837 0.1411540695 0.06521391299
1947 0.9998686837 0.09923284865 0.05517294716
1948 0.9998686837 0.1209644557 0.05382031725
1949 0.9998686837 0.140250116 0.07162801088
1950 0.9998686837 0.1413833586 0.08166542592
1951 0.9998686837 0.1260583744 0.07218090274
1952 0.9998686837 0.1381139283 0.06792146421
1953 0.9998686837 0.145458568 0.07326318199
1954 0.9998686837 0.1614027193 0.07680485671
1955 0.9998686837 0.1514748497 0.07722752525
1956 0.9998686837 0.1745424648 0.0811569405
1957 0.9998686837 0.1594857056 0.08053715163
1958 0.9998686837 0.1273569493 0.05943284611
1959 0.9998686837 0.155045934 0.07252327348
1960 0.9998686837 0.1340694086 0.06805468072
1961 0.9998686837 0.131240863 0.07081028417
1962 0.9998686837 0.1386874557 0.07985529376
1963 0.9998686837 0.1561283995 0.07804459431
1964 0.9998686837 0.1241080049 0.0641311551
1965 0.9998686837 0.10319843 0.04818315579
1966 0.9998686837 0.1141807618 0.05484797625
1967 0.9998686837 0.1363515959 0.07649579905
1968 0.9998686837 0.149421635 0.09006826793
1969 0.9998686837 0.123700986 0.06439656721
1970 0.9998686837 0.1556103189 0.08271768132
1971 0.9998686837 0.1428390164 0.0734800931
1972 0.9998686837 0.1336799933 0.07012429129
1973 0.9998686837 0.1178642957 0.05567226854
1974 0.9998686837 0.1357619685 0.06976409674
1975 0.9998686837 0.1375929059 0.06632057996
1976 0.9998686837 0.1373591343 0.0705089327
1977 0.9998686837 0.1370234655 0.06057123731
1978 0.9998686837 0.1348640739 0.06553590678
1979 0.9998686837 0.1387886293 0.06331822419
1980 0.9998686837 0.120195009 0.05753139623
1981 0.9998686837 0.1289175987 0.06765387852
1982 0.9998686837 0.1582830914 0.07218130871
1983 0.9998686837 0.1435802454 0.06287573258
1984 0.9998686837 0.1630825474 0.08403017974
1985 0.9998686837 0.1558615904 0.0722422316
1986 0.9998686837 0.1398940353 0.06619087393
1987 0.9998686837 0.1440285358 0.0653982328
1988 0.9998686837 0.1402326396 0.07077585383
1989 0.9998686837 0.1313073527 0.0705258857
1990 0.9998686837 0.1314908789 0.07159733133
1991 0.9998686837 0.1465583218 0.0763424285
1992 0.9998686837 0.1544052086 0.08240717143
1993 0.9998686837 0.1836863579 0.08827886746
1994 0.9998686837 0.1381231081 0.06919137271
1995 0.9998686837 0.1277492632 0.07167865773
1996 0.9998686837 0.1566875423 0.0816836403
1997 0.9998686837 0.1438387471 0.07337102681
1998 0.9998686837 0.161053668 0.07747049374
1999 0.9998686837 0.1658290373 0.07051955365
2000 0.9998686837 0.1535860272 0.06655199119
