9.737249999999999517e-01 9.728339999999999765e-01 9.762480000000000047e-01 9.746000000000000218e-01 9.779099999999999460e-01 9.775599999999999845e-01 9.732279999999999820e-01 9.724559999999999871e-01
9.748580000000000023e-01 9.728790000000000493e-01 9.764969999999999484e-01 9.744920000000000249e-01 9.739790000000000392e-01 9.767219999999999791e-01 9.747949999999999671e-01 9.739649999999999697e-01
9.770039999999999836e-01 9.768769999999999953e-01 9.748510000000000231e-01 9.765979999999999661e-01 9.753530000000000255e-01 9.729719999999999480e-01 9.769109999999999738e-01 9.750240000000000018e-01
9.773870000000000058e-01 9.746949999999999781e-01 9.739349999999999952e-01 9.734829999999999872e-01 9.725019999999999776e-01 9.735340000000000105e-01 9.735369999999999857e-01 9.770560000000000356e-01
9.762899999999999912e-01 9.741610000000000547e-01 9.744709999999999761e-01 9.774770000000000403e-01 9.767639999999999656e-01 9.723349999999999493e-01 9.765540000000000331e-01 9.734420000000000295e-01
9.720220000000000526e-01 9.723469999999999613e-01 9.767719999999999736e-01 9.728710000000000413e-01 9.761819999999999942e-01 9.762079999999999647e-01 9.747360000000000468e-01 9.776310000000000278e-01
9.757139999999999702e-01 9.735530000000000017e-01 9.735819999999999474e-01 9.741680000000000339e-01 9.727080000000000171e-01 9.774239999999999595e-01 9.766559999999999686e-01 9.780560000000000365e-01
9.725359999999999561e-01 9.771560000000000246e-01 9.729569999999999608e-01 9.735329999999999817e-01 9.734939999999999705e-01 9.758850000000000025e-01 9.733230000000000492e-01 9.735530000000000017e-01
9.750180000000000513e-01 9.728620000000000045e-01 9.731140000000000345e-01 9.720750000000000224e-01 9.746820000000000483e-01 9.742720000000000269e-01 9.750569999999999515e-01 9.735239999999999450e-01
9.780419999999999670e-01 9.772349999999999648e-01 9.777850000000000152e-01 9.732189999999999452e-01 9.725610000000000088e-01 9.757149999999999990e-01 9.745660000000000434e-01 9.721220000000000416e-01
9.753779999999999673e-01 9.732199999999999740e-01 9.757919999999999927e-01 9.779910000000000547e-01 9.749590000000000201e-01 9.736609999999999987e-01 9.734329999999999927e-01 9.746810000000000196e-01
9.739449999999999497e-01 9.739430000000000032e-01 9.762279999999999847e-01 9.735219999999999985e-01 9.783549999999999747e-01 9.743669999999999831e-01 9.763589999999999769e-01 9.729149999999999743e-01
9.744979999999999754e-01 9.735080000000000400e-01 9.742899999999999894e-01 9.753650000000000375e-01 9.731400000000000050e-01 9.761530000000000484e-01 9.770710000000000228e-01 9.769780000000000131e-01
9.721859999999999946e-01 9.755099999999999882e-01 9.734380000000000255e-01 9.737240000000000339e-01 9.736200000000000410e-01 9.735239999999999450e-01 9.756050000000000555e-01 9.774429999999999508e-01
9.745200000000000529e-01 9.730259999999999465e-01 9.750689999999999635e-01 9.742300000000000404e-01 9.744770000000000376e-01 9.741469999999999851e-01 9.734059999999999935e-01 9.728849999999999998e-01
9.765819999999999501e-01 9.763830000000000009e-01 9.765589999999999549e-01 9.773490000000000233e-01 9.742939999999999934e-01 9.758700000000000152e-01 9.732229999999999492e-01 9.728539999999999965e-01
9.725589999999999513e-01 9.735960000000000170e-01 9.734979999999999745e-01 9.765260000000000051e-01 9.726270000000000193e-01 9.734800000000000120e-01 9.733340000000000325e-01 9.722579999999999556e-01
9.744080000000000519e-01 9.728189999999999893e-01 9.727679999999999660e-01 9.743640000000000079e-01 9.760659999999999892e-01 9.723420000000000396e-01 9.734779999999999545e-01 9.742269999999999541e-01
9.777259999999999840e-01 9.760229999999999739e-01 9.754270000000000440e-01 9.749010000000000176e-01 9.751640000000000308e-01 9.742189999999999461e-01 9.766080000000000316e-01 9.770450000000000523e-01
9.775719999999999965e-01 9.734690000000000287e-01 9.726019999999999666e-01 9.755169999999999675e-01 9.728040000000000020e-01 9.759219999999999562e-01 9.734939999999999705e-01 9.772739999999999760e-01
9.734760000000000080e-01 9.757850000000000135e-01 9.750480000000000258e-01 9.737860000000000404e-01 9.751910000000000300e-01 9.771379999999999511e-01 9.740950000000000442e-01 9.752579999999999583e-01
9.756190000000000140e-01 9.743990000000000151e-01 9.734439999999999760e-01 9.733920000000000350e-01 9.730809999999999738e-01 9.735009999999999497e-01 9.727400000000000491e-01 9.747050000000000436e-01
9.730539999999999745e-01 9.740159999999999929e-01 9.734310000000000462e-01 9.751100000000000323e-01 9.746240000000000459e-01 9.727719999999999700e-01 9.771499999999999631e-01 9.734720000000000040e-01
9.747590000000000421e-01 9.752600000000000158e-01 9.737519999999999509e-01 9.771980000000000111e-01 9.731980000000000075e-01 9.767940000000000511e-01 9.768379999999999841e-01 9.757320000000000437e-01
9.771919999999999495e-01 9.734439999999999760e-01 9.726359999999999451e-01 9.723650000000000349e-01 9.729100000000000525e-01 9.725540000000000296e-01 9.734580000000000455e-01 9.741379999999999484e-01
9.747120000000000228e-01 9.757959999999999967e-01 9.733849999999999447e-01 9.739060000000000494e-01 9.762330000000000174e-01 9.736059999999999715e-01 9.767519999999999536e-01 9.734730000000000327e-01
9.761520000000000197e-01 9.753279999999999728e-01 9.742490000000000316e-01 9.758799999999999697e-01 9.734099999999999975e-01 9.751640000000000308e-01 9.766240000000000476e-01 9.764570000000000194e-01
9.770720000000000516e-01 9.751269999999999660e-01 9.757839999999999847e-01 9.729989999999999473e-01 9.727019999999999555e-01 9.738780000000000214e-01 9.748740000000000183e-01 9.760069999999999579e-01
9.762370000000000214e-01 9.736420000000000075e-01 9.776690000000000103e-01 9.742600000000000149e-01 9.721809999999999619e-01 9.772459999999999480e-01 9.773889999999999523e-01 9.731910000000000283e-01
9.725770000000000248e-01 9.737559999999999549e-01 9.763249999999999984e-01 9.760590000000000099e-01 9.725740000000000496e-01 9.755690000000000195e-01 9.760480000000000267e-01 9.738909999999999512e-01
9.724230000000000373e-01 9.725399999999999601e-01 9.778959999999999875e-01 9.743429999999999591e-01 9.727940000000000476e-01 9.743479999999999919e-01 9.735540000000000305e-01 9.731210000000000138e-01
9.772650000000000503e-01 9.738379999999999814e-01 9.737999999999999989e-01 9.766569999999999974e-01 9.771119999999999806e-01 9.741199999999999859e-01 9.732520000000000060e-01 9.751480000000000148e-01
9.764460000000000361e-01 9.747759999999999758e-01 9.733220000000000205e-01 9.724620000000000486e-01 9.769149999999999778e-01 9.773749999999999938e-01 9.775850000000000373e-01 9.723279999999999701e-01
9.726500000000000146e-01 9.740210000000000257e-01 9.770600000000000396e-01 9.739539999999999864e-01 9.743840000000000279e-01 9.769820000000000171e-01 9.733249999999999957e-01 9.751750000000000140e-01
9.730440000000000200e-01 9.739830000000000432e-01 9.723950000000000093e-01 9.748679999999999568e-01 9.783960000000000434e-01 9.770069999999999588e-01 9.758489999999999664e-01 9.743199999999999639e-01
9.752439999999999998e-01 9.732779999999999765e-01 9.740320000000000089e-01 9.779560000000000475e-01 9.750649999999999595e-01 9.775580000000000380e-01 9.746970000000000356e-01 9.729250000000000398e-01
9.766230000000000189e-01 9.769370000000000553e-01 9.726160000000000361e-01 9.774059999999999970e-01 9.737949999999999662e-01 9.734990000000000032e-01 9.747390000000000221e-01 9.742060000000000164e-01
9.725629999999999553e-01 9.756270000000000220e-01 9.770219999999999461e-01 9.734120000000000550e-01 9.734580000000000455e-01 9.780349999999999877e-01 9.748269999999999991e-01 9.730180000000000495e-01
9.775509999999999478e-01 9.753370000000000095e-01 9.739400000000000279e-01 9.735690000000000177e-01 9.748240000000000238e-01 9.726010000000000488e-01 9.729740000000000055e-01 9.724629999999999663e-01
9.728890000000000038e-01 9.753169999999999895e-01 9.753749999999999920e-01 9.759729999999999794e-01 9.751779999999999893e-01 9.737829999999999542e-01 9.775859999999999550e-01 9.742910000000000181e-01
9.779980000000000340e-01 9.772830000000000128e-01 9.764340000000000241e-01 9.733349999999999502e-01 9.769299999999999651e-01 9.745709999999999651e-01 9.732520000000000060e-01 9.736820000000000475e-01
9.767930000000000224e-01 9.736240000000000450e-01 9.776080000000000325e-01 9.763290000000000024e-01 9.741699999999999804e-01 9.754190000000000360e-01 9.751659999999999773e-01 9.720919999999999561e-01
9.740670000000000162e-01 9.737149999999999972e-01 9.724990000000000023e-01 9.736230000000000162e-01 9.743540000000000534e-01 9.733260000000000245e-01 9.753070000000000350e-01 9.741440000000000099e-01
9.749919999999999698e-01 9.773389999999999578e-01 9.746280000000000499e-01 9.750569999999999515e-01 9.778259999999999730e-01 9.767190000000000039e-01 9.750929999999999875e-01 9.723720000000000141e-01
9.785500000000000309e-01 9.728120000000000100e-01 9.736679999999999779e-01 9.761570000000000524e-01 9.737259999999999804e-01 9.752459999999999463e-01 9.732910000000000172e-01 9.736249999999999627e-01
9.742070000000000451e-01 9.733739999999999615e-01 9.741349999999999731e-01 9.732269999999999532e-01 9.764220000000000121e-01 9.730429999999999913e-01 9.726799999999999891e-01 9.738959999999999839e-01
9.733739999999999615e-01 9.734620000000000495e-01 9.728310000000000013e-01 9.750229999999999730e-01 9.746759999999999868e-01 9.725789999999999713e-01 9.739179999999999504e-01 9.728080000000000060e-01
9.733420000000000405e-01 9.758120000000000127e-01 9.745939999999999603e-01 9.744559999999999889e-01 9.737559999999999549e-01 9.752100000000000213e-01 9.742570000000000396e-01 9.770010000000000083e-01
9.735049999999999537e-01 9.750010000000000066e-01 9.753089999999999815e-01 9.744779999999999553e-01 9.763969999999999594e-01 9.754699999999999482e-01 9.764169999999999794e-01 9.721959999999999491e-01
9.756629999999999470e-01 9.749210000000000376e-01 9.749139999999999473e-01 9.733849999999999447e-01 9.737120000000000219e-01 9.766850000000000254e-01 9.760060000000000402e-01 9.727930000000000188e-01
9.728170000000000428e-01 9.737259999999999804e-01 9.739529999999999577e-01 9.723429999999999573e-01 9.765279999999999516e-01 9.736169999999999547e-01 9.724190000000000333e-01 9.767379999999999951e-01
9.741999999999999549e-01 9.727759999999999740e-01 9.769299999999999651e-01 9.726380000000000026e-01 9.735310000000000352e-01 9.730830000000000313e-01 9.737679999999999669e-01 9.770429999999999948e-01
9.764350000000000529e-01 9.723169999999999868e-01 9.731670000000000043e-01 9.739569999999999617e-01 9.766590000000000549e-01 9.734819999999999585e-01 9.765610000000000124e-01 9.734140000000000015e-01
9.729360000000000230e-01 9.781130000000000102e-01 9.765160000000000506e-01 9.736529999999999907e-01 9.769020000000000481e-01 9.720739999999999936e-01 9.770050000000000123e-01 9.743829999999999991e-01
9.754660000000000553e-01 9.729419999999999735e-01 9.734429999999999472e-01 9.731199999999999850e-01 9.767540000000000111e-01 9.743370000000000086e-01 9.771450000000000413e-01 9.749790000000000401e-01
9.738219999999999654e-01 9.734390000000000542e-01 9.732549999999999812e-01 9.781689999999999552e-01 9.746329999999999716e-01 9.769660000000000011e-01 9.722389999999999644e-01 9.766510000000000469e-01
9.725249999999999728e-01 9.722880000000000411e-01 9.750710000000000210e-01 9.731370000000000298e-01 9.749320000000000208e-01 9.766540000000000221e-01 9.770419999999999661e-01 9.727109999999999923e-01
9.767759999999999776e-01 9.771090000000000053e-01 9.727919999999999900e-01 9.757209999999999495e-01 9.726960000000000051e-01 9.739210000000000367e-01 9.738329999999999487e-01 9.777500000000000080e-01
9.744880000000000209e-01 9.759919999999999707e-01 9.769120000000000026e-01 9.736190000000000122e-01 9.722290000000000099e-01 9.734369999999999967e-01 9.748080000000000078e-01 9.734319999999999640e-01
9.751469999999999860e-01 9.752410000000000245e-01 9.751260000000000483e-01 9.756129999999999525e-01 9.744930000000000536e-01 9.752150000000000540e-01 9.732150000000000523e-01 9.744699999999999473e-01
9.720539999999999736e-01 9.728989999999999583e-01 9.735409999999999897e-01 9.737090000000000467e-01 9.741990000000000371e-01 9.772159999999999735e-01 9.731710000000000083e-01 9.770630000000000148e-01
9.768489999999999673e-01 9.778299999999999770e-01 9.736669999999999492e-01 9.752199999999999758e-01 9.749039999999999928e-01 9.773549999999999738e-01 9.745770000000000266e-01 9.745580000000000354e-01
9.763720000000000176e-01 9.728989999999999583e-01 9.762290000000000134e-01 9.763060000000000072e-01 9.744570000000000176e-01 9.764159999999999506e-01 9.734289999999999887e-01 9.730370000000000408e-01
9.775490000000000013e-01 9.755350000000000410e-01 9.726430000000000353e-01 9.740280000000000049e-01 9.726569999999999938e-01 9.767320000000000446e-01 9.726869999999999683e-01 9.734810000000000407e-01
9.779219999999999580e-01 9.735930000000000417e-01 9.751940000000000053e-01 9.745019999999999794e-01 9.735540000000000305e-01 9.756789999999999630e-01 9.765829999999999789e-01 9.730919999999999570e-01
9.748090000000000366e-01 9.736380000000000035e-01 9.727550000000000363e-01 9.726860000000000506e-01 9.726730000000000098e-01 9.723399999999999821e-01 9.735709999999999642e-01 9.759419999999999762e-01
9.740839999999999499e-01 9.755509999999999460e-01 9.739729999999999777e-01 9.749229999999999841e-01 9.737310000000000132e-01 9.751130000000000075e-01 9.768120000000000136e-01 9.756669999999999510e-01
9.742429999999999701e-01 9.768949999999999578e-01 9.730159999999999920e-01 9.727999999999999980e-01 9.747409999999999686e-01 9.772480000000000055e-01 9.742680000000000229e-01 9.769940000000000291e-01
9.750050000000000106e-01 9.732189999999999452e-01 9.757280000000000397e-01 9.743659999999999544e-01 9.735160000000000480e-01 9.764279999999999626e-01 9.727200000000000291e-01 9.746299999999999963e-01
9.770429999999999948e-01 9.741779999999999884e-01 9.724589999999999623e-01 9.777869999999999617e-01 9.741269999999999651e-01 9.761370000000000324e-01 9.763859999999999761e-01 9.777010000000000423e-01
9.726979999999999515e-01 9.754739999999999522e-01 9.729579999999999895e-01 9.737460000000000004e-01 9.727040000000000131e-01 9.771859999999999991e-01 9.728269999999999973e-01 9.740900000000000114e-01
9.752260000000000373e-01 9.781549999999999967e-01 9.731710000000000083e-01 9.750029999999999530e-01 9.747550000000000381e-01 9.774129999999999763e-01 9.757949999999999680e-01 9.772990000000000288e-01
9.736510000000000442e-01 9.738630000000000342e-01 9.738959999999999839e-01 9.767409999999999703e-01 9.767289999999999583e-01 9.737660000000000204e-01 9.722750000000000004e-01 9.760379999999999612e-01
9.740410000000000457e-01 9.725049999999999528e-01 9.734420000000000295e-01 9.726069999999999993e-01 9.783589999999999787e-01 9.716989999999999794e-01 9.735859999999999514e-01 9.733129999999999837e-01
9.743429999999999591e-01 9.753100000000000103e-01 9.726829999999999643e-01 9.784410000000000052e-01 9.746890000000000276e-01 9.745359999999999578e-01 9.728029999999999733e-01 9.747230000000000061e-01
9.728379999999999805e-01 9.780879999999999574e-01 9.765420000000000211e-01 9.755599999999999827e-01 9.745340000000000114e-01 9.745500000000000274e-01 9.773859999999999770e-01 9.769820000000000171e-01
9.733089999999999797e-01 9.747940000000000493e-01 9.764350000000000529e-01 9.743659999999999544e-01 9.737879999999999869e-01 9.725800000000000001e-01 9.774000000000000465e-01 9.733340000000000325e-01
9.733279999999999710e-01 9.778750000000000497e-01 9.736299999999999955e-01 9.746240000000000459e-01 9.725310000000000343e-01 9.744319999999999649e-01 9.736070000000000002e-01 9.743690000000000406e-01
9.766059999999999741e-01 9.734019999999999895e-01 9.765460000000000251e-01 9.763870000000000049e-01 9.749459999999999793e-01 9.726449999999999818e-01 9.724260000000000126e-01 9.736040000000000250e-01
9.728569999999999718e-01 9.725240000000000551e-01 9.729910000000000503e-01 9.762830000000000119e-01 9.725390000000000423e-01 9.771009999999999973e-01 9.752389999999999670e-01 9.741990000000000371e-01
9.762690000000000534e-01 9.731570000000000498e-01 9.765960000000000196e-01 9.775620000000000420e-01 9.747810000000000086e-01 9.786669999999999536e-01 9.745770000000000266e-01 9.738419999999999854e-01
9.759799999999999587e-01 9.753669999999999840e-01 9.784640000000000004e-01 9.740520000000000289e-01 9.741999999999999549e-01 9.787989999999999746e-01 9.766169999999999574e-01 9.773150000000000448e-01
9.736500000000000155e-01 9.737409999999999677e-01 9.750600000000000378e-01 9.770550000000000068e-01 9.756740000000000412e-01 9.723810000000000509e-01 9.745359999999999578e-01 9.723009999999999708e-01
9.746470000000000411e-01 9.726069999999999993e-01 9.733929999999999527e-01 9.741410000000000347e-01 9.760590000000000099e-01 9.765660000000000451e-01 9.775059999999999860e-01 9.764040000000000497e-01
9.746029999999999971e-01 9.782969999999999722e-01 9.733600000000000030e-01 9.750130000000000186e-01 9.736669999999999492e-01 9.734019999999999895e-01 9.752140000000000253e-01 9.733709999999999862e-01
9.740130000000000177e-01 9.725709999999999633e-01 9.739360000000000239e-01 9.757529999999999815e-01 9.733870000000000022e-01 9.735409999999999897e-01 9.767390000000000239e-01 9.752600000000000158e-01
9.724639999999999951e-01 9.749929999999999986e-01 9.754850000000000465e-01 9.763920000000000377e-01 9.766770000000000174e-01 9.746700000000000363e-01 9.750849999999999795e-01 9.760919999999999597e-01
9.756059999999999732e-01 9.738949999999999552e-01 9.747879999999999878e-01 9.724850000000000438e-01 9.734880000000000200e-01 9.752960000000000518e-01 9.737649999999999917e-01 9.744429999999999481e-01
9.768409999999999593e-01 9.765650000000000164e-01 9.748820000000000263e-01 9.770940000000000181e-01 9.774969999999999493e-01 9.777510000000000367e-01 9.763309999999999489e-01 9.770360000000000156e-01
9.738520000000000509e-01 9.752659999999999663e-01 9.734350000000000502e-01 9.723619999999999486e-01 9.726869999999999683e-01 9.783100000000000129e-01 9.736320000000000530e-01 9.735639999999999850e-01
9.760520000000000307e-01 9.728580000000000005e-01 9.756810000000000205e-01 9.725489999999999968e-01 9.755019999999999802e-01 9.728729999999999878e-01 9.731440000000000090e-01 9.782760000000000344e-01
9.778189999999999937e-01 9.743540000000000534e-01 9.750710000000000210e-01 9.768280000000000296e-01 9.737050000000000427e-01 9.724479999999999791e-01 9.733129999999999837e-01 9.769590000000000218e-01
9.768170000000000464e-01 9.738989999999999592e-01 9.764140000000000041e-01 9.745049999999999546e-01 9.744800000000000129e-01 9.740130000000000177e-01 9.738320000000000309e-01 9.727799999999999780e-01
9.764359999999999706e-01 9.736900000000000555e-01 9.734960000000000280e-01 9.766420000000000101e-01 9.766120000000000356e-01 9.731790000000000163e-01 9.736000000000000210e-01 9.732549999999999812e-01
9.729729999999999768e-01 9.775989999999999958e-01 9.734260000000000135e-01 9.748689999999999856e-01 9.758120000000000127e-01 9.775409999999999933e-01 9.768599999999999506e-01 9.730079999999999840e-01
9.758430000000000160e-01 9.734249999999999847e-01 9.768949999999999578e-01 9.751680000000000348e-01 9.738750000000000462e-01 9.759100000000000552e-01 9.736869999999999692e-01 9.729149999999999743e-01
9.766749999999999599e-01 9.740680000000000449e-01 9.734559999999999880e-01 9.765070000000000139e-01 9.773020000000000040e-01 9.721849999999999659e-01 9.736050000000000537e-01 9.738970000000000127e-01
9.771220000000000461e-01 9.770790000000000308e-01 9.767360000000000486e-01 9.750140000000000473e-01 9.770349999999999868e-01 9.771250000000000213e-01 9.736909999999999732e-01 9.748839999999999728e-01
9.732699999999999685e-01 9.769489999999999563e-01 9.739550000000000152e-01 9.762760000000000327e-01 9.739229999999999832e-01 9.741229999999999611e-01 9.735409999999999897e-01 9.751609999999999445e-01
9.756089999999999485e-01 9.763070000000000359e-01 9.771710000000000118e-01 9.735620000000000385e-01 9.732610000000000428e-01 9.764380000000000281e-01 9.750450000000000506e-01 9.764930000000000554e-01
9.736209999999999587e-01 9.727569999999999828e-01 9.771030000000000548e-01 9.732659999999999645e-01 9.746709999999999541e-01 9.737160000000000259e-01 9.728259999999999685e-01 9.734709999999999752e-01
9.743680000000000119e-01 9.729499999999999815e-01 9.760469999999999979e-01 9.761530000000000484e-01 9.733650000000000357e-01 9.762079999999999647e-01 9.729790000000000383e-01 9.767959999999999976e-01
9.776470000000000438e-01 9.749889999999999946e-01 9.735449999999999937e-01 9.776820000000000510e-01 9.751049999999999995e-01 9.745169999999999666e-01 9.743699999999999584e-01 9.727759999999999740e-01
9.756240000000000467e-01 9.747689999999999966e-01 9.764030000000000209e-01 9.722370000000000179e-01 9.728539999999999965e-01 9.766610000000000014e-01 9.770060000000000411e-01 9.744159999999999489e-01
9.741140000000000354e-01 9.768489999999999673e-01 9.738459999999999894e-01 9.754359999999999697e-01 9.768270000000000008e-01 9.726620000000000266e-01 9.782440000000000024e-01 9.751950000000000340e-01
9.727209999999999468e-01 9.742110000000000491e-01 9.763680000000000136e-01 9.755089999999999595e-01 9.754169999999999785e-01 9.769210000000000393e-01 9.735530000000000017e-01 9.737449999999999717e-01
9.773389999999999578e-01 9.731570000000000498e-01 9.765970000000000484e-01 9.736409999999999787e-01 9.737829999999999542e-01 9.766610000000000014e-01 9.732169999999999987e-01 9.741060000000000274e-01
9.749889999999999946e-01 9.732840000000000380e-01 9.769870000000000498e-01 9.767919999999999936e-01 9.740550000000000042e-01 9.775289999999999813e-01 9.770259999999999501e-01 9.770780000000000021e-01
9.742720000000000269e-01 9.735310000000000352e-01 9.769649999999999723e-01 9.742979999999999974e-01 9.753749999999999920e-01 9.753629999999999800e-01 9.727360000000000451e-01 9.717609999999999859e-01
9.757449999999999735e-01 9.758379999999999832e-01 9.736960000000000059e-01 9.750919999999999588e-01 9.751100000000000323e-01 9.778050000000000352e-01 9.746939999999999493e-01 9.740330000000000377e-01
9.739069999999999672e-01 9.731499999999999595e-01 9.736209999999999587e-01 9.729240000000000110e-01 9.743349999999999511e-01 9.742150000000000531e-01 9.779889999999999972e-01 9.739849999999999897e-01
9.749550000000000161e-01 9.724899999999999656e-01 9.768740000000000201e-01 9.729349999999999943e-01 9.725179999999999936e-01 9.756749999999999590e-01 9.754150000000000320e-01 9.746160000000000379e-01
9.723720000000000141e-01 9.746369999999999756e-01 9.754950000000000010e-01 9.758649999999999824e-01 9.743990000000000151e-01 9.763960000000000417e-01 9.757639999999999647e-01 9.767109999999999959e-01
9.732819999999999805e-01 9.724340000000000206e-01 9.730769999999999698e-01 9.725470000000000503e-01 9.759809999999999874e-01 9.739759999999999529e-01 9.729229999999999823e-01 9.737759999999999749e-01
9.740510000000000002e-01 9.773100000000000120e-01 9.737770000000000037e-01 9.757550000000000390e-01 9.735759999999999970e-01 9.741379999999999484e-01 9.769679999999999476e-01 9.748080000000000078e-01
9.739210000000000367e-01 9.744739999999999513e-01 9.781819999999999959e-01 9.730029999999999513e-01 9.729489999999999528e-01 9.750269999999999770e-01 9.784559999999999924e-01 9.770809999999999773e-01
9.725810000000000288e-01 9.755359999999999587e-01 9.744450000000000056e-01 9.738869999999999472e-01 9.729200000000000070e-01 9.774169999999999803e-01 9.747639999999999638e-01 9.776160000000000405e-01
9.729799999999999560e-01 9.732680000000000220e-01 9.736979999999999524e-01 9.760199999999999987e-01 9.735479999999999690e-01 9.763659999999999561e-01 9.749700000000000033e-01 9.776529999999999943e-01
9.749489999999999545e-01 9.748790000000000511e-01 9.742159999999999709e-01 9.730189999999999673e-01 9.771919999999999495e-01 9.769769999999999843e-01 9.735249999999999737e-01 9.742049999999999876e-01
9.744969999999999466e-01 9.725179999999999936e-01 9.733530000000000237e-01 9.787379999999999969e-01 9.740010000000000057e-01 9.748040000000000038e-01 9.760469999999999979e-01 9.758219999999999672e-01
9.722610000000000419e-01 9.734869999999999912e-01 9.776519999999999655e-01 9.762809999999999544e-01 9.728989999999999583e-01 9.748310000000000031e-01 9.738520000000000509e-01 9.773720000000000185e-01
9.748259999999999703e-01 9.738470000000000182e-01 9.723779999999999646e-01 9.725709999999999633e-01 9.735470000000000512e-01 9.743230000000000501e-01 9.735719999999999930e-01 9.768400000000000416e-01
9.746280000000000499e-01 9.754699999999999482e-01 9.750069999999999570e-01 9.753039999999999488e-01 9.767419999999999991e-01 9.735549999999999482e-01 9.723709999999999853e-01 9.724030000000000173e-01
9.725749999999999673e-01 9.777700000000000280e-01 9.768459999999999921e-01 9.733399999999999830e-01 9.766899999999999471e-01 9.762979999999999992e-01 9.735530000000000017e-01 9.731790000000000163e-01
9.748040000000000038e-01 9.731180000000000385e-01 9.736960000000000059e-01 9.771959999999999535e-01 9.742380000000000484e-01 9.769919999999999716e-01 9.734049999999999647e-01 9.725350000000000383e-01
9.737860000000000404e-01 9.736709999999999532e-01 9.752990000000000270e-01 9.729980000000000295e-01 9.758580000000000032e-01 9.725089999999999568e-01 9.734880000000000200e-01 9.757580000000000142e-01
9.754610000000000225e-01 9.727500000000000036e-01 9.736289999999999667e-01 9.731849999999999667e-01 9.739550000000000152e-01 9.723340000000000316e-01 9.764500000000000401e-01 9.743570000000000286e-01
9.737310000000000132e-01 9.743349999999999511e-01 9.752979999999999983e-01 9.731739999999999835e-01 9.725390000000000423e-01 9.756719999999999837e-01 9.743739999999999624e-01 9.736139999999999795e-01
9.755270000000000330e-01 9.752720000000000278e-01 9.760550000000000059e-01 9.737810000000000077e-01 9.777559999999999585e-01 9.752070000000000460e-01 9.724239999999999551e-01 9.726099999999999746e-01
9.740269999999999762e-01 9.754629999999999690e-01 9.783140000000000169e-01 9.764460000000000361e-01 9.767000000000000126e-01 9.729510000000000103e-01 9.766270000000000229e-01 9.742189999999999461e-01
9.726139999999999786e-01 9.738219999999999654e-01 9.761840000000000517e-01 9.728489999999999638e-01 9.773239999999999705e-01 9.754519999999999857e-01 9.776960000000000095e-01 9.751680000000000348e-01
9.750180000000000513e-01 9.735749999999999682e-01 9.729010000000000158e-01 9.780100000000000460e-01 9.735510000000000552e-01 9.731790000000000163e-01 9.753290000000000015e-01 9.724369999999999958e-01
9.741980000000000084e-01 9.749219999999999553e-01 9.754030000000000200e-01 9.729449999999999488e-01 9.733289999999999997e-01 9.763749999999999929e-01 9.753770000000000495e-01 9.765580000000000371e-01
9.763540000000000552e-01 9.735819999999999474e-01 9.755380000000000162e-01 9.736150000000000082e-01 9.723469999999999613e-01 9.780889999999999862e-01 9.735359999999999570e-01 9.724930000000000518e-01
9.748360000000000358e-01 9.759130000000000305e-01 9.718909999999999494e-01 9.750229999999999730e-01 9.766219999999999901e-01 9.746789999999999621e-01 9.759409999999999474e-01 9.747460000000000013e-01
9.769970000000000043e-01 9.729480000000000350e-01 9.748050000000000326e-01 9.760060000000000402e-01 9.735319999999999530e-01 9.763530000000000264e-01 9.767550000000000399e-01 9.741910000000000291e-01
9.732119999999999660e-01 9.733119999999999550e-01 9.736740000000000395e-01 9.769550000000000178e-01 9.749430000000000041e-01 9.750710000000000210e-01 9.761739999999999862e-01 9.729480000000000350e-01
9.773140000000000160e-01 9.756169999999999565e-01 9.742020000000000124e-01 9.753100000000000103e-01 9.773690000000000433e-01 9.766519999999999646e-01 9.727540000000000076e-01 9.724589999999999623e-01
9.739480000000000359e-01 9.723289999999999988e-01 9.764770000000000394e-01 9.758369999999999544e-01 9.725350000000000383e-01 9.740050000000000097e-01 9.739769999999999817e-01 9.736979999999999524e-01
9.723749999999999893e-01 9.745239999999999458e-01 9.734469999999999512e-01 9.750149999999999650e-01 9.770010000000000083e-01 9.737590000000000412e-01 9.734789999999999832e-01 9.765749999999999709e-01
9.740339999999999554e-01 9.745639999999999858e-01 9.770450000000000523e-01 9.765920000000000156e-01 9.735810000000000297e-01 9.744490000000000096e-01 9.735059999999999825e-01 9.742049999999999876e-01
9.738510000000000222e-01 9.753889999999999505e-01 9.720529999999999449e-01 9.770020000000000371e-01 9.754969999999999475e-01 9.745129999999999626e-01 9.719370000000000509e-01 9.775559999999999805e-01
9.740189999999999682e-01 9.756390000000000340e-01 9.734770000000000367e-01 9.778339999999999810e-01 9.773359999999999825e-01 9.748949999999999561e-01 9.780830000000000357e-01 9.774310000000000498e-01
9.748139999999999583e-01 9.743690000000000406e-01 9.761149999999999549e-01 9.742070000000000451e-01 9.752180000000000293e-01 9.737510000000000332e-01 9.775220000000000020e-01 9.768440000000000456e-01
9.778639999999999555e-01 9.746599999999999708e-01 9.739020000000000454e-01 9.768419999999999881e-01 9.740799999999999459e-01 9.753650000000000375e-01 9.744369999999999976e-01 9.771419999999999551e-01
9.735359999999999570e-01 9.727540000000000076e-01 9.749449999999999505e-01 9.753760000000000208e-01 9.744599999999999929e-01 9.726190000000000113e-01 9.735270000000000312e-01 9.755740000000000522e-01
9.726630000000000553e-01 9.741379999999999484e-01 9.762880000000000447e-01 9.733859999999999735e-01 9.748729999999999896e-01 9.748139999999999583e-01 9.771459999999999591e-01 9.725110000000000143e-01
9.761210000000000164e-01 9.770180000000000531e-01 9.735340000000000105e-01 9.762450000000000294e-01 9.766960000000000086e-01 9.722950000000000204e-01 9.765920000000000156e-01 9.731370000000000298e-01
9.739139999999999464e-01 9.730159999999999920e-01 9.750969999999999915e-01 9.735690000000000177e-01 9.763340000000000352e-01 9.757289999999999575e-01 9.766209999999999614e-01 9.741600000000000259e-01
9.742549999999999821e-01 9.736139999999999795e-01 9.771170000000000133e-01 9.773340000000000360e-01 9.750670000000000170e-01 9.777150000000000007e-01 9.737320000000000420e-01 9.778350000000000097e-01
9.773230000000000528e-01 9.736339999999999995e-01 9.733359999999999790e-01 9.748959999999999848e-01 9.775939999999999630e-01 9.747230000000000061e-01 9.728510000000000213e-01 9.762440000000000007e-01
9.735289999999999777e-01 9.773699999999999610e-01 9.726709999999999523e-01 9.761560000000000237e-01 9.736690000000000067e-01 9.769609999999999683e-01 9.764570000000000194e-01 9.737449999999999717e-01
9.762899999999999912e-01 9.726010000000000488e-01 9.730210000000000248e-01 9.742960000000000509e-01 9.734770000000000367e-01 9.766550000000000509e-01 9.747559999999999558e-01 9.729510000000000103e-01
9.730820000000000025e-01 9.771809999999999663e-01 9.765200000000000546e-01 9.770520000000000316e-01 9.769780000000000131e-01 9.735759999999999970e-01 9.726200000000000401e-01 9.736230000000000162e-01
9.747400000000000508e-01 9.763089999999999824e-01 9.743960000000000399e-01 9.743619999999999504e-01 9.756219999999999892e-01 9.749700000000000033e-01 9.733119999999999550e-01 9.735300000000000065e-01
9.766679999999999806e-01 9.761579999999999702e-01 9.735850000000000337e-01 9.778729999999999922e-01 9.729349999999999943e-01 9.766850000000000254e-01 9.747040000000000148e-01 9.740259999999999474e-01
9.757970000000000255e-01 9.749139999999999473e-01 9.772549999999999848e-01 9.746569999999999956e-01 9.734159999999999480e-01 9.727010000000000378e-01 9.773699999999999610e-01 9.742549999999999821e-01
9.738649999999999807e-01 9.731319999999999970e-01 9.746979999999999533e-01 9.732570000000000388e-01 9.753770000000000495e-01 9.735230000000000272e-01 9.746120000000000339e-01 9.752680000000000238e-01
9.725500000000000256e-01 9.733990000000000142e-01 9.734869999999999912e-01 9.733969999999999567e-01 9.756350000000000300e-01 9.723610000000000309e-01 9.770219999999999461e-01 9.745740000000000514e-01
9.739780000000000104e-01 9.732819999999999805e-01 9.727249999999999508e-01 9.735179999999999945e-01 9.783539999999999459e-01 9.739160000000000039e-01 9.734420000000000295e-01 9.771149999999999558e-01
9.760870000000000379e-01 9.769430000000000058e-01 9.749839999999999618e-01 9.771009999999999973e-01 9.731330000000000258e-01 9.772490000000000343e-01 9.769179999999999531e-01 9.745570000000000066e-01
9.763190000000000479e-01 9.786299999999999999e-01 9.739179999999999504e-01 9.768520000000000536e-01 9.778759999999999675e-01 9.753629999999999800e-01 9.743049999999999766e-01 9.755500000000000282e-01
9.739029999999999632e-01 9.727689999999999948e-01 9.762880000000000447e-01 9.765260000000000051e-01 9.745960000000000178e-01 9.723540000000000516e-01 9.776519999999999655e-01 9.735049999999999537e-01
9.737419999999999964e-01 9.778480000000000505e-01 9.770480000000000276e-01 9.764680000000000026e-01 9.743220000000000214e-01 9.772750000000000048e-01 9.730590000000000073e-01 9.770219999999999461e-01
9.784460000000000379e-01 9.729309999999999903e-01 9.771290000000000253e-01 9.729989999999999473e-01 9.737050000000000427e-01 9.722849999999999548e-01 9.777080000000000215e-01 9.734150000000000302e-01
9.741180000000000394e-01 9.743060000000000054e-01 9.760799999999999477e-01 9.754610000000000225e-01 9.757749999999999480e-01 9.750860000000000083e-01 9.777339999999999920e-01 9.721330000000000249e-01
9.752469999999999750e-01 9.733150000000000412e-01 9.767230000000000079e-01 9.777529999999999832e-01 9.750259999999999483e-01 9.729029999999999623e-01 9.774629999999999708e-01 9.730790000000000273e-01
9.769109999999999738e-01 9.768879999999999786e-01 9.725500000000000256e-01 9.746569999999999956e-01 9.724040000000000461e-01 9.725730000000000208e-01 9.741900000000000004e-01 9.733180000000000165e-01
9.765449999999999964e-01 9.737390000000000212e-01 9.730170000000000208e-01 9.748080000000000078e-01 9.752779999999999783e-01 9.769269999999999898e-01 9.727419999999999956e-01 9.777139999999999720e-01
9.744310000000000471e-01 9.738240000000000229e-01 9.744049999999999656e-01 9.737059999999999604e-01 9.749600000000000488e-01 9.734469999999999512e-01 9.733119999999999550e-01 9.732680000000000220e-01
9.766660000000000341e-01 9.735129999999999617e-01 9.753140000000000143e-01 9.735740000000000505e-01 9.773249999999999993e-01 9.728250000000000508e-01 9.776500000000000190e-01 9.726050000000000528e-01
9.740820000000000034e-01 9.726740000000000386e-01 9.764190000000000369e-01 9.723810000000000509e-01 9.743249999999999966e-01 9.740259999999999474e-01 9.753800000000000248e-01 9.728160000000000140e-01
9.730229999999999713e-01 9.727040000000000131e-01 9.758480000000000487e-01 9.730079999999999840e-01 9.777150000000000007e-01 9.724669999999999703e-01 9.752819999999999823e-01 9.732520000000000060e-01
9.770170000000000243e-01 9.771870000000000278e-01 9.744509999999999561e-01 9.773340000000000360e-01 9.782119999999999704e-01 9.744810000000000416e-01 9.775610000000000133e-01 9.730539999999999745e-01
9.730670000000000153e-01 9.753579999999999472e-01 9.776350000000000318e-01 9.783399999999999874e-01 9.739349999999999952e-01 9.749240000000000128e-01 9.725970000000000448e-01 9.757609999999999895e-01
9.765690000000000204e-01 9.759349999999999969e-01 9.742729999999999446e-01 9.736709999999999532e-01 9.757230000000000070e-01 9.723450000000000149e-01 9.775279999999999525e-01 9.735639999999999850e-01
9.767280000000000406e-01 9.728869999999999463e-01 9.756470000000000420e-01 9.749759999999999538e-01 9.741830000000000211e-01 9.753119999999999568e-01 9.775110000000000188e-01 9.731379999999999475e-01
9.786390000000000366e-01 9.764800000000000146e-01 9.775909999999999878e-01 9.729889999999999928e-01 9.729689999999999728e-01 9.775129999999999653e-01 9.731130000000000058e-01 9.732750000000000012e-01
9.754389999999999450e-01 9.738219999999999654e-01 9.745089999999999586e-01 9.739900000000000224e-01 9.769750000000000378e-01 9.737630000000000452e-01 9.779139999999999500e-01 9.733349999999999502e-01
9.727519999999999500e-01 9.733979999999999855e-01 9.736380000000000035e-01 9.768679999999999586e-01 9.778270000000000017e-01 9.729020000000000445e-01 9.750069999999999570e-01 9.735819999999999474e-01
9.761309999999999709e-01 9.727099999999999635e-01 9.775040000000000395e-01 9.726110000000000033e-01 9.748080000000000078e-01 9.735399999999999610e-01 9.735099999999999865e-01 9.736829999999999652e-01
9.735909999999999842e-01 9.725570000000000048e-01 9.759330000000000505e-01 9.739529999999999577e-01 9.740529999999999466e-01 9.730400000000000160e-01 9.731549999999999923e-01 9.736200000000000410e-01
9.726920000000000011e-01 9.735460000000000225e-01 9.771910000000000318e-01 9.759799999999999587e-01 9.773159999999999625e-01 9.749609999999999665e-01 9.762269999999999559e-01 9.782549999999999857e-01
9.752469999999999750e-01 9.778679999999999595e-01 9.742199999999999749e-01 9.730990000000000473e-01 9.775110000000000188e-01 9.752920000000000478e-01 9.730799999999999450e-01 9.727280000000000371e-01
9.777500000000000080e-01 9.733690000000000397e-01 9.732859999999999845e-01 9.732159999999999700e-01 9.771530000000000493e-01 9.735300000000000065e-01 9.742250000000000076e-01 9.766099999999999781e-01
9.769660000000000011e-01 9.727270000000000083e-01 9.741459999999999564e-01 9.788120000000000154e-01 9.786939999999999529e-01 9.730670000000000153e-01 9.751389999999999780e-01 9.725540000000000296e-01
9.749229999999999841e-01 9.743800000000000239e-01 9.740440000000000209e-01 9.773439999999999905e-01 9.772300000000000431e-01 9.763460000000000472e-01 9.726960000000000051e-01 9.748250000000000526e-01
9.730720000000000480e-01 9.766690000000000094e-01 9.733829999999999982e-01 9.771539999999999671e-01 9.767660000000000231e-01 9.765059999999999851e-01 9.737209999999999477e-01 9.755369999999999875e-01
9.736110000000000042e-01 9.722410000000000219e-01 9.744429999999999481e-01 9.769870000000000498e-01 9.730889999999999818e-01 9.752220000000000333e-01 9.741260000000000474e-01 9.745589999999999531e-01
9.728259999999999685e-01 9.759050000000000225e-01 9.748670000000000391e-01 9.726040000000000241e-01 9.754119999999999457e-01 9.753720000000000168e-01 9.737000000000000099e-01 9.730560000000000320e-01
9.765479999999999716e-01 9.736470000000000402e-01 9.772640000000000216e-01 9.732760000000000300e-01 9.732859999999999845e-01 9.754789999999999850e-01 9.751410000000000355e-01 9.747519999999999518e-01
9.755530000000000035e-01 9.765759999999999996e-01 9.774450000000000083e-01 9.760900000000000132e-01 9.727179999999999715e-01 9.776719999999999855e-01 9.740330000000000377e-01 9.726270000000000193e-01
9.749390000000000001e-01 9.724120000000000541e-01 9.768459999999999921e-01 9.740790000000000282e-01 9.738440000000000429e-01 9.769189999999999818e-01 9.767799999999999816e-01 9.748120000000000118e-01
9.737080000000000179e-01 9.769889999999999963e-01 9.744399999999999729e-01 9.768740000000000201e-01 9.729280000000000150e-01 9.726829999999999643e-01 9.740349999999999842e-01 9.759330000000000505e-01
9.740050000000000097e-01 9.751940000000000053e-01 9.752239999999999798e-01 9.775000000000000355e-01 9.762720000000000287e-01 9.749029999999999641e-01 9.731899999999999995e-01 9.763749999999999929e-01
9.772809999999999553e-01 9.785030000000000117e-01 9.728050000000000308e-01 9.753290000000000015e-01 9.760269999999999779e-01 9.778329999999999522e-01 9.735709999999999642e-01 9.733279999999999710e-01
9.773889999999999523e-01 9.734920000000000240e-01 9.753359999999999808e-01 9.734490000000000087e-01 9.748170000000000446e-01 9.754610000000000225e-01 9.756209999999999605e-01 9.773600000000000065e-01
9.742429999999999701e-01 9.740339999999999554e-01 9.777660000000000240e-01 9.771339999999999471e-01 9.743929999999999536e-01 9.773330000000000073e-01 9.772459999999999480e-01 9.776430000000000398e-01
9.736209999999999587e-01 9.723579999999999446e-01 9.733140000000000125e-01 9.739999999999999769e-01 9.770510000000000028e-01 9.735110000000000152e-01 9.764739999999999531e-01 9.739729999999999777e-01
9.744220000000000104e-01 9.735049999999999537e-01 9.747050000000000436e-01 9.730299999999999505e-01 9.723190000000000444e-01 9.732380000000000475e-01 9.733880000000000310e-01 9.764110000000000289e-01
9.736829999999999652e-01 9.749419999999999753e-01 9.733000000000000540e-01 9.740779999999999994e-01 9.765009999999999524e-01 9.740210000000000257e-01 9.735359999999999570e-01 9.768879999999999786e-01
9.740159999999999929e-01 9.736129999999999507e-01 9.774159999999999515e-01 9.773460000000000480e-01 9.737390000000000212e-01 9.770450000000000523e-01 9.774350000000000538e-01 9.737770000000000037e-01
9.752229999999999510e-01 9.768799999999999706e-01 9.731950000000000323e-01 9.775319999999999565e-01 9.729060000000000485e-01 9.750680000000000458e-01 9.777299999999999880e-01 9.765490000000000004e-01
9.774260000000000170e-01 9.727740000000000276e-01 9.755040000000000378e-01 9.751889999999999725e-01 9.728099999999999525e-01 9.775000000000000355e-01 9.732089999999999907e-01 9.750870000000000370e-01
9.724369999999999958e-01 9.768029999999999768e-01 9.725880000000000081e-01 9.735270000000000312e-01 9.746280000000000499e-01 9.739579999999999904e-01 9.766369999999999774e-01 9.770579999999999821e-01
9.728189999999999893e-01 9.786190000000000166e-01 9.778700000000000170e-01 9.738080000000000069e-01 9.730180000000000495e-01 9.724329999999999918e-01 9.767259999999999831e-01 9.748780000000000223e-01
9.737059999999999604e-01 9.741640000000000299e-01 9.739839999999999609e-01 9.730199999999999960e-01 9.763880000000000337e-01 9.775639999999999885e-01 9.761079999999999757e-01 9.740180000000000504e-01
9.734059999999999935e-01 9.788769999999999971e-01 9.733370000000000077e-01 9.737759999999999749e-01 9.768360000000000376e-01 9.753889999999999505e-01 9.762699999999999712e-01 9.730259999999999465e-01
9.735270000000000312e-01 9.742779999999999774e-01 9.730050000000000088e-01 9.725449999999999928e-01 9.752319999999999878e-01 9.745169999999999666e-01 9.734509999999999552e-01 9.735169999999999657e-01
9.772600000000000176e-01 9.779339999999999700e-01 9.762070000000000469e-01 9.759929999999999994e-01 9.748520000000000518e-01 9.730649999999999578e-01 9.731520000000000170e-01 9.726019999999999666e-01
9.725500000000000256e-01 9.769020000000000481e-01 9.756949999999999790e-01 9.735949999999999882e-01 9.771339999999999471e-01 9.730959999999999610e-01 9.752830000000000110e-01 9.778710000000000457e-01
9.742060000000000164e-01 9.771290000000000253e-01 9.732880000000000420e-01 9.766970000000000374e-01 9.737090000000000467e-01 9.731750000000000123e-01 9.771400000000000086e-01 9.772899999999999920e-01
9.727019999999999555e-01 9.734009999999999607e-01 9.770520000000000316e-01 9.750649999999999595e-01 9.739290000000000447e-01 9.731859999999999955e-01 9.724869999999999903e-01 9.741520000000000179e-01
9.741549999999999931e-01 9.750140000000000473e-01 9.764690000000000314e-01 9.754279999999999617e-01 9.737820000000000364e-01 9.760309999999999819e-01 9.732150000000000523e-01 9.725089999999999568e-01
9.734779999999999545e-01 9.723289999999999988e-01 9.730600000000000360e-01 9.776559999999999695e-01 9.738930000000000087e-01 9.727289999999999548e-01 9.742030000000000411e-01 9.757320000000000437e-01
9.755789999999999740e-01 9.750950000000000450e-01 9.737109999999999932e-01 9.770790000000000308e-01 9.743669999999999831e-01 9.736749999999999572e-01 9.737019999999999564e-01 9.771290000000000253e-01
9.731980000000000075e-01 9.760210000000000274e-01 9.732410000000000228e-01 9.736979999999999524e-01 9.745219999999999994e-01 9.742819999999999814e-01 9.737289999999999557e-01 9.745629999999999571e-01
9.743110000000000381e-01 9.736629999999999452e-01 9.724040000000000461e-01 9.735230000000000272e-01 9.729389999999999983e-01 9.735620000000000385e-01 9.743720000000000159e-01 9.745930000000000426e-01
9.758689999999999864e-01 9.740419999999999634e-01 9.758250000000000535e-01 9.738310000000000022e-01 9.726550000000000473e-01 9.773300000000000320e-01 9.754669999999999730e-01 9.771220000000000461e-01
9.729259999999999575e-01 9.761710000000000109e-01 9.731469999999999843e-01 9.723279999999999701e-01 9.741189999999999571e-01 9.723039999999999461e-01 9.752469999999999750e-01 9.751300000000000523e-01
9.760349999999999859e-01 9.769630000000000258e-01 9.726820000000000466e-01 9.750739999999999963e-01 9.730379999999999585e-01 9.735249999999999737e-01 9.780159999999999965e-01 9.763340000000000352e-01
9.736289999999999667e-01 9.748059999999999503e-01 9.751279999999999948e-01 9.743260000000000254e-01 9.776839999999999975e-01 9.766590000000000549e-01 9.724089999999999678e-01 9.760760000000000547e-01
9.717519999999999492e-01 9.765460000000000251e-01 9.758860000000000312e-01 9.743889999999999496e-01 9.766310000000000269e-01 9.774599999999999955e-01 9.726120000000000321e-01 9.748489999999999656e-01
9.747959999999999958e-01 9.750889999999999835e-01 9.733359999999999790e-01 9.742830000000000101e-01 9.732899999999999885e-01 9.730579999999999785e-01 9.729970000000000008e-01 9.763739999999999641e-01
9.767040000000000166e-01 9.759320000000000217e-01 9.777040000000000175e-01 9.746609999999999996e-01 9.766590000000000549e-01 9.736820000000000475e-01 9.739640000000000519e-01 9.731060000000000265e-01
9.744089999999999696e-01 9.769189999999999818e-01 9.738780000000000214e-01 9.732979999999999965e-01 9.762480000000000047e-01 9.737540000000000084e-01 9.739269999999999872e-01 9.777890000000000192e-01
9.750609999999999555e-01 9.770860000000000101e-01 9.767270000000000119e-01 9.769250000000000433e-01 9.732819999999999805e-01 9.770029999999999548e-01 9.731370000000000298e-01 9.776500000000000190e-01
9.748480000000000478e-01 9.775939999999999630e-01 9.734070000000000222e-01 9.727850000000000108e-01 9.740370000000000417e-01 9.750999999999999668e-01 9.729870000000000463e-01 9.756019999999999692e-01
9.766909999999999759e-01 9.737069999999999892e-01 9.728459999999999885e-01 9.751469999999999860e-01 9.729670000000000263e-01 9.768360000000000376e-01 9.728799999999999670e-01 9.759910000000000529e-01
9.727109999999999923e-01 9.757719999999999727e-01 9.751509999999999900e-01 9.724519999999999831e-01 9.773810000000000553e-01 9.774460000000000370e-01 9.742229999999999501e-01 9.748419999999999863e-01
9.761339999999999462e-01 9.757770000000000055e-01 9.768130000000000424e-01 9.757710000000000550e-01 9.730839999999999490e-01 9.783739999999999659e-01 9.725260000000000016e-01 9.754660000000000553e-01
9.777949999999999697e-01 9.738759999999999639e-01 9.741889999999999716e-01 9.769050000000000233e-01 9.784059999999999979e-01 9.729320000000000190e-01 9.726780000000000426e-01 9.741229999999999611e-01
9.768059999999999521e-01 9.762180000000000302e-01 9.737780000000000324e-01 9.766730000000000134e-01 9.741210000000000147e-01 9.737339999999999884e-01 9.748860000000000303e-01 9.778350000000000097e-01
9.750510000000000010e-01 9.734939999999999705e-01 9.747719999999999718e-01 9.727559999999999540e-01 9.741999999999999549e-01 9.784960000000000324e-01 9.736860000000000515e-01 9.754000000000000448e-01
9.751100000000000323e-01 9.729590000000000183e-01 9.739759999999999529e-01 9.727519999999999500e-01 9.729919999999999680e-01 9.762359999999999927e-01 9.751509999999999900e-01 9.741440000000000099e-01
9.778040000000000065e-01 9.746369999999999756e-01 9.734869999999999912e-01 9.770769999999999733e-01 9.751480000000000148e-01 9.765340000000000131e-01 9.748400000000000398e-01 9.761509999999999909e-01
9.748799999999999688e-01 9.745730000000000226e-01 9.774019999999999930e-01 9.761309999999999709e-01 9.751100000000000323e-01 9.740069999999999562e-01 9.725160000000000471e-01 9.735719999999999930e-01
9.736080000000000290e-01 9.754399999999999737e-01 9.736359999999999459e-01 9.770330000000000403e-01 9.732450000000000268e-01 9.768059999999999521e-01 9.731729999999999547e-01 9.746740000000000403e-01
9.774540000000000450e-01 9.724930000000000518e-01 9.763830000000000009e-01 9.753650000000000375e-01 9.744850000000000456e-01 9.780510000000000037e-01 9.730480000000000240e-01 9.783089999999999842e-01
9.775350000000000428e-01 9.739100000000000534e-01 9.755770000000000275e-01 9.756029999999999980e-01 9.754540000000000433e-01 9.752420000000000533e-01 9.753370000000000095e-01 9.742929999999999646e-01
9.780510000000000037e-01 9.726850000000000218e-01 9.761339999999999462e-01 9.741389999999999771e-01 9.743789999999999951e-01 9.787949999999999706e-01 9.729100000000000525e-01 9.755730000000000235e-01
9.773269999999999458e-01 9.723260000000000236e-01 9.744690000000000296e-01 9.766510000000000469e-01 9.731640000000000290e-01 9.756529999999999925e-01 9.726700000000000346e-01 9.734930000000000527e-01
9.740539999999999754e-01 9.734289999999999887e-01 9.728689999999999838e-01 9.784159999999999524e-01 9.737419999999999964e-01 9.724209999999999798e-01 9.749900000000000233e-01 9.745359999999999578e-01
9.738989999999999592e-01 9.770769999999999733e-01 9.728820000000000245e-01 9.734760000000000080e-01 9.750140000000000473e-01 9.774990000000000068e-01 9.770069999999999588e-01 9.754289999999999905e-01
9.731689999999999507e-01 9.738919999999999799e-01 9.727850000000000108e-01 9.726609999999999978e-01 9.765629999999999589e-01 9.733039999999999470e-01 9.744669999999999721e-01 9.752410000000000245e-01
9.766850000000000254e-01 9.735850000000000337e-01 9.736989999999999812e-01 9.728729999999999878e-01 9.738719999999999599e-01 9.766960000000000086e-01 9.770469999999999988e-01 9.739780000000000104e-01
9.770990000000000508e-01 9.736129999999999507e-01 9.757149999999999990e-01 9.744800000000000129e-01 9.745709999999999651e-01 9.760389999999999899e-01 9.736139999999999795e-01 9.724810000000000398e-01
9.729029999999999623e-01 9.746609999999999996e-01 9.729309999999999903e-01 9.734030000000000182e-01 9.725559999999999761e-01 9.777580000000000160e-01 9.753779999999999673e-01 9.736939999999999484e-01
9.775989999999999958e-01 9.771530000000000493e-01 9.756230000000000180e-01 9.734789999999999832e-01 9.780360000000000165e-01 9.758179999999999632e-01 9.748890000000000056e-01 9.744199999999999529e-01
9.724429999999999463e-01 9.746080000000000298e-01 9.759400000000000297e-01 9.766190000000000149e-01 9.731549999999999923e-01 9.757529999999999815e-01 9.756749999999999590e-01 9.728139999999999565e-01
9.753039999999999488e-01 9.721849999999999659e-01 9.729219999999999535e-01 9.736380000000000035e-01 9.776839999999999975e-01 9.771379999999999511e-01 9.771429999999999838e-01 9.742039999999999589e-01
9.775019999999999820e-01 9.738660000000000094e-01 9.787479999999999514e-01 9.771670000000000078e-01 9.738750000000000462e-01 9.749689999999999745e-01 9.732640000000000180e-01 9.744960000000000289e-01
9.763789999999999969e-01 9.771290000000000253e-01 9.771330000000000293e-01 9.778010000000000312e-01 9.752779999999999783e-01 9.736569999999999947e-01 9.731769999999999587e-01 9.778250000000000552e-01
9.771710000000000118e-01 9.736799999999999899e-01 9.753730000000000455e-01 9.781919999999999504e-01 9.756270000000000220e-01 9.728170000000000428e-01 9.734869999999999912e-01 9.738109999999999822e-01
9.737419999999999964e-01 9.743439999999999879e-01 9.728719999999999590e-01 9.735789999999999722e-01 9.741619999999999724e-01 9.765300000000000091e-01 9.752889999999999615e-01 9.773509999999999698e-01
9.729160000000000030e-01 9.750809999999999755e-01 9.735340000000000105e-01 9.738099999999999534e-01 9.748949999999999561e-01 9.742750000000000021e-01 9.751849999999999685e-01 9.763969999999999594e-01
9.724880000000000191e-01 9.752610000000000445e-01 9.747569999999999846e-01 9.732439999999999980e-01 9.751100000000000323e-01 9.750750000000000250e-01 9.759430000000000049e-01 9.732119999999999660e-01
9.753640000000000088e-01 9.775779999999999470e-01 9.760189999999999699e-01 9.757149999999999990e-01 9.754239999999999577e-01 9.726010000000000488e-01 9.765679999999999916e-01 9.765179999999999971e-01
9.765549999999999509e-01 9.754500000000000393e-01 9.735000000000000320e-01 9.755629999999999580e-01 9.735800000000000010e-01 9.730140000000000455e-01 9.737190000000000012e-01 9.760339999999999572e-01
9.747179999999999733e-01 9.731840000000000490e-01 9.727799999999999780e-01 9.725540000000000296e-01 9.729849999999999888e-01 9.740779999999999994e-01 9.737080000000000179e-01 9.735599999999999810e-01
9.738949999999999552e-01 9.772119999999999695e-01 9.762690000000000534e-01 9.730720000000000480e-01 9.761109999999999509e-01 9.752410000000000245e-01 9.733230000000000492e-01 9.731750000000000123e-01
9.754559999999999897e-01 9.774690000000000323e-01 9.773749999999999938e-01 9.742229999999999501e-01 9.730299999999999505e-01 9.740389999999999882e-01 9.731180000000000385e-01 9.737209999999999477e-01
9.778489999999999682e-01 9.744450000000000056e-01 9.735510000000000552e-01 9.735249999999999737e-01 9.739130000000000287e-01 9.756829999999999670e-01 9.756460000000000132e-01 9.734549999999999592e-01
9.771060000000000301e-01 9.770529999999999493e-01 9.751779999999999893e-01 9.720280000000000031e-01 9.738719999999999599e-01 9.736700000000000355e-01 9.777670000000000528e-01 9.749940000000000273e-01
9.769250000000000433e-01 9.771919999999999495e-01 9.740600000000000369e-01 9.725850000000000328e-01 9.741210000000000147e-01 9.774929999999999453e-01 9.769980000000000331e-01 9.737569999999999837e-01
9.769179999999999531e-01 9.734340000000000215e-01 9.736590000000000522e-01 9.762159999999999727e-01 9.769250000000000433e-01 9.724490000000000078e-01 9.737139999999999684e-01 9.747299999999999853e-01
9.775350000000000428e-01 9.738689999999999847e-01 9.740020000000000344e-01 9.774230000000000418e-01 9.727430000000000243e-01 9.756599999999999717e-01 9.725110000000000143e-01 9.767350000000000199e-01
9.754359999999999697e-01 9.742530000000000356e-01 9.738510000000000222e-01 9.755019999999999802e-01 9.735150000000000192e-01 9.770299999999999541e-01 9.754030000000000200e-01 9.778569999999999762e-01
9.746230000000000171e-01 9.735350000000000392e-01 9.745080000000000409e-01 9.749879999999999658e-01 9.753859999999999753e-01 9.766010000000000524e-01 9.757080000000000197e-01 9.770079999999999876e-01
9.730069999999999553e-01 9.745470000000000521e-01 9.768630000000000368e-01 9.754720000000000057e-01 9.740680000000000449e-01 9.772990000000000288e-01 9.759750000000000369e-01 9.729330000000000478e-01
9.739489999999999537e-01 9.734939999999999705e-01 9.746780000000000443e-01 9.768329999999999513e-01 9.742499999999999494e-01 9.755380000000000162e-01 9.751440000000000108e-01 9.735369999999999857e-01
9.722269999999999524e-01 9.751900000000000013e-01 9.729940000000000255e-01 9.732730000000000548e-01 9.758740000000000192e-01 9.728390000000000093e-01 9.741819999999999924e-01 9.759339999999999682e-01
9.739560000000000439e-01 9.724770000000000358e-01 9.730269999999999753e-01 9.740349999999999842e-01 9.725979999999999626e-01 9.727569999999999828e-01 9.727620000000000156e-01 9.763800000000000257e-01
9.741499999999999604e-01 9.784350000000000547e-01 9.743739999999999624e-01 9.737059999999999604e-01 9.784659999999999469e-01 9.762779999999999792e-01 9.782690000000000552e-01 9.783830000000000027e-01
9.755359999999999587e-01 9.743540000000000534e-01 9.755749999999999700e-01 9.764669999999999739e-01 9.766700000000000381e-01 9.750760000000000538e-01 9.735789999999999722e-01 9.754789999999999850e-01
9.727019999999999555e-01 9.741990000000000371e-01 9.767040000000000166e-01 9.746609999999999996e-01 9.767940000000000511e-01 9.741279999999999939e-01 9.751990000000000380e-01 9.726920000000000011e-01
9.772910000000000208e-01 9.772030000000000438e-01 9.748080000000000078e-01 9.730079999999999840e-01 9.725300000000000056e-01 9.770729999999999693e-01 9.736759999999999859e-01 9.775519999999999765e-01
9.751290000000000235e-01 9.755160000000000498e-01 9.787550000000000416e-01 9.736740000000000395e-01 9.753340000000000343e-01 9.754089999999999705e-01 9.766169999999999574e-01 9.739189999999999792e-01
9.762150000000000549e-01 9.771950000000000358e-01 9.779529999999999612e-01 9.725909999999999833e-01 9.745310000000000361e-01 9.760109999999999619e-01 9.777179999999999760e-01 9.742309999999999581e-01
9.736820000000000475e-01 9.769090000000000273e-01 9.751760000000000428e-01 9.726350000000000273e-01 9.740140000000000464e-01 9.744169999999999776e-01 9.761319999999999997e-01 9.757390000000000230e-01
9.730539999999999745e-01 9.736120000000000330e-01 9.786430000000000407e-01 9.743899999999999784e-01 9.735070000000000112e-01 9.742049999999999876e-01 9.737759999999999749e-01 9.775949999999999918e-01
9.757649999999999935e-01 9.733410000000000117e-01 9.746150000000000091e-01 9.728430000000000133e-01 9.770590000000000108e-01 9.752870000000000150e-01 9.731699999999999795e-01 9.735759999999999970e-01
9.727630000000000443e-01 9.753939999999999833e-01 9.741980000000000084e-01 9.736470000000000402e-01 9.779539999999999900e-01 9.738919999999999799e-01 9.753859999999999753e-01 9.764159999999999506e-01
9.745329999999999826e-01 9.733330000000000037e-01 9.767639999999999656e-01 9.744070000000000231e-01 9.734610000000000207e-01 9.735319999999999530e-01 9.761499999999999622e-01 9.750419999999999643e-01
9.737409999999999677e-01 9.771469999999999878e-01 9.727810000000000068e-01 9.744909999999999961e-01 9.741610000000000547e-01 9.741530000000000467e-01 9.752929999999999655e-01 9.727660000000000196e-01
9.757289999999999575e-01 9.746280000000000499e-01 9.767559999999999576e-01 9.744009999999999616e-01 9.755089999999999595e-01 9.741779999999999884e-01 9.726669999999999483e-01 9.775540000000000340e-01
9.728860000000000285e-01 9.768909999999999538e-01 9.765249999999999764e-01 9.772290000000000143e-01 9.775019999999999820e-01 9.746599999999999708e-01 9.743359999999999799e-01 9.738959999999999839e-01
9.731410000000000338e-01 9.755639999999999867e-01 9.778609999999999802e-01 9.726259999999999906e-01 9.729970000000000008e-01 9.751720000000000388e-01 9.754850000000000465e-01 9.726439999999999531e-01
9.777660000000000240e-01 9.739020000000000454e-01 9.783709999999999907e-01 9.726829999999999643e-01 9.754180000000000073e-01 9.756580000000000252e-01 9.743140000000000134e-01 9.783809999999999452e-01
9.738949999999999552e-01 9.774159999999999515e-01 9.729900000000000215e-01 9.737120000000000219e-01 9.740999999999999659e-01 9.737470000000000292e-01 9.745430000000000481e-01 9.774730000000000363e-01
9.745599999999999818e-01 9.742490000000000316e-01 9.726559999999999651e-01 9.757869999999999600e-01 9.753330000000000055e-01 9.745179999999999954e-01 9.730189999999999673e-01 9.737839999999999829e-01
9.737860000000000404e-01 9.728170000000000428e-01 9.782830000000000137e-01 9.776540000000000230e-01 9.768820000000000281e-01 9.742420000000000524e-01 9.736860000000000515e-01 9.714159999999999462e-01
9.772960000000000536e-01 9.752629999999999910e-01 9.759290000000000465e-01 9.726580000000000226e-01 9.751250000000000195e-01 9.772089999999999943e-01 9.748470000000000191e-01 9.749010000000000176e-01
9.783589999999999787e-01 9.754810000000000425e-01 9.732250000000000068e-01 9.781330000000000302e-01 9.772880000000000456e-01 9.741130000000000067e-01 9.735460000000000225e-01 9.750020000000000353e-01
9.747369999999999646e-01 9.753319999999999768e-01 9.768259999999999721e-01 9.760710000000000219e-01 9.775620000000000420e-01 9.781360000000000054e-01 9.734949999999999992e-01 9.742499999999999494e-01
9.738219999999999654e-01 9.783290000000000042e-01 9.764559999999999906e-01 9.733760000000000190e-01 9.730199999999999960e-01 9.748820000000000263e-01 9.774629999999999708e-01 9.735629999999999562e-01
9.736810000000000187e-01 9.786550000000000527e-01 9.773460000000000480e-01 9.753899999999999793e-01 9.737959999999999949e-01 9.736740000000000395e-01 9.737729999999999997e-01 9.772370000000000223e-01
9.730750000000000233e-01 9.726709999999999523e-01 9.778200000000000225e-01 9.728219999999999645e-01 9.763509999999999689e-01 9.724749999999999783e-01 9.732760000000000300e-01 9.780450000000000532e-01
9.767310000000000159e-01 9.775059999999999860e-01 9.727599999999999580e-01 9.753830000000000000e-01 9.749039999999999928e-01 9.730140000000000455e-01 9.727099999999999635e-01 9.753300000000000303e-01
9.726620000000000266e-01 9.772619999999999640e-01 9.748329999999999496e-01 9.770079999999999876e-01 9.763209999999999944e-01 9.757029999999999870e-01 9.738919999999999799e-01 9.729999999999999760e-01
9.760699999999999932e-01 9.752589999999999870e-01 9.778510000000000257e-01 9.727700000000000236e-01 9.759619999999999962e-01 9.738909999999999512e-01 9.745570000000000066e-01 9.756310000000000260e-01
9.746749999999999581e-01 9.725310000000000343e-01 9.736019999999999675e-01 9.730569999999999498e-01 9.767810000000000104e-01 9.766970000000000374e-01 9.739689999999999737e-01 9.758480000000000487e-01
9.767270000000000119e-01 9.759149999999999769e-01 9.766730000000000134e-01 9.769079999999999986e-01 9.740410000000000457e-01 9.735620000000000385e-01 9.777029999999999887e-01 9.756939999999999502e-01
9.750780000000000003e-01 9.760670000000000179e-01 9.731349999999999723e-01 9.753870000000000040e-01 9.729290000000000438e-01 9.776080000000000325e-01 9.751239999999999908e-01 9.780370000000000452e-01
9.729489999999999528e-01 9.728339999999999765e-01 9.728959999999999830e-01 9.729090000000000238e-01 9.737780000000000324e-01 9.728799999999999670e-01 9.750010000000000066e-01 9.762889999999999624e-01
9.730450000000000488e-01 9.779309999999999947e-01 9.768179999999999641e-01 9.753140000000000143e-01 9.729560000000000430e-01 9.762410000000000254e-01 9.737460000000000004e-01 9.740149999999999642e-01
9.742779999999999774e-01 9.771220000000000461e-01 9.739999999999999769e-01 9.727959999999999940e-01 9.755899999999999572e-01 9.727390000000000203e-01 9.738820000000000254e-01 9.760600000000000387e-01
9.748390000000000111e-01 9.774190000000000378e-01 9.776340000000000030e-01 9.759160000000000057e-01 9.729919999999999680e-01 9.785199999999999454e-01 9.739649999999999697e-01 9.749740000000000073e-01
9.752709999999999990e-01 9.765230000000000299e-01 9.726869999999999683e-01 9.777670000000000528e-01 9.732089999999999907e-01 9.776380000000000070e-01 9.739780000000000104e-01 9.771499999999999631e-01
9.774890000000000523e-01 9.743399999999999839e-01 9.741309999999999691e-01 9.735749999999999682e-01 9.773650000000000393e-01 9.725840000000000041e-01 9.735749999999999682e-01 9.754110000000000280e-01
9.762750000000000039e-01 9.736890000000000267e-01 9.759029999999999649e-01 9.725780000000000536e-01 9.751250000000000195e-01 9.738390000000000102e-01 9.737829999999999542e-01 9.742020000000000124e-01
9.751149999999999540e-01 9.750830000000000330e-01 9.749640000000000528e-01 9.754310000000000480e-01 9.775169999999999693e-01 9.751509999999999900e-01 9.742629999999999901e-01 9.773399999999999865e-01
9.768689999999999873e-01 9.741919999999999469e-01 9.777780000000000360e-01 9.770119999999999916e-01 9.750370000000000426e-01 9.726350000000000273e-01 9.781530000000000502e-01 9.749849999999999905e-01
9.734380000000000255e-01 9.736059999999999715e-01 9.749659999999999993e-01 9.735920000000000130e-01 9.725979999999999626e-01 9.767050000000000454e-01 9.761600000000000277e-01 9.734909999999999952e-01
9.766160000000000396e-01 9.736240000000000450e-01 9.756479999999999597e-01 9.764760000000000106e-01 9.737179999999999724e-01 9.735420000000000185e-01 9.746099999999999763e-01 9.757179999999999742e-01
9.738879999999999759e-01 9.735939999999999594e-01 9.768949999999999578e-01 9.735249999999999737e-01 9.745960000000000178e-01 9.754760000000000097e-01 9.748780000000000223e-01 9.747169999999999446e-01
9.736080000000000290e-01 9.753190000000000470e-01 9.773929999999999563e-01 9.746340000000000003e-01 9.743540000000000534e-01 9.757679999999999687e-01 9.761609999999999454e-01 9.767980000000000551e-01
9.736510000000000442e-01 9.773509999999999698e-01 9.751900000000000013e-01 9.744190000000000351e-01 9.739330000000000487e-01 9.724660000000000526e-01 9.774270000000000458e-01 9.729649999999999688e-01
9.751969999999999805e-01 9.735679999999999890e-01 9.738379999999999814e-01 9.755169999999999675e-01 9.725930000000000408e-01 9.765270000000000339e-01 9.777019999999999600e-01 9.738799999999999679e-01
9.756770000000000165e-01 9.767270000000000119e-01 9.745009999999999506e-01 9.733460000000000445e-01 9.730469999999999953e-01 9.777200000000000335e-01 9.751480000000000148e-01 9.739010000000000167e-01
9.742889999999999606e-01 9.752389999999999670e-01 9.737179999999999724e-01 9.771030000000000548e-01 9.767090000000000494e-01 9.737040000000000139e-01 9.737679999999999669e-01 9.783420000000000449e-01
9.753009999999999735e-01 9.727909999999999613e-01 9.749489999999999545e-01 9.763699999999999601e-01 9.754380000000000273e-01 9.775479999999999725e-01 9.743009999999999726e-01 9.759100000000000552e-01
9.751269999999999660e-01 9.767369999999999663e-01 9.758900000000000352e-01 9.776620000000000310e-01 9.734009999999999607e-01 9.737190000000000012e-01 9.737770000000000037e-01 9.775760000000000005e-01
9.727679999999999660e-01 9.726390000000000313e-01 9.765329999999999844e-01 9.742619999999999614e-01 9.754760000000000097e-01 9.728440000000000420e-01 9.755009999999999515e-01 9.729719999999999480e-01
9.747869999999999591e-01 9.773889999999999523e-01 9.729719999999999480e-01 9.735530000000000017e-01 9.744410000000000016e-01 9.738799999999999679e-01 9.726080000000000281e-01 9.758449999999999624e-01
9.781630000000000047e-01 9.778630000000000377e-01 9.741009999999999946e-01 9.770569999999999533e-01 9.785139999999999949e-01 9.726409999999999778e-01 9.737019999999999564e-01 9.748240000000000238e-01
9.751649999999999485e-01 9.727190000000000003e-01 9.772640000000000216e-01 9.751520000000000188e-01 9.741469999999999851e-01 9.767010000000000414e-01 9.777660000000000240e-01 9.779700000000000060e-01
9.730370000000000408e-01 9.752129999999999965e-01 9.750830000000000330e-01 9.725719999999999921e-01 9.729550000000000143e-01 9.734230000000000382e-01 9.768219999999999681e-01 9.737470000000000292e-01
9.743100000000000094e-01 9.773840000000000305e-01 9.770109999999999628e-01 9.738769999999999927e-01 9.744099999999999984e-01 9.738989999999999592e-01 9.727810000000000068e-01 9.752429999999999710e-01
9.761800000000000477e-01 9.735780000000000545e-01 9.778799999999999715e-01 9.730029999999999513e-01 9.734949999999999992e-01 9.724570000000000158e-01 9.734340000000000215e-01 9.740689999999999626e-01
9.754519999999999857e-01 9.745139999999999914e-01 9.781370000000000342e-01 9.751999999999999558e-01 9.741309999999999691e-01 9.732950000000000212e-01 9.737339999999999884e-01 9.736070000000000002e-01
9.733100000000000085e-01 9.731649999999999467e-01 9.726439999999999531e-01 9.735939999999999594e-01 9.729280000000000150e-01 9.728130000000000388e-01 9.747740000000000293e-01 9.758400000000000407e-01
9.771079999999999766e-01 9.765639999999999876e-01 9.781809999999999672e-01 9.738649999999999807e-01 9.764749999999999819e-01 9.764739999999999531e-01 9.771260000000000501e-01 9.753209999999999935e-01
9.741739999999999844e-01 9.729309999999999903e-01 9.743460000000000454e-01 9.775599999999999845e-01 9.780389999999999917e-01 9.771140000000000381e-01 9.762039999999999607e-01 9.768179999999999641e-01
9.728649999999999798e-01 9.739179999999999504e-01 9.756660000000000332e-01 9.743540000000000534e-01 9.737099999999999644e-01 9.760459999999999692e-01 9.786939999999999529e-01 9.760919999999999597e-01
9.765120000000000466e-01 9.759200000000000097e-01 9.768860000000000321e-01 9.748919999999999808e-01 9.755690000000000195e-01 9.770360000000000156e-01 9.737829999999999542e-01 9.767749999999999488e-01
9.755070000000000130e-01 9.763309999999999489e-01 9.756559999999999677e-01 9.744099999999999984e-01 9.771800000000000486e-01 9.769069999999999698e-01 9.736749999999999572e-01 9.736329999999999707e-01
9.729480000000000350e-01 9.750130000000000186e-01 9.755070000000000130e-01 9.729769999999999808e-01 9.774739999999999540e-01 9.739029999999999632e-01 9.741480000000000139e-01 9.736489999999999867e-01
9.735099999999999865e-01 9.771119999999999806e-01 9.737519999999999509e-01 9.756650000000000045e-01 9.746869999999999701e-01 9.726160000000000361e-01 9.733270000000000532e-01 9.769259999999999611e-01
9.751689999999999525e-01 9.740240000000000009e-01 9.747029999999999861e-01 9.781889999999999752e-01 9.731189999999999563e-01 9.742039999999999589e-01 9.744819999999999593e-01 9.739170000000000327e-01
9.748679999999999568e-01 9.727069999999999883e-01 9.738289999999999447e-01 9.739499999999999824e-01 9.734479999999999800e-01 9.734850000000000447e-01 9.749210000000000376e-01 9.763319999999999776e-01
9.740539999999999754e-01 9.741859999999999964e-01 9.761539999999999662e-01 9.779229999999999867e-01 9.764779999999999571e-01 9.738869999999999472e-01 9.742969999999999686e-01 9.734019999999999895e-01
9.736289999999999667e-01 9.747970000000000246e-01 9.732490000000000308e-01 9.739910000000000512e-01 9.735970000000000457e-01 9.732490000000000308e-01 9.754129999999999745e-01 9.784209999999999852e-01
9.738480000000000469e-01 9.729980000000000295e-01 9.749339999999999673e-01 9.778449999999999642e-01 9.769149999999999778e-01 9.750309999999999810e-01 9.760480000000000267e-01 9.740280000000000049e-01
9.732990000000000252e-01 9.745359999999999578e-01 9.774929999999999453e-01 9.788599999999999524e-01 9.756799999999999917e-01 9.769689999999999763e-01 9.751130000000000075e-01 9.769290000000000473e-01
9.747270000000000101e-01 9.741520000000000179e-01 9.757029999999999870e-01 9.775989999999999958e-01 9.728310000000000013e-01 9.775700000000000500e-01 9.729740000000000055e-01 9.725880000000000081e-01
9.758599999999999497e-01 9.739290000000000447e-01 9.748109999999999831e-01 9.750379999999999603e-01 9.759240000000000137e-01 9.761809999999999654e-01 9.750119999999999898e-01 9.781429999999999847e-01
9.738430000000000142e-01 9.731239999999999890e-01 9.739189999999999792e-01 9.781790000000000207e-01 9.739759999999999529e-01 9.734230000000000382e-01 9.756550000000000500e-01 9.744479999999999809e-01
9.778160000000000185e-01 9.757169999999999455e-01 9.730290000000000328e-01 9.727670000000000483e-01 9.757179999999999742e-01 9.763610000000000344e-01 9.737729999999999997e-01 9.729170000000000318e-01
9.765570000000000084e-01 9.768599999999999506e-01 9.735380000000000145e-01 9.776749999999999607e-01 9.750290000000000346e-01 9.728860000000000285e-01 9.765589999999999549e-01 9.730929999999999858e-01
9.761429999999999829e-01 9.744589999999999641e-01 9.776749999999999607e-01 9.774500000000000410e-01 9.725709999999999633e-01 9.765660000000000451e-01 9.772210000000000063e-01 9.752210000000000045e-01
9.736669999999999492e-01 9.735179999999999945e-01 9.736249999999999627e-01 9.774249999999999883e-01 9.743819999999999704e-01 9.741419999999999524e-01 9.741720000000000379e-01 9.771090000000000053e-01
9.728459999999999885e-01 9.733289999999999997e-01 9.732680000000000220e-01 9.733309999999999462e-01 9.760529999999999484e-01 9.740999999999999659e-01 9.735439999999999650e-01 9.733810000000000517e-01
9.734129999999999727e-01 9.758689999999999864e-01 9.737019999999999564e-01 9.734399999999999720e-01 9.741090000000000027e-01 9.728660000000000085e-01 9.728989999999999583e-01 9.771330000000000293e-01
9.735390000000000432e-01 9.734209999999999807e-01 9.747770000000000046e-01 9.739400000000000279e-01 9.729929999999999968e-01 9.773779999999999690e-01 9.740069999999999562e-01 9.742819999999999814e-01
9.736139999999999795e-01 9.773939999999999850e-01 9.796529999999999960e-01 9.767369999999999663e-01 9.759649999999999714e-01 9.779889999999999972e-01 9.739149999999999752e-01 9.761279999999999957e-01
9.741750000000000131e-01 9.772170000000000023e-01 9.769360000000000266e-01 9.757489999999999775e-01 9.762690000000000534e-01 9.727839999999999820e-01 9.769470000000000098e-01 9.744270000000000431e-01
9.741119999999999779e-01 9.765829999999999789e-01 9.750889999999999835e-01 9.772969999999999713e-01 9.741570000000000507e-01 9.756770000000000165e-01 9.772380000000000511e-01 9.752819999999999823e-01
9.744770000000000376e-01 9.749139999999999473e-01 9.770330000000000403e-01 9.727529999999999788e-01 9.736920000000000019e-01 9.774699999999999500e-01 9.771910000000000318e-01 9.769029999999999658e-01
9.749729999999999785e-01 9.773389999999999578e-01 9.774509999999999588e-01 9.773429999999999618e-01 9.734660000000000535e-01 9.742180000000000284e-01 9.762870000000000159e-01 9.769330000000000513e-01
9.737190000000000012e-01 9.745869999999999811e-01 9.747609999999999886e-01 9.731990000000000363e-01 9.751220000000000443e-01 9.772579999999999600e-01 9.766580000000000261e-01 9.782239999999999824e-01
9.748919999999999808e-01 9.726529999999999898e-01 9.738520000000000509e-01 9.760940000000000172e-01 9.762819999999999832e-01 9.786850000000000271e-01 9.764819999999999611e-01 9.760900000000000132e-01
9.726219999999999866e-01 9.760680000000000467e-01 9.752309999999999590e-01 9.739560000000000439e-01 9.725530000000000008e-01 9.729280000000000150e-01 9.726219999999999866e-01 9.762509999999999799e-01
9.776359999999999495e-01 9.740630000000000122e-01 9.770419999999999661e-01 9.747360000000000468e-01 9.752309999999999590e-01 9.735139999999999905e-01 9.725350000000000383e-01 9.775960000000000205e-01
9.759980000000000322e-01 9.768980000000000441e-01 9.776620000000000310e-01 9.723039999999999461e-01 9.758090000000000375e-01 9.734509999999999552e-01 9.752910000000000190e-01 9.738740000000000174e-01
9.758019999999999472e-01 9.753840000000000288e-01 9.756139999999999812e-01 9.761379999999999502e-01 9.733960000000000390e-01 9.761959999999999527e-01 9.728050000000000308e-01 9.733519999999999950e-01
9.775150000000000228e-01 9.754509999999999570e-01 9.764509999999999579e-01 9.755530000000000035e-01 9.735869999999999802e-01 9.729959999999999720e-01 9.747440000000000548e-01 9.751440000000000108e-01
9.756500000000000172e-01 9.754749999999999810e-01 9.775289999999999813e-01 9.748090000000000366e-01 9.778599999999999515e-01 9.773020000000000040e-01 9.733629999999999782e-01 9.734589999999999632e-01
9.729889999999999928e-01 9.724329999999999918e-01 9.726139999999999786e-01 9.746479999999999588e-01 9.759010000000000185e-01 9.750689999999999635e-01 9.741919999999999469e-01 9.785239999999999494e-01
9.753150000000000430e-01 9.745669999999999611e-01 9.745390000000000441e-01 9.774370000000000003e-01 9.739989999999999482e-01 9.730090000000000128e-01 9.771450000000000413e-01 9.768369999999999553e-01
9.755779999999999452e-01 9.730900000000000105e-01 9.740159999999999929e-01 9.736460000000000115e-01 9.742330000000000156e-01 9.727609999999999868e-01 9.736609999999999987e-01 9.730590000000000073e-01
9.732380000000000475e-01 9.770010000000000083e-01 9.742610000000000436e-01 9.738830000000000542e-01 9.738080000000000069e-01 9.742330000000000156e-01 9.732279999999999820e-01 9.733270000000000532e-01
9.770429999999999948e-01 9.735359999999999570e-01 9.771879999999999455e-01 9.769740000000000091e-01 9.740839999999999499e-01 9.773589999999999778e-01 9.728729999999999878e-01 9.774439999999999795e-01
9.770060000000000411e-01 9.770020000000000371e-01 9.737759999999999749e-01 9.740360000000000129e-01 9.731859999999999955e-01 9.767949999999999688e-01 9.767470000000000319e-01 9.752170000000000005e-01
9.726909999999999723e-01 9.785449999999999982e-01 9.751189999999999580e-01 9.776120000000000365e-01 9.734500000000000375e-01 9.775719999999999965e-01 9.762889999999999624e-01 9.740410000000000457e-01
9.751079999999999748e-01 9.761400000000000077e-01 9.739569999999999617e-01 9.732060000000000155e-01 9.781729999999999592e-01 9.763319999999999776e-01 9.733399999999999830e-01 9.747310000000000141e-01
9.758539999999999992e-01 9.781490000000000462e-01 9.772300000000000431e-01 9.748900000000000343e-01 9.750680000000000458e-01 9.782469999999999777e-01 9.770600000000000396e-01 9.732330000000000148e-01
9.761919999999999487e-01 9.756240000000000467e-01 9.754300000000000193e-01 9.775620000000000420e-01 9.750959999999999628e-01 9.760109999999999619e-01 9.735319999999999530e-01 9.750980000000000203e-01
9.742889999999999606e-01 9.749879999999999658e-01 9.740379999999999594e-01 9.737959999999999949e-01 9.732340000000000435e-01 9.771600000000000286e-01 9.753249999999999975e-01 9.732300000000000395e-01
9.753749999999999920e-01 9.731990000000000363e-01 9.739529999999999577e-01 9.752330000000000165e-01 9.735989999999999922e-01 9.728409999999999558e-01 9.730360000000000120e-01 9.763849999999999474e-01
9.778409999999999602e-01 9.752389999999999670e-01 9.770750000000000268e-01 9.739759999999999529e-01 9.729090000000000238e-01 9.744739999999999513e-01 9.744739999999999513e-01 9.743829999999999991e-01
9.741619999999999724e-01 9.751670000000000060e-01 9.747940000000000493e-01 9.748900000000000343e-01 9.756869999999999710e-01 9.728900000000000325e-01 9.737590000000000412e-01 9.775019999999999820e-01
9.768590000000000328e-01 9.735120000000000440e-01 9.774779999999999580e-01 9.749769999999999825e-01 9.758639999999999537e-01 9.748219999999999663e-01 9.785960000000000214e-01 9.761279999999999957e-01
9.759790000000000409e-01 9.743249999999999966e-01 9.743650000000000366e-01 9.772340000000000471e-01 9.755399999999999627e-01 9.744739999999999513e-01 9.742429999999999701e-01 9.727500000000000036e-01
9.746879999999999988e-01 9.750189999999999690e-01 9.731589999999999963e-01 9.740090000000000137e-01 9.777029999999999887e-01 9.758529999999999704e-01 9.777879999999999905e-01 9.730560000000000320e-01
9.777249999999999552e-01 9.730450000000000488e-01 9.754500000000000393e-01 9.731370000000000298e-01 9.762250000000000094e-01 9.756390000000000340e-01 9.743509999999999671e-01 9.750999999999999668e-01
9.745970000000000466e-01 9.781090000000000062e-01 9.732589999999999852e-01 9.725519999999999721e-01 9.746719999999999828e-01 9.747569999999999846e-01 9.752920000000000478e-01 9.728569999999999718e-01
9.738379999999999814e-01 9.759299999999999642e-01 9.738740000000000174e-01 9.741389999999999771e-01 9.727470000000000283e-01 9.739470000000000072e-01 9.777090000000000503e-01 9.752220000000000333e-01
9.734209999999999807e-01 9.727949999999999653e-01 9.745730000000000226e-01 9.785610000000000142e-01 9.760480000000000267e-01 9.734519999999999840e-01 9.777740000000000320e-01 9.731929999999999747e-01
9.778759999999999675e-01 9.780370000000000452e-01 9.759830000000000449e-01 9.727689999999999948e-01 9.728430000000000133e-01 9.745420000000000194e-01 9.763420000000000432e-01 9.761279999999999957e-01
9.747820000000000373e-01 9.730280000000000040e-01 9.745329999999999826e-01 9.728109999999999813e-01 9.748590000000000311e-01 9.730280000000000040e-01 9.763910000000000089e-01 9.730220000000000535e-01
9.742290000000000116e-01 9.742979999999999974e-01 9.733810000000000517e-01 9.762610000000000454e-01 9.764920000000000266e-01 9.768970000000000153e-01 9.786120000000000374e-01 9.731149999999999523e-01
9.767919999999999936e-01 9.780050000000000132e-01 9.741140000000000354e-01 9.772710000000000008e-01 9.730940000000000145e-01 9.735960000000000170e-01 9.746050000000000546e-01 9.724909999999999943e-01
9.755409999999999915e-01 9.726259999999999906e-01 9.744279999999999609e-01 9.734779999999999545e-01 9.761619999999999742e-01 9.734399999999999720e-01 9.737270000000000092e-01 9.741309999999999691e-01
9.779189999999999827e-01 9.761480000000000157e-01 9.782619999999999649e-01 9.767249999999999543e-01 9.754070000000000240e-01 9.731899999999999995e-01 9.781050000000000022e-01 9.767919999999999936e-01
9.732439999999999980e-01 9.761419999999999542e-01 9.738869999999999472e-01 9.742150000000000531e-01 9.738440000000000429e-01 9.778040000000000065e-01 9.777989999999999737e-01 9.737209999999999477e-01
9.764659999999999451e-01 9.731760000000000410e-01 9.739299999999999624e-01 9.768400000000000416e-01 9.732750000000000012e-01 9.734239999999999560e-01 9.777449999999999752e-01 9.736230000000000162e-01
9.740499999999999714e-01 9.765129999999999644e-01 9.733270000000000532e-01 9.744709999999999761e-01 9.730969999999999898e-01 9.751729999999999565e-01 9.731619999999999715e-01 9.739900000000000224e-01
9.754859999999999642e-01 9.754610000000000225e-01 9.755960000000000187e-01 9.752870000000000150e-01 9.738379999999999814e-01 9.750170000000000226e-01 9.776780000000000470e-01 9.737090000000000467e-01
9.760180000000000522e-01 9.739860000000000184e-01 9.752279999999999838e-01 9.776860000000000550e-01 9.725850000000000328e-01 9.757419999999999982e-01 9.769910000000000538e-01 9.778400000000000425e-01
9.748229999999999951e-01 9.771570000000000533e-01 9.769750000000000378e-01 9.740419999999999634e-01 9.756820000000000492e-01 9.730370000000000408e-01 9.750029999999999530e-01 9.766010000000000524e-01
9.766249999999999654e-01 9.779510000000000147e-01 9.765730000000000244e-01 9.771579999999999711e-01 9.752659999999999663e-01 9.738130000000000397e-01 9.737630000000000452e-01 9.730990000000000473e-01
9.738700000000000134e-01 9.738569999999999727e-01 9.780739999999999990e-01 9.767390000000000239e-01 9.771609999999999463e-01 9.762319999999999887e-01 9.725669999999999593e-01 9.733669999999999822e-01
9.742319999999999869e-01 9.752720000000000278e-01 9.745179999999999954e-01 9.772009999999999863e-01 9.732020000000000115e-01 9.738130000000000397e-01 9.763039999999999496e-01 9.729489999999999528e-01
9.737280000000000380e-01 9.774979999999999780e-01 9.742750000000000021e-01 9.760459999999999692e-01 9.742439999999999989e-01 9.725359999999999561e-01 9.763460000000000472e-01 9.770309999999999828e-01
9.749999999999999778e-01 9.732100000000000195e-01 9.740220000000000544e-01 9.754169999999999785e-01 9.727069999999999883e-01 9.782880000000000464e-01 9.774929999999999453e-01 9.776550000000000518e-01
9.774969999999999493e-01 9.750600000000000378e-01 9.754159999999999497e-01 9.765890000000000404e-01 9.728830000000000533e-01 9.757930000000000215e-01 9.727270000000000083e-01 9.769889999999999963e-01
9.754709999999999770e-01 9.754359999999999697e-01 9.730389999999999873e-01 9.743760000000000199e-01 9.769370000000000553e-01 9.750560000000000338e-01 9.761950000000000349e-01 9.734559999999999880e-01
9.751929999999999765e-01 9.752220000000000333e-01 9.739619999999999944e-01 9.756529999999999925e-01 9.732239999999999780e-01 9.777780000000000360e-01 9.770389999999999908e-01 9.764239999999999586e-01
9.755420000000000202e-01 9.759320000000000217e-01 9.737959999999999949e-01 9.743699999999999584e-01 9.758210000000000495e-01 9.741490000000000427e-01 9.743460000000000454e-01 9.781779999999999919e-01
9.762239999999999807e-01 9.774899999999999700e-01 9.750969999999999915e-01 9.727810000000000068e-01 9.751360000000000028e-01 9.773169999999999913e-01 9.720069999999999544e-01 9.748059999999999503e-01
9.741830000000000211e-01 9.726690000000000058e-01 9.756679999999999797e-01 9.756949999999999790e-01 9.729330000000000478e-01 9.737390000000000212e-01 9.777970000000000272e-01 9.740199999999999969e-01
9.774119999999999475e-01 9.731389999999999763e-01 9.737519999999999509e-01 9.748419999999999863e-01 9.733450000000000157e-01 9.771729999999999583e-01 9.772290000000000143e-01 9.751419999999999533e-01
9.732790000000000052e-01 9.764169999999999794e-01 9.751530000000000475e-01 9.730499999999999705e-01 9.739010000000000167e-01 9.770429999999999948e-01 9.765730000000000244e-01 9.773420000000000440e-01
9.732410000000000228e-01 9.759750000000000369e-01 9.729680000000000550e-01 9.739919999999999689e-01 9.749949999999999450e-01 9.773100000000000120e-01 9.735249999999999737e-01 9.735089999999999577e-01
9.739309999999999912e-01 9.737599999999999589e-01 9.759480000000000377e-01 9.731750000000000123e-01 9.773209999999999953e-01 9.775449999999999973e-01 9.730640000000000400e-01 9.740830000000000322e-01
9.769700000000000051e-01 9.769189999999999818e-01 9.771159999999999846e-01 9.769029999999999658e-01 9.728590000000000293e-01 9.745920000000000138e-01 9.774140000000000050e-01 9.757010000000000405e-01
9.778459999999999930e-01 9.727590000000000403e-01 9.729689999999999728e-01 9.735840000000000050e-01 9.742060000000000164e-01 9.777879999999999905e-01 9.776529999999999943e-01 9.732450000000000268e-01
9.742439999999999989e-01 9.738959999999999839e-01 9.733079999999999510e-01 9.768419999999999881e-01 9.765530000000000044e-01 9.739649999999999697e-01 9.731070000000000553e-01 9.777000000000000135e-01
9.775850000000000373e-01 9.731140000000000345e-01 9.738440000000000429e-01 9.757810000000000095e-01 9.742709999999999981e-01 9.780659999999999910e-01 9.751400000000000068e-01 9.748069999999999791e-01
9.736179999999999835e-01 9.736380000000000035e-01 9.729579999999999895e-01 9.740680000000000449e-01 9.770550000000000068e-01 9.739870000000000472e-01 9.774110000000000298e-01 9.741999999999999549e-01
9.727519999999999500e-01 9.772640000000000216e-01 9.741809999999999636e-01 9.728170000000000428e-01 9.768069999999999808e-01 9.769149999999999778e-01 9.734000000000000430e-01 9.742629999999999901e-01
9.758210000000000495e-01 9.775859999999999550e-01 9.739459999999999784e-01 9.739759999999999529e-01 9.740849999999999786e-01 9.744979999999999754e-01 9.738360000000000349e-01 9.738379999999999814e-01
9.731290000000000218e-01 9.774829999999999908e-01 9.780029999999999557e-01 9.728250000000000508e-01 9.749889999999999946e-01 9.736599999999999699e-01 9.735810000000000297e-01 9.742570000000000396e-01
9.749219999999999553e-01 9.745920000000000138e-01 9.754329999999999945e-01 9.780820000000000070e-01 9.777780000000000360e-01 9.737729999999999997e-01 9.733070000000000332e-01 9.739560000000000439e-01
9.736869999999999692e-01 9.749210000000000376e-01 9.762060000000000182e-01 9.779569999999999652e-01 9.766979999999999551e-01 9.765340000000000131e-01 9.758820000000000272e-01 9.738090000000000357e-01
9.731699999999999795e-01 9.749269999999999881e-01 9.776240000000000485e-01 9.737230000000000052e-01 9.731030000000000513e-01 9.791370000000000351e-01 9.754850000000000465e-01 9.773830000000000018e-01
9.739459999999999784e-01 9.734990000000000032e-01 9.784730000000000372e-01 9.758649999999999824e-01 9.738900000000000334e-01 9.733950000000000102e-01 9.744159999999999489e-01 9.748689999999999856e-01
9.733950000000000102e-01 9.771710000000000118e-01 9.742150000000000531e-01 9.742729999999999446e-01 9.725240000000000551e-01 9.747440000000000548e-01 9.738299999999999734e-01 9.766200000000000436e-01
9.738900000000000334e-01 9.739719999999999489e-01 9.741980000000000084e-01 9.728529999999999678e-01 9.744260000000000144e-01 9.759130000000000305e-01 9.734960000000000280e-01 9.749710000000000321e-01
9.773640000000000105e-01 9.729769999999999808e-01 9.744669999999999721e-01 9.737930000000000197e-01 9.754969999999999475e-01 9.748900000000000343e-01 9.741410000000000347e-01 9.774699999999999500e-01
9.763640000000000096e-01 9.725240000000000551e-01 9.780299999999999550e-01 9.746479999999999588e-01 9.745549999999999491e-01 9.769050000000000233e-01 9.729619999999999935e-01 9.769170000000000353e-01
9.730280000000000040e-01 9.758329999999999504e-01 9.747540000000000093e-01 9.729740000000000055e-01 9.771879999999999455e-01 9.739640000000000519e-01 9.770550000000000068e-01 9.735679999999999890e-01
9.776479999999999615e-01 9.732809999999999517e-01 9.766280000000000516e-01 9.739389999999999992e-01 9.752170000000000005e-01 9.754049999999999665e-01 9.744019999999999904e-01 9.759020000000000472e-01
9.753610000000000335e-01 9.740670000000000162e-01 9.744450000000000056e-01 9.746299999999999963e-01 9.739569999999999617e-01 9.747099999999999653e-01 9.737400000000000500e-01 9.762969999999999704e-01
9.779700000000000060e-01 9.751199999999999868e-01 9.760389999999999899e-01 9.736470000000000402e-01 9.740220000000000544e-01 9.748339999999999783e-01 9.745420000000000194e-01 9.768769999999999953e-01
9.727970000000000228e-01 9.747120000000000228e-01 9.779060000000000530e-01 9.730569999999999498e-01 9.770410000000000483e-01 9.775899999999999590e-01 9.771739999999999871e-01 9.736420000000000075e-01
9.742039999999999589e-01 9.732819999999999805e-01 9.751600000000000268e-01 9.778160000000000185e-01 9.771269999999999678e-01 9.739729999999999777e-01 9.750889999999999835e-01 9.755279999999999507e-01
9.746700000000000363e-01 9.766070000000000029e-01 9.732549999999999812e-01 9.774639999999999995e-01 9.759349999999999969e-01 9.746599999999999708e-01 9.742650000000000476e-01 9.762429999999999719e-01
9.775350000000000428e-01 9.738449999999999607e-01 9.777590000000000447e-01 9.743730000000000446e-01 9.739630000000000232e-01 9.767730000000000024e-01 9.743570000000000286e-01 9.774709999999999788e-01
9.733359999999999790e-01 9.748839999999999728e-01 9.735979999999999634e-01 9.728599999999999470e-01 9.775260000000000060e-01 9.747069999999999901e-01 9.728609999999999758e-01 9.739010000000000167e-01
