9.786759999999999904e-01 9.782039999999999624e-01 9.773779999999999690e-01 9.763579999999999481e-01 9.771050000000000013e-01 9.778590000000000337e-01 9.797780000000000378e-01 9.778329999999999522e-01
9.766559999999999686e-01 9.786399999999999544e-01 9.781959999999999544e-01 9.755850000000000355e-01 9.777930000000000232e-01 9.786960000000000104e-01 9.755580000000000362e-01 9.763420000000000432e-01
9.752410000000000245e-01 9.774220000000000130e-01 9.783840000000000314e-01 9.769489999999999563e-01 9.792800000000000393e-01 9.755979999999999652e-01 9.763239999999999696e-01 9.775190000000000268e-01
9.789020000000000499e-01 9.789809999999999901e-01 9.759269999999999889e-01 9.735970000000000457e-01 9.781199999999999894e-01 9.775679999999999925e-01 9.795380000000000198e-01 9.769259999999999611e-01
9.772380000000000511e-01 9.768499999999999961e-01 9.776500000000000190e-01 9.782319999999999904e-01 9.772260000000000391e-01 9.782070000000000487e-01 9.795669999999999655e-01 9.748099999999999543e-01
9.761630000000000029e-01 9.752589999999999870e-01 9.753659999999999553e-01 9.767900000000000471e-01 9.796070000000000055e-01 9.770820000000000061e-01 9.755129999999999635e-01 9.772060000000000191e-01
9.764859999999999651e-01 9.762819999999999832e-01 9.769400000000000306e-01 9.791180000000000438e-01 9.798599999999999532e-01 9.778780000000000250e-01 9.754540000000000433e-01 9.768059999999999521e-01
9.777249999999999552e-01 9.791750000000000176e-01 9.752269999999999550e-01 9.765960000000000196e-01 9.794939999999999758e-01 9.792699999999999738e-01 9.768909999999999538e-01 9.796489999999999920e-01
9.780269999999999797e-01 9.777709999999999457e-01 9.757510000000000350e-01 9.757630000000000470e-01 9.766230000000000189e-01 9.765220000000000011e-01 9.782499999999999529e-01 9.771640000000000326e-01
9.777940000000000520e-01 9.753020000000000023e-01 9.761769999999999614e-01 9.796310000000000295e-01 9.794329999999999981e-01 9.781039999999999734e-01 9.762089999999999934e-01 9.761319999999999997e-01
9.796759999999999913e-01 9.761440000000000117e-01 9.795580000000000398e-01 9.763800000000000257e-01 9.757019999999999582e-01 9.754789999999999850e-01 9.789849999999999941e-01 9.785120000000000484e-01
9.782859999999999889e-01 9.789849999999999941e-01 9.756139999999999812e-01 9.771199999999999886e-01 9.767470000000000319e-01 9.760670000000000179e-01 9.753800000000000248e-01 9.778329999999999522e-01
9.762849999999999584e-01 9.763239999999999696e-01 9.774150000000000338e-01 9.752229999999999510e-01 9.795800000000000063e-01 9.777810000000000112e-01 9.757799999999999807e-01 9.778909999999999547e-01
9.767200000000000326e-01 9.779120000000000035e-01 9.758149999999999880e-01 9.778409999999999602e-01 9.780689999999999662e-01 9.770640000000000436e-01 9.757130000000000525e-01 9.772549999999999848e-01
9.752300000000000413e-01 9.759970000000000034e-01 9.771459999999999591e-01 9.790809999999999791e-01 9.760780000000000012e-01 9.790349999999999886e-01 9.796449999999999880e-01 9.758989999999999609e-01
9.758529999999999704e-01 9.769489999999999563e-01 9.761640000000000317e-01 9.768710000000000448e-01 9.795979999999999688e-01 9.771189999999999598e-01 9.768599999999999506e-01 9.768480000000000496e-01
9.763610000000000344e-01 9.765880000000000116e-01 9.779179999999999540e-01 9.772769999999999513e-01 9.763249999999999984e-01 9.771889999999999743e-01 9.781180000000000430e-01 9.790219999999999478e-01
9.762110000000000509e-01 9.763180000000000192e-01 9.767139999999999711e-01 9.774180000000000090e-01 9.778289999999999482e-01 9.771720000000000406e-01 9.762089999999999934e-01 9.755759999999999987e-01
9.751349999999999740e-01 9.753260000000000263e-01 9.787900000000000489e-01 9.777719999999999745e-01 9.778580000000000050e-01 9.776280000000000525e-01 9.773680000000000145e-01 9.776179999999999870e-01
9.759109999999999729e-01 9.795500000000000318e-01 9.768740000000000201e-01 9.796960000000000113e-01 9.792920000000000513e-01 9.756949999999999790e-01 9.795660000000000478e-01 9.796019999999999728e-01
9.756350000000000300e-01 9.796920000000000073e-01 9.786110000000000086e-01 9.793469999999999676e-01 9.756470000000000420e-01 9.768310000000000048e-01 9.749759999999999538e-01 9.758890000000000065e-01
9.780729999999999702e-01 9.751239999999999908e-01 9.753800000000000248e-01 9.785690000000000222e-01 9.784629999999999717e-01 9.772669999999999968e-01 9.768250000000000544e-01 9.778790000000000537e-01
9.785199999999999454e-01 9.771309999999999718e-01 9.791570000000000551e-01 9.768379999999999841e-01 9.779369999999999452e-01 9.755460000000000242e-01 9.800780000000000047e-01 9.783859999999999779e-01
9.757670000000000510e-01 9.771919999999999495e-01 9.751750000000000140e-01 9.754789999999999850e-01 9.795479999999999743e-01 9.759189999999999809e-01 9.769940000000000291e-01 9.782429999999999737e-01
9.762589999999999879e-01 9.771050000000000013e-01 9.761699999999999822e-01 9.768179999999999641e-01 9.768860000000000321e-01 9.791509999999999936e-01 9.796909999999999785e-01 9.772079999999999655e-01
9.757510000000000350e-01 9.759830000000000449e-01 9.763589999999999769e-01 9.768339999999999801e-01 9.776179999999999870e-01 9.761940000000000062e-01 9.758040000000000047e-01 9.751870000000000260e-01
9.772410000000000263e-01 9.776049999999999462e-01 9.793159999999999643e-01 9.779919999999999725e-01 9.778590000000000337e-01 9.786930000000000351e-01 9.774059999999999970e-01 9.764920000000000266e-01
9.750689999999999635e-01 9.781570000000000542e-01 9.758559999999999457e-01 9.761140000000000372e-01 9.771170000000000133e-01 9.792300000000000448e-01 9.769320000000000226e-01 9.760060000000000402e-01
9.754960000000000298e-01 9.765559999999999796e-01 9.777829999999999577e-01 9.759820000000000162e-01 9.777620000000000200e-01 9.797829999999999595e-01 9.776099999999999790e-01 9.787930000000000241e-01
9.772429999999999728e-01 9.765949999999999909e-01 9.778210000000000512e-01 9.779330000000000522e-01 9.771109999999999518e-01 9.780860000000000110e-01 9.773579999999999490e-01 9.792060000000000208e-01
9.792999999999999483e-01 9.748919999999999808e-01 9.773399999999999865e-01 9.785139999999999949e-01 9.755289999999999795e-01 9.787639999999999674e-01 9.754180000000000073e-01 9.751339999999999453e-01
9.783600000000000074e-01 9.796179999999999888e-01 9.782440000000000024e-01 9.755230000000000290e-01 9.779879999999999685e-01 9.778029999999999777e-01 9.795690000000000230e-01 9.754639999999999977e-01
9.785549999999999526e-01 9.765719999999999956e-01 9.793049999999999811e-01 9.795629999999999615e-01 9.794880000000000253e-01 9.787909999999999666e-01 9.755049999999999555e-01 9.767630000000000479e-01
9.749710000000000321e-01 9.789600000000000524e-01 9.793500000000000538e-01 9.748740000000000183e-01 9.781940000000000079e-01 9.783669999999999867e-01 9.759799999999999587e-01 9.771549999999999958e-01
9.788620000000000099e-01 9.761109999999999509e-01 9.752929999999999655e-01 9.778970000000000162e-01 9.761279999999999957e-01 9.784500000000000419e-01 9.761619999999999742e-01 9.773049999999999793e-01
9.769579999999999931e-01 9.774760000000000115e-01 9.776219999999999910e-01 9.769630000000000258e-01 9.772229999999999528e-01 9.790069999999999606e-01 9.758499999999999952e-01 9.782499999999999529e-01
9.778620000000000090e-01 9.760210000000000274e-01 9.763260000000000272e-01 9.753849999999999465e-01 9.785059999999999869e-01 9.785650000000000182e-01 9.759050000000000225e-01 9.761090000000000044e-01
9.766519999999999646e-01 9.774559999999999915e-01 9.797019999999999618e-01 9.792009999999999881e-01 9.797510000000000385e-01 9.794429999999999525e-01 9.792039999999999633e-01 9.771159999999999846e-01
9.781339999999999479e-01 9.756359999999999477e-01 9.780090000000000172e-01 9.763699999999999601e-01 9.754140000000000033e-01 9.785540000000000349e-01 9.774570000000000203e-01 9.797900000000000498e-01
9.780370000000000452e-01 9.791079999999999783e-01 9.760440000000000227e-01 9.772509999999999808e-01 9.782349999999999657e-01 9.779330000000000522e-01 9.792539999999999578e-01 9.757829999999999560e-01
9.749870000000000481e-01 9.756040000000000267e-01 9.780980000000000230e-01 9.768229999999999968e-01 9.766129999999999534e-01 9.785040000000000404e-01 9.777249999999999552e-01 9.769050000000000233e-01
9.773469999999999658e-01 9.780950000000000477e-01 9.776139999999999830e-01 9.761689999999999534e-01 9.770259999999999501e-01 9.780039999999999845e-01 9.788280000000000314e-01 9.778980000000000450e-01
9.767510000000000359e-01 9.761379999999999502e-01 9.759459999999999802e-01 9.766989999999999839e-01 9.766160000000000396e-01 9.759619999999999962e-01 9.765460000000000251e-01 9.755059999999999842e-01
9.774190000000000378e-01 9.786909999999999776e-01 9.771119999999999806e-01 9.752809999999999535e-01 9.786430000000000407e-01 9.760149999999999659e-01 9.791760000000000463e-01 9.749919999999999698e-01
9.774779999999999580e-01 9.789259999999999629e-01 9.772149999999999448e-01 9.765749999999999709e-01 9.774500000000000410e-01 9.787500000000000089e-01 9.789820000000000189e-01 9.770790000000000308e-01
9.757249999999999535e-01 9.783279999999999754e-01 9.777200000000000335e-01 9.760619999999999852e-01 9.767489999999999783e-01 9.772170000000000023e-01 9.787139999999999729e-01 9.758409999999999584e-01
9.794019999999999948e-01 9.755789999999999740e-01 9.786150000000000126e-01 9.776749999999999607e-01 9.775220000000000020e-01 9.780579999999999830e-01 9.781480000000000175e-01 9.790569999999999551e-01
9.760360000000000147e-01 9.754720000000000057e-01 9.758829999999999449e-01 9.794040000000000523e-01 9.790119999999999933e-01 9.777059999999999640e-01 9.765500000000000291e-01 9.795310000000000406e-01
9.786829999999999696e-01 9.791720000000000423e-01 9.795819999999999528e-01 9.761630000000000029e-01 9.782319999999999904e-01 9.755129999999999635e-01 9.790400000000000214e-01 9.773089999999999833e-01
9.787460000000000049e-01 9.797690000000000010e-01 9.791050000000000031e-01 9.778390000000000137e-01 9.802800000000000402e-01 9.762450000000000294e-01 9.776730000000000143e-01 9.793910000000000116e-01
9.775059999999999860e-01 9.785700000000000509e-01 9.770499999999999741e-01 9.774230000000000418e-01 9.778130000000000432e-01 9.766049999999999454e-01 9.758160000000000167e-01 9.755730000000000235e-01
9.767709999999999448e-01 9.788179999999999659e-01 9.779619999999999980e-01 9.758219999999999672e-01 9.762769999999999504e-01 9.752490000000000325e-01 9.787789999999999546e-01 9.780959999999999654e-01
9.766350000000000309e-01 9.764939999999999731e-01 9.763650000000000384e-01 9.759229999999999849e-01 9.779839999999999645e-01 9.782399999999999984e-01 9.771030000000000548e-01 9.765650000000000164e-01
9.767280000000000406e-01 9.765239999999999476e-01 9.761440000000000117e-01 9.772980000000000000e-01 9.797329999999999650e-01 9.759470000000000089e-01 9.769700000000000051e-01 9.767299999999999871e-01
9.800839999999999552e-01 9.765730000000000244e-01 9.786089999999999511e-01 9.796209999999999640e-01 9.762650000000000494e-01 9.775570000000000093e-01 9.760990000000000499e-01 9.762349999999999639e-01
9.756280000000000507e-01 9.796559999999999713e-01 9.761410000000000364e-01 9.754800000000000137e-01 9.792490000000000361e-01 9.762389999999999679e-01 9.780170000000000252e-01 9.794289999999999941e-01
9.783650000000000402e-01 9.763169999999999904e-01 9.764089999999999714e-01 9.754969999999999475e-01 9.766150000000000109e-01 9.782319999999999904e-01 9.779689999999999772e-01 9.766439999999999566e-01
9.770720000000000516e-01 9.796859999999999458e-01 9.782060000000000199e-01 9.788559999999999484e-01 9.757909999999999640e-01 9.755920000000000147e-01 9.752260000000000373e-01 9.787639999999999674e-01
9.778710000000000457e-01 9.791640000000000343e-01 9.760180000000000522e-01 9.791910000000000336e-01 9.764639999999999986e-01 9.796160000000000423e-01 9.780109999999999637e-01 9.791720000000000423e-01
9.785810000000000342e-01 9.781260000000000510e-01 9.766240000000000476e-01 9.760320000000000107e-01 9.777190000000000047e-01 9.777369999999999672e-01 9.764890000000000514e-01 9.772450000000000303e-01
9.761060000000000292e-01 9.783539999999999459e-01 9.791229999999999656e-01 9.786249999999999671e-01 9.762490000000000334e-01 9.774410000000000043e-01 9.773570000000000313e-01 9.782089999999999952e-01
9.792990000000000306e-01 9.756169999999999565e-01 9.759259999999999602e-01 9.748649999999999816e-01 9.776280000000000525e-01 9.760459999999999692e-01 9.755030000000000090e-01 9.796820000000000528e-01
9.784190000000000387e-01 9.784659999999999469e-01 9.772690000000000543e-01 9.794720000000000093e-01 9.753079999999999528e-01 9.785730000000000262e-01 9.770900000000000141e-01 9.795310000000000406e-01
9.783330000000000082e-01 9.760560000000000347e-01 9.778510000000000257e-01 9.781499999999999639e-01 9.792840000000000433e-01 9.750809999999999755e-01 9.758959999999999857e-01 9.773680000000000145e-01
9.795610000000000150e-01 9.789529999999999621e-01 9.749160000000000048e-01 9.779780000000000140e-01 9.753500000000000503e-01 9.759970000000000034e-01 9.753570000000000295e-01 9.793920000000000403e-01
9.797259999999999858e-01 9.790990000000000526e-01 9.797630000000000505e-01 9.765719999999999956e-01 9.752840000000000398e-01 9.778750000000000497e-01 9.789919999999999733e-01 9.791760000000000463e-01
9.791159999999999863e-01 9.788329999999999531e-01 9.778059999999999530e-01 9.757869999999999600e-01 9.784800000000000164e-01 9.764730000000000354e-01 9.790419999999999678e-01 9.793579999999999508e-01
9.760689999999999644e-01 9.769099999999999451e-01 9.760290000000000354e-01 9.772110000000000518e-01 9.786599999999999744e-01 9.756120000000000347e-01 9.748949999999999561e-01 9.769339999999999691e-01
9.767010000000000414e-01 9.754159999999999497e-01 9.794279999999999653e-01 9.796219999999999928e-01 9.771680000000000366e-01 9.761490000000000444e-01 9.761450000000000404e-01 9.772570000000000423e-01
9.765040000000000386e-01 9.770900000000000141e-01 9.764329999999999954e-01 9.791819999999999968e-01 9.794770000000000421e-01 9.774549999999999628e-01 9.758999999999999897e-01 9.770309999999999828e-01
9.792939999999999978e-01 9.771109999999999518e-01 9.792809999999999571e-01 9.752129999999999965e-01 9.777470000000000327e-01 9.796369999999999800e-01 9.791060000000000318e-01 9.777249999999999552e-01
9.796770000000000200e-01 9.758259999999999712e-01 9.761279999999999957e-01 9.776799999999999935e-01 9.765970000000000484e-01 9.779790000000000427e-01 9.757500000000000062e-01 9.760950000000000459e-01
9.792610000000000481e-01 9.769280000000000186e-01 9.784169999999999812e-01 9.779010000000000202e-01 9.772950000000000248e-01 9.788540000000000019e-01 9.766519999999999646e-01 9.778109999999999857e-01
9.769039999999999946e-01 9.777360000000000495e-01 9.761520000000000197e-01 9.773979999999999890e-01 9.779679999999999485e-01 9.777169999999999472e-01 9.788499999999999979e-01 9.777130000000000543e-01
9.769440000000000346e-01 9.777219999999999800e-01 9.784159999999999524e-01 9.784640000000000004e-01 9.775859999999999550e-01 9.756820000000000492e-01 9.774260000000000170e-01 9.769640000000000546e-01
9.774310000000000498e-01 9.778090000000000392e-01 9.767010000000000414e-01 9.761419999999999542e-01 9.761199999999999877e-01 9.734509999999999552e-01 9.753429999999999600e-01 9.761499999999999622e-01
9.765009999999999524e-01 9.778689999999999882e-01 9.786430000000000407e-01 9.795970000000000510e-01 9.772650000000000503e-01 9.760729999999999684e-01 9.753870000000000040e-01 9.758179999999999632e-01
9.753429999999999600e-01 9.796080000000000343e-01 9.772370000000000223e-01 9.774810000000000443e-01 9.796479999999999633e-01 9.772969999999999713e-01 9.789999999999999813e-01 9.793920000000000403e-01
9.776709999999999567e-01 9.761509999999999909e-01 9.789029999999999676e-01 9.785449999999999982e-01 9.755399999999999627e-01 9.772600000000000176e-01 9.786949999999999816e-01 9.764650000000000274e-01
9.764779999999999571e-01 9.777649999999999952e-01 9.774599999999999955e-01 9.791990000000000416e-01 9.756099999999999772e-01 9.764169999999999794e-01 9.777829999999999577e-01 9.760870000000000379e-01
9.772830000000000128e-01 9.774690000000000323e-01 9.790480000000000294e-01 9.767649999999999944e-01 9.790680000000000494e-01 9.772279999999999855e-01 9.766010000000000524e-01 9.764880000000000226e-01
9.759039999999999937e-01 9.778710000000000457e-01 9.790710000000000246e-01 9.759619999999999962e-01 9.775869999999999838e-01 9.754610000000000225e-01 9.760450000000000514e-01 9.795859999999999568e-01
9.762800000000000367e-01 9.787510000000000376e-01 9.770149999999999668e-01 9.781520000000000215e-01 9.762490000000000334e-01 9.756939999999999502e-01 9.788980000000000459e-01 9.784599999999999964e-01
9.752950000000000230e-01 9.781210000000000182e-01 9.788149999999999906e-01 9.790879999999999583e-01 9.774040000000000505e-01 9.779400000000000315e-01 9.774829999999999908e-01 9.797700000000000298e-01
9.769660000000000011e-01 9.797249999999999570e-01 9.782349999999999657e-01 9.796570000000000000e-01 9.795909999999999895e-01 9.788320000000000354e-01 9.756439999999999557e-01 9.783779999999999699e-01
9.786460000000000159e-01 9.784049999999999692e-01 9.756529999999999925e-01 9.793669999999999876e-01 9.767050000000000454e-01 9.791750000000000176e-01 9.795989999999999975e-01 9.772659999999999680e-01
9.768930000000000113e-01 9.768879999999999786e-01 9.775639999999999885e-01 9.766219999999999901e-01 9.764779999999999571e-01 9.793039999999999523e-01 9.756700000000000372e-01 9.787280000000000424e-01
9.749550000000000161e-01 9.763180000000000192e-01 9.798780000000000268e-01 9.765390000000000459e-01 9.752560000000000118e-01 9.768350000000000088e-01 9.768449999999999633e-01 9.759889999999999954e-01
9.759120000000000017e-01 9.754720000000000057e-01 9.762990000000000279e-01 9.773279999999999745e-01 9.755559999999999787e-01 9.757409999999999695e-01 9.775949999999999918e-01 9.767529999999999824e-01
9.756099999999999772e-01 9.795460000000000278e-01 9.749710000000000321e-01 9.782570000000000432e-01 9.762769999999999504e-01 9.760600000000000387e-01 9.779489999999999572e-01 9.768559999999999466e-01
9.779099999999999460e-01 9.795270000000000366e-01 9.783429999999999627e-01 9.769339999999999691e-01 9.749370000000000536e-01 9.774859999999999660e-01 9.770119999999999916e-01 9.773279999999999745e-01
9.764420000000000321e-01 9.793420000000000458e-01 9.796780000000000488e-01 9.760919999999999597e-01 9.781950000000000367e-01 9.750870000000000370e-01 9.772370000000000223e-01 9.776479999999999615e-01
9.762870000000000159e-01 9.766829999999999679e-01 9.764509999999999579e-01 9.776869999999999727e-01 9.755230000000000290e-01 9.766890000000000294e-01 9.787350000000000216e-01 9.791330000000000311e-01
9.769619999999999971e-01 9.776979999999999560e-01 9.759579999999999922e-01 9.760349999999999859e-01 9.794209999999999861e-01 9.790360000000000174e-01 9.789759999999999573e-01 9.783720000000000194e-01
9.781199999999999894e-01 9.755509999999999460e-01 9.752499999999999503e-01 9.782690000000000552e-01 9.779139999999999500e-01 9.792530000000000401e-01 9.752389999999999670e-01 9.778919999999999835e-01
9.783190000000000497e-01 9.781520000000000215e-01 9.793370000000000131e-01 9.758590000000000320e-01 9.768719999999999626e-01 9.784270000000000467e-01 9.783119999999999594e-01 9.767360000000000486e-01
9.772389999999999688e-01 9.766479999999999606e-01 9.790600000000000414e-01 9.773340000000000360e-01 9.796570000000000000e-01 9.764070000000000249e-01 9.766169999999999574e-01 9.760640000000000427e-01
9.797400000000000553e-01 9.759520000000000417e-01 9.800219999999999487e-01 9.769719999999999516e-01 9.755129999999999635e-01 9.776850000000000263e-01 9.773009999999999753e-01 9.756540000000000212e-01
9.779050000000000242e-01 9.758289999999999464e-01 9.795970000000000510e-01 9.772389999999999688e-01 9.771509999999999918e-01 9.792189999999999506e-01 9.777219999999999800e-01 9.774460000000000370e-01
9.793159999999999643e-01 9.773570000000000313e-01 9.783199999999999674e-01 9.760299999999999532e-01 9.757719999999999727e-01 9.748520000000000518e-01 9.770349999999999868e-01 9.762420000000000542e-01
9.785709999999999686e-01 9.790750000000000286e-01 9.765559999999999796e-01 9.752180000000000293e-01 9.766470000000000429e-01 9.798280000000000323e-01 9.790680000000000494e-01 9.748909999999999521e-01
9.795899999999999608e-01 9.764159999999999506e-01 9.767909999999999648e-01 9.771499999999999631e-01 9.762870000000000159e-01 9.758580000000000032e-01 9.760229999999999739e-01 9.778080000000000105e-01
9.790910000000000446e-01 9.782699999999999729e-01 9.762049999999999894e-01 9.786190000000000166e-01 9.764720000000000066e-01 9.791699999999999848e-01 9.794599999999999973e-01 9.795979999999999688e-01
9.783300000000000329e-01 9.757559999999999567e-01 9.787959999999999994e-01 9.779830000000000467e-01 9.765629999999999589e-01 9.753629999999999800e-01 9.751220000000000443e-01 9.785669999999999646e-01
9.769889999999999963e-01 9.780290000000000372e-01 9.762079999999999647e-01 9.773969999999999603e-01 9.780590000000000117e-01 9.770320000000000116e-01 9.777400000000000535e-01 9.759959999999999747e-01
9.797369999999999690e-01 9.772600000000000176e-01 9.774129999999999763e-01 9.762979999999999992e-01 9.790619999999999878e-01 9.754749999999999810e-01 9.774429999999999508e-01 9.779900000000000260e-01
9.758390000000000120e-01 9.774760000000000115e-01 9.748580000000000023e-01 9.755040000000000378e-01 9.783610000000000362e-01 9.762410000000000254e-01 9.765470000000000539e-01 9.760590000000000099e-01
9.789160000000000084e-01 9.764059999999999961e-01 9.752389999999999670e-01 9.776519999999999655e-01 9.754669999999999730e-01 9.773399999999999865e-01 9.758350000000000080e-01 9.754840000000000177e-01
9.797400000000000553e-01 9.758109999999999840e-01 9.778829999999999467e-01 9.753309999999999480e-01 9.796369999999999800e-01 9.779079999999999995e-01 9.774500000000000410e-01 9.788999999999999924e-01
9.769640000000000546e-01 9.775559999999999805e-01 9.761140000000000372e-01 9.789550000000000196e-01 9.767299999999999871e-01 9.777780000000000360e-01 9.761769999999999614e-01 9.779369999999999452e-01
9.757710000000000550e-01 9.789360000000000284e-01 9.758019999999999472e-01 9.797909999999999675e-01 9.783629999999999827e-01 9.755200000000000538e-01 9.778649999999999842e-01 9.760170000000000234e-01
9.756080000000000307e-01 9.796570000000000000e-01 9.793819999999999748e-01 9.794319999999999693e-01 9.754300000000000193e-01 9.796380000000000088e-01 9.778120000000000145e-01 9.793100000000000138e-01
9.764869999999999939e-01 9.791020000000000278e-01 9.776589999999999447e-01 9.786960000000000104e-01 9.776989999999999847e-01 9.779539999999999900e-01 9.749630000000000241e-01 9.783539999999999459e-01
9.754899999999999682e-01 9.797470000000000345e-01 9.796409999999999840e-01 9.771450000000000413e-01 9.780959999999999654e-01 9.770950000000000468e-01 9.758689999999999864e-01 9.796810000000000240e-01
9.794739999999999558e-01 9.778080000000000105e-01 9.789299999999999669e-01 9.761389999999999789e-01 9.764859999999999651e-01 9.769679999999999476e-01 9.781060000000000310e-01 9.759370000000000545e-01
9.778649999999999842e-01 9.783629999999999827e-01 9.771339999999999471e-01 9.765599999999999836e-01 9.750020000000000353e-01 9.776860000000000550e-01 9.778879999999999795e-01 9.793429999999999636e-01
9.749839999999999618e-01 9.773300000000000320e-01 9.764239999999999586e-01 9.791720000000000423e-01 9.751199999999999868e-01 9.757400000000000517e-01 9.768489999999999673e-01 9.778639999999999555e-01
9.770809999999999773e-01 9.767379999999999951e-01 9.775819999999999510e-01 9.781870000000000287e-01 9.755430000000000490e-01 9.766439999999999566e-01 9.770959999999999646e-01 9.781100000000000350e-01
9.772969999999999713e-01 9.775760000000000005e-01 9.779280000000000195e-01 9.786569999999999991e-01 9.796359999999999513e-01 9.774019999999999930e-01 9.750140000000000473e-01 9.765779999999999461e-01
9.769780000000000131e-01 9.778019999999999490e-01 9.772800000000000376e-01 9.772819999999999840e-01 9.754399999999999737e-01 9.752110000000000500e-01 9.755620000000000402e-01 9.774319999999999675e-01
9.779390000000000027e-01 9.778740000000000210e-01 9.767519999999999536e-01 9.792140000000000288e-01 9.760959999999999637e-01 9.786219999999999919e-01 9.784490000000000132e-01 9.790069999999999606e-01
9.788799999999999724e-01 9.799099999999999477e-01 9.772250000000000103e-01 9.789360000000000284e-01 9.797320000000000473e-01 9.776979999999999560e-01 9.772720000000000296e-01 9.763500000000000512e-01
9.778529999999999722e-01 9.783370000000000122e-01 9.763169999999999904e-01 9.762199999999999767e-01 9.775059999999999860e-01 9.757679999999999687e-01 9.768289999999999473e-01 9.779600000000000515e-01
9.783840000000000314e-01 9.755150000000000210e-01 9.772089999999999943e-01 9.772279999999999855e-01 9.756620000000000292e-01 9.770229999999999748e-01 9.765399999999999636e-01 9.761429999999999829e-01
9.762979999999999992e-01 9.760189999999999699e-01 9.793349999999999556e-01 9.781539999999999679e-01 9.786829999999999696e-01 9.773429999999999618e-01 9.772680000000000256e-01 9.774469999999999548e-01
9.761250000000000204e-01 9.757660000000000222e-01 9.767829999999999568e-01 9.770499999999999741e-01 9.783070000000000377e-01 9.770969999999999933e-01 9.784739999999999549e-01 9.786799999999999944e-01
9.755399999999999627e-01 9.777829999999999577e-01 9.779179999999999540e-01 9.796620000000000328e-01 9.789409999999999501e-01 9.794840000000000213e-01 9.757230000000000070e-01 9.761959999999999527e-01
9.791710000000000136e-01 9.779010000000000202e-01 9.782589999999999897e-01 9.771480000000000166e-01 9.792699999999999738e-01 9.754019999999999913e-01 9.781250000000000222e-01 9.768839999999999746e-01
9.784450000000000092e-01 9.797040000000000193e-01 9.792020000000000168e-01 9.795469999999999455e-01 9.756540000000000212e-01 9.772129999999999983e-01 9.766629999999999479e-01 9.769729999999999803e-01
9.759959999999999747e-01 9.781269999999999687e-01 9.788170000000000481e-01 9.765779999999999461e-01 9.793309999999999516e-01 9.778639999999999555e-01 9.760170000000000234e-01 9.765019999999999811e-01
9.800820000000000087e-01 9.795549999999999535e-01 9.754639999999999977e-01 9.753709999999999880e-01 9.772840000000000416e-01 9.762039999999999607e-01 9.774779999999999580e-01 9.750299999999999523e-01
9.788590000000000346e-01 9.774749999999999828e-01 9.776540000000000230e-01 9.782170000000000032e-01 9.776899999999999480e-01 9.796019999999999728e-01 9.779349999999999987e-01 9.763159999999999616e-01
9.768329999999999513e-01 9.752739999999999743e-01 9.781009999999999982e-01 9.772880000000000456e-01 9.762420000000000542e-01 9.790720000000000534e-01 9.770389999999999908e-01 9.768120000000000136e-01
9.765409999999999924e-01 9.795789999999999775e-01 9.789860000000000229e-01 9.785009999999999541e-01 9.761410000000000364e-01 9.764260000000000161e-01 9.756780000000000452e-01 9.750659999999999883e-01
9.779719999999999525e-01 9.775810000000000333e-01 9.781969999999999832e-01 9.771560000000000246e-01 9.790309999999999846e-01 9.772300000000000431e-01 9.758139999999999592e-01 9.772520000000000095e-01
9.755690000000000195e-01 9.777799999999999825e-01 9.786660000000000359e-01 9.780839999999999534e-01 9.756839999999999957e-01 9.756350000000000300e-01 9.754159999999999497e-01 9.760280000000000067e-01
9.770710000000000228e-01 9.785580000000000389e-01 9.782990000000000297e-01 9.764180000000000081e-01 9.774450000000000083e-01 9.770790000000000308e-01 9.753800000000000248e-01 9.778499999999999970e-01
9.761260000000000492e-01 9.793709999999999916e-01 9.755700000000000482e-01 9.758820000000000272e-01 9.791570000000000551e-01 9.772999999999999465e-01 9.760529999999999484e-01 9.772960000000000536e-01
9.773889999999999523e-01 9.792170000000000041e-01 9.795110000000000205e-01 9.778799999999999715e-01 9.757479999999999487e-01 9.756740000000000412e-01 9.772110000000000518e-01 9.794009999999999661e-01
9.757190000000000030e-01 9.780450000000000532e-01 9.771260000000000501e-01 9.781349999999999767e-01 9.762669999999999959e-01 9.756669999999999510e-01 9.762039999999999607e-01 9.769879999999999676e-01
9.787839999999999874e-01 9.762929999999999664e-01 9.795709999999999695e-01 9.777670000000000528e-01 9.783519999999999994e-01 9.755089999999999595e-01 9.764690000000000314e-01 9.766820000000000501e-01
9.755690000000000195e-01 9.776939999999999520e-01 9.771440000000000126e-01 9.769630000000000258e-01 9.758339999999999792e-01 9.779900000000000260e-01 9.794850000000000501e-01 9.776319999999999455e-01
9.750609999999999555e-01 9.778139999999999610e-01 9.762079999999999647e-01 9.763770000000000504e-01 9.766989999999999839e-01 9.779560000000000475e-01 9.751609999999999445e-01 9.796160000000000423e-01
9.794260000000000188e-01 9.759940000000000282e-01 9.799250000000000460e-01 9.771050000000000013e-01 9.778639999999999555e-01 9.786780000000000479e-01 9.768090000000000384e-01 9.796420000000000128e-01
9.796319999999999473e-01 9.772910000000000208e-01 9.751060000000000283e-01 9.765909999999999869e-01 9.796240000000000503e-01 9.773500000000000520e-01 9.756890000000000285e-01 9.753549999999999720e-01
9.775859999999999550e-01 9.762760000000000327e-01 9.796570000000000000e-01 9.777179999999999760e-01 9.789369999999999461e-01 9.766939999999999511e-01 9.787249999999999561e-01 9.760119999999999907e-01
9.753650000000000375e-01 9.767890000000000184e-01 9.768320000000000336e-01 9.772960000000000536e-01 9.757489999999999775e-01 9.796120000000000383e-01 9.773479999999999945e-01 9.758639999999999537e-01
9.770809999999999773e-01 9.759569999999999634e-01 9.783519999999999994e-01 9.767630000000000479e-01 9.779130000000000322e-01 9.778639999999999555e-01 9.762849999999999584e-01 9.776810000000000223e-01
9.752650000000000485e-01 9.768710000000000448e-01 9.777420000000000000e-01 9.758780000000000232e-01 9.781849999999999712e-01 9.780379999999999630e-01 9.760309999999999819e-01 9.780940000000000190e-01
9.753039999999999488e-01 9.758160000000000167e-01 9.796080000000000343e-01 9.789639999999999453e-01 9.787770000000000081e-01 9.791790000000000216e-01 9.778710000000000457e-01 9.793479999999999963e-01
9.791790000000000216e-01 9.755880000000000107e-01 9.786850000000000271e-01 9.764049999999999674e-01 9.791900000000000048e-01 9.768350000000000088e-01 9.799080000000000013e-01 9.777379999999999960e-01
9.775220000000000020e-01 9.760039999999999827e-01 9.774209999999999843e-01 9.787329999999999641e-01 9.782239999999999824e-01 9.779200000000000115e-01 9.778480000000000505e-01 9.791159999999999863e-01
9.769400000000000306e-01 9.796859999999999458e-01 9.759100000000000552e-01 9.789459999999999829e-01 9.764100000000000001e-01 9.761640000000000317e-01 9.796749999999999625e-01 9.761659999999999782e-01
9.777040000000000175e-01 9.754070000000000240e-01 9.768000000000000016e-01 9.780440000000000245e-01 9.792239999999999833e-01 9.758499999999999952e-01 9.759830000000000449e-01 9.770860000000000101e-01
9.758099999999999552e-01 9.779060000000000530e-01 9.797280000000000433e-01 9.797479999999999523e-01 9.758250000000000535e-01 9.761459999999999582e-01 9.758090000000000375e-01 9.755319999999999547e-01
9.761680000000000357e-01 9.788599999999999524e-01 9.776010000000000533e-01 9.783060000000000089e-01 9.794370000000000021e-01 9.769790000000000418e-01 9.788120000000000154e-01 9.761490000000000444e-01
9.767059999999999631e-01 9.761609999999999454e-01 9.751959999999999518e-01 9.756040000000000267e-01 9.768390000000000128e-01 9.754760000000000097e-01 9.785970000000000502e-01 9.761649999999999494e-01
9.764869999999999939e-01 9.752170000000000005e-01 9.798120000000000163e-01 9.758419999999999872e-01 9.781250000000000222e-01 9.781889999999999752e-01 9.761250000000000204e-01 9.776730000000000143e-01
9.774789999999999868e-01 9.783479999999999954e-01 9.768099999999999561e-01 9.794749999999999845e-01 9.779879999999999685e-01 9.790520000000000334e-01 9.775049999999999573e-01 9.787350000000000216e-01
9.781919999999999504e-01 9.794899999999999718e-01 9.757689999999999975e-01 9.760339999999999572e-01 9.787339999999999929e-01 9.778489999999999682e-01 9.774070000000000258e-01 9.757470000000000310e-01
9.756110000000000060e-01 9.767320000000000446e-01 9.794950000000000045e-01 9.759820000000000162e-01 9.787209999999999521e-01 9.790640000000000454e-01 9.789069999999999716e-01 9.794789999999999885e-01
9.777230000000000087e-01 9.799039999999999973e-01 9.759379999999999722e-01 9.797510000000000385e-01 9.792279999999999873e-01 9.773849999999999483e-01 9.797029999999999905e-01 9.778499999999999970e-01
9.758419999999999872e-01 9.773119999999999585e-01 9.796839999999999993e-01 9.774810000000000443e-01 9.785589999999999566e-01 9.796510000000000495e-01 9.782300000000000439e-01 9.787940000000000529e-01
9.763060000000000072e-01 9.756420000000000092e-01 9.754359999999999697e-01 9.757710000000000550e-01 9.792809999999999571e-01 9.753230000000000510e-01 9.755759999999999987e-01 9.783319999999999794e-01
9.804629999999999734e-01 9.787350000000000216e-01 9.753540000000000543e-01 9.758000000000000007e-01 9.772260000000000391e-01 9.774760000000000115e-01 9.751910000000000300e-01 9.776500000000000190e-01
9.785669999999999646e-01 9.764040000000000497e-01 9.755800000000000027e-01 9.779959999999999765e-01 9.795880000000000143e-01 9.776880000000000015e-01 9.774850000000000483e-01 9.767649999999999944e-01
9.796120000000000383e-01 9.768829999999999458e-01 9.775300000000000100e-01 9.797430000000000305e-01 9.775770000000000293e-01 9.769250000000000433e-01 9.797080000000000233e-01 9.779170000000000362e-01
9.771079999999999766e-01 9.758130000000000415e-01 9.794300000000000228e-01 9.770849999999999813e-01 9.773039999999999505e-01 9.796160000000000423e-01 9.774589999999999668e-01 9.801630000000000065e-01
9.767639999999999656e-01 9.792579999999999618e-01 9.750659999999999883e-01 9.794779999999999598e-01 9.776920000000000055e-01 9.792960000000000553e-01 9.751919999999999478e-01 9.780050000000000132e-01
9.754770000000000385e-01 9.764639999999999986e-01 9.788080000000000114e-01 9.764589999999999659e-01 9.755129999999999635e-01 9.759929999999999994e-01 9.779349999999999987e-01 9.795310000000000406e-01
9.755610000000000115e-01 9.786310000000000286e-01 9.785749999999999726e-01 9.793380000000000418e-01 9.762020000000000142e-01 9.760450000000000514e-01 9.752359999999999918e-01 9.756590000000000540e-01
9.779889999999999972e-01 9.784359999999999724e-01 9.777700000000000280e-01 9.791860000000000008e-01 9.782279999999999864e-01 9.794019999999999948e-01 9.789930000000000021e-01 9.795289999999999830e-01
9.756690000000000085e-01 9.779700000000000060e-01 9.785899999999999599e-01 9.794749999999999845e-01 9.776040000000000285e-01 9.788299999999999779e-01 9.762790000000000079e-01 9.758919999999999817e-01
9.793779999999999708e-01 9.793680000000000163e-01 9.781279999999999974e-01 9.788980000000000459e-01 9.783629999999999827e-01 9.758219999999999672e-01 9.780290000000000372e-01 9.760100000000000442e-01
9.755800000000000027e-01 9.764460000000000361e-01 9.795150000000000245e-01 9.781980000000000119e-01 9.764899999999999691e-01 9.782640000000000224e-01 9.766350000000000309e-01 9.768449999999999633e-01
9.774469999999999548e-01 9.768930000000000113e-01 9.788240000000000274e-01 9.754800000000000137e-01 9.757879999999999887e-01 9.748769999999999936e-01 9.775709999999999678e-01 9.758459999999999912e-01
9.778189999999999937e-01 9.795730000000000270e-01 9.776259999999999950e-01 9.758499999999999952e-01 9.770269999999999788e-01 9.748980000000000423e-01 9.780010000000000092e-01 9.796129999999999560e-01
9.784640000000000004e-01 9.791039999999999743e-01 9.797740000000000338e-01 9.774070000000000258e-01 9.754680000000000017e-01 9.769940000000000291e-01 9.765209999999999724e-01 9.764059999999999961e-01
9.789189999999999836e-01 9.778829999999999467e-01 9.763309999999999489e-01 9.778409999999999602e-01 9.764350000000000529e-01 9.796550000000000535e-01 9.771729999999999583e-01 9.755730000000000235e-01
9.759689999999999754e-01 9.787670000000000536e-01 9.793460000000000498e-01 9.752640000000000198e-01 9.783150000000000457e-01 9.795469999999999455e-01 9.780609999999999582e-01 9.756409999999999805e-01
9.751170000000000115e-01 9.791870000000000296e-01 9.792370000000000241e-01 9.789529999999999621e-01 9.776529999999999943e-01 9.753680000000000128e-01 9.770729999999999693e-01 9.768299999999999761e-01
9.778050000000000352e-01 9.771600000000000286e-01 9.761180000000000412e-01 9.773960000000000425e-01 9.794199999999999573e-01 9.791279999999999983e-01 9.781809999999999672e-01 9.750490000000000546e-01
9.795620000000000438e-01 9.769430000000000058e-01 9.766280000000000516e-01 9.789919999999999733e-01 9.797660000000000258e-01 9.759250000000000425e-01 9.762680000000000247e-01 9.795230000000000325e-01
9.780849999999999822e-01 9.783579999999999499e-01 9.775549999999999518e-01 9.792880000000000473e-01 9.763619999999999521e-01 9.762300000000000422e-01 9.781619999999999759e-01 9.796839999999999993e-01
9.783100000000000129e-01 9.774990000000000068e-01 9.785570000000000102e-01 9.781189999999999607e-01 9.788200000000000234e-01 9.779820000000000180e-01 9.774599999999999955e-01 9.775369999999999893e-01
9.783330000000000082e-01 9.775709999999999678e-01 9.772450000000000303e-01 9.784110000000000307e-01 9.788280000000000314e-01 9.764850000000000474e-01 9.785139999999999949e-01 9.759120000000000017e-01
9.766460000000000141e-01 9.782809999999999562e-01 9.760680000000000467e-01 9.755059999999999842e-01 9.776000000000000245e-01 9.787839999999999874e-01 9.757839999999999847e-01 9.755409999999999915e-01
9.787230000000000096e-01 9.795779999999999488e-01 9.764730000000000354e-01 9.786920000000000064e-01 9.761140000000000372e-01 9.796850000000000280e-01 9.778489999999999682e-01 9.786390000000000366e-01
9.782729999999999482e-01 9.768449999999999633e-01 9.755150000000000210e-01 9.797080000000000233e-01 9.791830000000000256e-01 9.765880000000000116e-01 9.767909999999999648e-01 9.763589999999999769e-01
9.785460000000000269e-01 9.793770000000000531e-01 9.758379999999999832e-01 9.762610000000000454e-01 9.775239999999999485e-01 9.755179999999999962e-01 9.760590000000000099e-01 9.796479999999999633e-01
9.769660000000000011e-01 9.784180000000000099e-01 9.783539999999999459e-01 9.768040000000000056e-01 9.772370000000000223e-01 9.795920000000000183e-01 9.758890000000000065e-01 9.796920000000000073e-01
9.774690000000000323e-01 9.765380000000000171e-01 9.757970000000000255e-01 9.786350000000000326e-01 9.779750000000000387e-01 9.754639999999999977e-01 9.786110000000000086e-01 9.778679999999999595e-01
9.796799999999999953e-01 9.775230000000000308e-01 9.796399999999999553e-01 9.755479999999999707e-01 9.798440000000000483e-01 9.763089999999999824e-01 9.771360000000000046e-01 9.756070000000000020e-01
9.786019999999999719e-01 9.763110000000000399e-01 9.782739999999999769e-01 9.792140000000000288e-01 9.786770000000000191e-01 9.772480000000000055e-01 9.750199999999999978e-01 9.758350000000000080e-01
9.778540000000000010e-01 9.797970000000000290e-01 9.780689999999999662e-01 9.764850000000000474e-01 9.782250000000000112e-01 9.784819999999999629e-01 9.760969999999999924e-01 9.782269999999999577e-01
9.765549999999999509e-01 9.761149999999999549e-01 9.762840000000000407e-01 9.794300000000000228e-01 9.772680000000000256e-01 9.788940000000000419e-01 9.755470000000000530e-01 9.770360000000000156e-01
9.757000000000000117e-01 9.773509999999999698e-01 9.784129999999999772e-01 9.795899999999999608e-01 9.752180000000000293e-01 9.788259999999999739e-01 9.796709999999999585e-01 9.792300000000000448e-01
9.771360000000000046e-01 9.753460000000000463e-01 9.758729999999999905e-01 9.761670000000000069e-01 9.792269999999999586e-01 9.780579999999999830e-01 9.779930000000000012e-01 9.776500000000000190e-01
9.772509999999999808e-01 9.782290000000000152e-01 9.760769999999999724e-01 9.778790000000000537e-01 9.756860000000000532e-01 9.751269999999999660e-01 9.755369999999999875e-01 9.797940000000000538e-01
9.794549999999999645e-01 9.765449999999999964e-01 9.786350000000000326e-01 9.791849999999999721e-01 9.775019999999999820e-01 9.777040000000000175e-01 9.751840000000000508e-01 9.792769999999999531e-01
9.793779999999999708e-01 9.765909999999999869e-01 9.776409999999999823e-01 9.761330000000000284e-01 9.753960000000000408e-01 9.794709999999999805e-01 9.778080000000000105e-01 9.764530000000000154e-01
9.778259999999999730e-01 9.798390000000000155e-01 9.777519999999999545e-01 9.761279999999999957e-01 9.791090000000000071e-01 9.758449999999999624e-01 9.774610000000000243e-01 9.783779999999999699e-01
9.763709999999999889e-01 9.758120000000000127e-01 9.787749999999999506e-01 9.787369999999999681e-01 9.749849999999999905e-01 9.748860000000000303e-01 9.787489999999999801e-01 9.765949999999999909e-01
9.782480000000000064e-01 9.782119999999999704e-01 9.775930000000000453e-01 9.766970000000000374e-01 9.768160000000000176e-01 9.773239999999999705e-01 9.784040000000000514e-01 9.750739999999999963e-01
9.771849999999999703e-01 9.754289999999999905e-01 9.770050000000000123e-01 9.783290000000000042e-01 9.774669999999999748e-01 9.793330000000000091e-01 9.795610000000000150e-01 9.777109999999999967e-01
9.781100000000000350e-01 9.773450000000000193e-01 9.760440000000000227e-01 9.756110000000000060e-01 9.792419999999999458e-01 9.782629999999999937e-01 9.783600000000000074e-01 9.780910000000000437e-01
9.797569999999999890e-01 9.784000000000000474e-01 9.751330000000000275e-01 9.775760000000000005e-01 9.766049999999999454e-01 9.797909999999999675e-01 9.788550000000000306e-01 9.774329999999999963e-01
9.771429999999999838e-01 9.769700000000000051e-01 9.785629999999999606e-01 9.763519999999999976e-01 9.796300000000000008e-01 9.769919999999999716e-01 9.788299999999999779e-01 9.768649999999999833e-01
9.780879999999999574e-01 9.783220000000000249e-01 9.754080000000000528e-01 9.751769999999999605e-01 9.794199999999999573e-01 9.788559999999999484e-01 9.761170000000000124e-01 9.765329999999999844e-01
9.758520000000000527e-01 9.792049999999999921e-01 9.759309999999999929e-01 9.781879999999999464e-01 9.777719999999999745e-01 9.758259999999999712e-01 9.767190000000000039e-01 9.777460000000000040e-01
9.766259999999999941e-01 9.796280000000000543e-01 9.761959999999999527e-01 9.777130000000000543e-01 9.751600000000000268e-01 9.767810000000000104e-01 9.763370000000000104e-01 9.757270000000000110e-01
9.774230000000000418e-01 9.769799999999999596e-01 9.787190000000000056e-01 9.776920000000000055e-01 9.789529999999999621e-01 9.779339999999999700e-01 9.774159999999999515e-01 9.776599999999999735e-01
9.761419999999999542e-01 9.773260000000000280e-01 9.786449999999999871e-01 9.780980000000000230e-01 9.786259999999999959e-01 9.795289999999999830e-01 9.763619999999999521e-01 9.785150000000000237e-01
9.782929999999999682e-01 9.789339999999999709e-01 9.779510000000000147e-01 9.759200000000000097e-01 9.755380000000000162e-01 9.796610000000000040e-01 9.751269999999999660e-01 9.754340000000000233e-01
9.793079999999999563e-01 9.793190000000000506e-01 9.757550000000000390e-01 9.768059999999999521e-01 9.795030000000000125e-01 9.779090000000000282e-01 9.758820000000000272e-01 9.763279999999999736e-01
9.795749999999999735e-01 9.798409999999999620e-01 9.770729999999999693e-01 9.772429999999999728e-01 9.777069999999999927e-01 9.751830000000000220e-01 9.784389999999999477e-01 9.757139999999999702e-01
9.765709999999999669e-01 9.753030000000000310e-01 9.770109999999999628e-01 9.791229999999999656e-01 9.752699999999999703e-01 9.786749999999999616e-01 9.785570000000000102e-01 9.762020000000000142e-01
9.785599999999999854e-01 9.768740000000000201e-01 9.786759999999999904e-01 9.755880000000000107e-01 9.752210000000000045e-01 9.773990000000000178e-01 9.783589999999999787e-01 9.787620000000000209e-01
9.788179999999999659e-01 9.775709999999999678e-01 9.775460000000000260e-01 9.768069999999999808e-01 9.758729999999999905e-01 9.788130000000000441e-01 9.756489999999999885e-01 9.760079999999999867e-01
9.787890000000000201e-01 9.782039999999999624e-01 9.772849999999999593e-01 9.766409999999999814e-01 9.762690000000000534e-01 9.773519999999999985e-01 9.775409999999999933e-01 9.761180000000000412e-01
9.794680000000000053e-01 9.772229999999999528e-01 9.785449999999999982e-01 9.776150000000000118e-01 9.780839999999999534e-01 9.763819999999999721e-01 9.756730000000000125e-01 9.757460000000000022e-01
9.763819999999999721e-01 9.760490000000000554e-01 9.775559999999999805e-01 9.772189999999999488e-01 9.796880000000000033e-01 9.780529999999999502e-01 9.790950000000000486e-01 9.776920000000000055e-01
9.769370000000000553e-01 9.780079999999999885e-01 9.782229999999999537e-01 9.767559999999999576e-01 9.795970000000000510e-01 9.793199999999999683e-01 9.787289999999999601e-01 9.767400000000000526e-01
9.782899999999999929e-01 9.749139999999999473e-01 9.767940000000000511e-01 9.795500000000000318e-01 9.764979999999999771e-01 9.789510000000000156e-01 9.761300000000000532e-01 9.772999999999999465e-01
9.790750000000000286e-01 9.790069999999999606e-01 9.795300000000000118e-01 9.790520000000000334e-01 9.768559999999999466e-01 9.752880000000000438e-01 9.776129999999999542e-01 9.758050000000000335e-01
9.765650000000000164e-01 9.777670000000000528e-01 9.796179999999999888e-01 9.758829999999999449e-01 9.790710000000000246e-01 9.781710000000000127e-01 9.777679999999999705e-01 9.780010000000000092e-01
9.763290000000000024e-01 9.763650000000000384e-01 9.759139999999999482e-01 9.759339999999999682e-01 9.769309999999999938e-01 9.795599999999999863e-01 9.795580000000000398e-01 9.772680000000000256e-01
9.788280000000000314e-01 9.762319999999999887e-01 9.768970000000000153e-01 9.791630000000000056e-01 9.795150000000000245e-01 9.773600000000000065e-01 9.789780000000000149e-01 9.754810000000000425e-01
9.784709999999999797e-01 9.764410000000000034e-01 9.757169999999999455e-01 9.780640000000000445e-01 9.773840000000000305e-01 9.753509999999999680e-01 9.758620000000000072e-01 9.765650000000000164e-01
9.754509999999999570e-01 9.764389999999999459e-01 9.754260000000000153e-01 9.758139999999999592e-01 9.781330000000000302e-01 9.781809999999999672e-01 9.769039999999999946e-01 9.752459999999999463e-01
9.791959999999999553e-01 9.765730000000000244e-01 9.754150000000000320e-01 9.795700000000000518e-01 9.761480000000000157e-01 9.760529999999999484e-01 9.788510000000000266e-01 9.764610000000000234e-01
9.758489999999999664e-01 9.772939999999999960e-01 9.785340000000000149e-01 9.781840000000000535e-01 9.768409999999999593e-01 9.766839999999999966e-01 9.753720000000000168e-01 9.773460000000000480e-01
9.767649999999999944e-01 9.754389999999999450e-01 9.751319999999999988e-01 9.774559999999999915e-01 9.780379999999999630e-01 9.786019999999999719e-01 9.776770000000000183e-01 9.773720000000000185e-01
9.772330000000000183e-01 9.754099999999999993e-01 9.786190000000000166e-01 9.791130000000000111e-01 9.762669999999999959e-01 9.786249999999999671e-01 9.778620000000000090e-01 9.781300000000000550e-01
9.781170000000000142e-01 9.797690000000000010e-01 9.753399999999999848e-01 9.788310000000000066e-01 9.771509999999999918e-01 9.766200000000000436e-01 9.767989999999999728e-01 9.771459999999999591e-01
9.789470000000000116e-01 9.749409999999999465e-01 9.763779999999999681e-01 9.786679999999999824e-01 9.786030000000000006e-01 9.775890000000000413e-01 9.790550000000000086e-01 9.762170000000000014e-01
9.784620000000000539e-01 9.753319999999999768e-01 9.760870000000000379e-01 9.757810000000000095e-01 9.778339999999999810e-01 9.787590000000000456e-01 9.761389999999999789e-01 9.756089999999999485e-01
9.762459999999999471e-01 9.778379999999999850e-01 9.784350000000000547e-01 9.767310000000000159e-01 9.792250000000000121e-01 9.754990000000000050e-01 9.791959999999999553e-01 9.772100000000000231e-01
9.776179999999999870e-01 9.758940000000000392e-01 9.762859999999999872e-01 9.776629999999999487e-01 9.767019999999999591e-01 9.780879999999999574e-01 9.796110000000000095e-01 9.773089999999999833e-01
9.758719999999999617e-01 9.777439999999999465e-01 9.782440000000000024e-01 9.756420000000000092e-01 9.799989999999999535e-01 9.790560000000000374e-01 9.766049999999999454e-01 9.759280000000000177e-01
9.799790000000000445e-01 9.795890000000000430e-01 9.761940000000000062e-01 9.755570000000000075e-01 9.758069999999999800e-01 9.793180000000000218e-01 9.779719999999999525e-01 9.763290000000000024e-01
9.783490000000000242e-01 9.755800000000000027e-01 9.780780000000000030e-01 9.789120000000000044e-01 9.761809999999999654e-01 9.795540000000000358e-01 9.775089999999999613e-01 9.765759999999999996e-01
9.771739999999999871e-01 9.768480000000000496e-01 9.794910000000000005e-01 9.768520000000000536e-01 9.792729999999999491e-01 9.776839999999999975e-01 9.770929999999999893e-01 9.798489999999999700e-01
9.782140000000000279e-01 9.796540000000000248e-01 9.784699999999999509e-01 9.756139999999999812e-01 9.762729999999999464e-01 9.769349999999999978e-01 9.769139999999999491e-01 9.772720000000000296e-01
9.769619999999999971e-01 9.759489999999999554e-01 9.768390000000000128e-01 9.770389999999999908e-01 9.755819999999999492e-01 9.785779999999999479e-01 9.796960000000000113e-01 9.773659999999999570e-01
9.769539999999999891e-01 9.768630000000000368e-01 9.774580000000000490e-01 9.771189999999999598e-01 9.782269999999999577e-01 9.783030000000000337e-01 9.778890000000000082e-01 9.779550000000000187e-01
9.780060000000000420e-01 9.768890000000000073e-01 9.756050000000000555e-01 9.774009999999999643e-01 9.760389999999999899e-01 9.776409999999999823e-01 9.752439999999999998e-01 9.788229999999999986e-01
9.767810000000000104e-01 9.763589999999999769e-01 9.776219999999999910e-01 9.755829999999999780e-01 9.792800000000000393e-01 9.761260000000000492e-01 9.754869999999999930e-01 9.777810000000000112e-01
9.774589999999999668e-01 9.748649999999999816e-01 9.772300000000000431e-01 9.791680000000000383e-01 9.781809999999999672e-01 9.752640000000000198e-01 9.756730000000000125e-01 9.787670000000000536e-01
9.767249999999999543e-01 9.765279999999999516e-01 9.757510000000000350e-01 9.768869999999999498e-01 9.767890000000000184e-01 9.788660000000000139e-01 9.766839999999999966e-01 9.756409999999999805e-01
9.783319999999999794e-01 9.784850000000000492e-01 9.776059999999999750e-01 9.769149999999999778e-01 9.758809999999999985e-01 9.752819999999999823e-01 9.790990000000000526e-01 9.772119999999999695e-01
9.756439999999999557e-01 9.759400000000000297e-01 9.771800000000000486e-01 9.776550000000000518e-01 9.789940000000000309e-01 9.761210000000000164e-01 9.790600000000000414e-01 9.788019999999999499e-01
9.771250000000000213e-01 9.790510000000000046e-01 9.753969999999999585e-01 9.778430000000000177e-01 9.801459999999999617e-01 9.788120000000000154e-01 9.756010000000000515e-01 9.779369999999999452e-01
9.758210000000000495e-01 9.784819999999999629e-01 9.794380000000000308e-01 9.774410000000000043e-01 9.790499999999999758e-01 9.771649999999999503e-01 9.786620000000000319e-01 9.776080000000000325e-01
9.751279999999999948e-01 9.751649999999999485e-01 9.783290000000000042e-01 9.755719999999999947e-01 9.759579999999999922e-01 9.770699999999999941e-01 9.788510000000000266e-01 9.755690000000000195e-01
9.785570000000000102e-01 9.779419999999999780e-01 9.783929999999999572e-01 9.775080000000000435e-01 9.779919999999999725e-01 9.763410000000000144e-01 9.766230000000000189e-01 9.777919999999999945e-01
9.779660000000000020e-01 9.752939999999999943e-01 9.785979999999999679e-01 9.789269999999999916e-01 9.756259999999999932e-01 9.762140000000000262e-01 9.790079999999999893e-01 9.781609999999999472e-01
9.778769999999999962e-01 9.769090000000000273e-01 9.764559999999999906e-01 9.764880000000000226e-01 9.755120000000000458e-01 9.776019999999999710e-01 9.768980000000000441e-01 9.755150000000000210e-01
9.792880000000000473e-01 9.767419999999999991e-01 9.769229999999999858e-01 9.794289999999999941e-01 9.752800000000000358e-01 9.770229999999999748e-01 9.778759999999999675e-01 9.773730000000000473e-01
9.778200000000000225e-01 9.792729999999999491e-01 9.780259999999999510e-01 9.751760000000000428e-01 9.774559999999999915e-01 9.795829999999999815e-01 9.761499999999999622e-01 9.761760000000000437e-01
9.778050000000000352e-01 9.760729999999999684e-01 9.761429999999999829e-01 9.779809999999999892e-01 9.759740000000000082e-01 9.773030000000000328e-01 9.755300000000000082e-01 9.788780000000000259e-01
9.777649999999999952e-01 9.795059999999999878e-01 9.768069999999999808e-01 9.791929999999999801e-01 9.783870000000000067e-01 9.788430000000000186e-01 9.750100000000000433e-01 9.778000000000000025e-01
9.780780000000000030e-01 9.787500000000000089e-01 9.763910000000000089e-01 9.770799999999999486e-01 9.763690000000000424e-01 9.762790000000000079e-01 9.792760000000000353e-01 9.754220000000000113e-01
9.794840000000000213e-01 9.793380000000000418e-01 9.780520000000000325e-01 9.789349999999999996e-01 9.785209999999999742e-01 9.767709999999999448e-01 9.764119999999999466e-01 9.772629999999999928e-01
9.758339999999999792e-01 9.788999999999999924e-01 9.761020000000000252e-01 9.795960000000000223e-01 9.796040000000000303e-01 9.757099999999999662e-01 9.764249999999999874e-01 9.747890000000000166e-01
9.782450000000000312e-01 9.782859999999999889e-01 9.793500000000000538e-01 9.788080000000000114e-01 9.772199999999999775e-01 9.793250000000000011e-01 9.754530000000000145e-01 9.760480000000000267e-01
9.762469999999999759e-01 9.777829999999999577e-01 9.778729999999999922e-01 9.774450000000000083e-01 9.782039999999999624e-01 9.783460000000000489e-01 9.759879999999999667e-01 9.780759999999999454e-01
9.778040000000000065e-01 9.777130000000000543e-01 9.779879999999999685e-01 9.770990000000000508e-01 9.754230000000000400e-01 9.799200000000000133e-01 9.785300000000000109e-01 9.758780000000000232e-01
9.758019999999999472e-01 9.768379999999999841e-01 9.772359999999999935e-01 9.775150000000000228e-01 9.754650000000000265e-01 9.783420000000000449e-01 9.779149999999999787e-01 9.755960000000000187e-01
9.795739999999999448e-01 9.780370000000000452e-01 9.787789999999999546e-01 9.771830000000000238e-01 9.757580000000000142e-01 9.781189999999999607e-01 9.793479999999999963e-01 9.764030000000000209e-01
9.765709999999999669e-01 9.779409999999999492e-01 9.759440000000000337e-01 9.796639999999999793e-01 9.757829999999999560e-01 9.787360000000000504e-01 9.763749999999999929e-01 9.751910000000000300e-01
9.787810000000000121e-01 9.768059999999999521e-01 9.760720000000000507e-01 9.785880000000000134e-01 9.760410000000000474e-01 9.787120000000000264e-01 9.757449999999999735e-01 9.778179999999999650e-01
9.749919999999999698e-01 9.782889999999999642e-01 9.790400000000000214e-01 9.758679999999999577e-01 9.756460000000000132e-01 9.778109999999999857e-01 9.752629999999999910e-01 9.758080000000000087e-01
9.750809999999999755e-01 9.796399999999999553e-01 9.756580000000000252e-01 9.768569999999999753e-01 9.789569999999999661e-01 9.775380000000000180e-01 9.775089999999999613e-01 9.760020000000000362e-01
9.786500000000000199e-01 9.752920000000000478e-01 9.777160000000000295e-01 9.758550000000000280e-01 9.762260000000000382e-01 9.766810000000000214e-01 9.783840000000000314e-01 9.788550000000000306e-01
9.754369999999999985e-01 9.764100000000000001e-01 9.770410000000000483e-01 9.782149999999999457e-01 9.772250000000000103e-01 9.764620000000000521e-01 9.763330000000000064e-01 9.784680000000000044e-01
9.795559999999999823e-01 9.766820000000000501e-01 9.753730000000000455e-01 9.772899999999999920e-01 9.774279999999999635e-01 9.784899999999999709e-01 9.758940000000000392e-01 9.758820000000000272e-01
9.782220000000000359e-01 9.775660000000000460e-01 9.761790000000000189e-01 9.749419999999999753e-01 9.758360000000000367e-01 9.781060000000000310e-01 9.781590000000000007e-01 9.756839999999999957e-01
9.759799999999999587e-01 9.763239999999999696e-01 9.761830000000000229e-01 9.787919999999999954e-01 9.762910000000000199e-01 9.762669999999999959e-01 9.756200000000000427e-01 9.768559999999999466e-01
9.786960000000000104e-01 9.760229999999999739e-01 9.798639999999999572e-01 9.772440000000000015e-01 9.787540000000000129e-01 9.760349999999999859e-01 9.789719999999999533e-01 9.778860000000000330e-01
9.777749999999999497e-01 9.761100000000000332e-01 9.755110000000000170e-01 9.770820000000000061e-01 9.773209999999999953e-01 9.785359999999999614e-01 9.793479999999999963e-01 9.756780000000000452e-01
9.755160000000000498e-01 9.750360000000000138e-01 9.788909999999999556e-01 9.754800000000000137e-01 9.755019999999999802e-01 9.794890000000000541e-01 9.784040000000000514e-01 9.792170000000000041e-01
9.762359999999999927e-01 9.756439999999999557e-01 9.764319999999999666e-01 9.771940000000000071e-01 9.784629999999999717e-01 9.770240000000000036e-01 9.768210000000000504e-01 9.777329999999999632e-01
9.760510000000000019e-01 9.797839999999999883e-01 9.780889999999999862e-01 9.756890000000000285e-01 9.791809999999999681e-01 9.765129999999999644e-01 9.775430000000000508e-01 9.757940000000000502e-01
9.779320000000000235e-01 9.756970000000000365e-01 9.780109999999999637e-01 9.779339999999999700e-01 9.773920000000000385e-01 9.768160000000000176e-01 9.762849999999999584e-01 9.783349999999999547e-01
9.789369999999999461e-01 9.751870000000000260e-01 9.795120000000000493e-01 9.753720000000000168e-01 9.765770000000000284e-01 9.796839999999999993e-01 9.784789999999999877e-01 9.754709999999999770e-01
9.794129999999999781e-01 9.783309999999999507e-01 9.759820000000000162e-01 9.777879999999999905e-01 9.795059999999999878e-01 9.784249999999999892e-01 9.758860000000000312e-01 9.745789999999999731e-01
9.761530000000000484e-01 9.796639999999999793e-01 9.758229999999999960e-01 9.774629999999999708e-01 9.796209999999999640e-01 9.786299999999999999e-01 9.760130000000000194e-01 9.757139999999999702e-01
9.762960000000000527e-01 9.763300000000000312e-01 9.775120000000000475e-01 9.787679999999999714e-01 9.779569999999999652e-01 9.760699999999999932e-01 9.764690000000000314e-01 9.773629999999999818e-01
9.771100000000000341e-01 9.783629999999999827e-01 9.797090000000000520e-01 9.772899999999999920e-01 9.791649999999999521e-01 9.787580000000000169e-01 9.752560000000000118e-01 9.772189999999999488e-01
9.794469999999999565e-01 9.787919999999999954e-01 9.787040000000000184e-01 9.776169999999999582e-01 9.756850000000000245e-01 9.797379999999999978e-01 9.772490000000000343e-01 9.797709999999999475e-01
9.763260000000000272e-01 9.783990000000000187e-01 9.779360000000000275e-01 9.772980000000000000e-01 9.756510000000000460e-01 9.794460000000000388e-01 9.773690000000000433e-01 9.775289999999999813e-01
9.770999999999999686e-01 9.761440000000000117e-01 9.771579999999999711e-01 9.778409999999999602e-01 9.760490000000000554e-01 9.756639999999999757e-01 9.787759999999999794e-01 9.763079999999999536e-01
9.780410000000000492e-01 9.766860000000000541e-01 9.798329999999999540e-01 9.796540000000000248e-01 9.778599999999999515e-01 9.765829999999999789e-01 9.759100000000000552e-01 9.783250000000000002e-01
9.774389999999999468e-01 9.753610000000000335e-01 9.771300000000000541e-01 9.796030000000000015e-01 9.778520000000000545e-01 9.770259999999999501e-01 9.769539999999999891e-01 9.758170000000000455e-01
9.776190000000000158e-01 9.785230000000000317e-01 9.781320000000000014e-01 9.775629999999999598e-01 9.776259999999999950e-01 9.750290000000000346e-01 9.757099999999999662e-01 9.793169999999999931e-01
9.767789999999999528e-01 9.767670000000000519e-01 9.757289999999999575e-01 9.765519999999999756e-01 9.782220000000000359e-01 9.763410000000000144e-01 9.798540000000000028e-01 9.797059999999999658e-01
9.771980000000000111e-01 9.783140000000000169e-01 9.764629999999999699e-01 9.791419999999999568e-01 9.781309999999999727e-01 9.781419999999999559e-01 9.770839999999999526e-01 9.774169999999999803e-01
9.777709999999999457e-01 9.763030000000000319e-01 9.757439999999999447e-01 9.776709999999999567e-01 9.750360000000000138e-01 9.776110000000000078e-01 9.777059999999999640e-01 9.792859999999999898e-01
9.775479999999999725e-01 9.781339999999999479e-01 9.751520000000000188e-01 9.766479999999999606e-01 9.776139999999999830e-01 9.782659999999999689e-01 9.766179999999999861e-01 9.752750000000000030e-01
9.780950000000000477e-01 9.778710000000000457e-01 9.785239999999999494e-01 9.788280000000000314e-01 9.781100000000000350e-01 9.792769999999999531e-01 9.757660000000000222e-01 9.758360000000000367e-01
9.777029999999999887e-01 9.779889999999999972e-01 9.793640000000000123e-01 9.762399999999999967e-01 9.755190000000000250e-01 9.775319999999999565e-01 9.781009999999999982e-01 9.761009999999999964e-01
9.781130000000000102e-01 9.760990000000000499e-01 9.751600000000000268e-01 9.792340000000000488e-01 9.791060000000000318e-01 9.767689999999999984e-01 9.790830000000000366e-01 9.765359999999999596e-01
9.795540000000000358e-01 9.761210000000000164e-01 9.776749999999999607e-01 9.795930000000000470e-01 9.757879999999999887e-01 9.795000000000000373e-01 9.782480000000000064e-01 9.777620000000000200e-01
9.760219999999999452e-01 9.778679999999999595e-01 9.772739999999999760e-01 9.792990000000000306e-01 9.758919999999999817e-01 9.760729999999999684e-01 9.770320000000000116e-01 9.779590000000000227e-01
9.755570000000000075e-01 9.795599999999999863e-01 9.764490000000000114e-01 9.791079999999999783e-01 9.792669999999999986e-01 9.784260000000000179e-01 9.755300000000000082e-01 9.785650000000000182e-01
9.761600000000000277e-01 9.779849999999999932e-01 9.788550000000000306e-01 9.790039999999999853e-01 9.755840000000000067e-01 9.784359999999999724e-01 9.757500000000000062e-01 9.777869999999999617e-01
9.777639999999999665e-01 9.793190000000000506e-01 9.791239999999999943e-01 9.796850000000000280e-01 9.759419999999999762e-01 9.755800000000000027e-01 9.796019999999999728e-01 9.789149999999999796e-01
9.762039999999999607e-01 9.760159999999999947e-01 9.779900000000000260e-01 9.796150000000000135e-01 9.764850000000000474e-01 9.794770000000000421e-01 9.769109999999999738e-01 9.756470000000000420e-01
9.764779999999999571e-01 9.762170000000000014e-01 9.766390000000000349e-01 9.776310000000000278e-01 9.776500000000000190e-01 9.754829999999999890e-01 9.784159999999999524e-01 9.785970000000000502e-01
9.796390000000000375e-01 9.767320000000000446e-01 9.762530000000000374e-01 9.779780000000000140e-01 9.769529999999999603e-01 9.753629999999999800e-01 9.771530000000000493e-01 9.791879999999999473e-01
9.795179999999999998e-01 9.795110000000000205e-01 9.757689999999999975e-01 9.766939999999999511e-01 9.783600000000000074e-01 9.768900000000000361e-01 9.792309999999999626e-01 9.775390000000000468e-01
9.797179999999999778e-01 9.782830000000000137e-01 9.758139999999999592e-01 9.781940000000000079e-01 9.776599999999999735e-01 9.751450000000000395e-01 9.764059999999999961e-01 9.775399999999999645e-01
9.799569999999999670e-01 9.769020000000000481e-01 9.763039999999999496e-01 9.774859999999999660e-01 9.763209999999999944e-01 9.762669999999999959e-01 9.776179999999999870e-01 9.783840000000000314e-01
9.749799999999999578e-01 9.784880000000000244e-01 9.765559999999999796e-01 9.771410000000000373e-01 9.764410000000000034e-01 9.789210000000000411e-01 9.772009999999999863e-01 9.750900000000000123e-01
9.787780000000000369e-01 9.791999999999999593e-01 9.775730000000000253e-01 9.774990000000000068e-01 9.768729999999999913e-01 9.785199999999999454e-01 9.778949999999999587e-01 9.780680000000000485e-01
9.779170000000000362e-01 9.772330000000000183e-01 9.753720000000000168e-01 9.780879999999999574e-01 9.752410000000000245e-01 9.771239999999999926e-01 9.782380000000000519e-01 9.773039999999999505e-01
9.768069999999999808e-01 9.778470000000000217e-01 9.784399999999999764e-01 9.761680000000000357e-01 9.766470000000000429e-01 9.788909999999999556e-01 9.768639999999999546e-01 9.768980000000000441e-01
9.799480000000000413e-01 9.781900000000000039e-01 9.761940000000000062e-01 9.792229999999999546e-01 9.794559999999999933e-01 9.771840000000000526e-01 9.772129999999999983e-01 9.793060000000000098e-01
9.755909999999999860e-01 9.756209999999999605e-01 9.791119999999999823e-01 9.784140000000000059e-01 9.792380000000000528e-01 9.754019999999999913e-01 9.779830000000000467e-01 9.779330000000000522e-01
9.750879999999999548e-01 9.782490000000000352e-01 9.754369999999999985e-01 9.777919999999999945e-01 9.795169999999999710e-01 9.753110000000000390e-01 9.783009999999999762e-01 9.761859999999999982e-01
9.782710000000000017e-01 9.772499999999999520e-01 9.757510000000000350e-01 9.795000000000000373e-01 9.771579999999999711e-01 9.760959999999999637e-01 9.753560000000000008e-01 9.766310000000000269e-01
9.755150000000000210e-01 9.792330000000000201e-01 9.794559999999999933e-01 9.756179999999999852e-01 9.795509999999999495e-01 9.789050000000000251e-01 9.778970000000000162e-01 9.779400000000000315e-01
9.753680000000000128e-01 9.755850000000000355e-01 9.776920000000000055e-01 9.768050000000000344e-01 9.768280000000000296e-01 9.797780000000000378e-01 9.763389999999999569e-01 9.761159999999999837e-01
9.784300000000000219e-01 9.794559999999999933e-01 9.773979999999999890e-01 9.763680000000000136e-01 9.770060000000000411e-01 9.781039999999999734e-01 9.796759999999999913e-01 9.787379999999999969e-01
9.757259999999999822e-01 9.790769999999999751e-01 9.765340000000000131e-01 9.798000000000000043e-01 9.766749999999999599e-01 9.782950000000000257e-01 9.777240000000000375e-01 9.757719999999999727e-01
9.765279999999999516e-01 9.764979999999999771e-01 9.779889999999999972e-01 9.781020000000000270e-01 9.780609999999999582e-01 9.761300000000000532e-01 9.779060000000000530e-01 9.764019999999999921e-01
9.759860000000000202e-01 9.798789999999999445e-01 9.763849999999999474e-01 9.764760000000000106e-01 9.791250000000000231e-01 9.762790000000000079e-01 9.759440000000000337e-01 9.796000000000000263e-01
9.782779999999999809e-01 9.763399999999999856e-01 9.777240000000000375e-01 9.771609999999999463e-01 9.790699999999999958e-01 9.776700000000000390e-01 9.766270000000000229e-01 9.774389999999999468e-01
9.769689999999999763e-01 9.779700000000000060e-01 9.761530000000000484e-01 9.791849999999999721e-01 9.772309999999999608e-01 9.778229999999999977e-01 9.775139999999999940e-01 9.749689999999999745e-01
9.774869999999999948e-01 9.791539999999999688e-01 9.769250000000000433e-01 9.768409999999999593e-01 9.774129999999999763e-01 9.784370000000000012e-01 9.764969999999999484e-01 9.765730000000000244e-01
9.759149999999999769e-01 9.751309999999999700e-01 9.773420000000000440e-01 9.763699999999999601e-01 9.776700000000000390e-01 9.790349999999999886e-01 9.769390000000000018e-01 9.773150000000000448e-01
9.782690000000000552e-01 9.777230000000000087e-01 9.768369999999999553e-01 9.794359999999999733e-01 9.796909999999999785e-01 9.768959999999999866e-01 9.779750000000000387e-01 9.779529999999999612e-01
9.769889999999999963e-01 9.751149999999999540e-01 9.796890000000000320e-01 9.762560000000000127e-01 9.771349999999999758e-01 9.763150000000000439e-01 9.796259999999999968e-01 9.772159999999999735e-01
9.777080000000000215e-01 9.794540000000000468e-01 9.764439999999999786e-01 9.787190000000000056e-01 9.784429999999999517e-01 9.779550000000000187e-01 9.787580000000000169e-01 9.771320000000000006e-01
9.774650000000000283e-01 9.777860000000000440e-01 9.770450000000000523e-01 9.781400000000000095e-01 9.774909999999999988e-01 9.763800000000000257e-01 9.796230000000000215e-01 9.795209999999999750e-01
9.798029999999999795e-01 9.761680000000000357e-01 9.779790000000000427e-01 9.771339999999999471e-01 9.760809999999999764e-01 9.752159999999999718e-01 9.771739999999999871e-01 9.749160000000000048e-01
9.760919999999999597e-01 9.775800000000000045e-01 9.779860000000000220e-01 9.753969999999999585e-01 9.790370000000000461e-01 9.760889999999999844e-01 9.765700000000000491e-01 9.750429999999999930e-01
9.757400000000000517e-01 9.775819999999999510e-01 9.750299999999999523e-01 9.785390000000000477e-01 9.781429999999999847e-01 9.774629999999999708e-01 9.758210000000000495e-01 9.760780000000000012e-01
9.787470000000000336e-01 9.772480000000000055e-01 9.772980000000000000e-01 9.755190000000000250e-01 9.778270000000000017e-01 9.754340000000000233e-01 9.788320000000000354e-01 9.781410000000000382e-01
9.756820000000000492e-01 9.780039999999999845e-01 9.764840000000000186e-01 9.795049999999999590e-01 9.794319999999999693e-01 9.767559999999999576e-01 9.759569999999999634e-01 9.771459999999999591e-01
9.773290000000000033e-01 9.766939999999999511e-01 9.758539999999999992e-01 9.768799999999999706e-01 9.782440000000000024e-01 9.773439999999999905e-01 9.770710000000000228e-01 9.793159999999999643e-01
9.789860000000000229e-01 9.767350000000000199e-01 9.769839999999999636e-01 9.765660000000000451e-01 9.786970000000000391e-01 9.749999999999999778e-01 9.766799999999999926e-01 9.760849999999999804e-01
9.792659999999999698e-01 9.796749999999999625e-01 9.782530000000000392e-01 9.776620000000000310e-01 9.773589999999999778e-01 9.778270000000000017e-01 9.761260000000000492e-01 9.791739999999999888e-01
9.760720000000000507e-01 9.776920000000000055e-01 9.766540000000000221e-01 9.765920000000000156e-01 9.759250000000000425e-01 9.794789999999999885e-01 9.788259999999999739e-01 9.744220000000000104e-01
9.777709999999999457e-01 9.763079999999999536e-01 9.792260000000000408e-01 9.780069999999999597e-01 9.771229999999999638e-01 9.757259999999999822e-01 9.772100000000000231e-01 9.779679999999999485e-01
9.767019999999999591e-01 9.786939999999999529e-01 9.771840000000000526e-01 9.779970000000000052e-01 9.781870000000000287e-01 9.778470000000000217e-01 9.792760000000000353e-01 9.758940000000000392e-01
9.795549999999999535e-01 9.755009999999999515e-01 9.778489999999999682e-01 9.788229999999999986e-01 9.774350000000000538e-01 9.774249999999999883e-01 9.776479999999999615e-01 9.772669999999999968e-01
9.748350000000000071e-01 9.774789999999999868e-01 9.797230000000000105e-01 9.789229999999999876e-01 9.782239999999999824e-01 9.772380000000000511e-01 9.775490000000000013e-01 9.784779999999999589e-01
9.758459999999999912e-01 9.771180000000000421e-01 9.773380000000000400e-01 9.761589999999999989e-01 9.769980000000000331e-01 9.753309999999999480e-01 9.794220000000000148e-01 9.758970000000000145e-01
9.779940000000000300e-01 9.763340000000000352e-01 9.778459999999999930e-01 9.757280000000000397e-01 9.775420000000000220e-01 9.770079999999999876e-01 9.753389999999999560e-01 9.795589999999999575e-01
9.769170000000000353e-01 9.789999999999999813e-01 9.752530000000000365e-01 9.783770000000000522e-01 9.756700000000000372e-01 9.767540000000000111e-01 9.762690000000000534e-01 9.793110000000000426e-01
9.779280000000000195e-01 9.771579999999999711e-01 9.778879999999999795e-01 9.781720000000000415e-01 9.789649999999999741e-01 9.753070000000000350e-01 9.763049999999999784e-01 9.788149999999999906e-01
9.786820000000000519e-01 9.755530000000000035e-01 9.786629999999999496e-01 9.748649999999999816e-01 9.790459999999999718e-01 9.794859999999999678e-01 9.779959999999999765e-01 9.762840000000000407e-01
9.796319999999999473e-01 9.780659999999999910e-01 9.765160000000000506e-01 9.771659999999999791e-01 9.772319999999999895e-01 9.759879999999999667e-01 9.761009999999999964e-01 9.757850000000000135e-01
9.789250000000000451e-01 9.792999999999999483e-01 9.767829999999999568e-01 9.770929999999999893e-01 9.758710000000000440e-01 9.780060000000000420e-01 9.796240000000000503e-01 9.761900000000000022e-01
9.793009999999999771e-01 9.779200000000000115e-01 9.765099999999999891e-01 9.770100000000000451e-01 9.769109999999999738e-01 9.781480000000000175e-01 9.762170000000000014e-01 9.764030000000000209e-01
9.755070000000000130e-01 9.794950000000000045e-01 9.781330000000000302e-01 9.792779999999999818e-01 9.756879999999999997e-01 9.789149999999999796e-01 9.788400000000000434e-01 9.793199999999999683e-01
9.764650000000000274e-01 9.771459999999999591e-01 9.770060000000000411e-01 9.762840000000000407e-01 9.773680000000000145e-01 9.766519999999999646e-01 9.771950000000000358e-01 9.782739999999999769e-01
9.755089999999999595e-01 9.780269999999999797e-01 9.755270000000000330e-01 9.768980000000000441e-01 9.796179999999999888e-01 9.789430000000000076e-01 9.793359999999999843e-01 9.762809999999999544e-01
9.772079999999999655e-01 9.769949999999999468e-01 9.779020000000000490e-01 9.754319999999999657e-01 9.753749999999999920e-01 9.781809999999999672e-01 9.774359999999999715e-01 9.795810000000000350e-01
9.768590000000000328e-01 9.762100000000000222e-01 9.796059999999999768e-01 9.759750000000000369e-01 9.764410000000000034e-01 9.765700000000000491e-01 9.781490000000000462e-01 9.759189999999999809e-01
9.748759999999999648e-01 9.755009999999999515e-01 9.751499999999999613e-01 9.797479999999999523e-01 9.757350000000000190e-01 9.771050000000000013e-01 9.796390000000000375e-01 9.799290000000000500e-01
9.770309999999999828e-01 9.779710000000000347e-01 9.792340000000000488e-01 9.779379999999999740e-01 9.773549999999999738e-01 9.790710000000000246e-01 9.759029999999999649e-01 9.782539999999999569e-01
9.787869999999999626e-01 9.775490000000000013e-01 9.790739999999999998e-01 9.782049999999999912e-01 9.796099999999999808e-01 9.791819999999999968e-01 9.772189999999999488e-01 9.786529999999999951e-01
9.781050000000000022e-01 9.768890000000000073e-01 9.779569999999999652e-01 9.766620000000000301e-01 9.768879999999999786e-01 9.759670000000000289e-01 9.794410000000000061e-01 9.789259999999999629e-01
9.758959999999999857e-01 9.779600000000000515e-01 9.775559999999999805e-01 9.768480000000000496e-01 9.790130000000000221e-01 9.756620000000000292e-01 9.775620000000000420e-01 9.762490000000000334e-01
9.758909999999999529e-01 9.758970000000000145e-01 9.772450000000000303e-01 9.780149999999999677e-01 9.754960000000000298e-01 9.778489999999999682e-01 9.749050000000000216e-01 9.773330000000000073e-01
9.779160000000000075e-01 9.780240000000000045e-01 9.770860000000000101e-01 9.787289999999999601e-01 9.795859999999999568e-01 9.791260000000000518e-01 9.770689999999999653e-01 9.767149999999999999e-01
9.752229999999999510e-01 9.796589999999999465e-01 9.753739999999999633e-01 9.753469999999999640e-01 9.773220000000000240e-01 9.773110000000000408e-01 9.750039999999999818e-01 9.776000000000000245e-01
9.783899999999999819e-01 9.793960000000000443e-01 9.791879999999999473e-01 9.752399999999999958e-01 9.774789999999999868e-01 9.797040000000000193e-01 9.799259999999999637e-01 9.763399999999999856e-01
9.788459999999999939e-01 9.780999999999999694e-01 9.773319999999999785e-01 9.762260000000000382e-01 9.759320000000000217e-01 9.779539999999999900e-01 9.774890000000000523e-01 9.798799999999999732e-01
9.784310000000000507e-01 9.762260000000000382e-01 9.751659999999999773e-01 9.779980000000000340e-01 9.775270000000000348e-01 9.793669999999999876e-01 9.760050000000000114e-01 9.785740000000000549e-01
9.782419999999999449e-01 9.761459999999999582e-01 9.798219999999999708e-01 9.791900000000000048e-01 9.788289999999999491e-01 9.790360000000000174e-01 9.751260000000000483e-01 9.782549999999999857e-01
9.761090000000000044e-01 9.776880000000000015e-01 9.759830000000000449e-01 9.770860000000000101e-01 9.765169999999999684e-01 9.749179999999999513e-01 9.800119999999999942e-01 9.780079999999999885e-01
9.756700000000000372e-01 9.792260000000000408e-01 9.767059999999999631e-01 9.769090000000000273e-01 9.755009999999999515e-01 9.760419999999999652e-01 9.783659999999999579e-01 9.773859999999999770e-01
9.779609999999999692e-01 9.792669999999999986e-01 9.772950000000000248e-01 9.749569999999999625e-01 9.765000000000000346e-01 9.791689999999999561e-01 9.759959999999999747e-01 9.767320000000000446e-01
9.754019999999999913e-01 9.761090000000000044e-01 9.793749999999999956e-01 9.795920000000000183e-01 9.786869999999999736e-01 9.794129999999999781e-01 9.788270000000000026e-01 9.759020000000000472e-01
9.798080000000000123e-01 9.793439999999999923e-01 9.754779999999999562e-01 9.766519999999999646e-01 9.790560000000000374e-01 9.756240000000000467e-01 9.776899999999999480e-01 9.791119999999999823e-01
9.774979999999999780e-01 9.784030000000000227e-01 9.775399999999999645e-01 9.795890000000000430e-01 9.781320000000000014e-01 9.780330000000000412e-01 9.773190000000000488e-01 9.771490000000000453e-01
9.794129999999999781e-01 9.782490000000000352e-01 9.753119999999999568e-01 9.762210000000000054e-01 9.773859999999999770e-01 9.771870000000000278e-01 9.793070000000000386e-01 9.776059999999999750e-01
9.770689999999999653e-01 9.763830000000000009e-01 9.767069999999999919e-01 9.786610000000000031e-01 9.770050000000000123e-01 9.773600000000000065e-01 9.754369999999999985e-01 9.793619999999999548e-01
9.776329999999999742e-01 9.793880000000000363e-01 9.768210000000000504e-01 9.775120000000000475e-01 9.783479999999999954e-01 9.789170000000000371e-01 9.753469999999999640e-01 9.772880000000000456e-01
9.796169999999999600e-01 9.750480000000000258e-01 9.779619999999999980e-01 9.782690000000000552e-01 9.794850000000000501e-01 9.782060000000000199e-01 9.754699999999999482e-01 9.764209999999999834e-01
9.755800000000000027e-01 9.773129999999999873e-01 9.760830000000000339e-01 9.787639999999999674e-01 9.762979999999999992e-01 9.784610000000000252e-01 9.760670000000000179e-01 9.795620000000000438e-01
9.781549999999999967e-01 9.762349999999999639e-01 9.794030000000000236e-01 9.758930000000000105e-01 9.763739999999999641e-01 9.749550000000000161e-01 9.750839999999999508e-01 9.765200000000000546e-01
9.775049999999999573e-01 9.771349999999999758e-01 9.769440000000000346e-01 9.781800000000000495e-01 9.797099999999999698e-01 9.763020000000000032e-01 9.751790000000000180e-01 9.773279999999999745e-01
9.776310000000000278e-01 9.777500000000000080e-01 9.777040000000000175e-01 9.777479999999999505e-01 9.756909999999999750e-01 9.798559999999999492e-01 9.779160000000000075e-01 9.780820000000000070e-01
9.758679999999999577e-01 9.763450000000000184e-01 9.771130000000000093e-01 9.749020000000000463e-01 9.772260000000000391e-01 9.797270000000000145e-01 9.749839999999999618e-01 9.771589999999999998e-01
9.761159999999999837e-01 9.777679999999999705e-01 9.756240000000000467e-01 9.754570000000000185e-01 9.791779999999999928e-01 9.794720000000000093e-01 9.779109999999999747e-01 9.773399999999999865e-01
9.776120000000000365e-01 9.777249999999999552e-01 9.757829999999999560e-01 9.790830000000000366e-01 9.761269999999999669e-01 9.767169999999999463e-01 9.791579999999999728e-01 9.786660000000000359e-01
9.783690000000000442e-01 9.771910000000000318e-01 9.781480000000000175e-01 9.767519999999999536e-01 9.749940000000000273e-01 9.771100000000000341e-01 9.789259999999999629e-01 9.777909999999999657e-01
9.765890000000000404e-01 9.782999999999999474e-01 9.781729999999999592e-01 9.797940000000000538e-01 9.773389999999999578e-01 9.769900000000000251e-01 9.778799999999999715e-01 9.796209999999999640e-01
9.754760000000000097e-01 9.774540000000000450e-01 9.788259999999999739e-01 9.765709999999999669e-01 9.750259999999999483e-01 9.762450000000000294e-01 9.757379999999999942e-01 9.758710000000000440e-01
9.795390000000000486e-01 9.774720000000000075e-01 9.768529999999999713e-01 9.762929999999999664e-01 9.772359999999999935e-01 9.795199999999999463e-01 9.757930000000000215e-01 9.767679999999999696e-01
9.791539999999999688e-01 9.780579999999999830e-01 9.793730000000000491e-01 9.782819999999999849e-01 9.784990000000000077e-01 9.771450000000000413e-01 9.760240000000000027e-01 9.792720000000000313e-01
9.792629999999999946e-01 9.780400000000000205e-01 9.773530000000000273e-01 9.776740000000000430e-01 9.752709999999999990e-01 9.766049999999999454e-01 9.780910000000000437e-01 9.791940000000000088e-01
9.761689999999999534e-01 9.766989999999999839e-01 9.765220000000000011e-01 9.783340000000000369e-01 9.752880000000000438e-01 9.767829999999999568e-01 9.773249999999999993e-01 9.761940000000000062e-01
9.756839999999999957e-01 9.759320000000000217e-01 9.762950000000000239e-01 9.780619999999999870e-01 9.759060000000000512e-01 9.799430000000000085e-01 9.754429999999999490e-01 9.751300000000000523e-01
9.754369999999999985e-01 9.777390000000000247e-01 9.797019999999999618e-01 9.758590000000000320e-01 9.749980000000000313e-01 9.792870000000000186e-01 9.762560000000000127e-01 9.793720000000000203e-01
9.796110000000000095e-01 9.789999999999999813e-01 9.780050000000000132e-01 9.756449999999999845e-01 9.790860000000000118e-01 9.784599999999999964e-01 9.753129999999999855e-01 9.784629999999999717e-01
9.777740000000000320e-01 9.788639999999999564e-01 9.754699999999999482e-01 9.789349999999999996e-01 9.795620000000000438e-01 9.775310000000000388e-01 9.772429999999999728e-01 9.760349999999999859e-01
9.759280000000000177e-01 9.755500000000000282e-01 9.772300000000000431e-01 9.792020000000000168e-01 9.763079999999999536e-01 9.794070000000000276e-01 9.756320000000000547e-01 9.789229999999999876e-01
9.757099999999999662e-01 9.787879999999999914e-01 9.785399999999999654e-01 9.791860000000000008e-01 9.795970000000000510e-01 9.777120000000000255e-01 9.768729999999999913e-01 9.791159999999999863e-01
9.791619999999999768e-01 9.769700000000000051e-01 9.791849999999999721e-01 9.783960000000000434e-01 9.775000000000000355e-01 9.778430000000000177e-01 9.792849999999999611e-01 9.765610000000000124e-01
9.752880000000000438e-01 9.779379999999999740e-01 9.758790000000000520e-01 9.767909999999999648e-01 9.776460000000000150e-01 9.792619999999999658e-01 9.765850000000000364e-01 9.778200000000000225e-01
9.770029999999999548e-01 9.756660000000000332e-01 9.759700000000000042e-01 9.789870000000000516e-01 9.783760000000000234e-01 9.751800000000000468e-01 9.760980000000000212e-01 9.755279999999999507e-01
9.771940000000000071e-01 9.786190000000000166e-01 9.793269999999999476e-01 9.794730000000000381e-01 9.793859999999999788e-01 9.760910000000000419e-01 9.764009999999999634e-01 9.763330000000000064e-01
9.787620000000000209e-01 9.779489999999999572e-01 9.793209999999999971e-01 9.780450000000000532e-01 9.766420000000000101e-01 9.754939999999999722e-01 9.782669999999999977e-01 9.764789999999999859e-01
9.759600000000000497e-01 9.748860000000000303e-01 9.756660000000000332e-01 9.763180000000000192e-01 9.776010000000000533e-01 9.757099999999999662e-01 9.788510000000000266e-01 9.755310000000000370e-01
9.780969999999999942e-01 9.750050000000000106e-01 9.759459999999999802e-01 9.766249999999999654e-01 9.750640000000000418e-01 9.759139999999999482e-01 9.780600000000000405e-01 9.788729999999999931e-01
9.755340000000000122e-01 9.760689999999999644e-01 9.797249999999999570e-01 9.791959999999999553e-01 9.776420000000000110e-01 9.775329999999999853e-01 9.770069999999999588e-01 9.787120000000000264e-01
9.798409999999999620e-01 9.796230000000000215e-01 9.752520000000000078e-01 9.753479999999999928e-01 9.779740000000000100e-01 9.778390000000000137e-01 9.767320000000000446e-01 9.753739999999999633e-01
9.762070000000000469e-01 9.749299999999999633e-01 9.795049999999999590e-01 9.752319999999999878e-01 9.775949999999999918e-01 9.788550000000000306e-01 9.765059999999999851e-01 9.773030000000000328e-01
9.773530000000000273e-01 9.750910000000000410e-01 9.760809999999999764e-01 9.772309999999999608e-01 9.754420000000000313e-01 9.786299999999999999e-01 9.758440000000000447e-01 9.769240000000000146e-01
9.755449999999999955e-01 9.780969999999999942e-01 9.753509999999999680e-01 9.778860000000000330e-01 9.758930000000000105e-01 9.789369999999999461e-01 9.763840000000000297e-01 9.756960000000000077e-01
9.774380000000000290e-01 9.758339999999999792e-01 9.778050000000000352e-01 9.758949999999999569e-01 9.781929999999999792e-01 9.755139999999999922e-01 9.772720000000000296e-01 9.795719999999999983e-01
9.780739999999999990e-01 9.765040000000000386e-01 9.796470000000000455e-01 9.786690000000000111e-01 9.756299999999999972e-01 9.793950000000000156e-01 9.778670000000000417e-01 9.792419999999999458e-01
9.792710000000000026e-01 9.780560000000000365e-01 9.789050000000000251e-01 9.776629999999999487e-01 9.772359999999999935e-01 9.771680000000000366e-01 9.776380000000000070e-01 9.762030000000000429e-01
9.765979999999999661e-01 9.764289999999999914e-01 9.776369999999999783e-01 9.791320000000000023e-01 9.778729999999999922e-01 9.778040000000000065e-01 9.772199999999999775e-01 9.784540000000000459e-01
9.757360000000000477e-01 9.757280000000000397e-01 9.767649999999999944e-01 9.754699999999999482e-01 9.780529999999999502e-01 9.759280000000000177e-01 9.775880000000000125e-01 9.772089999999999943e-01
9.775249999999999773e-01 9.782410000000000272e-01 9.779499999999999860e-01 9.759539999999999882e-01 9.781509999999999927e-01 9.766740000000000421e-01 9.799409999999999510e-01 9.783070000000000377e-01
9.764650000000000274e-01 9.775239999999999485e-01 9.779630000000000267e-01 9.759700000000000042e-01 9.760940000000000172e-01 9.781729999999999592e-01 9.778520000000000545e-01 9.796190000000000175e-01
9.754990000000000050e-01 9.795610000000000150e-01 9.770199999999999996e-01 9.788639999999999564e-01 9.732110000000000483e-01 9.777700000000000280e-01 9.779930000000000012e-01 9.781060000000000310e-01
9.770889999999999853e-01 9.781440000000000135e-01 9.777489999999999792e-01 9.785190000000000277e-01 9.762140000000000262e-01 9.757789999999999520e-01 9.775970000000000493e-01 9.762020000000000142e-01
9.794690000000000341e-01 9.778759999999999675e-01 9.773880000000000345e-01 9.779949999999999477e-01 9.756920000000000037e-01 9.780309999999999837e-01 9.777749999999999497e-01 9.783359999999999834e-01
9.796139999999999848e-01 9.778400000000000425e-01 9.765439999999999676e-01 9.755350000000000410e-01 9.794509999999999605e-01 9.754800000000000137e-01 9.759130000000000305e-01 9.791760000000000463e-01
9.774950000000000028e-01 9.786880000000000024e-01 9.783789999999999987e-01 9.779339999999999700e-01 9.756190000000000140e-01 9.798839999999999772e-01 9.800550000000000095e-01 9.775669999999999638e-01
9.757689999999999975e-01 9.780269999999999797e-01 9.770560000000000356e-01 9.786639999999999784e-01 9.775610000000000133e-01 9.773570000000000313e-01 9.782509999999999817e-01 9.779550000000000187e-01
9.792880000000000473e-01 9.793840000000000323e-01 9.796129999999999560e-01 9.782819999999999849e-01 9.754439999999999777e-01 9.749539999999999873e-01 9.790339999999999598e-01 9.754530000000000145e-01
9.763720000000000176e-01 9.760189999999999699e-01 9.757799999999999807e-01 9.762669999999999959e-01 9.759940000000000282e-01 9.768529999999999713e-01 9.777550000000000407e-01 9.768430000000000168e-01
9.782750000000000057e-01 9.776989999999999847e-01 9.762779999999999792e-01 9.764150000000000329e-01 9.788310000000000066e-01 9.774410000000000043e-01 9.775239999999999485e-01 9.794990000000000085e-01
9.759160000000000057e-01 9.796920000000000073e-01 9.784899999999999709e-01 9.782279999999999864e-01 9.795829999999999815e-01 9.778229999999999977e-01 9.765179999999999971e-01 9.764880000000000226e-01
9.786430000000000407e-01 9.771889999999999743e-01 9.776759999999999895e-01 9.779360000000000275e-01 9.792300000000000448e-01 9.769039999999999946e-01 9.783199999999999674e-01 9.758259999999999712e-01
9.767430000000000279e-01 9.769419999999999771e-01 9.785099999999999909e-01 9.756200000000000427e-01 9.794049999999999701e-01 9.760339999999999572e-01 9.764249999999999874e-01 9.749780000000000113e-01
9.755580000000000362e-01 9.753920000000000368e-01 9.782710000000000017e-01 9.784519999999999884e-01 9.794329999999999981e-01 9.793789999999999996e-01 9.759459999999999802e-01 9.761239999999999917e-01
9.791579999999999728e-01 9.760280000000000067e-01 9.757149999999999990e-01 9.756810000000000205e-01 9.795000000000000373e-01 9.775350000000000428e-01 9.776599999999999735e-01 9.779050000000000242e-01
9.760830000000000339e-01 9.776620000000000310e-01 9.779069999999999707e-01 9.752279999999999838e-01 9.764890000000000514e-01 9.770130000000000203e-01 9.758259999999999712e-01 9.794890000000000541e-01
9.751039999999999708e-01 9.762499999999999512e-01 9.798120000000000163e-01 9.749520000000000408e-01 9.753899999999999793e-01 9.790759999999999463e-01 9.794159999999999533e-01 9.753159999999999608e-01
9.759060000000000512e-01 9.790870000000000406e-01 9.752309999999999590e-01 9.766700000000000381e-01 9.791579999999999728e-01 9.761419999999999542e-01 9.785789999999999766e-01 9.753859999999999753e-01
7.078419999999999712e-01 7.045970000000000288e-01 7.107900000000000329e-01 7.109039999999999804e-01 7.101790000000000047e-01 7.106860000000000399e-01 7.099400000000000155e-01 7.082690000000000374e-01
