0 0 0 0
1 0 0 0
2 0 0 0
3 0 0 0
4 0 0 0
5 4.018347054e-12 4.018347054e-14 1.614711304e-25
6 4.965579683e-12 8.983926737e-14 4.040099519e-25
7 7.285030387e-12 1.626895712e-13 9.215047749e-25
8 7.285030387e-12 1.626895712e-13 9.215047749e-25
9 2.574855538e-11 4.503118356e-13 7.532000048e-24
10 7.635039148e-06 8.08736729e-08 5.842861419e-13
11 8.08663573e-06 1.624974252e-07 1.22481588e-12
12 8.08663573e-06 1.624668325e-07 1.224825811e-12
13 8.08663573e-06 2.386563901e-07 1.581986086e-12
14 0.0003050258478 3.404286631e-06 9.304920729e-10
15 0.001304304949 1.638187241e-05 1.785480403e-08
16 0.01071750729 0.0001567156709 1.263438579e-06
17 0.01071750729 0.0001564465559 1.263522977e-06
18 0.01071750729 0.0001563792962 1.263541999e-06
19 0.01071750729 0.0001562482679 1.263581641e-06
20 0.01071750729 0.0002004350029 1.349502186e-06
21 0.01071750729 0.0002553451497 1.469184008e-06
22 0.05131283338 0.0008282153113 2.778357461e-05
23 0.05131283338 0.001252036325 4.363141953e-05
24 0.06585602139 0.002036647519 8.751644045e-05
25 0.06585602139 0.002217523864 9.153771611e-05
26 0.09160486578 0.003819232942 0.0001998576304
27 0.09160486578 0.003832631478 0.0002074181833
28 0.09160486578 0.006445166804 0.0003717645186
29 0.09160486578 0.006172447894 0.0003523273598
30 0.09160486578 0.005602001538 0.0003161765975
31 0.09160486578 0.005079749686 0.0002974386307
32 0.09160486578 0.005091790959 0.0002972441581
33 0.09160486578 0.00644275364 0.0004017453725
34 0.09751201214 0.006706073384 0.0004592570803
35 0.2253456289 0.01046529328 0.001166696702
36 0.3299117868 0.01637095395 0.002840428539
37 0.4477205657 0.01728635334 0.004340140769
38 0.4477205657 0.01622046327 0.004270715632
39 0.4477205657 0.01914068223 0.004888016278
40 0.4477205657 0.0261276394 0.006500301859
41 0.4477205657 0.03192664639 0.007909942339
42 0.4477205657 0.03614365124 0.01050533449
43 0.4480755208 0.04551182984 0.01287307394
44 0.4480755208 0.04673758995 0.01370062694
45 0.9491524252 0.05943836604 0.0254393397
46 0.9491524252 0.05988545839 0.02483821985
47 0.9491524252 0.05193254801 0.02423220829
48 0.9929200465 0.07199506648 0.03736839478
48 0.2082976492 0.00445556967 0.0006563213952
49 0.2246949814 0.007256485777 0.001149972226
50 0.2246949814 0.009019704856 0.001387231708
51 0.2246949814 0.008618287224 0.001405551009
52 0.254674276 0.01636802515 0.002537014297
53 0.254674276 0.02145959672 0.003761140338
54 0.254674276 0.02246710283 0.004012575732
55 0.398761673 0.02266274618 0.005011509649
56 0.4122694695 0.0255944231 0.006487462022
57 0.4342454483 0.03362036191 0.009432016131
58 0.4342454483 0.0291553513 0.007614485242
59 0.4638095466 0.04221171205 0.01200765703
60 0.5065508536 0.03817855227 0.01116580164
61 0.5065508536 0.04055920392 0.01177331996
62 0.5065508536 0.04620308264 0.01402377544
63 0.5065508536 0.05148779792 0.01624010029
64 0.5065508536 0.04186440577 0.01288758109
65 0.5065508536 0.04995014307 0.01523658963
66 0.5065508536 0.03471380212 0.01154977619
67 0.5575872509 0.04913987408 0.01794869857
68 0.5575872509 0.03693187849 0.01466267701
69 0.6844901345 0.04297702161 0.01810702713
70 0.6844901345 0.0435351137 0.01851223125
71 0.6844901345 0.05058994614 0.02029487321
72 0.6844901345 0.04968187395 0.02186003092
73 0.6844901345 0.0350527986 0.01595302353
74 0.6844901345 0.04634775194 0.02013702824
75 0.6844901345 0.04957631611 0.02215391409
76 0.6844901345 0.05370407305 0.02205434545
77 0.6844901345 0.04597318691 0.02173500241
78 0.6844901345 0.05315367036 0.02570256339
79 0.6844901345 0.04759432054 0.0217952081
80 0.6844901345 0.04592566798 0.02201717633
81 0.6844901345 0.06265984357 0.03099573845
82 0.6844901345 0.05227979247 0.02425938599
83 0.6844901345 0.04936845225 0.02330096538
84 0.6844901345 0.05870077519 0.02567153591
85 0.6844901345 0.07759066745 0.03155460503
86 0.7677980867 0.08524352591 0.0349252115
87 0.7677980867 0.08704893114 0.03580932936
88 0.7677980867 0.07628843035 0.03265608589
89 0.7677980867 0.0843549828 0.03442262349
90 0.7677980867 0.07950822579 0.03292430013
91 0.7677980867 0.08197355022 0.03610682745
92 0.7677980867 0.08337350084 0.03822672501
93 0.7677980867 0.08270896948 0.03656656292
94 0.7677980867 0.08693288827 0.03331826442
95 0.7677980867 0.07653833452 0.03191810445
96 0.7677980867 0.08331412824 0.03235948506
97 0.7677980867 0.1103282404 0.04129209511
98 0.7677980867 0.08734350717 0.03475765063
99 0.7677980867 0.1033263255 0.03905707958
100 0.7677980867 0.08186071291 0.03617979643
101 0.7677980867 0.08860965747 0.03660243341
102 0.7892558756 0.1183266509 0.04294190972
103 0.7892558756 0.1015557281 0.03859375678
104 0.7892558756 0.08983402259 0.0371902182
105 0.7892558756 0.07776028607 0.03159567535
106 0.7892558756 0.06051918327 0.0278191539
107 0.7892558756 0.08192202797 0.03582926128
108 0.7892558756 0.08783177348 0.03141304796
109 0.7892558756 0.09099832619 0.03185782944
110 0.7892558756 0.08592986872 0.03712475215
111 0.8147120588 0.09882766325 0.03959742958
112 0.8200893809 0.1002394444 0.04227410102
113 0.8200893809 0.09251727097 0.038356921
114 0.8200893809 0.09108177428 0.03731694632
115 0.8200893809 0.07384532451 0.03499328932
116 0.8200893809 0.09134146802 0.04356271906
117 0.8200893809 0.08151087652 0.03694249041
118 0.8631637834 0.1040375038 0.04677435031
119 0.8730754033 0.1221968686 0.05494028852
120 0.8730754033 0.1109261226 0.04807023448
121 0.8730754033 0.1167921389 0.04817066822
122 0.8730754033 0.1148801864 0.04363834276
123 0.8730754033 0.1053442726 0.04713548461
124 0.8730754033 0.117347922 0.04784003437
125 0.8730754033 0.1073696578 0.04678556842
126 0.8730754033 0.1053874381 0.04200830413
127 0.8730754033 0.1157472957 0.05052974378
128 0.8730754033 0.1065304472 0.04502340762
129 0.8730754033 0.09247299558 0.0380878986
130 0.8730754033 0.1072042442 0.04427915561
131 0.8730754033 0.1103726161 0.04535069037
132 0.8895892076 0.107666941 0.04089739319
133 0.8895892076 0.09579333754 0.03946640969
134 0.9164727444 0.1250135879 0.05286896845
135 0.9164727444 0.1467337464 0.0579036866
136 0.9164727444 0.09782561375 0.0397857738
137 0.9164727444 0.1289641601 0.04973173995
138 0.9164727444 0.14768687 0.05826704397
139 0.9164727444 0.1495770109 0.0510298178
140 0.9164727444 0.1435219409 0.05431085132
141 0.9164727444 0.1420236864 0.05130469553
142 0.9164727444 0.1486371634 0.05330499316
143 0.9164727444 0.1512671197 0.05522072615
144 0.9164727444 0.1364106734 0.05143144847
145 0.9164727444 0.102774556 0.03887587485
146 0.9220290329 0.1272438499 0.05936579351
147 0.9220290329 0.1275792305 0.049168042
148 0.9220290329 0.1213591012 0.04619714917
149 0.9220290329 0.1195434525 0.04718456942
150 0.9220290329 0.1135732228 0.05000838768
151 0.9220290329 0.1167091204 0.0471642608
152 0.9220290329 0.09538502118 0.0404780839
153 0.9220290329 0.1305410948 0.05430361755
154 0.9220290329 0.1468857619 0.05887826822
155 0.9220290329 0.1470138669 0.04602850141
156 0.9220290329 0.1268760474 0.04136223077
157 0.9220290329 0.115145522 0.04321810636
158 0.9403569606 0.1471313782 0.05779688871
159 0.9403569606 0.1484899827 0.05074478197
160 0.9403569606 0.1355674665 0.04405303106
161 0.9403569606 0.1549445224 0.05119402845
162 0.9403569606 0.1495640748 0.05716761444
163 0.9403569606 0.1665260492 0.05377469292
164 0.9403569606 0.1556802822 0.05248441817
165 0.9403569606 0.1413160507 0.04802919404
166 0.9403569606 0.1437980231 0.05558197249
167 0.9403569606 0.1570740782 0.0600637671
168 0.9403569606 0.1651937921 0.05312935736
169 0.9403569606 0.1607161792 0.05674046867
170 0.9403569606 0.1546329208 0.05841396838
171 0.9403569606 0.168028209 0.06136515325
172 0.9403569606 0.1572351923 0.05395456587
173 0.9403569606 0.1538822654 0.05038928348
174 0.9403569606 0.154239736 0.06048359179
175 0.9403569606 0.1438319855 0.05122152998
176 0.9403569606 0.1276812258 0.04613407762
177 0.9403569606 0.1127124841 0.04563860782
178 0.9403569606 0.1178269095 0.05121999845
179 0.9403569606 0.134993283 0.05045970127
180 0.9403569606 0.1309712685 0.05154383819
181 0.9403569606 0.1168782701 0.04764165353
182 0.9403569606 0.1163776287 0.0488167431
183 0.9403569606 0.1089838036 0.04045942566
184 0.9403569606 0.1018404865 0.04527340594
185 0.9403569606 0.09913925394 0.04635355151
186 0.965644257 0.1117305337 0.05324661456
187 0.965644257 0.117832024 0.05282892411
188 0.965644257 0.1214500245 0.05018210303
189 0.965644257 0.09885438887 0.04109459673
190 0.965644257 0.1055756145 0.04531042696
191 0.965644257 0.1126653363 0.05141481364
192 0.965644257 0.1291558581 0.06346681848
193 0.965644257 0.1036729578 0.04861858958
194 0.965644257 0.1079401326 0.05313909446
195 0.965644257 0.08468716716 0.04363174153
196 0.965644257 0.1130416953 0.04834813335
197 0.965644257 0.1124807252 0.0458942514
198 0.965644257 0.1347329362 0.05456548349
199 0.965644257 0.1203519003 0.04600814482
200 0.965644257 0.1472184888 0.05255742731
201 0.965644257 0.1375020794 0.05659673868
202 0.965644257 0.1462418988 0.06407512777
203 0.965644257 0.1511663782 0.05320299292
204 0.965644257 0.1393762553 0.04881990839
205 0.965644257 0.138535282 0.05433383748
206 0.965644257 0.128617333 0.04983721069
207 0.965644257 0.1286954632 0.05399687387
208 0.965644257 0.1571484732 0.05945416639
209 0.965644257 0.1956443447 0.07113796078
210 0.9732083035 0.1835763704 0.06591481445
211 0.9732083035 0.142755583 0.05506864029
212 0.9732083035 0.1563275788 0.05652320259
213 0.9732083035 0.1507632269 0.05023199803
214 0.9732083035 0.1563475739 0.05780494989
215 0.9732083035 0.1375686177 0.04805315457
216 0.9732083035 0.1413723294 0.05716953954
217 0.9732083035 0.1404625449 0.05816035709
218 0.9732083035 0.1558008592 0.0620813474
219 0.9732083035 0.1525530585 0.05847037683
220 0.9732083035 0.1479325495 0.0507639672
221 0.9732083035 0.1483064875 0.06253727505
222 0.9732083035 0.136834306 0.05140235042
223 0.9732083035 0.1568726961 0.05334143084
224 0.9732083035 0.1388748317 0.04993222393
225 0.9732083035 0.1458381136 0.04862559775
226 0.9732083035 0.1388309877 0.0512166355
227 0.9732083035 0.1266307542 0.04943792462
228 0.9732083035 0.1468548267 0.05344758007
229 0.9732083035 0.1365714769 0.05253573207
230 0.9732083035 0.1422396703 0.05227258522
231 0.9732083035 0.1407688479 0.06475471643
232 0.9732083035 0.1346564027 0.05828873173
233 0.9732083035 0.1246892011 0.0544903174
234 0.9732083035 0.1191255573 0.04912751521
235 0.9732083035 0.1481763844 0.06461617933
236 0.9732083035 0.140276949 0.05812660927
237 0.9732083035 0.1575569743 0.05688378345
238 0.9732083035 0.1392135426 0.06192582773
239 0.9732083035 0.148931285 0.06513543722
240 0.9732083035 0.1315189112 0.05384579561
241 0.9732083035 0.1290248122 0.05840284188
242 0.9732083035 0.1301302226 0.05057619319
243 0.9732083035 0.1490148158 0.06576675395
244 0.9732083035 0.1342754282 0.06019504295
245 0.9732083035 0.1370711542 0.05278904086
246 0.9887724218 0.1421950047 0.05570995577
247 0.9887724218 0.1221416052 0.05155341594
248 0.9887724218 0.1218121434 0.04897383084
249 0.9887724218 0.12988069 0.05960404267
250 0.9887724218 0.1106393604 0.04779744005
251 0.9887724218 0.1338613974 0.05563913286
252 0.9887724218 0.1423029778 0.05323485405
253 0.9887724218 0.1461437321 0.06927956873
254 0.9887724218 0.143284146 0.05375789756
255 0.9887724218 0.1496593287 0.05721762533
256 0.9887724218 0.1658716817 0.06638587694
257 0.9887724218 0.1554786174 0.05249197131
258 0.9887724218 0.1578958114 0.05334417718
259 0.9887724218 0.1596358634 0.05960031117
260 0.9887724218 0.1483401643 0.06789351021
261 0.9887724218 0.1665924019 0.06541186357
262 0.9887724218 0.1475865176 0.05405359955
263 0.9887724218 0.1290843083 0.04528094374
264 0.9887724218 0.1535156968 0.05877842229
265 0.9887724218 0.1359608557 0.05416911852
266 0.9887724218 0.1257598941 0.04842318986
267 0.9887724218 0.1321334868 0.05252710467
268 0.9887724218 0.132544681 0.05039056628
269 0.9887724218 0.1432484748 0.06146180713
270 0.9887724218 0.1405368546 0.05936846066
271 0.9887724218 0.1646284175 0.06625251392
272 0.9887724218 0.1368912681 0.05764770312
273 0.9887724218 0.1164458996 0.04330273309
274 0.9887724218 0.1305352843 0.04779957701
275 0.9887724218 0.1372283975 0.04971225059
276 0.9887724218 0.1496793903 0.05583905148
277 0.9887724218 0.1393076197 0.05880936678
278 0.9887724218 0.1423086885 0.05505801107
279 0.9887724218 0.1474202212 0.05690011176
280 0.9887724218 0.1461168051 0.04931279841
281 0.9887724218 0.1517418641 0.05766234423
282 0.9887724218 0.1569252736 0.0586624513
283 0.9887724218 0.1401372949 0.05435744294
284 0.9887724218 0.1372845669 0.05262477969
285 0.9887724218 0.1543398292 0.0513145793
286 0.9887724218 0.1507473643 0.05215264803
287 0.9887724218 0.1317573316 0.05083317712
288 0.9887724218 0.1398414632 0.05296819234
289 0.9887724218 0.1442955133 0.06240651303
290 0.9887724218 0.154433725 0.07087755262
291 0.9887724218 0.1621744018 0.06665499488
292 0.9887724218 0.1495481748 0.05980834324
293 0.9887724218 0.1473250523 0.05895064678
294 0.9887724218 0.1464025576 0.05401397574
295 0.9887724218 0.1334794614 0.06202170699
296 0.9887724218 0.129384927 0.05732280869
297 0.9887724218 0.1275247926 0.05724348395
298 0.9887724218 0.1261398358 0.04674015768
299 0.9887724218 0.1365542397 0.06437523288
300 0.9887724218 0.1338227582 0.05131163106
301 0.9887724218 0.1360623658 0.05183360306
302 0.9887724218 0.1516855404 0.05286622595
303 0.9887724218 0.1535997488 0.05549329495
304 0.9887724218 0.1418582994 0.04987114626
305 0.9887724218 0.1362215906 0.05082527834
306 0.9887724218 0.1754805263 0.06609255412
307 0.9887724218 0.173447547 0.06596933446
308 0.9887724218 0.157919823 0.05200344367
309 0.9887724218 0.1360618452 0.05388360897
310 0.9887724218 0.1342457551 0.05445533254
311 0.9887724218 0.1165398996 0.04437785371
312 0.9887724218 0.1293423053 0.0487609995
313 0.9887724218 0.1455342279 0.05315736469
314 0.9887724218 0.131448261 0.05098295263
315 0.9887724218 0.1334837088 0.05682776453
316 0.9887724218 0.1395307003 0.05449583626
317 0.9910870668 0.1459320812 0.05820861787
318 0.9910870668 0.1314236054 0.04797027777
319 0.9910870668 0.1315210066 0.05587682591
320 0.9910870668 0.1271389612 0.05578030634
321 0.9910870668 0.1265079471 0.05106263196
322 0.9910870668 0.1245599933 0.05320354811
323 0.9910870668 0.1476805213 0.06335534904
324 0.9910870668 0.1281996044 0.05168670027
325 0.9910870668 0.1602334322 0.06046706395
326 0.994544078 0.158571507 0.05909348225
327 0.994544078 0.1549382683 0.05283462321
328 0.994544078 0.1738154565 0.06217281893
329 0.994544078 0.1487206385 0.05641909847
330 0.994544078 0.164902643 0.06209190277
331 0.994544078 0.1328203755 0.05270017574
332 0.994544078 0.1569108448 0.06390245877
333 0.994544078 0.1768889398 0.07148818466
334 0.994544078 0.1672791449 0.06818738091
335 0.994544078 0.1907301982 0.06592614171
336 0.994544078 0.1505380251 0.05513755512
337 0.994544078 0.142758907 0.04949920322
338 0.994544078 0.1317866887 0.05059671642
339 0.994544078 0.1659851705 0.06274598638
340 0.994544078 0.1825868347 0.06577008209
341 0.994544078 0.1464614634 0.05216432343
342 0.994544078 0.1719568502 0.05672559605
343 0.994544078 0.1642772136 0.06221241566
344 0.994544078 0.1667441362 0.06067453769
345 0.994544078 0.1635534112 0.06482372191
346 0.994544078 0.1661712517 0.06281388254
347 0.994544078 0.1532830275 0.05447305416
348 0.994544078 0.178428522 0.06231599686
349 0.994544078 0.1643063626 0.06195157301
350 0.994544078 0.1456095117 0.04961428278
351 0.994544078 0.1703199454 0.05563312834
352 0.994544078 0.1568346461 0.06118453
353 0.994544078 0.1595450086 0.05907824764
354 0.994544078 0.146346466 0.05148375619
355 0.994544078 0.150184343 0.0642881132
356 0.994544078 0.1231787367 0.05266771792
357 0.994544078 0.1343347854 0.04970747776
358 0.994544078 0.1218228191 0.05392412762
359 0.994544078 0.1278805649 0.04809650257
360 0.994544078 0.144590285 0.05585199536
361 0.994544078 0.1368576571 0.04991048693
362 0.994544078 0.124364586 0.05103632605
363 0.994544078 0.118836108 0.04646895406
364 0.994544078 0.1431649823 0.05695892869
365 0.994544078 0.1459741312 0.06099041455
366 0.994544078 0.149910516 0.0599646286
367 0.994544078 0.1549792524 0.0636035611
368 0.994544078 0.1454938564 0.06196840327
369 0.994544078 0.1571928309 0.06902082219
370 0.994544078 0.1632466384 0.05360243365
371 0.994544078 0.1687405932 0.06688241793
372 0.994544078 0.147160126 0.05952460594
373 0.994544078 0.1453041792 0.05984319889
374 0.994544078 0.1230405012 0.04753002278
375 0.994544078 0.1076127342 0.04488267588
376 0.994544078 0.1201158569 0.05248324332
377 0.994544078 0.1227002113 0.05516116769
378 0.994544078 0.1021239672 0.04719200078
379 0.994544078 0.1118477419 0.04966459398
380 0.994544078 0.1112962164 0.04688155507
381 0.994544078 0.1171230178 0.0539096147
382 0.994544078 0.1326647732 0.05787566062
383 0.994544078 0.1266928869 0.05075043936
384 0.994544078 0.15684255 0.063656983
385 0.994544078 0.1487501967 0.05919280973
386 0.994544078 0.1324076072 0.05694678419
387 0.994544078 0.1213634288 0.04821421199
388 0.994544078 0.1494266469 0.05988900517
389 0.994544078 0.1422096324 0.06567283739
390 0.994544078 0.1298608018 0.05439100278
391 0.994544078 0.1366111737 0.06530879151
392 0.994544078 0.1142237987 0.05552287787
393 0.994544078 0.1247063176 0.06314712822
394 0.994544078 0.1257284239 0.06392982779
395 0.994544078 0.103831973 0.04859265834
396 0.994544078 0.1156281587 0.05702441907
397 0.994544078 0.1182881574 0.0520933214
398 0.994544078 0.1268822983 0.04740648095
399 0.994544078 0.1451342503 0.0561306672
400 0.994544078 0.1233379299 0.053727746
401 0.994544078 0.1351385918 0.05171546346
402 0.994544078 0.1534279313 0.06362292292
403 0.994544078 0.1350385448 0.05343393075
404 0.994544078 0.1266409055 0.05469928792
405 0.994544078 0.1326900963 0.04758779856
406 0.994544078 0.1359806409 0.05032260602
407 0.994544078 0.1377791459 0.06092105815
408 0.9957295758 0.1421797099 0.0561998754
409 0.9957295758 0.1350164172 0.05004817805
410 0.9957295758 0.1226544578 0.04380170806
411 0.9957295758 0.1334920188 0.05633170794
412 0.9957295758 0.1407210976 0.05317471585
413 0.9957295758 0.1390292509 0.05784405258
414 0.9957295758 0.1347886945 0.04939794315
415 0.9957295758 0.1451991185 0.05709150416
416 0.9957295758 0.1528282816 0.0542987287
417 0.9957295758 0.1392921204 0.05076811448
418 0.9957295758 0.161311848 0.05959094785
419 0.9957295758 0.1504752406 0.06324651795
420 0.9957295758 0.139425374 0.05286578434
421 0.9957295758 0.1512830748 0.0515706617
422 0.9957295758 0.1334105478 0.05461163168
423 0.9957295758 0.1165873958 0.05049122735
424 0.9957295758 0.1420182893 0.05668087372
425 0.9957295758 0.1440005286 0.05416211973
426 0.9957295758 0.1589621383 0.05260103152
427 0.9957295758 0.1729472315 0.05991809319
428 0.9957295758 0.1883263196 0.06361154789
429 0.9957295758 0.1598382385 0.05520123729
430 0.9957295758 0.1591824401 0.05405911873
431 0.9957295758 0.1580734625 0.04990886767
432 0.9957295758 0.1649809071 0.05293624253
433 0.9957295758 0.1530710769 0.05309440429
434 0.9957295758 0.1654224494 0.05078044481
435 0.9957295758 0.1894934718 0.05857361613
436 0.9957295758 0.1728115053 0.06049928047
437 0.9957295758 0.1560736429 0.05019546397
438 0.9957295758 0.1634615748 0.05896190675
439 0.9957295758 0.1439745677 0.04865791885
440 0.9957295758 0.1435900944 0.05491146438
441 0.9957295758 0.1347465044 0.04836354712
442 0.9957295758 0.1272629718 0.04787872775
443 0.9957295758 0.1321657882 0.04832619306
444 0.9957295758 0.1417199453 0.0595515951
445 0.9957295758 0.1371838354 0.04901469459
446 0.9957295758 0.1520917014 0.04962093022
447 0.9957295758 0.1580710035 0.05590444418
448 0.9957295758 0.1390323591 0.05153473756
449 0.9957295758 0.1379071266 0.05314087114
450 0.9957295758 0.1495040392 0.05459948924
451 0.9957295758 0.1531072912 0.05197448925
452 0.9957295758 0.1284964291 0.05076007572
453 0.9957295758 0.1311964174 0.0574132121
454 0.9957295758 0.1343170963 0.05037789785
455 0.9957295758 0.1405103022 0.05880979616
456 0.9957295758 0.1455142942 0.0540773699
457 0.9957295758 0.117598715 0.04831499192
458 0.9957295758 0.1220766712 0.05419366094
459 0.9957295758 0.1239592132 0.0537116909
460 0.9957295758 0.124407885 0.05004179453
461 0.9957295758 0.1352075111 0.05883939157
462 0.9957295758 0.1326819768 0.06020824701
463 0.9957295758 0.14171991 0.05691441091
464 0.9957295758 0.1618246284 0.06618473906
465 0.9957295758 0.1553262855 0.06168086631
466 0.9957295758 0.1415756785 0.05258607512
467 0.9957295758 0.1537814459 0.05394142215
468 0.9957295758 0.1255012772 0.04535253776
469 0.9957295758 0.1442397228 0.05795225597
470 0.9957295758 0.1232366939 0.05286848758
471 0.9957295758 0.1378226472 0.06370985066
472 0.9957295758 0.1362258079 0.06079958182
473 0.9957295758 0.1437965107 0.05894553928
474 0.9957295758 0.1292956409 0.05305295156
475 0.9957295758 0.135755433 0.05102079655
476 0.9957295758 0.1352464635 0.05283148896
477 0.9957295758 0.1471408107 0.05405194705
478 0.9957295758 0.1698396703 0.05940517443
479 0.9957295758 0.1533214987 0.05787552236
480 0.9957295758 0.1577128766 0.06290039078
481 0.9957295758 0.1196627413 0.0554316633
482 0.9957295758 0.1433971731 0.06119266398
483 0.9957295758 0.1458853056 0.06006723119
484 0.9957295758 0.1577450469 0.06110525539
485 0.9957295758 0.143064324 0.04893451601
486 0.9957295758 0.1455199697 0.05247626358
487 0.9957295758 0.1717392178 0.06868299598
488 0.9957295758 0.1679690328 0.05530505811
489 0.9957295758 0.1646780719 0.05407995896
490 0.9957295758 0.1424246995 0.05005614534
491 0.9957295758 0.1527958936 0.06216888635
492 0.9957295758 0.1458736977 0.05399693714
493 0.9957295758 0.143104517 0.05456696078
494 0.9957295758 0.1427875866 0.05740697624
495 0.9957295758 0.1082870489 0.05223393283
496 0.9957295758 0.126118993 0.05812140291
497 0.9957295758 0.1423348377 0.07126186394
498 0.9957295758 0.1085093309 0.05039351533
499 0.9957295758 0.1348901179 0.0606841391
500 0.9957295758 0.1450898649 0.05415795844
501 0.9957295758 0.1470049078 0.0530098879
502 0.9957295758 0.1670650476 0.05810955682
503 0.9957295758 0.1552240457 0.04996213503
504 0.9957295758 0.1791480322 0.05423124893
505 0.9957295758 0.169860098 0.05264454155
506 0.9957295758 0.1618540316 0.05389714172
507 0.9957295758 0.1645322747 0.06187204608
508 0.9957295758 0.1582257896 0.05734083645
509 0.9963906138 0.1552591462 0.06183710337
510 0.9963906138 0.1493730256 0.06002561768
511 0.9963906138 0.1764966008 0.07112246365
512 0.9963906138 0.1735038772 0.0566794704
513 0.9963906138 0.204638426 0.06668311317
514 0.9963906138 0.18597946 0.06169977557
515 0.9963906138 0.189967065 0.06783155425
516 0.9963906138 0.1774854721 0.06864988641
517 0.9963906138 0.1849351964 0.06404814596
518 0.9963906138 0.1790471401 0.06396674066
519 0.9963906138 0.2248472948 0.07400993426
520 0.9963906138 0.152893147 0.05371552054
521 0.9963906138 0.1481555218 0.05064775027
522 0.9963906138 0.1388702012 0.05964507034
523 0.9963906138 0.1677861745 0.07206442228
524 0.9963906138 0.1828267126 0.06311891062
525 0.9963906138 0.1463898886 0.05382400927
526 0.9963906138 0.1548310044 0.06170437945
527 0.9963906138 0.1260920529 0.05258174646
528 0.9963906138 0.1262698813 0.05487029843
529 0.9963906138 0.1540344469 0.07185239815
530 0.9963906138 0.1569649853 0.06516157065
531 0.9963906138 0.1635652515 0.06747289132
532 0.9963906138 0.1438586149 0.05789342386
533 0.9963906138 0.1424420388 0.05788069058
534 0.9963906138 0.1233503893 0.0554906764
535 0.9963906138 0.1427966131 0.06162987174
536 0.9963906138 0.1268452695 0.05013843639
537 0.9963906138 0.1436609868 0.06120397605
538 0.9963906138 0.1386738347 0.06400362359
539 0.9963906138 0.1414503725 0.06273200235
540 0.9963906138 0.15785866 0.07796406927
541 0.9963906138 0.1469025771 0.06716633643
542 0.9963906138 0.1580529828 0.06838196007
543 0.9963906138 0.1484427033 0.06587627264
544 0.9963906138 0.1658675936 0.05995726631
545 0.9963906138 0.1437061021 0.05512623541
546 0.9963906138 0.1403505283 0.05457566305
547 0.9963906138 0.1705846716 0.06591754005
548 0.9963906138 0.181971819 0.07432193035
549 0.9963906138 0.1681938781 0.06307252416
550 0.9963906138 0.1860102323 0.06703032059
551 0.9963906138 0.1410597772 0.05560903472
552 0.9963906138 0.1569196296 0.06187222069
553 0.9963906138 0.1249358584 0.05032106519
554 0.9963906138 0.1511923604 0.06117786427
555 0.9963906138 0.1418994161 0.06607458667
556 0.9963906138 0.1507328628 0.07002359223
557 0.9963906138 0.1328667414 0.0576300568
558 0.9963906138 0.14789696 0.06174469438
559 0.9963906138 0.1341093578 0.05885422277
560 0.9963906138 0.1123225698 0.04664361091
561 0.9963906138 0.1203666493 0.05421929096
562 0.9963906138 0.135708363 0.05627089466
563 0.9963906138 0.1203448655 0.05877077547
564 0.9963906138 0.131437917 0.06803362268
565 0.9963906138 0.1187454093 0.04743372849
566 0.9963906138 0.1253725368 0.05714005983
567 0.9963906138 0.1096730612 0.05115502727
568 0.9963906138 0.1328553035 0.05408243118
569 0.9963906138 0.1251895904 0.05235810828
570 0.9963906138 0.1377286974 0.06740982793
571 0.9963906138 0.1466956913 0.05748290206
572 0.9963906138 0.1209648794 0.05235454845
573 0.9963906138 0.1222752797 0.04647233664
574 0.9963906138 0.1237778409 0.04694120846
575 0.9963906138 0.141373511 0.0556132025
576 0.9963906138 0.154220886 0.0630657431
577 0.9963906138 0.1444651394 0.05739350902
578 0.9963906138 0.1508436262 0.0549867698
579 0.9963906138 0.1557409899 0.06126085042
580 0.9963906138 0.1582416769 0.05869183963
581 0.9963906138 0.1532449018 0.06009199639
582 0.9963906138 0.165569238 0.05659705216
583 0.9963906138 0.1477973894 0.05276562798
584 0.9963906138 0.1303606775 0.04918825759
585 0.9963906138 0.1350108305 0.05340715346
586 0.9963906138 0.158010218 0.06140771963
587 0.9963906138 0.1621279672 0.05881492854
588 0.9963906138 0.1452810857 0.05321982422
589 0.9963906138 0.1197756864 0.04398810801
590 0.9963906138 0.1481637312 0.06169468132
591 0.9963906138 0.1635351746 0.05156561523
592 0.9963906138 0.1645143453 0.05649224716
593 0.9963906138 0.1675256019 0.05902631618
594 0.9963906138 0.162527031 0.05802338561
595 0.9963906138 0.1570094145 0.05503168094
596 0.9963906138 0.1557652607 0.0590261487
597 0.9963906138 0.1441323589 0.06160724058
598 0.9963906138 0.1326257059 0.05379151987
599 0.9963906138 0.1477230254 0.0571067136
600 0.9963906138 0.1589891801 0.06639335683
601 0.9963906138 0.1375668575 0.04682760833
602 0.9963906138 0.1763445608 0.05958076803
603 0.9963906138 0.1818083174 0.05808664772
604 0.9963906138 0.159298057 0.05285269556
605 0.9963906138 0.1685277436 0.06084905717
606 0.9963906138 0.1731368976 0.06123683399
607 0.9963906138 0.1666251484 0.06223299908
608 0.9963906138 0.1583740704 0.05071841628
609 0.9963906138 0.173814437 0.06830380027
610 0.9963906138 0.1779511065 0.0581506346
611 0.9963906138 0.1833511428 0.05546849478
612 0.9963906138 0.1484851745 0.05736280104
613 0.9963906138 0.1597080501 0.06104954226
614 0.9963906138 0.1496898807 0.06055348356
615 0.9963906138 0.1658626104 0.06418067482
616 0.9963906138 0.1398047536 0.05036708675
617 0.9963906138 0.1619479717 0.06260236318
618 0.9963906138 0.1737749395 0.06895847338
619 0.9963906138 0.2126390357 0.07472257524
620 0.9963906138 0.1767714232 0.05826790845
621 0.9963906138 0.1788479206 0.05580022535
622 0.9963906138 0.1821724631 0.06987045641
623 0.9963906138 0.1568310187 0.06146760132
624 0.9963906138 0.1623566079 0.06002768305
625 0.9963906138 0.1508225389 0.05000145679
626 0.9963906138 0.1618148605 0.06555949188
627 0.9963906138 0.1454779871 0.05433367828
628 0.9963906138 0.1490985355 0.05410132335
629 0.9963906138 0.1527506663 0.04845360888
630 0.9963906138 0.1530980981 0.0524474314
631 0.9963906138 0.1496743303 0.06024866089
632 0.9963906138 0.1654663888 0.06566679394
633 0.9963906138 0.1459648911 0.05689815348
634 0.9963906138 0.1453772499 0.0517135209
635 0.9963906138 0.1336868209 0.04946756923
636 0.9963906138 0.1673423968 0.06170018862
637 0.9963906138 0.1413150369 0.05725710703
638 0.9963906138 0.1379607564 0.05293591587
639 0.9963906138 0.1695537542 0.06916027157
640 0.9963906138 0.1839300706 0.06872714997
641 0.9963906138 0.190520841 0.07052575418
642 0.9963906138 0.1923912932 0.06362033229
643 0.9963906138 0.1850081647 0.06590331335
644 0.9963906138 0.1493616989 0.05490761077
645 0.9963906138 0.1556419609 0.05754156518
646 0.9963906138 0.1686658498 0.06247810043
647 0.9963906138 0.1844146662 0.06326732391
648 0.9963906138 0.1502704951 0.05676368266
649 0.9963906138 0.1442447072 0.04742737447
650 0.9963906138 0.1669474971 0.05576822025
651 0.9963906138 0.1566565824 0.05981139389
652 0.9963906138 0.1496615459 0.05493982293
653 0.9963906138 0.1586319719 0.05992394391
654 0.9963906138 0.169585471 0.06212151243
655 0.9963906138 0.1486421967 0.05535945987
656 0.9963906138 0.1501396914 0.05605512132
657 0.9963906138 0.1532762925 0.05297566848
658 0.9963906138 0.1336194354 0.04714203863
659 0.9963906138 0.1559058442 0.05284584647
660 0.9963906138 0.1547880766 0.06080968282
661 0.9963906138 0.1648941323 0.06576511258
662 0.9963906138 0.1682552794 0.05910151501
663 0.9963906138 0.1423782903 0.05052324309
664 0.9963906138 0.1444234931 0.05243684292
665 0.9963906138 0.1511581064 0.05407424608
666 0.9963906138 0.1691674873 0.06478874088
667 0.9963906138 0.1535341915 0.0611299771
668 0.9963906138 0.153859374 0.05519635907
669 0.9963906138 0.1546801586 0.0546394809
670 0.9963906138 0.1563423557 0.0565657711
671 0.9963906138 0.1504235779 0.05752483662
672 0.9963906138 0.1264402913 0.04747890307
673 0.9963906138 0.1307495336 0.04904966064
674 0.9963906138 0.1420905466 0.04664082215
675 0.9963906138 0.1444896426 0.05349819307
676 0.9963906138 0.1686644824 0.06458962275
677 0.9963906138 0.1852319621 0.06426575661
678 0.9963906138 0.1728491031 0.05443152132
679 0.9963906138 0.1838733951 0.05717278779
680 0.9963906138 0.1779823523 0.05834773607
681 0.9963906138 0.2164452755 0.07611254595
682 0.9963906138 0.1733927165 0.05540470901
683 0.9963906138 0.1729166314 0.05862276961
684 0.9963906138 0.1707923392 0.06046135459
685 0.9963906138 0.1564532063 0.06573132128
686 0.9963906138 0.1547740394 0.06345115229
687 0.9963906138 0.16917104 0.06295472256
688 0.9963906138 0.1387705346 0.05758245731
689 0.9963906138 0.1494899075 0.06508828164
690 0.9963906138 0.1484232073 0.05167384759
691 0.9963906138 0.1400839473 0.05116319218
692 0.9963906138 0.1418680673 0.05227821732
693 0.9963906138 0.1794315413 0.06139899791
694 0.9963906138 0.1646560593 0.05340564346
695 0.9963906138 0.1600396725 0.05791965658
696 0.9963906138 0.1630773828 0.06334665716
697 0.9963906138 0.1565634638 0.05432689378
698 0.9963906138 0.1464528436 0.04994156363
699 0.9963906138 0.1569448246 0.05585353306
700 0.9963906138 0.1637184241 0.05094623572
701 0.9963906138 0.1698765912 0.05443080267
702 0.9963906138 0.1679768107 0.05943673765
703 0.9963906138 0.1565133938 0.05714775792
704 0.9963906138 0.1569783586 0.0562709961
705 0.9963906138 0.1737252874 0.057936808
706 0.9963906138 0.1612704127 0.05954965418
707 0.9963906138 0.146929893 0.05276429055
708 0.9963906138 0.134702209 0.0512450935
709 0.9963906138 0.1483694776 0.05930553681
710 0.9963906138 0.1316924664 0.04909327185
711 0.9963906138 0.1392170565 0.05750268961
712 0.9963906138 0.1188670127 0.05663783543
713 0.9963906138 0.1398211303 0.0625620706
714 0.9963906138 0.1404985536 0.0570294223
715 0.9963906138 0.1413113335 0.05574537089
716 0.9963906138 0.1460708842 0.06033744468
717 0.9963906138 0.1331188271 0.05306138493
718 0.9963906138 0.1328863732 0.05099600009
719 0.9963906138 0.1456467255 0.05062042674
720 0.9963906138 0.1857216833 0.05973187036
721 0.9963906138 0.1780420593 0.05986560061
722 0.9963906138 0.162595734 0.05995157982
723 0.9963906138 0.165102022 0.05819027089
724 0.9963906138 0.1519243182 0.05713797443
725 0.9963906138 0.1610301623 0.06810899103
726 0.9963906138 0.162980997 0.05724198672
727 0.9963906138 0.1415262239 0.05220961695
728 0.9963906138 0.1511013402 0.05764597185
729 0.9963906138 0.1598809541 0.06943113469
730 0.9963906138 0.1536569582 0.06621815569
731 0.9963906138 0.1395734379 0.06230984742
732 0.9963906138 0.1114450572 0.04770230067
733 0.9963906138 0.1255900746 0.05036866215
734 0.9963906138 0.1473885456 0.06412870915
735 0.9963906138 0.1443036773 0.06184136241
736 0.9963906138 0.1361411057 0.05396284464
737 0.9963906138 0.1096396674 0.05252344619
738 0.9963906138 0.1306120116 0.05660506332
739 0.9963906138 0.1310314152 0.05855704673
740 0.9963906138 0.1398440598 0.06268115425
741 0.9963906138 0.1372533324 0.06149572227
742 0.9963906138 0.1214740494 0.0538944882
743 0.9963906138 0.1332583121 0.04876439651
744 0.9963906138 0.1369897666 0.06348088242
745 0.9963906138 0.1347217368 0.05494412668
746 0.9963906138 0.1397325165 0.0515304998
747 0.9963906138 0.1457428871 0.04994246972
748 0.9963906138 0.1197696313 0.04676179507
749 0.9963906138 0.09921074098 0.04223162264
750 0.9963906138 0.112681313 0.05377743348
751 0.9963906138 0.1316599085 0.06036352589
752 0.9963906138 0.1203846891 0.06234503772
753 0.9963906138 0.1071377389 0.05536931508
754 0.9963906138 0.1082870256 0.0489709959
755 0.9963906138 0.127669651 0.05542739929
756 0.9963906138 0.1339761177 0.04836912008
757 0.9964537673 0.1708606123 0.07744538762
758 0.9964537673 0.1647573232 0.05696201237
759 0.9964537673 0.1441193297 0.05801061331
760 0.9964537673 0.1398981495 0.06134807191
761 0.9964537673 0.1361539222 0.05974042061
762 0.9964537673 0.1308034315 0.05242376518
763 0.9964537673 0.1104589408 0.04943019118
764 0.9964537673 0.1141309005 0.04806232154
765 0.9964537673 0.1294918699 0.05510780572
766 0.9964537673 0.1369933913 0.06050862675
767 0.9964537673 0.1387474358 0.06387564469
768 0.9964537673 0.129903598 0.0587660978
769 0.9964537673 0.1134786308 0.05275690665
770 0.9964537673 0.1122004588 0.04874542457
771 0.9964537673 0.125035347 0.05204415244
772 0.9964537673 0.1254248437 0.04862056814
773 0.9964537673 0.1310821941 0.05539336039
774 0.9964537673 0.1620439714 0.05959265941
775 0.9964537673 0.1596898057 0.06393694151
776 0.9964537673 0.175173063 0.06563506398
777 0.9964537673 0.1561706812 0.05310056743
778 0.9964537673 0.1665778698 0.06323461773
779 0.9964537673 0.1568391214 0.06740245764
780 0.9964537673 0.1777470967 0.07257517409
781 0.9964537673 0.1362296389 0.047865865
782 0.9964537673 0.1462987268 0.05199803922
783 0.9964537673 0.1575176399 0.0585033547
784 0.9964537673 0.1463446108 0.05372130319
785 0.9964537673 0.161944677 0.06551773162
786 0.9964537673 0.1536876898 0.05812787206
787 0.9964537673 0.1358809523 0.05118307864
788 0.9964537673 0.1486780983 0.05452460604
789 0.9964537673 0.1661453643 0.05807543563
790 0.9964537673 0.1480177749 0.05486898836
791 0.9964537673 0.1216243788 0.04664436866
792 0.9964537673 0.1301463486 0.06626575073
793 0.9964537673 0.1243393145 0.05166691251
794 0.9964537673 0.1140378578 0.04291510757
795 0.9964537673 0.1366253398 0.05459283038
796 0.9964537673 0.145376388 0.05940644954
797 0.9964537673 0.1123612232 0.04951244614
798 0.9964537673 0.1049269704 0.04765385485
799 0.9964537673 0.1184692535 0.05057610696
800 0.9964537673 0.1211293995 0.06189834004
801 0.9964537673 0.1272069175 0.05708331026
802 0.9964537673 0.1577228807 0.05588582391
803 0.9964537673 0.1483809211 0.05600574963
804 0.9964537673 0.1509454796 0.06668734972
805 0.9964537673 0.1419158384 0.06244143188
806 0.9964537673 0.1338597442 0.06330036463
807 0.9964537673 0.1322033502 0.0568866505
808 0.9964537673 0.1534523444 0.0658695197
809 0.9964537673 0.1308212746 0.05285306504
810 0.9964537673 0.1649082612 0.05620745011
811 0.9964537673 0.1614672174 0.05827969083
812 0.9964537673 0.1663321872 0.05598835104
813 0.9964537673 0.1429971628 0.05024038599
814 0.9964537673 0.1796255342 0.05363318001
815 0.9964537673 0.1489513579 0.05456236154
816 0.9964537673 0.1588546333 0.05528166086
817 0.9965019089 0.1621676504 0.05892687112
818 0.9965019089 0.1689517241 0.05175054449
819 0.9965019089 0.160948339 0.05055698551
820 0.9965019089 0.15293734 0.05491343323
821 0.9965019089 0.1814829055 0.06293280785
822 0.9965019089 0.1386203642 0.05959800931
823 0.9965019089 0.1378063847 0.05560071622
824 0.9965019089 0.1455148847 0.05927051175
825 0.9965019089 0.1730007275 0.06895230397
826 0.9965019089 0.145450031 0.05363266764
827 0.9965019089 0.1747731613 0.0725730619
828 0.9965019089 0.1483491067 0.06223098849
829 0.9965019089 0.1168832141 0.04680135835
830 0.9965019089 0.1167977521 0.05919409045
831 0.9965019089 0.1214396961 0.05868710289
832 0.9965019089 0.1429578551 0.06035005019
833 0.9965019089 0.1441297398 0.06201372249
834 0.9965019089 0.1218104039 0.05207962542
835 0.9965019089 0.1168146082 0.05126116781
836 0.9965019089 0.1256524591 0.05269550662
837 0.9965019089 0.1237672892 0.0506792269
838 0.9965019089 0.1309799833 0.06035500796
839 0.9965019089 0.15459814 0.0709197945
840 0.9965019089 0.1231074718 0.05456758402
841 0.9965019089 0.121513042 0.05565929524
842 0.9965019089 0.1202307633 0.05810340297
843 0.9965019089 0.1070432427 0.05395961561
844 0.9965019089 0.1256805367 0.062753138
845 0.9965019089 0.1272742815 0.05838625802
846 0.9965019089 0.1280820084 0.05717935958
847 0.9965019089 0.125083549 0.05132609376
848 0.9965019089 0.0940240883 0.04396705775
849 0.9965019089 0.1304931168 0.06177469253
850 0.9965019089 0.1414013749 0.06312217068
851 0.9965019089 0.1499262424 0.06407289561
852 0.9965019089 0.1548975908 0.06779380603
853 0.9965019089 0.1212663879 0.06270006607
854 0.9965019089 0.1419912567 0.06573826368
855 0.9965019089 0.1604010227 0.06194802021
856 0.9965019089 0.1377276333 0.05141308873
857 0.9965019089 0.1573586889 0.05112104083
858 0.9965019089 0.1711577053 0.05675459035
859 0.9965019089 0.1763901528 0.05593921502
860 0.9965019089 0.1682285759 0.05427857217
861 0.9965019089 0.1561089497 0.06093829071
862 0.9965019089 0.1440676994 0.05944875916
863 0.9965019089 0.1272833556 0.05447087376
864 0.9965019089 0.1105783924 0.05246969079
865 0.9965019089 0.09490863127 0.04887868797
866 0.9965019089 0.1195396927 0.05525690486
867 0.9965019089 0.1097413706 0.05439297661
868 0.9965019089 0.1304191186 0.05679240755
869 0.9965019089 0.1324824896 0.05436975352
870 0.9965019089 0.1400322427 0.05859235002
871 0.9965019089 0.1328700879 0.05254094991
872 0.9965019089 0.1595190149 0.05339819828
873 0.9965019089 0.1497523525 0.06045176088
874 0.9965019089 0.1306816408 0.04508240401
875 0.9965019089 0.1630059962 0.05740980172
876 0.9965019089 0.1508964082 0.05505352056
877 0.9965019089 0.1797728416 0.07185513593
878 0.9965019089 0.1600840243 0.06505959985
879 0.9965019089 0.1622532785 0.05958499369
880 0.9965019089 0.1684058527 0.06062522664
881 0.9965019089 0.1848894656 0.06827190497
882 0.9965019089 0.1767609562 0.06880777603
883 0.9965019089 0.1649511111 0.06324267696
884 0.9965019089 0.1573723423 0.06048548957
885 0.9965019089 0.1478237148 0.05311879748
886 0.9965019089 0.1541781626 0.05274053236
887 0.9965019089 0.1495296552 0.04729980327
888 0.9965019089 0.1576579151 0.05449633377
889 0.9965019089 0.1880721161 0.06708204789
890 0.9965296845 0.1837962077 0.0702173588
891 0.9965296845 0.1474256787 0.05235178651
892 0.9965296845 0.1917407742 0.07285062864
893 0.9965296845 0.1753274886 0.05668337622
894 0.9965296845 0.1674030466 0.05995870036
895 0.9965296845 0.1600262332 0.06161723632
896 0.9965296845 0.1430336314 0.05145697289
897 0.9965296845 0.1208679685 0.05275163654
898 0.9965296845 0.1321008328 0.05741093163
899 0.9965296845 0.1520015387 0.05860780944
900 0.9965296845 0.1609011266 0.06373022496
901 0.9965296845 0.156513253 0.05716061825
902 0.9965296845 0.1404410118 0.04750648828
903 0.9965296845 0.1456123291 0.05898327505
904 0.9965296845 0.1327415763 0.05382959949
905 0.9965296845 0.1531698026 0.06201958859
906 0.9965296845 0.1528516069 0.06150591252
907 0.9965296845 0.1352963913 0.05707811776
908 0.9965296845 0.1331882153 0.05441863388
909 0.9965296845 0.1506503757 0.05673703664
910 0.9965296845 0.1471748502 0.05089351043
911 0.9965296845 0.1531282023 0.05905386126
912 0.9965296845 0.1743246283 0.05906703066
913 0.9965296845 0.1675600167 0.05880937527
914 0.9965296845 0.1602247105 0.0659167858
915 0.9965296845 0.160882857 0.06272233642
916 0.9965296845 0.1608475829 0.06613320835
917 0.9965296845 0.1469944199 0.05768202964
918 0.9965296845 0.1615610544 0.0558176976
919 0.9965296845 0.1837011895 0.06383577047
920 0.9965296845 0.1825788745 0.05611089883
921 0.9965296845 0.1632915293 0.04895992116
922 0.9965296845 0.1644182495 0.05085989238
923 0.9965296845 0.1732866752 0.05930515454
924 0.9965296845 0.1865831584 0.06045394611
925 0.9965296845 0.1762963274 0.0593639616
926 0.9965296845 0.191004855 0.05143734925
927 0.9965296845 0.2198886117 0.06119996065
928 0.9965296845 0.1701203407 0.05251268022
929 0.9965296845 0.1776031304 0.05848898784
930 0.9965296845 0.1676737894 0.05598222324
931 0.9965296845 0.1627310974 0.05807948845
932 0.9965296845 0.1355203491 0.05600160537
933 0.9965296845 0.144857618 0.05583570325
934 0.9965296845 0.165134612 0.05742466729
935 0.9965296845 0.1627691755 0.05297975352
936 0.9965296845 0.1643101338 0.06318504686
937 0.9965296845 0.1479842953 0.05173576359
938 0.9965296845 0.1718338617 0.06125809295
939 0.9965296845 0.1590448755 0.05441889026
940 0.9965296845 0.1654686431 0.06418712025
941 0.9965296845 0.165142549 0.05593004151
942 0.9965296845 0.1453496724 0.04725980147
943 0.9965296845 0.170579128 0.05853702084
944 0.9965296845 0.1614121868 0.05326555229
945 0.9965296845 0.1554402556 0.05383031111
946 0.9965296845 0.1447004257 0.05098125677
947 0.9965296845 0.1369368526 0.05005651548
948 0.9965296845 0.1582580032 0.05951584808
949 0.9965296845 0.1359128594 0.05084833737
950 0.9965296845 0.1649642876 0.06007743562
951 0.9965296845 0.1291754798 0.0451046099
952 0.9965296845 0.1503212093 0.05960276718
953 0.9965296845 0.1626740018 0.059951097
954 0.9965296845 0.1733455876 0.06846529453
955 0.9965296845 0.1607111763 0.06775434437
956 0.9965296845 0.1349823997 0.05364808498
957 0.9965296845 0.1307355201 0.05582839477
958 0.9965296845 0.1376649237 0.05874846717
959 0.9965296845 0.1191891203 0.05236422424
960 0.9965296845 0.1515776152 0.05842510701
961 0.9965296845 0.151370888 0.07013221561
962 0.9965296845 0.1336115142 0.05416975246
963 0.9965296845 0.1283767089 0.05845088587
964 0.9965296845 0.130266973 0.05710275325
965 0.9965296845 0.128474778 0.05778419169
966 0.9965296845 0.1165205837 0.04625181362
967 0.9965296845 0.1317184632 0.05244467003
968 0.9965296845 0.1302023703 0.05152493431
969 0.9965296845 0.1188392408 0.05798327652
970 0.9965296845 0.1226068613 0.06045672886
971 0.9965296845 0.122591697 0.05565010432
972 0.9965296845 0.1300370332 0.05468357497
973 0.9965296845 0.1401713492 0.05370302785
974 0.9965296845 0.149478942 0.05589779617
975 0.9965296845 0.1335531654 0.05442930618
976 0.9965296845 0.1293898485 0.05553832524
977 0.9965296845 0.1542363031 0.05618212196
978 0.9965296845 0.1462446791 0.06134440287
979 0.9965296845 0.1456703709 0.06729657026
980 0.9965296845 0.1471442725 0.05462892417
981 0.9965296845 0.137062472 0.05318434496
982 0.9965296845 0.1442266334 0.06207713055
983 0.9965296845 0.1506565439 0.07248796054
984 0.9965296845 0.1100144451 0.0482824167
985 0.9965296845 0.1357428469 0.06859300296
986 0.9965296845 0.1440047799 0.06409603435
987 0.9965296845 0.1396255101 0.05825139611
988 0.9965296845 0.151432907 0.05605164881
989 0.9965296845 0.1374917839 0.05872906234
990 0.9965296845 0.1378074666 0.06218721232
991 0.9965296845 0.1588933873 0.07215315556
992 0.9965296845 0.1445149703 0.06282677468
993 0.9965296845 0.1651164402 0.07382579982
994 0.9965296845 0.1529881975 0.07072490401
995 0.9965296845 0.1492298839 0.06973532926
996 0.9965296845 0.1248899288 0.05421211265
997 0.9965296845 0.1402764951 0.06218619225
998 0.9965296845 0.1337360564 0.05259955347
999 0.9965296845 0.1434527419 0.06399794149
1000 0.9965296845 0.1551712222 0.06399372478
1001 0.9965296845 0.1616677252 0.06368278449
1002 0.9965296845 0.1403975086 0.05347048632
1003 0.9965296845 0.1551932721 0.06621958631
1004 0.9965296845 0.1672375275 0.07115702243
1005 0.9965296845 0.1591538247 0.05859931998
1006 0.9965296845 0.1281012629 0.06210359075
1007 0.9965296845 0.1530944794 0.06288371039
1008 0.9965296845 0.1615694649 0.06534923677
1009 0.9965296845 0.1613117668 0.0713302172
1010 0.9965296845 0.1670784657 0.06751086633
1011 0.9965296845 0.1511749935 0.06688883515
1012 0.9965296845 0.1724011264 0.05823554678
1013 0.9965296845 0.15379222 0.0555375368
1014 0.9965296845 0.1602347031 0.06526749853
1015 0.9965296845 0.1543165256 0.05355537474
1016 0.9965296845 0.1671496734 0.06819269479
1017 0.9965296845 0.1801509156 0.07365891549
1018 0.9965296845 0.1776152047 0.07018090607
1019 0.9965296845 0.1495153638 0.05477680585
1020 0.9965296845 0.1471974826 0.05191883534
1021 0.9965296845 0.1641775841 0.06472039563
1022 0.9965296845 0.1613535581 0.06906231246
1023 0.9965296845 0.1588579685 0.05899622832
1024 0.9965296845 0.1538352605 0.05243271211
1025 0.9965296845 0.1766439716 0.06772145286
1026 0.9965296845 0.1431118853 0.05559593521
1027 0.9965296845 0.1436099824 0.05688202559
1028 0.9965296845 0.13715993 0.04540461972
1029 0.9965296845 0.1487490834 0.05238544955
1030 0.9965296845 0.1375813399 0.05776002313
1031 0.9965296845 0.1371917902 0.04998416476
1032 0.9965296845 0.1279727425 0.04908795173
1033 0.9965296845 0.1449466587 0.06759234436
1034 0.9965296845 0.1417912533 0.05983122736
1035 0.9965296845 0.1491720657 0.04990710561
1036 0.9965296845 0.1564234904 0.06029870114
1037 0.9965296845 0.1698362859 0.07659851084
1038 0.9965296845 0.1298609176 0.05406312873
1039 0.9965296845 0.1246505601 0.0499985454
1040 0.9965296845 0.1130821763 0.04974206906
1041 0.9965296845 0.1224008014 0.06061264465
1042 0.9965296845 0.1079983872 0.0472629948
1043 0.9965296845 0.1336953742 0.05395523588
1044 0.996574699 0.1307646434 0.06116240928
1045 0.996574699 0.1213187017 0.05056796686
1046 0.996574699 0.1510517106 0.05845914981
1047 0.996574699 0.1469295561 0.0572238244
1048 0.996574699 0.1534972412 0.05577289281
1049 0.996574699 0.1556207644 0.06121208406
1050 0.996574699 0.1389528384 0.05579214924
1051 0.996574699 0.1638697626 0.06235532194
1052 0.996574699 0.1685502179 0.05939553878
1053 0.996574699 0.1429265536 0.05253026349
1054 0.996574699 0.152098161 0.06057932868
1055 0.996574699 0.1380850499 0.06127169829
1056 0.996574699 0.1534377247 0.06708249463
1057 0.996574699 0.1303865483 0.05485276771
1058 0.996574699 0.1707533241 0.07406291845
1059 0.996574699 0.1513095203 0.06572889746
1060 0.996574699 0.1160495517 0.04704872777
1061 0.996574699 0.1523929874 0.06358538733
1062 0.996574699 0.1322503467 0.0508282272
1063 0.996574699 0.1610791275 0.06623375193
1064 0.996574699 0.1598306917 0.06853523753
1065 0.996574699 0.1433159726 0.0549280558
1066 0.996574699 0.1207569953 0.05206896201
1067 0.996574699 0.1266105401 0.05278974925
1068 0.996574699 0.1197506896 0.05053640044
1069 0.996574699 0.1593221116 0.07382573407
1070 0.996574699 0.1345071619 0.05894811583
1071 0.996574699 0.1578287667 0.05731378065
1072 0.996574699 0.172376085 0.0680206371
1073 0.996574699 0.1439522041 0.0494833152
1074 0.996574699 0.154200955 0.06477077071
1075 0.996574699 0.1387418253 0.05906117178
1076 0.996574699 0.1329098282 0.05210316315
1077 0.996574699 0.1433503795 0.06033050851
1078 0.996574699 0.1309508549 0.05083717825
1079 0.996574699 0.113314056 0.04457108665
1080 0.996574699 0.1210793702 0.04807050177
1081 0.996574699 0.1486621028 0.06314469318
1082 0.996574699 0.1256228042 0.05357826554
1083 0.996574699 0.1526837093 0.05691707957
1084 0.996574699 0.139007426 0.05698139985
1085 0.996574699 0.1236584341 0.05276379147
1086 0.996574699 0.1620468092 0.05989009343
1087 0.996574699 0.1454241319 0.06102445336
1088 0.996574699 0.1602309696 0.06334476017
1089 0.996574699 0.1644678921 0.06059877264
1090 0.996574699 0.159339705 0.06115079984
1091 0.996574699 0.1872907554 0.07298211087
1092 0.996574699 0.1992962518 0.06088621645
1093 0.996574699 0.2065981341 0.05784297026
1094 0.996574699 0.1537670034 0.05209860349
1095 0.996574699 0.1729793744 0.06452720965
1096 0.996574699 0.1880079822 0.07128331951
1097 0.996574699 0.18158383 0.05889220998
1098 0.996574699 0.1849187018 0.06000161237
1099 0.996574699 0.1746010535 0.06033382106
1100 0.996574699 0.1964573417 0.06988543111
1101 0.996574699 0.1896653024 0.05350160017
1102 0.996574699 0.1770072161 0.04889690581
1103 0.996574699 0.1769199083 0.05861937435
1104 0.996574699 0.2039834003 0.0590338446
1105 0.996574699 0.1892832719 0.06639271238
1106 0.996614253 0.2031212199 0.07741511279
1107 0.996614253 0.2054990554 0.07111914912
1108 0.996614253 0.1944058701 0.06250280733
1109 0.996614253 0.2093158871 0.06745719358
1110 0.996614253 0.1919418698 0.06527427764
1111 0.996614253 0.1785105711 0.0608509493
1112 0.996614253 0.1733180651 0.05425695412
1113 0.996614253 0.1489440978 0.05096419947
1114 0.996614253 0.13796618 0.06117138206
1115 0.996614253 0.1338557328 0.05348352469
1116 0.996614253 0.1547829332 0.06120273133
1117 0.996614253 0.1283709734 0.05352118575
1118 0.996614253 0.1506224984 0.06138051933
1119 0.996614253 0.1496040489 0.05968974399
1120 0.996614253 0.1373754927 0.05879642318
1121 0.996614253 0.1441214718 0.05415967008
1122 0.996614253 0.1657993121 0.07031298536
1123 0.996614253 0.1584539905 0.06326243906
1124 0.996614253 0.1390124244 0.04815455394
1125 0.996614253 0.1575619912 0.05535429202
1126 0.996614253 0.1745367789 0.06747934007
1127 0.996614253 0.1742751946 0.0628720634
1128 0.996614253 0.1939154806 0.06422325198
1129 0.996614253 0.148823243 0.04977019659
1130 0.996614253 0.1455091263 0.04838492759
1131 0.996614253 0.1428879734 0.05035349554
1132 0.996614253 0.149229263 0.05973331087
1133 0.996614253 0.1380237348 0.05014412062
1134 0.996614253 0.1298843395 0.05272164505
1135 0.996614253 0.1205631885 0.0473120163
1136 0.996614253 0.1279664175 0.04616835945
1137 0.996614253 0.155286651 0.05775162421
1138 0.996614253 0.1429131799 0.05525258654
1139 0.996614253 0.1393775637 0.05786655449
1140 0.996614253 0.1781282287 0.0639533468
1141 0.996614253 0.1574263515 0.06356843812
1142 0.996614253 0.1445008431 0.05874078071
1143 0.996614253 0.1279385091 0.05282872743
1144 0.996614253 0.1513391882 0.0607927046
1145 0.996614253 0.1322348016 0.05111565386
1146 0.996614253 0.1299029033 0.05354522263
1147 0.996614253 0.1342871634 0.05106920144
1148 0.996614253 0.1318451972 0.04726350278
1149 0.996614253 0.1388913174 0.05454000549
1150 0.996614253 0.1285364867 0.0494638998
1151 0.996614253 0.144270718 0.05688232073
1152 0.996614253 0.1377993996 0.05482829444
1153 0.996614253 0.13204404 0.05238207653
1154 0.996614253 0.1453085898 0.05887954449
1155 0.996614253 0.1567319062 0.05639153757
1156 0.996614253 0.1299160797 0.05081565216
1157 0.996614253 0.1318384599 0.05653201114
1158 0.996614253 0.1326169391 0.0608285352
1159 0.996614253 0.1196062904 0.04974462788
1160 0.996614253 0.1407002846 0.06682927884
1161 0.996614253 0.1126225425 0.05045233781
1162 0.996614253 0.1319138217 0.04982399046
1163 0.996614253 0.1454324947 0.07195271368
1164 0.996614253 0.1294654576 0.06148117445
1165 0.996614253 0.1162834799 0.05251909514
1166 0.996614253 0.122100973 0.05477255973
1167 0.996614253 0.1538792779 0.06779221239
1168 0.996614253 0.1329908605 0.05335599994
1169 0.996614253 0.1091076274 0.04532728651
1170 0.996614253 0.1214771234 0.05671918101
1171 0.996614253 0.1180512938 0.05361878765
1172 0.996614253 0.1506823404 0.05917790544
1173 0.996614253 0.1516368579 0.06294982223
1174 0.996614253 0.1462659972 0.05534010747
1175 0.996614253 0.1317134269 0.05057212085
1176 0.996614253 0.1333839564 0.05570377907
1177 0.996614253 0.1522410026 0.05542171423
1178 0.996614253 0.1562590745 0.05078346221
1179 0.996614253 0.140522138 0.0528195146
1180 0.996614253 0.1248391719 0.05586120853
1181 0.996614253 0.1390461433 0.05923021522
1182 0.996614253 0.1388777781 0.06309023213
1183 0.996614253 0.1198771847 0.05618550361
1184 0.996614253 0.1171280781 0.04713582988
1185 0.996614253 0.140874587 0.04999672718
1186 0.996614253 0.1487745243 0.05967662256
1187 0.996614253 0.1559809119 0.06496672513
1188 0.996614253 0.1593897639 0.07124038722
1189 0.996614253 0.1579159007 0.06797795146
1190 0.996614253 0.1303769682 0.05666987203
1191 0.996614253 0.1215493888 0.05311169914
1192 0.996614253 0.1295060003 0.05118625852
1193 0.996614253 0.1297282325 0.04876177338
1194 0.996614253 0.1335300727 0.05294799599
1195 0.996614253 0.1611006987 0.0668539595
1196 0.996614253 0.1154299111 0.05260502001
1197 0.996614253 0.1443856362 0.05611369216
1198 0.996614253 0.1337933457 0.04941306816
1199 0.996614253 0.1478867659 0.05852059466
1200 0.996614253 0.1485145805 0.05282656213
1201 0.996614253 0.1314407208 0.05099862931
1202 0.996614253 0.1621396558 0.06047398956
1203 0.996614253 0.1430286534 0.0568374407
1204 0.996614253 0.1220665332 0.04902283622
1205 0.996614253 0.1331414393 0.05343846904
1206 0.996614253 0.126705338 0.05736865935
1207 0.996614253 0.1502338758 0.05999479368
1208 0.996614253 0.1640307163 0.06385081675
1209 0.996614253 0.142907455 0.0476139673
1210 0.996614253 0.1274222885 0.04849173927
1211 0.996614253 0.1355295475 0.04952441788
1212 0.996614253 0.1580498617 0.06430400548
1213 0.996614253 0.1404499278 0.05203773639
1214 0.996614253 0.1530651629 0.05617166973
1215 0.996614253 0.1616338489 0.05325025967
1216 0.996614253 0.1623699558 0.05841809493
1217 0.996614253 0.1358722827 0.0571437442
1218 0.996614253 0.1369315431 0.05752263206
1219 0.996614253 0.1241155507 0.05473150746
1220 0.996614253 0.1539241908 0.0580805518
1221 0.996614253 0.1307026189 0.04903039354
1222 0.996614253 0.1455179909 0.05744527982
1223 0.996614253 0.125933416 0.04975248373
1224 0.996614253 0.137930706 0.06530433217
1225 0.996614253 0.1360253921 0.05423147136
1226 0.996614253 0.1521521631 0.05887045547
1227 0.996614253 0.1416507072 0.05596447541
1228 0.996614253 0.1581403398 0.05942905403
1229 0.996614253 0.1506735914 0.06153945348
1230 0.996614253 0.1365241456 0.05786892798
1231 0.996614253 0.1346036041 0.05873120073
1232 0.996614253 0.1290122295 0.05087374422
1233 0.996614253 0.1351722561 0.05234766766
1234 0.996614253 0.1398273915 0.05700345543
1235 0.996614253 0.136945218 0.05499151866
1236 0.996614253 0.1231910284 0.04793339339
1237 0.996614253 0.1555634761 0.06263433436
1238 0.996614253 0.1562937582 0.06081154791
1239 0.996614253 0.1547675265 0.06250541854
1240 0.996614253 0.1287305675 0.04867623128
1241 0.996614253 0.1436985315 0.05676880642
1242 0.996614253 0.1380459668 0.06038759004
1243 0.996614253 0.1665673655 0.06277779286
1244 0.996614253 0.1658498682 0.07154897663
1245 0.996614253 0.1850183046 0.069440311
1246 0.996614253 0.1854415545 0.06116432833
1247 0.996614253 0.1667963767 0.05940361688
1248 0.996614253 0.1632964221 0.06123265654
1249 0.996614253 0.1748089626 0.06715944408
1250 0.996614253 0.1553801921 0.05743030289
1251 0.996614253 0.1403244254 0.05198047942
1252 0.996614253 0.1649495078 0.06877276636
1253 0.996614253 0.1762690802 0.07150912661
1254 0.996614253 0.187314506 0.07040309358
1255 0.996614253 0.1667584633 0.05682162017
1256 0.996614253 0.1097199559 0.04448348773
1257 0.996614253 0.1413082517 0.064694658
1258 0.996614253 0.1450931406 0.05246861566
1259 0.996614253 0.1245642956 0.05261613765
1260 0.996614253 0.1311687128 0.05573991078
1261 0.996614253 0.1223071984 0.04951227713
1262 0.996614253 0.1449536537 0.05959798391
1263 0.996614253 0.142281128 0.05586820539
1264 0.996614253 0.1433749352 0.05828030341
1265 0.996614253 0.1290545476 0.05616323594
1266 0.996614253 0.1607090625 0.06659194755
1267 0.996614253 0.1386022047 0.05728462773
1268 0.996614253 0.1049569559 0.04363723764
1269 0.996614253 0.1354184463 0.05305322725
1270 0.996614253 0.1340441432 0.05338303797
1271 0.996614253 0.1396944208 0.05159750024
1272 0.996614253 0.1708158306 0.07012790742
1273 0.996614253 0.1523850964 0.0594143291
1274 0.996614253 0.1561815184 0.05529344267
1275 0.996614253 0.1540988978 0.04803188793
1276 0.996614253 0.1658980012 0.05380707656
1277 0.996614253 0.1433402476 0.05429330789
1278 0.996614253 0.1510354304 0.05928122031
1279 0.996614253 0.1554505514 0.05757234247
1280 0.996614253 0.1586928409 0.05989674298
1281 0.996614253 0.1528588697 0.05572669145
1282 0.996614253 0.1767421722 0.06039088412
1283 0.996614253 0.1619385108 0.05955080654
1284 0.996614253 0.1830514703 0.06650774904
1285 0.996614253 0.199562264 0.06916415933
1286 0.996614253 0.1520317355 0.05646008815
1287 0.996614253 0.1363494011 0.05277639462
1288 0.996614253 0.1613801243 0.05584490741
1289 0.996614253 0.1561560003 0.05207840467
1290 0.996614253 0.1601494487 0.05855530805
1291 0.996614253 0.1714963406 0.06356400529
1292 0.996614253 0.1875851426 0.06753466643
1293 0.996614253 0.1485539829 0.05443778228
1294 0.996614253 0.1649932886 0.06238076821
1295 0.996614253 0.1259867853 0.05049159147
1296 0.996614253 0.1337064443 0.05511379086
1297 0.996614253 0.1196995175 0.04760411536
1298 0.996614253 0.1246992975 0.05540887114
1299 0.996614253 0.1442444942 0.05802675227
1300 0.996614253 0.1284061335 0.05123950183
1301 0.996614253 0.1245138641 0.05150215548
1302 0.996614253 0.1559472323 0.066585884
1303 0.996614253 0.1410722155 0.06092426384
1304 0.996614253 0.1692013049 0.05433165048
1305 0.996614253 0.1683080104 0.05128482736
1306 0.996614253 0.1826284604 0.05841647069
1307 0.996614253 0.1783597853 0.06473418742
1308 0.996614253 0.1559449613 0.05303366195
1309 0.996614253 0.1556761002 0.05199597508
1310 0.996614253 0.1550204919 0.05926799168
1311 0.996614253 0.1720154798 0.06334459477
1312 0.996614253 0.1650458532 0.05327432421
1313 0.996614253 0.1580816533 0.05107100547
1314 0.996614253 0.1442057124 0.04999511398
1315 0.996614253 0.1534149202 0.05380102992
1316 0.996614253 0.1519033517 0.04899899394
1317 0.996614253 0.1522732109 0.06527499039
1318 0.996614253 0.1260607012 0.05635663811
1319 0.996614253 0.1441995398 0.0603470723
1320 0.996614253 0.1331335079 0.05581709202
1321 0.996614253 0.1371612868 0.05195729639
1322 0.996614253 0.1455024108 0.05388055801
1323 0.996614253 0.1414097273 0.06111459201
1324 0.996614253 0.1346811319 0.04763258689
1325 0.996614253 0.1391142635 0.05517006051
1326 0.996614253 0.1566811707 0.06298952891
1327 0.996614253 0.1558819216 0.05579414645
1328 0.996614253 0.1530014987 0.05694988754
1329 0.996614253 0.1428753787 0.05979837678
1330 0.996614253 0.1683065277 0.06808194604
1331 0.996614253 0.1545171802 0.06604680584
1332 0.996614253 0.1413019861 0.06068937632
1333 0.996614253 0.1373487106 0.05431219043
1334 0.996614253 0.1420960865 0.05686167825
1335 0.996614253 0.1674837533 0.06209496392
1336 0.996614253 0.178431309 0.06944675276
1337 0.996614253 0.1443272092 0.05494811155
1338 0.996614253 0.1200630281 0.04507442697
1339 0.996614253 0.1461498076 0.06731112376
1340 0.996614253 0.1386605034 0.06463376953
1341 0.9966165074 0.1464321142 0.07033988783
1342 0.9966165074 0.1602857304 0.059610438
1343 0.9966165074 0.1748138211 0.07141020426
1344 0.9966165074 0.1573428193 0.0642627966
1345 0.9966165074 0.153690565 0.06507156974
1346 0.9966165074 0.1256946872 0.04886863175
1347 0.9966165074 0.1421513653 0.06362276676
1348 0.9966165074 0.1338357208 0.05847356007
1349 0.9966165074 0.1404430076 0.06610306992
1350 0.9966165074 0.1230506136 0.05457442861
1351 0.9966165074 0.1182141761 0.05833866178
1352 0.9966165074 0.1255372264 0.05669643444
1353 0.9966165074 0.1288418824 0.05221005389
1354 0.9966165074 0.139416298 0.06096992685
1355 0.9966165074 0.1192373693 0.05487069516
1356 0.9966165074 0.1334583769 0.05687233311
1357 0.9966165074 0.1411830413 0.05691535335
1358 0.9966165074 0.1189884932 0.05161524058
1359 0.9966165074 0.1266356874 0.05430726047
1360 0.9966165074 0.1278943562 0.05311586136
1361 0.9966165074 0.1442859942 0.05585771501
1362 0.9966165074 0.1475837324 0.06085252179
1363 0.9966165074 0.1150132862 0.04878009937
1364 0.9966165074 0.1208605907 0.05193652609
1365 0.9966165074 0.1237101901 0.05137330379
1366 0.9966165074 0.1507034956 0.05597711984
1367 0.9966165074 0.1449606049 0.05155971785
1368 0.9966165074 0.1333617663 0.05868963953
1369 0.9966165074 0.1477291227 0.05894717989
1370 0.9966165074 0.1527434583 0.05250443324
1371 0.9966165074 0.1723108644 0.06296079355
1372 0.9966165074 0.1652934702 0.07505287729
1373 0.9966165074 0.1658905883 0.06469775211
1374 0.9966165074 0.1685427191 0.06164536687
1375 0.9966165074 0.1284065345 0.05099968873
1376 0.9966165074 0.1466532602 0.05224712235
1377 0.9966165074 0.1473416674 0.05821271934
1378 0.9966165074 0.151108715 0.06145472186
1379 0.9966165074 0.1485602563 0.06111831384
1380 0.9966165074 0.1323339602 0.0561393613
1381 0.9966165074 0.1340086554 0.06629026302
1382 0.9966165074 0.1244717269 0.04740959693
1383 0.9966165074 0.1437363121 0.05759400236
1384 0.9966165074 0.1353622844 0.05154874629
1385 0.9966165074 0.1404200151 0.06105579467
1386 0.9966165074 0.1413606201 0.05582467341
1387 0.9966165074 0.1439258086 0.06547561857
1388 0.9966165074 0.1148280733 0.0470300341
1389 0.9966165074 0.1074091728 0.0470358782
1390 0.9966165074 0.1304555011 0.0492533426
1391 0.9966165074 0.1357686294 0.05643595076
1392 0.9966165074 0.1256112314 0.04994775796
1393 0.9966165074 0.1356165098 0.05510929594
1394 0.9966165074 0.1380494831 0.05690844874
1395 0.9966165074 0.1346210541 0.05529136564
1396 0.9966165074 0.1106921061 0.05092652635
1397 0.9966165074 0.1188217356 0.04881720169
1398 0.9966165074 0.1524105016 0.07532501751
1399 0.9966165074 0.1242448776 0.05806952118
1400 0.9966165074 0.1106323138 0.04907386377
1401 0.9966165074 0.1212869169 0.05401520568
1402 0.9966165074 0.1320251934 0.05389641701
1403 0.9966165074 0.1404416586 0.0545865793
1404 0.9966165074 0.1126526625 0.04656875588
1405 0.9966165074 0.1506617941 0.05822438504
1406 0.9966165074 0.1302394867 0.05165189739
1407 0.9966165074 0.1688159211 0.06573177383
1408 0.9966165074 0.1597142696 0.05915768206
1409 0.9966165074 0.1523561489 0.05470820365
1410 0.9966165074 0.1401617375 0.05421806882
1411 0.9966417311 0.1474359186 0.06052555386
1412 0.9966417311 0.162982932 0.05734028467
1413 0.9966417311 0.1635568942 0.05894051536
1414 0.9966417311 0.1570415446 0.0565488282
1415 0.9966417311 0.1588198304 0.06522876524
1416 0.9966417311 0.1395997888 0.05019267877
1417 0.9966417311 0.1567309845 0.05667446286
1418 0.9966417311 0.134592594 0.054920514
1419 0.9966417311 0.144003099 0.06604526357
1420 0.9966417311 0.08919555588 0.04420360604
1421 0.9966417311 0.08962654081 0.04670042682
1422 0.9966417311 0.09184689825 0.05477775195
1423 0.9966417311 0.1253714203 0.06029572523
1424 0.9966417311 0.1181053326 0.05118927737
1425 0.9966417311 0.1168245601 0.05560299122
1426 0.9966417311 0.1257171545 0.06143931956
1427 0.9966417311 0.1149678921 0.05371697525
1428 0.9966417311 0.1001124936 0.04911602855
1429 0.9966417311 0.1051748868 0.05523603292
1430 0.9966417311 0.11487642 0.04725338808
1431 0.9966417311 0.1169495519 0.04477902878
1432 0.9966417311 0.1048711587 0.05563683631
1433 0.9966417311 0.121935437 0.06288596243
1434 0.9966417311 0.1123906301 0.05694290711
1435 0.9966417311 0.1249701634 0.05413988584
1436 0.9966417311 0.1443624372 0.06266982886
1437 0.9966417311 0.1539988749 0.0661276583
1438 0.9966417311 0.1442445593 0.05611182343
1439 0.9966417311 0.1549954483 0.06015804978
1440 0.9966417311 0.1287905813 0.04468503239
1441 0.9966417311 0.1304292646 0.06330684859
1442 0.9966417311 0.1438074994 0.05562703099
1443 0.9966417311 0.1226135397 0.04556221327
1444 0.9966417311 0.1493867329 0.06351185165
1445 0.9966417311 0.1379983547 0.0532126154
1446 0.9966417311 0.1397597525 0.05226844185
1447 0.9966417311 0.1563690385 0.0537209404
1448 0.9966417311 0.1609441657 0.05962995683
1449 0.9966417311 0.139478923 0.05747640251
1450 0.9966417311 0.1421430664 0.04743053438
1451 0.9966417311 0.1437188991 0.05352358156
1452 0.9966417311 0.1436842656 0.05496911151
1453 0.9966417311 0.1510211278 0.05610547458
1454 0.9966417311 0.1508321764 0.05784743219
1455 0.9966417311 0.1351543702 0.0563493848
1456 0.9966417311 0.1658531491 0.05902564585
1457 0.9966417311 0.1469708053 0.05228080002
1458 0.9966417311 0.16904523 0.05448032702
1459 0.9966417311 0.1583278513 0.06021307503
1460 0.9966417311 0.151629725 0.05855538619
1461 0.9966417311 0.1461071803 0.04767748782
1462 0.9966417311 0.1484506987 0.05315491061
1463 0.9966417311 0.1720392725 0.05567910098
1464 0.9966417311 0.1358220399 0.04784306281
1465 0.9966417311 0.178498013 0.06106231433
1466 0.9966417311 0.1571656129 0.06058349982
1467 0.9966417311 0.1343427729 0.04867315957
1468 0.9966417311 0.1498554183 0.05060138816
1469 0.9966417311 0.1517544787 0.05291530176
1470 0.9966417311 0.1498703474 0.0571364198
1471 0.9966417311 0.1460167116 0.0510907003
1472 0.9966417311 0.1517969123 0.05329765808
1473 0.9966417311 0.1796921459 0.06040134407
1474 0.9966417311 0.1795134812 0.05407842999
1475 0.9966417311 0.1643371065 0.06216664902
1476 0.9966417311 0.1616509372 0.06606191458
1477 0.9966417311 0.1489742546 0.05679389154
1478 0.9966417311 0.1538085562 0.06041980796
1479 0.9966417311 0.1448541276 0.05500788626
1480 0.9966417311 0.1430598215 0.05301479089
1481 0.9966417311 0.1663604747 0.05853747205
1482 0.9966417311 0.162437784 0.05283983244
1483 0.9966417311 0.1535491843 0.05949525388
1484 0.9966417311 0.1775016782 0.06905656584
1485 0.9966417311 0.199246965 0.07281046647
1486 0.9966417311 0.1668215106 0.05172360123
1487 0.9966417311 0.1839196801 0.0528583448
1488 0.9966417311 0.1544108327 0.05446730246
1489 0.9966417311 0.1583266469 0.05796266908
1490 0.9966417311 0.1626150052 0.05801689888
1491 0.9966417311 0.1837417135 0.07146262138
1492 0.9966417311 0.1885019121 0.06061282375
1493 0.9966417311 0.1959763035 0.07112366143
1494 0.9966417311 0.2088828094 0.06382261431
1495 0.9966417311 0.195790265 0.05830124846
1496 0.9966417311 0.1923092988 0.05370199915
1497 0.9966417311 0.1744972244 0.06430839509
1498 0.9966417311 0.1591843505 0.05533527058
1499 0.9966417311 0.1868889068 0.06389098154
1500 0.9966417311 0.1724026746 0.0558181656
1501 0.9966417311 0.1803283464 0.06569285026
1502 0.9966417311 0.1919602708 0.05921764039
1503 0.9966417311 0.1946392271 0.07481078122
1504 0.9966417311 0.1858349142 0.06606966367
1505 0.9966417311 0.1387230621 0.05608805152
1506 0.9966417311 0.1733404755 0.06398408564
1507 0.9966417311 0.1678748721 0.06504249906
1508 0.9966417311 0.1604134504 0.06040994608
1509 0.9966417311 0.1570111564 0.05689723786
1510 0.9966417311 0.1632151691 0.06176745268
1511 0.9966417311 0.1490344803 0.05681538838
1512 0.9966417311 0.1852489531 0.07805317199
1513 0.9966417311 0.1642669638 0.05251576436
1514 0.9966417311 0.1338210107 0.05461879308
1515 0.9966417311 0.1472398426 0.0552368976
1516 0.9966417311 0.125096789 0.05283070805
1517 0.9966417311 0.1330688931 0.05008414633
1518 0.9966417311 0.1160900113 0.04524347735
1519 0.9966417311 0.1473000668 0.05472805127
1520 0.9966417311 0.1502498512 0.06514997929
1521 0.9966417311 0.1173884475 0.04961119573
1522 0.9966417311 0.1535014125 0.06954348564
1523 0.9966417311 0.142132776 0.06202287365
1524 0.9966417311 0.1465186785 0.06233973185
1525 0.9966417311 0.1551462146 0.06072659056
1526 0.9966417311 0.1440322188 0.05138979967
1527 0.9966417311 0.1390748263 0.05322286349
1528 0.9966417311 0.1420916452 0.05557232464
1529 0.9966417311 0.1431155638 0.05621075098
1530 0.9966417311 0.1441737035 0.0578993849
1531 0.9966417311 0.1814024749 0.07108291035
1532 0.9966417311 0.1729944493 0.05834705221
1533 0.9966417311 0.1423046356 0.04913722467
1534 0.9966417311 0.1737229137 0.07415091979
1535 0.9966417311 0.1652618114 0.05387003575
1536 0.9966417311 0.1487977363 0.05480729601
1537 0.9966417311 0.1463719563 0.05943517974
1538 0.9966417311 0.147359619 0.04759501966
1539 0.9966417311 0.13566663 0.05147351062
1540 0.9966417311 0.1722795308 0.07224576641
1541 0.9966417311 0.1703036893 0.07103898096
1542 0.9966417311 0.132263426 0.05553907072
1543 0.9966417311 0.1416435076 0.05487108039
1544 0.9966417311 0.1628025243 0.06030691528
1545 0.9966417311 0.1605363769 0.05289451638
1546 0.9966417311 0.1507305059 0.05737654589
1547 0.9966417311 0.145573785 0.06278256489
1548 0.9966417311 0.1735607443 0.07128947439
1549 0.9966417311 0.132038704 0.0518625997
1550 0.9966417311 0.1265876496 0.05382391621
1551 0.9966417311 0.129248161 0.06278218408
1552 0.9966417311 0.09613928136 0.04404785607
1553 0.9966417311 0.09803623333 0.0487075422
1554 0.9966417311 0.09514884225 0.04244641151
1555 0.9966417311 0.1196924282 0.05196211866
1556 0.9966417311 0.1311898015 0.05711723679
1557 0.9966417311 0.1239173241 0.05246012383
1558 0.9966417311 0.1208549954 0.05538490691
1559 0.9966417311 0.1252880604 0.05500964691
1560 0.9966417311 0.1088517986 0.05611543297
1561 0.9966417311 0.1022088404 0.05054893428
1562 0.9966417311 0.1136736558 0.05273164372
1563 0.9966417311 0.1302552392 0.06062936596
1564 0.9966417311 0.1061550054 0.0457656197
1565 0.9966417311 0.1172308653 0.05413215712
1566 0.9966417311 0.1362408919 0.05425316728
1567 0.9966417311 0.1529910554 0.06304314661
1568 0.9966417311 0.1521309404 0.07406369298
1569 0.9966417311 0.1263698115 0.05451303774
1570 0.9966417311 0.1370168766 0.05181852214
1571 0.9966417311 0.1455604074 0.06478001107
1572 0.9966417311 0.1568409227 0.05339292423
1573 0.9966417311 0.1529794452 0.0523669227
1574 0.9966417311 0.1455601715 0.05125193934
1575 0.9966417311 0.1563826802 0.05857912264
1576 0.9966417311 0.1434381226 0.05399509985
1577 0.9966417311 0.1620212214 0.05784092137
1578 0.9966417311 0.1580200382 0.05123891198
1579 0.9966417311 0.1555844877 0.04855014859
1580 0.9966417311 0.1471361989 0.04611410614
1581 0.9966417311 0.1473177206 0.0555678125
1582 0.9966417311 0.1649024742 0.06005668933
1583 0.9966417311 0.1605689347 0.06000106039
1584 0.9966417311 0.1613019152 0.05937714708
1585 0.9966417311 0.1487175697 0.05927891162
1586 0.9966417311 0.1446989391 0.05229068668
1587 0.9966417311 0.134915609 0.04936562578
1588 0.9966417311 0.1682642396 0.06435348684
1589 0.9966417311 0.1530809632 0.05591631276
1590 0.9966417311 0.1452480462 0.06037598434
1591 0.9966417311 0.1565078208 0.07060908197
1592 0.9966417311 0.1392158678 0.052962581
1593 0.9966417311 0.1403825539 0.05623206516
1594 0.9966417311 0.1294203941 0.046896469
1595 0.9966417311 0.1402743335 0.05779707376
1596 0.9966417311 0.1424554999 0.05706004291
1597 0.9966417311 0.133410333 0.0530895645
1598 0.9966417311 0.157751111 0.05933234144
1599 0.9966417311 0.1355305267 0.04931121342
1600 0.9966417311 0.1402068519 0.05741609095
1601 0.9966417311 0.1484406845 0.05711838473
1602 0.9966417311 0.160274558 0.0641086781
1603 0.9966417311 0.1492841074 0.05539893068
1604 0.9966417311 0.1322299672 0.05278194634
1605 0.9966417311 0.159867809 0.0644708907
1606 0.9966417311 0.1362840492 0.05465155735
1607 0.9966417311 0.1555187149 0.06455705308
1608 0.9966417311 0.1483948452 0.0554829656
1609 0.9966417311 0.1439682033 0.05433624623
1610 0.9966417311 0.1445410511 0.0481811515
1611 0.9966417311 0.1421576145 0.05850182044
1612 0.9966417311 0.1734904844 0.06245263195
1613 0.9966417311 0.1588556123 0.0607297198
1614 0.9966417311 0.1338676725 0.04987471393
1615 0.9966417311 0.1212336944 0.05069004783
1616 0.9966417311 0.1296474841 0.05449745576
1617 0.9966417311 0.1391893558 0.05793455432
1618 0.9966417311 0.1438175287 0.06660375181
1619 0.9966417311 0.126647323 0.06435183602
1620 0.9966417311 0.1259236171 0.05095864561
1621 0.9966417311 0.1413285416 0.06088371644
1622 0.9966417311 0.1514495357 0.06125111429
1623 0.9966417311 0.1608625835 0.06626809168
1624 0.9966417311 0.1609196958 0.06330084624
1625 0.9966417311 0.1538638319 0.05847700276
1626 0.9966417311 0.1625784937 0.05579860487
1627 0.9966417311 0.1825061675 0.06757570469
1628 0.9966417311 0.1506910283 0.06266528858
1629 0.9966417311 0.131841485 0.06362159677
1630 0.9966417311 0.1423644238 0.06425724489
1631 0.9966417311 0.1353830167 0.05783518396
1632 0.9966417311 0.1091653276 0.04667455934
1633 0.9966417311 0.1132445032 0.04720734752
1634 0.9966417311 0.1301890258 0.05245240023
1635 0.9966417311 0.1323629773 0.05937314237
1636 0.9966417311 0.1086242712 0.05216599148
1637 0.9966417311 0.1171134696 0.05652177006
1638 0.9966417311 0.1192504143 0.05863129909
1639 0.9966417311 0.128299751 0.06269545456
1640 0.9966417311 0.1052885327 0.05055570937
1641 0.9966417311 0.1106152574 0.05463486416
1642 0.9966417311 0.1053512641 0.04753925619
1643 0.9966417311 0.09557390219 0.04710061816
1644 0.9966417311 0.1154154206 0.06138902218
1645 0.9966417311 0.1081116242 0.05248619532
1646 0.9966417311 0.1334916835 0.05769756474
1647 0.9966417311 0.1244655719 0.05574729556
1648 0.9966417311 0.1263645359 0.05926638884
1649 0.9966417311 0.122594609 0.06367153029
1650 0.9966417311 0.1310987862 0.058451322
1651 0.9966417311 0.1501207592 0.06292423511
1652 0.9966417311 0.1219559715 0.05670122877
1653 0.9966417311 0.09766743534 0.04406412362
1654 0.9966417311 0.1133314004 0.05514701051
1655 0.9966417311 0.1292972414 0.05590799771
1656 0.9966417311 0.13191599 0.05291680139
1657 0.9966417311 0.1239981948 0.05490200177
1658 0.9966417311 0.1260472529 0.05452646253
1659 0.9966417311 0.1316416861 0.05798616412
1660 0.9966417311 0.1364304486 0.05750764572
1661 0.9966417311 0.13340648 0.05348802745
1662 0.9966417311 0.1441441169 0.05538121902
1663 0.9966417311 0.1403204604 0.05624018576
1664 0.9966417311 0.1452136434 0.05772533275
1665 0.9966417311 0.15037751 0.06289003019
1666 0.9966417311 0.1448325332 0.05685442373
1667 0.9966417311 0.1401622094 0.05421493629
1668 0.9966417311 0.1509589635 0.05357324699
1669 0.9966417311 0.1532758293 0.05007233228
1670 0.9966417311 0.1611186416 0.05831137969
1671 0.9966417311 0.1797628548 0.05835196535
1672 0.9966417311 0.1804850657 0.06170004599
1673 0.9966417311 0.1551010081 0.05732410468
1674 0.9966417311 0.1317131943 0.05704143283
1675 0.9966417311 0.1208595703 0.05102779065
1676 0.9966417311 0.1481718498 0.06201468475
1677 0.9966417311 0.1628472883 0.06814094036
1678 0.9966417311 0.1707496953 0.07023626812
1679 0.9966417311 0.1626381973 0.05626772695
1680 0.9966417311 0.1673992943 0.06123787508
1681 0.9966417311 0.1411531064 0.0510888023
1682 0.9966417311 0.1527294227 0.05262056919
1683 0.9966417311 0.1645072995 0.0629181392
1684 0.9966417311 0.1831692617 0.06826051984
1685 0.9966417311 0.1403405436 0.05436365861
1686 0.9966417311 0.1383902204 0.06318790886
1687 0.9966417311 0.1266357235 0.04722392392
1688 0.9966417311 0.1461043253 0.05930745965
1689 0.9966417311 0.1397938682 0.05734484416
1690 0.9966417311 0.1441143502 0.05890200345
1691 0.9966417311 0.1307837077 0.05699236071
1692 0.9966417311 0.1230757659 0.05432407412
1693 0.9966417311 0.1165463564 0.05161951485
1694 0.9966417311 0.1157530201 0.05782539569
1695 0.9966417311 0.1367939176 0.06926767677
1696 0.9966417311 0.1197282159 0.05558770813
1697 0.9966417311 0.1189434328 0.05182143183
1698 0.9966417311 0.1382073819 0.05593835261
1699 0.9966417311 0.146528603 0.05204755018
1700 0.9966417311 0.1567926775 0.06005146672
1701 0.9966417311 0.1268944567 0.05291235568
1702 0.9966417311 0.1291777709 0.04872459904
1703 0.9966417311 0.1405267435 0.05194038079
1704 0.9966417311 0.1541621774 0.06007739606
1705 0.9966417311 0.1573506557 0.06055399437
1706 0.9966417311 0.1667804382 0.05887569408
1707 0.9966417311 0.1401145086 0.05539107575
1708 0.9966417311 0.1604670038 0.06632471537
1709 0.9966417311 0.1553948998 0.06454319767
1710 0.9966417311 0.1216828839 0.04902812619
1711 0.9966417311 0.145540914 0.05291665742
1712 0.9966417311 0.1488839826 0.05276997548
1713 0.9966417311 0.1686002549 0.06855666327
1714 0.9966417311 0.160482234 0.05930139624
1715 0.9966417311 0.1540969502 0.05557762241
1716 0.9966417311 0.1612986784 0.06021528083
1717 0.9966417311 0.1575709061 0.06331682296
1718 0.9966417311 0.1446206917 0.05438693487
1719 0.9966417311 0.1427841259 0.06050974317
1720 0.9966417311 0.1477112625 0.05919166592
1721 0.9966417311 0.1345624813 0.05292836697
1722 0.9966417311 0.1462193191 0.05488523121
1723 0.9966417311 0.1354939388 0.05518939531
1724 0.9966417311 0.111172588 0.05133079911
1725 0.9966417311 0.1238849347 0.04764912703
1726 0.9966417311 0.1508497541 0.06221539873
1727 0.9966417311 0.1510713908 0.06255060876
1728 0.9966417311 0.145477485 0.06255251475
1729 0.9966417311 0.1718954077 0.06758514973
1730 0.9966417311 0.146126291 0.05417168843
1731 0.9966417311 0.1534124161 0.05919739753
1732 0.9966417311 0.1357938432 0.04849182507
1733 0.9966417311 0.1434941869 0.05526544659
1734 0.9966417311 0.1363145094 0.05850156522
1735 0.9966417311 0.1311426263 0.05182241033
1736 0.9966417311 0.1349593102 0.05301811725
1737 0.9966417311 0.154472596 0.0556781141
1738 0.9966417311 0.1427946022 0.04887690757
1739 0.9966417311 0.1762231212 0.06200222382
1740 0.9966417311 0.1806063812 0.05797502251
1741 0.9966417311 0.1565595204 0.0542207822
1742 0.9966417311 0.1606283113 0.06225856667
1743 0.9966417311 0.1248388661 0.04804242758
1744 0.9966417311 0.1431077501 0.05588102857
1745 0.9966417311 0.1372864792 0.04993563081
1746 0.9966417311 0.1623845154 0.05793553413
1747 0.9966417311 0.1697361127 0.05992534706
1748 0.9966417311 0.1692237559 0.0593518698
1749 0.9966417311 0.1515564126 0.0532258079
1750 0.9966417311 0.1416585156 0.05344790672
1751 0.9966417311 0.1233457079 0.05718908652
1752 0.9966417311 0.1262155447 0.05169646838
1753 0.9966417311 0.1564869791 0.06583083527
1754 0.9966417311 0.1590276225 0.06582187293
1755 0.9966417311 0.1395161297 0.05168466009
1756 0.9966417311 0.1358390712 0.04360811234
1757 0.9966417311 0.1365073365 0.05740370726
1758 0.9966417311 0.1646211724 0.06079396093
1759 0.9966417311 0.1546246549 0.05774192197
1760 0.9966417311 0.1245769708 0.05334339314
1761 0.9966417311 0.1259736658 0.0540829293
1762 0.9966417311 0.1250006455 0.04959351763
1763 0.9966417311 0.1519939518 0.06328537856
1764 0.9966417311 0.1556465455 0.05334737399
1765 0.9966417311 0.1898611857 0.06130061235
1766 0.9966417311 0.162973209 0.04847841492
1767 0.9966417311 0.1382908239 0.05400770405
1768 0.9966417311 0.1336489989 0.05177529099
1769 0.9966417311 0.1216597934 0.04992848019
1770 0.9966417311 0.1166784621 0.05192817528
1771 0.9966417311 0.1279452903 0.05069552501
1772 0.9966417311 0.1442664085 0.06119354236
1773 0.9966417311 0.1565301745 0.06719525524
1774 0.9966417311 0.1476984153 0.05657029495
1775 0.9966417311 0.1533198936 0.05350420399
1776 0.9966417311 0.1545447301 0.05533796116
1777 0.9966417311 0.1492149205 0.05617132598
1778 0.9966417311 0.1346007465 0.05856835189
1779 0.9966417311 0.1268291607 0.05461884628
1780 0.9966417311 0.1250522644 0.05867935317
1781 0.9966417311 0.141005624 0.06246146776
1782 0.9966417311 0.1498720576 0.07079380252
1783 0.9966417311 0.1430738775 0.05645921286
1784 0.9966417311 0.1344670813 0.05051387458
1785 0.9966417311 0.1654329339 0.06774510115
1786 0.9966417311 0.1459463138 0.05912901499
1787 0.9966417311 0.1344657865 0.05057249926
1788 0.9966417311 0.155976933 0.06929278673
1789 0.9966417311 0.1312083742 0.0543695217
1790 0.9966417311 0.1279920312 0.04982479878
1791 0.9966417311 0.1376962285 0.05356021828
1792 0.9966417311 0.1634046764 0.06783557038
1793 0.9966417311 0.1654610378 0.06662274997
1794 0.9966417311 0.1445307025 0.05801769636
1795 0.9966417311 0.1556730329 0.05932605864
1796 0.9966417311 0.157439627 0.06787240283
1797 0.9966417311 0.1333287147 0.05108601799
1798 0.9966417311 0.1437963983 0.05993169347
1799 0.9966417311 0.1338740606 0.06262366073
1800 0.9966417311 0.139354835 0.05641230471
1801 0.9966417311 0.1318914116 0.05611199444
1802 0.9966417311 0.1284191706 0.05856970104
1803 0.9966417311 0.119301787 0.04911462052
1804 0.9966417311 0.1199709586 0.05907471808
1805 0.9966417311 0.1309719794 0.05497704831
1806 0.9966417311 0.1310255335 0.06001783851
1807 0.9966417311 0.1214543224 0.05662435504
1808 0.9966417311 0.1229500604 0.05021628253
1809 0.9966417311 0.1574481564 0.06362819713
1810 0.9966417311 0.1505950334 0.0629938495
1811 0.9966417311 0.1374715076 0.05682777414
1812 0.9966417311 0.1625963427 0.0707854562
1813 0.9966417311 0.1549747587 0.06633202077
1814 0.9966417311 0.1319757886 0.0618542292
1815 0.9966417311 0.1345547866 0.06287553368
1816 0.9966417311 0.1481669165 0.06288293658
1817 0.9966417311 0.128068381 0.05888507293
1818 0.9966417311 0.1572099744 0.06969578619
1819 0.9966417311 0.1390169432 0.06077922083
1820 0.9966417311 0.1233706307 0.05319893143
1821 0.9966417311 0.1274153395 0.05637103604
1822 0.9966417311 0.1464299342 0.06700899543
1823 0.9966417311 0.1511489449 0.06013015701
1824 0.9966417311 0.1437508348 0.06345710813
1825 0.9966417311 0.1699292879 0.07223371202
1826 0.9966417311 0.130854458 0.06290588604
1827 0.9966417311 0.1090279565 0.04723066357
1828 0.9966417311 0.1063547103 0.04729536569
1829 0.9966417311 0.1157989247 0.05064485438
1830 0.9966417311 0.1283184025 0.05959881755
1831 0.9966417311 0.143011381 0.07055171098
1832 0.9966417311 0.1226067444 0.05325292114
1833 0.9966417311 0.1412039446 0.05917520576
1834 0.9966417311 0.151099797 0.05368683937
1835 0.9966417311 0.1641768352 0.06354763606
1836 0.9966417311 0.1501457464 0.06083883134
1837 0.9966417311 0.1209903177 0.05315999071
1838 0.9966417311 0.1168638976 0.05138519293
1839 0.9966417311 0.1767503808 0.07699785276
1840 0.9966417311 0.1579660648 0.05777432225
1841 0.9966417311 0.1631131601 0.05824639828
1842 0.9966417311 0.160370513 0.06191534073
1843 0.9966417311 0.1403360552 0.05597075805
1844 0.9966417311 0.1572543341 0.05764639101
1845 0.9966417311 0.1469206797 0.0636126468
1846 0.9966417311 0.140500598 0.04656040647
1847 0.9966417311 0.1439736033 0.05133522074
1848 0.9966417311 0.1537186617 0.05009124699
1849 0.9966417311 0.1372456946 0.04897537226
1850 0.9966417311 0.1633379146 0.05413263393
1851 0.9966417311 0.1604035645 0.05563743524
1852 0.9966417311 0.1789626869 0.0576586466
1853 0.9966417311 0.1548614789 0.05959283442
1854 0.9966417311 0.1522895354 0.05351114063
1855 0.9966417311 0.1477162891 0.0595609012
1856 0.9966417311 0.1272049597 0.05078168364
1857 0.9966417311 0.1330208388 0.05518481446
1858 0.9966417311 0.121788736 0.05198209306
1859 0.9966417311 0.140592708 0.0496155121
1860 0.9966417311 0.1379241395 0.05369670176
1861 0.9966417311 0.1536058967 0.05472489481
1862 0.9966417311 0.1617804804 0.06254615285
1863 0.9966417311 0.1719151792 0.05710920258
1864 0.9966417311 0.1442397535 0.04974984324
1865 0.9966417311 0.1750695464 0.06843902075
1866 0.9966417311 0.1686232248 0.06159137829
1867 0.9966417311 0.1386547216 0.04846859665
1868 0.9966417311 0.158000539 0.06432904174
1869 0.9966417311 0.1407193197 0.05075524887
1870 0.9966417311 0.13879696 0.05189308306
1871 0.9966417311 0.1340474229 0.05852078399
1872 0.9966417311 0.1157885813 0.04772563834
1873 0.9966417311 0.1273693271 0.05825938007
1874 0.9966417311 0.1587370666 0.06289943309
1875 0.9966417311 0.1572953656 0.056932435
1876 0.9966417311 0.1485318984 0.0546727919
1877 0.9966417311 0.1447023671 0.06014058539
1878 0.9966417311 0.1504802537 0.05867479536
1879 0.9966417311 0.1593685449 0.05932045695
1880 0.9966417311 0.1643803696 0.07516624693
1881 0.9966417311 0.1754847528 0.07139439825
1882 0.9966417311 0.1544201006 0.06048261209
1883 0.9966417311 0.1537470044 0.0544686118
1884 0.9966417311 0.1613184836 0.06271037922
1885 0.9966417311 0.1645672574 0.06113855372
1886 0.9966417311 0.1438508433 0.05903004575
1887 0.9966417311 0.1665182915 0.0661522544
1888 0.9966417311 0.1401181638 0.05631352354
1889 0.9966417311 0.1358741045 0.06290716528
1890 0.9966417311 0.1246829029 0.0487929549
1891 0.9966417311 0.1280620323 0.05434388426
1892 0.9966417311 0.1307705712 0.05712540688
1893 0.9966417311 0.1422636272 0.05907051806
1894 0.9966417311 0.1424777004 0.05929463972
1895 0.9966417311 0.1295225725 0.05758168046
1896 0.9966417311 0.1543845772 0.06823197339
1897 0.9966417311 0.1405156899 0.05998677241
1898 0.9966417311 0.146198088 0.06561253764
1899 0.9966417311 0.1547049687 0.06947257985
1900 0.9966417311 0.1403565669 0.05664796033
1901 0.9966417311 0.1466210157 0.05869176102
1902 0.9966417311 0.1540801433 0.06067301117
1903 0.9966417311 0.1557826826 0.06394534377
1904 0.9966417311 0.1446503051 0.06552709792
1905 0.9966417311 0.154648441 0.06697963072
1906 0.9966417311 0.128394916 0.05903038818
1907 0.9966417311 0.1399859405 0.05303462495
1908 0.9966417311 0.1500593004 0.06299667432
1909 0.9966417311 0.1801205815 0.06248509772
1910 0.9966417311 0.1676165135 0.06047630291
1911 0.9966417311 0.160218172 0.05257486802
1912 0.9966417311 0.1712904773 0.0602493854
1913 0.9966417311 0.1511020005 0.05739817424
1914 0.9966417311 0.1656860704 0.06588380195
1915 0.9966417311 0.1731563467 0.06402996981
1916 0.9966417311 0.1725340413 0.05769543095
1917 0.9966417311 0.164952191 0.05164159011
1918 0.9966417311 0.1676203845 0.05878885969
1919 0.9966417311 0.1764744575 0.06373113361
1920 0.9966417311 0.155409933 0.05331947345
1921 0.9966417311 0.1474302068 0.05379357903
1922 0.9966417311 0.1493638838 0.05312975358
1923 0.9966417311 0.1482572997 0.05747554647
1924 0.9966417311 0.1447018298 0.06026223817
1925 0.9966417311 0.1599168107 0.05687809063
1926 0.9966417311 0.1614581097 0.06640461666
1927 0.9966417311 0.153083288 0.05692624643
1928 0.9966417311 0.1637040281 0.06061166736
1929 0.9966417311 0.1329555575 0.05489617379
1930 0.9966417311 0.1402858598 0.04827120868
1931 0.9966417311 0.1491221752 0.05827973191
1932 0.9966417311 0.1590093099 0.05838357104
1933 0.9966417311 0.1571166855 0.0564258447
1934 0.9966417311 0.1587459671 0.06257535941
1935 0.9966417311 0.1502765495 0.05618619729
1936 0.9966417311 0.1566447515 0.05717212016
1937 0.9966417311 0.1524425115 0.05729729589
1938 0.9966417311 0.1588848441 0.06774363006
1939 0.9966417311 0.1406302434 0.06012138326
1940 0.9966417311 0.1435447769 0.05397294671
1941 0.9966417311 0.1300687327 0.04832170058
1942 0.9966417311 0.1396686789 0.05224755269
1943 0.9966417311 0.1428197984 0.05461999471
1944 0.9966417311 0.1406576495 0.06049729819
1945 0.9966417311 0.1308861092 0.05658285855
1946 0.9966417311 0.1365619059 0.0637258711
1947 0.9966417311 0.1250763209 0.04887317977
1948 0.9966417311 0.1313760792 0.05724740412
1949 0.9966417311 0.1315355225 0.05164981071
1950 0.9966417311 0.1132775471 0.04558915367
1951 0.9966417311 0.1204396385 0.05573571909
1952 0.9966417311 0.1393466874 0.0603653721
1953 0.9966417311 0.1316036943 0.05075000249
1954 0.9966417311 0.1068090475 0.04618148824
1955 0.9966417311 0.1190312841 0.05386731068
1956 0.9966417311 0.1352051241 0.05114366028
1957 0.9966417311 0.1455460672 0.05019028623
1958 0.9966417311 0.1296105564 0.05141861578
1959 0.9966417311 0.1401222264 0.0550050725
1960 0.9966417311 0.1375172402 0.0535055059
1961 0.9966417311 0.1443751503 0.04896002682
1962 0.9966417311 0.1425648098 0.05961777324
1963 0.9966417311 0.1166320918 0.04545506749
1964 0.9966417311 0.1312670627 0.05561507319
1965 0.9966417311 0.1157178282 0.04517267569
1966 0.9966417311 0.1358927573 0.05231128962
1967 0.9966417311 0.1450822696 0.05810514367
1968 0.9966417311 0.1274703494 0.05522374747
1969 0.9966417311 0.1385734289 0.06343678252
1970 0.9966417311 0.1286187575 0.04817188956
1971 0.9966417311 0.1322340852 0.0599161853
1972 0.9966417311 0.1198301152 0.05088545248
1973 0.9966417311 0.1385804795 0.05837437226
1974 0.9966417311 0.1345543965 0.05001462503
1975 0.9966417311 0.1288904163 0.05201701182
1976 0.9966417311 0.1332057497 0.05644079417
1977 0.9966417311 0.1289269626 0.05165786344
1978 0.9966417311 0.1626872448 0.06600377925
1979 0.9966417311 0.1680660764 0.06830883552
1980 0.9966417311 0.158395113 0.06263979197
1981 0.9966417311 0.1702435368 0.05736967749
1982 0.9966417311 0.1434262922 0.06058168074
1983 0.9966417311 0.1260406873 0.05096663493
1984 0.9966417311 0.1432725156 0.05777587781
1985 0.9966417311 0.1413669248 0.06539897778
1986 0.9966417311 0.1460199642 0.06535379662
1987 0.9966417311 0.167335612 0.07040818744
1988 0.9966417311 0.1828887635 0.07222515973
1989 0.9966417311 0.1567005238 0.05425810407
1990 0.9966417311 0.1661110114 0.05735922285
1991 0.9966417311 0.1756983243 0.05572206217
1992 0.9966417311 0.1718770412 0.06483597332
1993 0.9966417311 0.1771984986 0.06320616264
1994 0.9966417311 0.1502568051 0.05914999679
1995 0.9966417311 0.1544822288 0.05541079384
1996 0.9966417311 0.1390196595 0.05358042893
1997 0.9966417311 0.1317286209 0.04999969843
1998 0.9966417311 0.1433616208 0.05930472905
1999 0.9966417311 0.1185731413 0.04838383155
2000 0.9966417311 0.134749451 0.06316926199
